   0.00000000       0.00000000    
   1.66660007E-02   0.00000000    
   3.33320014E-02   0.00000000    
   4.99980003E-02   0.00000000    
   6.66640028E-02   0.00000000    
   8.33300054E-02   0.00000000    
   9.99960080E-02   0.00000000    
  0.116662011       0.00000000    
  0.133328006       0.00000000    
  0.149994001       0.00000000    
  0.166659996       0.00000000    
  0.183325991       0.00000000    
  0.199991986       0.00000000    
  0.216657981       0.00000000    
  0.233323976       0.00000000    
  0.249989972       0.00000000    
  0.266655982       0.00000000    
  0.283321977       0.00000000    
  0.299987972       0.00000000    
  0.316653967       0.00000000    
  0.333319962       0.00000000    
  0.349985957       0.00000000    
  0.366651952       0.00000000    
  0.383317947       0.00000000    
  0.399983943       0.00000000    
  0.416649938       0.00000000    
  0.433315933       0.00000000    
  0.449981928       0.00000000    
  0.466647923       0.00000000    
  0.483313918       0.00000000    
  0.499979913       0.00000000    
  0.516645908       0.00000000    
  0.533311903       0.00000000    
  0.549977899       0.00000000    
  0.566643894       0.00000000    
  0.583309889       0.00000000    
  0.599975884       0.00000000    
  0.616641879       0.00000000    
  0.633307874       0.00000000    
  0.649973869       0.00000000    
  0.666639864       0.00000000    
  0.683305860       0.00000000    
  0.699971855       0.00000000    
  0.716637850       0.00000000    
  0.733303845       0.00000000    
  0.749969840       0.00000000    
  0.766635835       0.00000000    
  0.783301830       0.00000000    
  0.799967825       0.00000000    
  0.816633821       0.00000000    
  0.833299816       0.00000000    
  0.849965811       0.00000000    
  0.866631806       0.00000000    
  0.883297801       0.00000000    
  0.899963796       0.00000000    
  0.916629791       0.00000000    
  0.933295786       0.00000000    
  0.949961782       0.00000000    
  0.966627777       0.00000000    
  0.983293772       0.00000000    
  0.999959767       0.00000000    
   1.01662576       0.00000000    
   1.03329182       0.00000000    
   1.04995787       0.00000000    
   1.06662393       0.00000000    
   1.08328998       0.00000000    
   1.09995604       0.00000000    
   1.11662209       0.00000000    
   1.13328815       0.00000000    
   1.14995420       0.00000000    
   1.16662025       0.00000000    
   1.18328631       0.00000000    
   1.19995236       0.00000000    
   1.21661842       0.00000000    
   1.23328447       0.00000000    
   1.24995053       0.00000000    
   1.26661658       0.00000000    
   1.28328264       0.00000000    
   1.29994869       0.00000000    
   1.31661475       0.00000000    
   1.33328080       0.00000000    
   1.34994686       0.00000000    
   1.36661291       0.00000000    
   1.38327897       0.00000000    
   1.39994502       0.00000000    
   1.41661108       0.00000000    
   1.43327713       0.00000000    
   1.44994318       0.00000000    
   1.46660924       0.00000000    
   1.48327529       0.00000000    
   1.49994135       0.00000000    
   1.51660740       0.00000000    
   1.53327346       0.00000000    
   1.54993951       0.00000000    
   1.56660557       0.00000000    
   1.58327162       0.00000000    
   1.59993768       0.00000000    
   1.61660373       0.00000000    
   1.63326979       0.00000000    
   1.64993584       0.00000000    
   1.66660190       0.00000000    
   1.68326795       0.00000000    
   1.69993401       0.00000000    
   1.71660006       0.00000000    
   1.73326612       0.00000000    
   1.74993217       0.00000000    
   1.76659822       0.00000000    
   1.78326428       0.00000000    
   1.79993033       0.00000000    
   1.81659639       0.00000000    
   1.83326244       0.00000000    
   1.84992850       0.00000000    
   1.86659455       0.00000000    
   1.88326061       0.00000000    
   1.89992666       0.00000000    
   1.91659272       0.00000000    
   1.93325877       0.00000000    
   1.94992483       0.00000000    
   1.96659088       0.00000000    
   1.98325694       0.00000000    
   1.99992299       0.00000000    
   2.01658893       0.00000000    
   2.03325486       0.00000000    
   2.04992080       0.00000000    
   2.06658673       0.00000000    
   2.08325267       0.00000000    
   2.09991860       0.00000000    
   2.11658454       0.00000000    
   2.13325047       0.00000000    
   2.14991641       0.00000000    
   2.16658235       0.00000000    
   2.18324828       0.00000000    
   2.19991422       0.00000000    
   2.21658015       0.00000000    
   2.23324609       0.00000000    
   2.24991202       0.00000000    
   2.26657796       0.00000000    
   2.28324389       0.00000000    
   2.29990983       0.00000000    
   2.31657577       0.00000000    
   2.33324170       0.00000000    
   2.34990764       0.00000000    
   2.36657357       0.00000000    
   2.38323951       0.00000000    
   2.39990544       0.00000000    
   2.41657138       0.00000000    
   2.43323731       0.00000000    
   2.44990325       0.00000000    
   2.46656919       0.00000000    
   2.48323512       0.00000000    
   2.49990106       0.00000000    
   2.51656699       0.00000000    
   2.53323293       0.00000000    
   2.54989886       0.00000000    
   2.56656480       0.00000000    
   2.58323073       0.00000000    
   2.59989667       0.00000000    
   2.61656260       0.00000000    
   2.63322854       0.00000000    
   2.64989448       0.00000000    
   2.66656041       0.00000000    
   2.68322635       0.00000000    
   2.69989228       0.00000000    
   2.71655822       0.00000000    
   2.73322415       0.00000000    
   2.74989009       0.00000000    
   2.76655602       0.00000000    
   2.78322196       0.00000000    
   2.79988790       0.00000000    
   2.81655383       0.00000000    
   2.83321977       0.00000000    
   2.84988570       0.00000000    
   2.86655164       0.00000000    
   2.88321757       0.00000000    
   2.89988351       0.00000000    
   2.91654944       0.00000000    
   2.93321538       0.00000000    
   2.94988132       0.00000000    
   2.96654725       0.00000000    
   2.98321319       0.00000000    
   2.99987912       0.00000000    
   3.01654506       0.00000000    
   3.03321099       0.00000000    
   3.04987693       0.00000000    
   3.06654286       0.00000000    
   3.08320880       0.00000000    
   3.09987473       0.00000000    
   3.11654067       0.00000000    
   3.13320661       0.00000000    
   3.14987254       0.00000000    
   3.16653848       0.00000000    
   3.18320441       0.00000000    
   3.19987035       0.00000000    
   3.21653628       0.00000000    
   3.23320222       0.00000000    
   3.24986815       0.00000000    
   3.26653409       0.00000000    
   3.28320003       0.00000000    
   3.29986596       0.00000000    
   3.31653190       0.00000000    
   3.33319783       0.00000000    
   3.34986377       0.00000000    
   3.36652970       0.00000000    
   3.38319564       0.00000000    
   3.39986157       0.00000000    
   3.41652751       0.00000000    
   3.43319345       0.00000000    
   3.44985938       0.00000000    
   3.46652532       0.00000000    
   3.48319125       0.00000000    
   3.49985719       0.00000000    
   3.51652312       0.00000000    
   3.53318906       0.00000000    
   3.54985499       0.00000000    
   3.56652093       0.00000000    
   3.58318686       0.00000000    
   3.59985280       0.00000000    
   3.61651874       0.00000000    
   3.63318467       0.00000000    
   3.64985061       0.00000000    
   3.66651654       0.00000000    
   3.68318248       0.00000000    
   3.69984841       0.00000000    
   3.71651435       0.00000000    
   3.73318028       0.00000000    
   3.74984622       0.00000000    
   3.76651216       0.00000000    
   3.78317809       0.00000000    
   3.79984403       0.00000000    
   3.81650996       0.00000000    
   3.83317590       0.00000000    
   3.84984183       0.00000000    
   3.86650777       0.00000000    
   3.88317370       0.00000000    
   3.89983964       0.00000000    
   3.91650558       0.00000000    
   3.93317151       0.00000000    
   3.94983745       0.00000000    
   3.96650338       0.00000000    
   3.98316932       0.00000000    
   3.99983525       0.00000000    
   4.01650143       0.00000000    
   4.03316736       0.00000000    
   4.04983330       0.00000000    
   4.06649923       0.00000000    
   4.08316517       0.00000000    
   4.09983110       0.00000000    
   4.11649704       0.00000000    
   4.13316298       0.00000000    
   4.14982891       0.00000000    
   4.16649485       0.00000000    
   4.18316078       0.00000000    
   4.19982672       0.00000000    
   4.21649265       0.00000000    
   4.23315859       0.00000000    
   4.24982452       0.00000000    
   4.26649046       0.00000000    
   4.28315639       0.00000000    
   4.29982233       0.00000000    
   4.31648827       0.00000000    
   4.33315420       0.00000000    
   4.34982014       0.00000000    
   4.36648607       0.00000000    
   4.38315201       0.00000000    
   4.39981794       0.00000000    
   4.41648388       0.00000000    
   4.43314981       0.00000000    
   4.44981575       0.00000000    
   4.46648169       0.00000000    
   4.48314762       0.00000000    
   4.49981356       0.00000000    
   4.51647949       0.00000000    
   4.53314543       0.00000000    
   4.54981136       0.00000000    
   4.56647730       0.00000000    
   4.58314323       0.00000000    
   4.59980917       0.00000000    
   4.61647511       0.00000000    
   4.63314104       0.00000000    
   4.64980698       0.00000000    
   4.66647291       0.00000000    
   4.68313885       0.00000000    
   4.69980478       0.00000000    
   4.71647072       0.00000000    
   4.73313665       0.00000000    
   4.74980259       0.00000000    
   4.76646852       0.00000000    
   4.78313446       0.00000000    
   4.79980040       0.00000000    
   4.81646633       0.00000000    
   4.83313227       0.00000000    
   4.84979820       0.00000000    
   4.86646414       0.00000000    
   4.88313007       0.00000000    
   4.89979601       0.00000000    
   4.91646194       0.00000000    
   4.93312788       0.00000000    
   4.94979382       0.00000000    
   4.96645975       0.00000000    
   4.98312569       0.00000000    
   4.99979162       0.00000000    
   5.01645756       0.00000000    
   5.03312349       0.00000000    
   5.04978943       0.00000000    
   5.06645536       0.00000000    
   5.08312130       0.00000000    
   5.09978724       0.00000000    
   5.11645317       0.00000000    
   5.13311911       0.00000000    
   5.14978504       0.00000000    
   5.16645098       0.00000000    
   5.18311691       0.00000000    
   5.19978285       0.00000000    
   5.21644878       0.00000000    
   5.23311472       0.00000000    
   5.24978065       0.00000000    
   5.26644659       0.00000000    
   5.28311253       0.00000000    
   5.29977846       0.00000000    
   5.31644440       0.00000000    
   5.33311033       0.00000000    
   5.34977627       0.00000000    
   5.36644220       0.00000000    
   5.38310814       0.00000000    
   5.39977407       0.00000000    
   5.41644001       0.00000000    
   5.43310595       0.00000000    
   5.44977188       0.00000000    
   5.46643782       0.00000000    
   5.48310375       0.00000000    
   5.49976969       0.00000000    
   5.51643562       0.00000000    
   5.53310156       0.00000000    
   5.54976749       0.00000000    
   5.56643343       0.00000000    
   5.58309937       0.00000000    
   5.59976530       0.00000000    
   5.61643124       0.00000000    
   5.63309717       0.00000000    
   5.64976311       0.00000000    
   5.66642904       0.00000000    
   5.68309498       0.00000000    
   5.69976091       0.00000000    
   5.71642685       0.00000000    
   5.73309278       0.00000000    
   5.74975872       0.00000000    
   5.76642466       0.00000000    
   5.78309059       0.00000000    
   5.79975653       0.00000000    
   5.81642246       0.00000000    
   5.83308840       0.00000000    
   5.84975433       0.00000000    
   5.86642027       0.00000000    
   5.88308620       0.00000000    
   5.89975214       0.00000000    
   5.91641808       0.00000000    
   5.93308401       2.18200012E-22
   5.94974995       4.03699997E-18
   5.96641588       6.18300001E-15
   5.98308182       2.05699997E-12
   5.99974775       4.44699999E-10
   6.01641369       7.20099980E-09
   6.03307962       3.08899999E-08
   6.04974556       8.70199983E-08
   6.06641150       1.79599994E-07
   6.08307743       3.40000014E-07
   6.09974337       6.17100000E-07
   6.11640930       1.06699997E-06
   6.13307524       1.74700006E-06
   6.14974117       2.70400005E-06
   6.16640711       3.88399985E-06
   6.18307304       5.53000018E-06
   6.19973898       7.53199993E-06
   6.21640491       1.02000004E-05
   6.23307085       1.36899998E-05
   6.24973679       1.78600003E-05
   6.26640272       2.31100003E-05
   6.28306866       2.91300003E-05
   6.29973459       3.66300010E-05
   6.31640053       4.61900017E-05
   6.33306646       5.65199989E-05
   6.34973240       7.04100021E-05
   6.36639833       8.46699986E-05
   6.38306427       1.01600002E-04
   6.39973021       1.21199999E-04
   6.41639614       1.43700003E-04
   6.43306208       1.69899999E-04
   6.44972801       2.01200004E-04
   6.46639395       2.26899996E-04
   6.48305988       2.66199990E-04
   6.49972582       2.97499995E-04
   6.51639175       3.35499994E-04
   6.53305769       3.81799997E-04
   6.54972363       4.37500014E-04
   6.56638956       4.85199998E-04
   6.58305550       5.36700012E-04
   6.59972143       5.91700024E-04
   6.61638737       6.50000002E-04
   6.63305330       7.11500004E-04
   6.64971924       7.76099972E-04
   6.66638517       8.43800022E-04
   6.68305111       9.14599979E-04
   6.69971704       9.88299958E-04
   6.71638298       1.06499996E-03
   6.73304892       1.14499999E-03
   6.74971485       1.22800004E-03
   6.76638079       1.31399999E-03
   6.78304672       1.40299997E-03
   6.79971266       1.49499997E-03
   6.81637859       1.59000000E-03
   6.83304453       1.68900006E-03
   6.84971046       1.79000001E-03
   6.86637640       1.89499999E-03
   6.88304234       2.00299989E-03
   6.89970827       2.11500004E-03
   6.91637421       2.22999998E-03
   6.93304014       2.34799995E-03
   6.94970608       2.46999995E-03
   6.96637201       2.59499997E-03
   6.98303795       2.72400002E-03
   6.99970388       2.85700010E-03
   7.01636982       2.99299997E-03
   7.03303576       3.13300011E-03
   7.04970169       3.27700004E-03
   7.06636763       3.42500000E-03
   7.08303356       3.57599999E-03
   7.09969950       3.73200001E-03
   7.11636543       3.89200007E-03
   7.13303137       4.05600015E-03
   7.14969730       4.22400003E-03
   7.16636324       4.39599995E-03
   7.18302917       4.57300013E-03
   7.19969511       4.75399988E-03
   7.21636105       4.93999990E-03
   7.23302698       5.12999995E-03
   7.24969292       5.32499980E-03
   7.26635885       5.52400015E-03
   7.28302479       5.72799984E-03
   7.29969072       5.93699981E-03
   7.31635666       6.15100004E-03
   7.33302259       6.37099985E-03
   7.34968853       6.59500016E-03
   7.36635447       6.82399981E-03
   7.38302040       7.05800019E-03
   7.39968634       7.29800016E-03
   7.41635227       7.54299993E-03
   7.43301821       7.79299997E-03
   7.44968414       8.04900005E-03
   7.46635008       8.31099972E-03
   7.48301601       8.57799966E-03
   7.49968195       8.85100011E-03
   7.51634789       9.12899990E-03
   7.53301382       9.41400044E-03
   7.54967976       9.70400032E-03
   7.56634569       9.99999978E-03
   7.58301163       1.03000002E-02
   7.59967756       1.06100002E-02
   7.61634350       1.09299999E-02
   7.63300943       1.12500004E-02
   7.64967537       1.15700001E-02
   7.66634130       1.19099999E-02
   7.68300724       1.22499997E-02
   7.69967318       1.25900004E-02
   7.71633911       1.29500004E-02
   7.73300505       1.33100003E-02
   7.74967098       1.36700002E-02
   7.76633692       1.40500003E-02
   7.78300285       1.44300004E-02
   7.79966879       1.48099996E-02
   7.81633472       1.52099999E-02
   7.83300066       1.56100001E-02
   7.84966660       1.60099994E-02
   7.86633253       1.64299998E-02
   7.88299847       1.68500002E-02
   7.89966440       1.72799993E-02
   7.91633034       1.77100003E-02
   7.93299627       1.81600004E-02
   7.94966221       1.86100006E-02
   7.96632814       1.90699995E-02
   7.98299408       1.95300002E-02
   7.99966002       1.99999996E-02
   8.01632595       2.04799995E-02
   8.03299236       2.09700000E-02
   8.04965878       2.14699991E-02
   8.06632519       2.19700001E-02
   8.08299160       2.24799998E-02
   8.09965801       2.30000000E-02
   8.11632442       2.35200003E-02
   8.13299084       2.40499992E-02
   8.14965725       2.45900005E-02
   8.16632366       2.51400005E-02
   8.18299007       2.56999992E-02
   8.19965649       2.62599997E-02
   8.21632290       2.68300008E-02
   8.23298931       2.74100006E-02
   8.24965572       2.80000009E-02
   8.26632214       2.85899993E-02
   8.28298855       2.92000007E-02
   8.29965496       2.98100002E-02
   8.31632137       3.04199997E-02
   8.33298779       3.10500003E-02
   8.34965420       3.16799991E-02
   8.36632061       3.23299989E-02
   8.38298702       3.29799987E-02
   8.39965343       3.36299986E-02
   8.41631985       3.42999995E-02
   8.43298626       3.49700004E-02
   8.44965267       3.56500000E-02
   8.46631908       3.63399982E-02
   8.48298550       3.70399989E-02
   8.49965191       3.77399996E-02
   8.51631832       3.84499989E-02
   8.53298473       3.91700007E-02
   8.54965115       3.99000011E-02
   8.56631756       4.06300016E-02
   8.58298397       4.13700007E-02
   8.59965038       4.21199985E-02
   8.61631680       4.28799987E-02
   8.63298321       4.36500013E-02
   8.64964962       4.44200002E-02
   8.66631603       4.52000014E-02
   8.68298244       4.59900014E-02
   8.69964886       4.67800014E-02
   8.71631527       4.75899987E-02
   8.73298168       4.83999997E-02
   8.74964809       4.92100008E-02
   8.76631451       5.00399992E-02
   8.78298092       5.08700013E-02
   8.79964733       5.17099984E-02
   8.81631374       5.25600016E-02
   8.83298016       5.34100011E-02
   8.84964657       5.42699993E-02
   8.86631298       5.51399998E-02
   8.88297939       5.60100004E-02
   8.89964581       5.68899997E-02
   8.91631222       5.77800013E-02
   8.93297863       5.86699992E-02
   8.94964504       5.95799983E-02
   8.96631145       6.04799986E-02
   8.98297787       6.14000000E-02
   8.99964428       6.23200014E-02
   9.01631069       6.32499978E-02
   9.03297710       6.41800016E-02
   9.04964352       6.51199967E-02
   9.06630993       6.60699978E-02
   9.08297634       6.70199990E-02
   9.09964275       6.79799989E-02
   9.11630917       6.89399987E-02
   9.13297558       6.99099973E-02
   9.14964199       7.08900020E-02
   9.16630840       7.18699992E-02
   9.18297482       7.28600025E-02
   9.19964123       7.38499984E-02
   9.21630764       7.48500004E-02
   9.23297405       7.58600011E-02
   9.24964046       7.68600032E-02
   9.26630688       7.78800026E-02
   9.28297329       7.89000019E-02
   9.29963970       7.99200013E-02
   9.31630611       8.09499994E-02
   9.33297253       8.19900036E-02
   9.34963894       8.30300003E-02
   9.36630535       8.40699971E-02
   9.38297176       8.51100013E-02
   9.39963818       8.61800015E-02
   9.41630459       8.72400030E-02
   9.43297100       8.82999972E-02
   9.44963741       8.93500000E-02
   9.46630383       9.04299989E-02
   9.48297024       9.14999992E-02
   9.49963665       9.25899968E-02
   9.51630306       9.36700031E-02
   9.53296947       9.47500020E-02
   9.54963589       9.58399996E-02
   9.56630230       9.69299972E-02
   9.58296871       9.80300009E-02
   9.59963512       9.91299972E-02
   9.61630154      0.100199997    
   9.63296795      0.101300001    
   9.64963436      0.102399997    
   9.66630077      0.103600003    
   9.68296719      0.104699999    
   9.69963360      0.105800003    
   9.71630001      0.106899999    
   9.73296642      0.108000003    
   9.74963284      0.109099999    
   9.76629925      0.110299997    
   9.78296566      0.111299999    
   9.79963207      0.112499997    
   9.81629848      0.113600001    
   9.83296490      0.114799999    
   9.84963131      0.115900002    
   9.86629772      0.116999999    
   9.88296413      0.118199997    
   9.89963055      0.119300000    
   9.91629696      0.120499998    
   9.93296337      0.121600002    
   9.94962978      0.122699998    
   9.96629620      0.123899996    
   9.98296261      0.125000000    
   9.99962902      0.126200005    
   10.0162954      0.127299994    
   10.0329618      0.128399998    
   10.0496283      0.129600003    
   10.0662947      0.130700007    
   10.0829611      0.131799996    
   10.0996275      0.133000001    
   10.1162939      0.134100005    
   10.1329603      0.135299996    
   10.1496267      0.136399999    
   10.1662931      0.137500003    
   10.1829596      0.138699993    
   10.1996260      0.139699996    
   10.2162924      0.140900001    
   10.2329588      0.142100006    
   10.2496252      0.143099993    
   10.2662916      0.144299999    
   10.2829580      0.145400003    
   10.2996244      0.146599993    
   10.3162909      0.147699997    
   10.3329573      0.148699999    
   10.3496237      0.149900004    
   10.3662901      0.150999993    
   10.3829565      0.152099997    
   10.3996229      0.153300002    
   10.4162893      0.154400006    
   10.4329557      0.155399993    
   10.4496222      0.156599998    
   10.4662886      0.157700002    
   10.4829550      0.158700004    
   10.4996214      0.159799993    
   10.5162878      0.160899997    
   10.5329542      0.162000000    
   10.5496206      0.163100004    
   10.5662870      0.164100006    
   10.5829535      0.165199995    
   10.5996199      0.166299999    
   10.6162863      0.167300001    
   10.6329527      0.168400005    
   10.6496191      0.169400007    
   10.6662855      0.170499995    
   10.6829519      0.171499997    
   10.6996183      0.172600001    
   10.7162848      0.173600003    
   10.7329512      0.174600005    
   10.7496176      0.175600007    
   10.7662840      0.176599994    
   10.7829504      0.177599996    
   10.7996168      0.178599998    
   10.8162832      0.179600000    
   10.8329496      0.180600002    
   10.8496161      0.181500003    
   10.8662825      0.182600006    
   10.8829489      0.183500007    
   10.8996153      0.184499994    
   10.9162817      0.185499996    
   10.9329481      0.186399996    
   10.9496145      0.187299997    
   10.9662809      0.188099995    
   10.9829473      0.189099997    
   10.9996138      0.190099999    
   11.0162802      0.191000000    
   11.0329466      0.191900000    
   11.0496130      0.192900002    
   11.0662794      0.193700001    
   11.0829458      0.194600001    
   11.0996122      0.195500001    
   11.1162786      0.196400002    
   11.1329451      0.197200000    
   11.1496115      0.197999999    
   11.1662779      0.198899999    
   11.1829443      0.199699998    
   11.1996107      0.200399995    
   11.2162771      0.201399997    
   11.2329435      0.202000007    
   11.2496099      0.202999994    
   11.2662764      0.203799993    
   11.2829428      0.204600006    
   11.2996092      0.205300003    
   11.3162756      0.206100002    
   11.3329420      0.206799999    
   11.3496084      0.207599998    
   11.3662748      0.208299994    
   11.3829412      0.209000006    
   11.3996077      0.209600002    
   11.4162741      0.210500002    
   11.4329405      0.211099997    
   11.4496069      0.211799994    
   11.4662733      0.212500006    
   11.4829397      0.213200003    
   11.4996061      0.213799998    
   11.5162725      0.214499995    
   11.5329390      0.215100005    
   11.5496054      0.215700001    
   11.5662718      0.216199994    
   11.5829382      0.216900006    
   11.5996046      0.217500001    
   11.6162710      0.218099996    
   11.6329374      0.218700007    
   11.6496038      0.218999997    
   11.6662703      0.219699994    
   11.6829367      0.220300004    
   11.6996031      0.220799997    
   11.7162695      0.221300006    
   11.7329359      0.221799999    
   11.7496023      0.222299993    
   11.7662687      0.222800002    
   11.7829351      0.223100007    
   11.7996016      0.223600000    
   11.8162680      0.224199995    
   11.8329344      0.224600002    
   11.8496008      0.224999994    
   11.8662672      0.225299999    
   11.8829336      0.225799993    
   11.8996000      0.226199999    
   11.9162664      0.226500005    
   11.9329329      0.226999998    
   11.9495993      0.227300003    
   11.9662657      0.227599993    
   11.9829321      0.228000000    
   11.9995985      0.228300005    
   12.0162649      0.228599995    
   12.0329313      0.228900000    
   12.0495977      0.229200006    
   12.0662642      0.229399994    
   12.0829306      0.229699999    
   12.0995970      0.229900002    
   12.1162634      0.230100006    
   12.1329298      0.230399996    
   12.1495962      0.230599999    
   12.1662626      0.230700001    
   12.1829290      0.230900005    
   12.1995955      0.231099993    
   12.2162619      0.231199995    
   12.2329283      0.231199995    
   12.2495947      0.231399998    
   12.2662611      0.231600001    
   12.2829275      0.231700003    
   12.2995939      0.231800005    
   12.3162603      0.231900007    
   12.3329268      0.231999993    
   12.3495932      0.231999993    
   12.3662596      0.232099995    
   12.3829260      0.232099995    
   12.3995924      0.232099995    
   12.4162588      0.232099995    
   12.4329252      0.232099995    
   12.4495916      0.232099995    
   12.4662580      0.232099995    
   12.4829245      0.231999993    
   12.4995909      0.231999993    
   12.5162573      0.231900007    
   12.5329237      0.231800005    
   12.5495901      0.231700003    
   12.5662565      0.231500000    
   12.5829229      0.231299996    
   12.5995893      0.231199995    
   12.6162558      0.231199995    
   12.6329222      0.231000006    
   12.6495886      0.230800003    
   12.6662550      0.230700001    
   12.6829214      0.230499998    
   12.6995878      0.230299994    
   12.7162542      0.230000004    
   12.7329206      0.229800001    
   12.7495871      0.229599997    
   12.7662535      0.229300007    
   12.7829199      0.229000002    
   12.7995863      0.228699997    
   12.8162527      0.228400007    
   12.8329191      0.228100002    
   12.8495855      0.227799997    
   12.8662519      0.227400005    
   12.8829184      0.227100000    
   12.8995848      0.226799995    
   12.9162512      0.226400003    
   12.9329176      0.225999996    
   12.9495840      0.225400001    
   12.9662504      0.225199997    
   12.9829168      0.224800006    
   12.9995832      0.224399999    
   13.0162497      0.223800004    
   13.0329161      0.223499998    
   13.0495825      0.223000005    
   13.0662489      0.222499996    
   13.0829153      0.222100005    
   13.0995817      0.221599996    
   13.1162481      0.221100003    
   13.1329145      0.220599994    
   13.1495810      0.219999999    
   13.1662474      0.219500005    
   13.1829138      0.218899995    
   13.1995802      0.218400002    
   13.2162466      0.217800006    
   13.2329130      0.217099994    
   13.2495794      0.216600001    
   13.2662458      0.216000006    
   13.2829123      0.215399995    
   13.2995787      0.214800000    
   13.3162451      0.214100003    
   13.3329115      0.213499993    
   13.3495779      0.212799996    
   13.3662443      0.212200001    
   13.3829107      0.211500004    
   13.3995771      0.210800007    
   13.4162436      0.210099995    
   13.4329100      0.209299996    
   13.4495764      0.208700001    
   13.4662428      0.207900003    
   13.4829092      0.207200006    
   13.4995756      0.206499994    
   13.5162420      0.205699995    
   13.5329084      0.204899997    
   13.5495749      0.204200000    
   13.5662413      0.203400001    
   13.5829077      0.202600002    
   13.5995741      0.201800004    
   13.6162405      0.201000005    
   13.6329069      0.200100005    
   13.6495733      0.199300006    
   13.6662397      0.198500007    
   13.6829062      0.197600007    
   13.6995726      0.196799994    
   13.7162390      0.195899993    
   13.7329054      0.195099995    
   13.7495718      0.194199994    
   13.7662382      0.193299994    
   13.7829046      0.192200005    
   13.7995710      0.191400006    
   13.8162374      0.190599993    
   13.8329039      0.189700007    
   13.8495703      0.188800007    
   13.8662367      0.187800005    
   13.8829031      0.186900005    
   13.8995695      0.185900003    
   13.9162359      0.185000002    
   13.9329023      0.184000000    
   13.9495687      0.183100000    
   13.9662352      0.182099998    
   13.9829016      0.181099996    
   13.9995680      0.180099994    
   14.0162344      0.179100007    
   14.0329008      0.178100005    
   14.0495672      0.177100003    
   14.0662336      0.176100001    
   14.0829000      0.175099999    
   14.0995665      0.174099997    
   14.1162329      0.173099995    
   14.1328993      0.172000006    
   14.1495657      0.171000004    
   14.1662321      0.170000002    
   14.1828985      0.168799996    
   14.1995649      0.167899996    
   14.2162313      0.166800007    
   14.2328978      0.165700004    
   14.2495642      0.164700001    
   14.2662306      0.163599998    
   14.2828970      0.162499994    
   14.2995634      0.161400005    
   14.3162298      0.160400003    
   14.3328962      0.159299999    
   14.3495626      0.158199996    
   14.3662291      0.157100007    
   14.3828955      0.156000003    
   14.3995619      0.154899999    
   14.4162283      0.153799996    
   14.4328947      0.152700007    
   14.4495611      0.151600003    
   14.4662275      0.150500000    
   14.4828939      0.149399996    
   14.4995604      0.148200005    
   14.5162268      0.147100002    
   14.5328932      0.145999998    
   14.5495596      0.144899994    
   14.5662260      0.143700004    
   14.5828924      0.142499998    
   14.5995588      0.141499996    
   14.6162252      0.140400007    
   14.6328917      0.139200002    
   14.6495581      0.138099998    
   14.6662245      0.136999995    
   14.6828909      0.135800004    
   14.6995573      0.134700000    
   14.7162237      0.133599997    
   14.7328901      0.132400006    
   14.7495565      0.131300002    
   14.7662230      0.130099997    
   14.7828894      0.128999993    
   14.7995558      0.127800003    
   14.8162222      0.126699999    
   14.8328886      0.125599995    
   14.8495550      0.124399997    
   14.8662214      0.123300001    
   14.8828878      0.122199997    
   14.8995543      0.120999999    
   14.9162207      0.119900003    
   14.9328871      0.118699998    
   14.9495535      0.117600001    
   14.9662199      0.116499998    
   14.9828863      0.115300000    
   14.9995527      0.114200003    
   15.0162191      0.113100000    
   15.0328856      0.112000003    
   15.0495520      0.110799998    
   15.0662184      0.109700002    
   15.0828848      0.108599998    
   15.0995512      0.107500002    
   15.1162176      0.106299996    
   15.1328840      0.105200000    
   15.1495504      0.104099996    
   15.1662169      0.103000000    
   15.1828833      0.101899996    
   15.1995497      0.100800000    
   15.2162161       9.96700004E-02
   15.2328825       9.85699967E-02
   15.2495489       9.74700004E-02
   15.2662153       9.63800028E-02
   15.2828817       9.52899978E-02
   15.2995481       9.42000002E-02
   15.3162146       9.31200013E-02
   15.3328810       9.20300037E-02
   15.3495474       9.09600034E-02
   15.3662138       8.98799971E-02
   15.3828802       8.88099968E-02
   15.3995466       8.77600014E-02
   15.4162130       8.66999999E-02
   15.4328794       8.56399983E-02
   15.4495459       8.45900029E-02
   15.4662123       8.35300013E-02
   15.4828787       8.25000033E-02
   15.4995451       8.14599991E-02
   15.5162115       8.04300010E-02
   15.5328779       7.94000030E-02
   15.5495443       7.83699974E-02
   15.5662107       7.73599967E-02
   15.5828772       7.63500035E-02
   15.5995436       7.53400028E-02
   15.6162100       7.43400007E-02
   15.6328764       7.33399987E-02
   15.6495428       7.23500028E-02
   15.6662092       7.13699982E-02
   15.6828756       7.03900009E-02
   15.6995420       6.94200024E-02
   15.7162085       6.84499964E-02
   15.7328749       6.74899966E-02
   15.7495413       6.65299967E-02
   15.7662077       6.55800030E-02
   15.7828741       6.46400005E-02
   15.7995405       6.36999980E-02
   15.8162069       6.27700016E-02
   15.8328733       6.18400015E-02
   15.8495398       6.09299988E-02
   15.8662062       6.00199997E-02
   15.8828726       5.91100007E-02
   15.8995390       5.82100004E-02
   15.9162054       5.73199987E-02
   15.9328718       5.64399995E-02
   15.9495382       5.55600002E-02
   15.9662046       5.46899997E-02
   15.9828711       5.38300015E-02
   15.9995375       5.29699996E-02
   16.0162029       5.21200001E-02
   16.0328693       5.12799993E-02
   16.0495358       5.04399985E-02
   16.0662022       4.96100001E-02
   16.0828686       4.87900004E-02
   16.0995350       4.79799993E-02
   16.1162014       4.71699983E-02
   16.1328678       4.63699996E-02
   16.1495342       4.55799997E-02
   16.1662006       4.47999984E-02
   16.1828671       4.40200008E-02
   16.1995335       4.32499982E-02
   16.2161999       4.24900018E-02
   16.2328663       4.17400002E-02
   16.2495327       4.09899987E-02
   16.2661991       4.02499996E-02
   16.2828655       3.95199992E-02
   16.2995319       3.88000011E-02
   16.3161983       3.80799994E-02
   16.3328648       3.73700000E-02
   16.3495312       3.66699994E-02
   16.3661976       3.59800011E-02
   16.3828640       3.53000015E-02
   16.3995304       3.46199982E-02
   16.4161968       3.39500010E-02
   16.4328632       3.32899988E-02
   16.4495296       3.26399989E-02
   16.4661961       3.19899991E-02
   16.4828625       3.13500017E-02
   16.4995289       3.07199992E-02
   16.5161953       3.00999992E-02
   16.5328617       2.94899996E-02
   16.5495281       2.88800001E-02
   16.5661945       2.82799993E-02
   16.5828609       2.76900008E-02
   16.5995274       2.71099992E-02
   16.6161938       2.65299994E-02
   16.6328602       2.59700008E-02
   16.6495266       2.54100002E-02
   16.6661930       2.48499997E-02
   16.6828594       2.43100002E-02
   16.6995258       2.37700008E-02
   16.7161922       2.32500006E-02
   16.7328587       2.27199998E-02
   16.7495251       2.22100001E-02
   16.7661915       2.17000004E-02
   16.7828579       2.11999994E-02
   16.7995243       2.07100008E-02
   16.8161907       2.02300008E-02
   16.8328571       1.97500009E-02
   16.8495235       1.92799997E-02
   16.8661900       1.88200008E-02
   16.8828564       1.83700006E-02
   16.8995228       1.79200005E-02
   16.9161892       1.74800009E-02
   16.9328556       1.70499999E-02
   16.9495220       1.66299995E-02
   16.9661884       1.62099991E-02
   16.9828548       1.57999992E-02
   16.9995213       1.53900003E-02
   17.0161877       1.49999997E-02
   17.0328541       1.46100000E-02
   17.0495205       1.42200002E-02
   17.0661869       1.38499998E-02
   17.0828533       1.34800002E-02
   17.0995197       1.31200003E-02
   17.1161861       1.27600003E-02
   17.1328526       1.24100000E-02
   17.1495190       1.20700002E-02
   17.1661854       1.17300004E-02
   17.1828518       1.14000002E-02
   17.1995182       1.10799996E-02
   17.2161846       1.07600000E-02
   17.2328510       1.04499999E-02
   17.2495174       1.01399999E-02
   17.2661839       9.84199997E-03
   17.2828503       9.54900030E-03
   17.2995167       9.26099997E-03
   17.3161831       8.98000039E-03
   17.3328495       8.70400015E-03
   17.3495159       8.43400043E-03
   17.3661823       8.17000028E-03
   17.3828487       7.91199971E-03
   17.3995152       7.65800010E-03
   17.4161816       7.41099985E-03
   17.4328480       7.16899987E-03
   17.4495144       6.93200016E-03
   17.4661808       6.69999979E-03
   17.4828472       6.47399994E-03
   17.4995136       6.25200011E-03
   17.5161800       6.03599986E-03
   17.5328465       5.82400011E-03
   17.5495129       5.61799994E-03
   17.5661793       5.41599980E-03
   17.5828457       5.21899993E-03
   17.5995121       5.02699986E-03
   17.6161785       4.83899983E-03
   17.6328449       4.65600006E-03
   17.6495113       4.47699986E-03
   17.6661777       4.30299994E-03
   17.6828442       4.13199980E-03
   17.6995106       3.96599993E-03
   17.7161770       3.80500010E-03
   17.7328434       3.64700006E-03
   17.7495098       3.49400006E-03
   17.7661762       3.34400008E-03
   17.7828426       3.19799990E-03
   17.7995090       3.05599999E-03
   17.8161755       2.91900011E-03
   17.8328419       2.78400001E-03
   17.8495083       2.65399995E-03
   17.8661747       2.52599991E-03
   17.8828411       2.40299990E-03
   17.8995075       2.28299992E-03
   17.9161739       2.16699997E-03
   17.9328403       2.05400004E-03
   17.9495068       1.94400002E-03
   17.9661732       1.83700002E-03
   17.9828396       1.73400005E-03
   17.9995060       1.63399999E-03
   18.0161724       1.53799995E-03
   18.0328388       1.44400005E-03
   18.0495052       1.35300006E-03
   18.0661716       1.26599998E-03
   18.0828381       1.18200004E-03
   18.0995045       1.10100000E-03
   18.1161709       1.02199998E-03
   18.1328373       9.47299995E-04
   18.1495037       8.75000027E-04
   18.1661701       8.05900025E-04
   18.1828365       7.39999989E-04
   18.1995029       6.77099975E-04
   18.2161694       6.17399986E-04
   18.2328358       5.60900022E-04
   18.2495022       5.07600023E-04
   18.2661686       4.58199997E-04
   18.2828350       4.05500003E-04
   18.2995014       3.54799995E-04
   18.3161678       3.13500001E-04
   18.3328342       2.79300002E-04
   18.3495007       2.42299997E-04
   18.3661671       2.11499995E-04
   18.3828335       1.80300005E-04
   18.3994999       1.54699999E-04
   18.4161663       1.33399997E-04
   18.4328327       1.11900001E-04
   18.4494991       9.17200014E-05
   18.4661655       7.55200017E-05
   18.4828320       6.23000014E-05
   18.4994984       5.04000018E-05
   18.5161648       4.06500003E-05
   18.5328312       3.21599982E-05
   18.5494976       2.54000006E-05
   18.5661640       1.99900005E-05
   18.5828304       1.53599995E-05
   18.5994968       1.15299999E-05
   18.6161633       8.59099964E-06
   18.6328297       6.35300012E-06
   18.6494961       4.52899985E-06
   18.6661625       3.18100001E-06
   18.6828289       2.10600001E-06
   18.6994953       1.32399998E-06
   18.7161617       7.87299996E-07
   18.7328281       4.41499992E-07
   18.7494946       2.36299996E-07
   18.7661610       1.18999999E-07
   18.7828274       5.15099998E-08
   18.7994938       1.40000003E-08
   18.8161602       2.04999995E-09
   18.8328266       2.54999997E-11
   18.8494930       8.60299990E-14
   18.8661594       1.03100003E-16
   18.8828259       2.42799999E-20
   18.8994923       3.68999992E-28
   18.9161587       0.00000000    
   18.9328251       0.00000000    
   18.9494915       0.00000000    
   18.9661579       0.00000000    
   18.9828243       0.00000000    
   18.9994907       0.00000000    
   19.0161572       0.00000000    
   19.0328236       0.00000000    
   19.0494900       0.00000000    
   19.0661564       0.00000000    
   19.0828228       0.00000000    
   19.0994892       0.00000000    
   19.1161556       0.00000000    
   19.1328220       0.00000000    
   19.1494884       0.00000000    
   19.1661549       0.00000000    
   19.1828213       0.00000000    
   19.1994877       0.00000000    
   19.2161541       0.00000000    
   19.2328205       0.00000000    
   19.2494869       0.00000000    
   19.2661533       0.00000000    
   19.2828197       0.00000000    
   19.2994862       0.00000000    
   19.3161526       0.00000000    
   19.3328190       0.00000000    
   19.3494854       0.00000000    
   19.3661518       0.00000000    
   19.3828182       0.00000000    
   19.3994846       0.00000000    
   19.4161510       0.00000000    
   19.4328175       0.00000000    
   19.4494839       0.00000000    
   19.4661503       0.00000000    
   19.4828167       0.00000000    
   19.4994831       0.00000000    
   19.5161495       0.00000000    
   19.5328159       0.00000000    
   19.5494823       0.00000000    
   19.5661488       0.00000000    
   19.5828152       0.00000000    
   19.5994816       0.00000000    
   19.6161480       0.00000000    
   19.6328144       0.00000000    
   19.6494808       0.00000000    
   19.6661472       0.00000000    
   19.6828136       0.00000000    
   19.6994801       0.00000000    
   19.7161465       0.00000000    
   19.7328129       0.00000000    
   19.7494793       0.00000000    
   19.7661457       0.00000000    
   19.7828121       0.00000000    
   19.7994785       0.00000000    
   19.8161449       0.00000000    
   19.8328114       0.00000000    
   19.8494778       0.00000000    
   19.8661442       0.00000000    
   19.8828106       0.00000000    
   19.8994770       0.00000000    
   19.9161434       0.00000000    
   19.9328098       0.00000000    
   19.9494762       0.00000000    
   19.9661427       0.00000000    
   19.9828091       0.00000000    
   19.9994755       0.00000000    
   20.0161419       0.00000000    
   20.0328083       0.00000000    
   20.0494747       0.00000000    
   20.0661411       0.00000000    
   20.0828075       0.00000000    
   20.0994740       0.00000000    
   20.1161404       0.00000000    
   20.1328068       0.00000000    
   20.1494732       0.00000000    
   20.1661396       0.00000000    
   20.1828060       0.00000000    
   20.1994724       0.00000000    
   20.2161388       0.00000000    
   20.2328053       0.00000000    
   20.2494717       0.00000000    
   20.2661381       0.00000000    
   20.2828045       0.00000000    
   20.2994709       0.00000000    
   20.3161373       0.00000000    
   20.3328037       0.00000000    
   20.3494701       0.00000000    
   20.3661366       0.00000000    
   20.3828030       0.00000000    
   20.3994694       0.00000000    
   20.4161358       0.00000000    
   20.4328022       0.00000000    
   20.4494686       0.00000000    
   20.4661350       0.00000000    
   20.4828014       0.00000000    
   20.4994678       0.00000000    
   20.5161343       0.00000000    
   20.5328007       0.00000000    
   20.5494671       0.00000000    
   20.5661335       0.00000000    
   20.5827999       0.00000000    
   20.5994663       0.00000000    
   20.6161327       0.00000000    
   20.6327991       0.00000000    
   20.6494656       0.00000000    
   20.6661320       0.00000000    
   20.6827984       0.00000000    
   20.6994648       0.00000000    
   20.7161312       0.00000000    
   20.7327976       0.00000000    
   20.7494640       0.00000000    
   20.7661304       0.00000000    
   20.7827969       0.00000000    
   20.7994633       0.00000000    
   20.8161297       0.00000000    
   20.8327961       0.00000000    
   20.8494625       0.00000000    
   20.8661289       0.00000000    
   20.8827953       0.00000000    
   20.8994617       0.00000000    
   20.9161282       0.00000000    
   20.9327946       0.00000000    
   20.9494610       0.00000000    
   20.9661274       0.00000000    
   20.9827938       0.00000000    
   20.9994602       0.00000000    
   21.0161266       0.00000000    
   21.0327930       0.00000000    
   21.0494595       0.00000000    
   21.0661259       0.00000000    
   21.0827923       0.00000000    
   21.0994587       0.00000000    
   21.1161251       0.00000000    
   21.1327915       0.00000000    
   21.1494579       0.00000000    
   21.1661243       0.00000000    
   21.1827908       0.00000000    
   21.1994572       0.00000000    
   21.2161236       0.00000000    
   21.2327900       0.00000000    
   21.2494564       0.00000000    
   21.2661228       0.00000000    
   21.2827892       0.00000000    
   21.2994556       0.00000000    
   21.3161221       0.00000000    
   21.3327885       0.00000000    
   21.3494549       0.00000000    
   21.3661213       0.00000000    
   21.3827877       0.00000000    
   21.3994541       0.00000000    
   21.4161205       0.00000000    
   21.4327869       0.00000000    
   21.4494534       0.00000000    
   21.4661198       0.00000000    
   21.4827862       0.00000000    
   21.4994526       0.00000000    
   21.5161190       0.00000000    
   21.5327854       0.00000000    
   21.5494518       0.00000000    
   21.5661182       0.00000000    
   21.5827847       0.00000000    
   21.5994511       0.00000000    
   21.6161175       0.00000000    
   21.6327839       0.00000000    
   21.6494503       0.00000000    
   21.6661167       0.00000000    
   21.6827831       0.00000000    
   21.6994495       0.00000000    
   21.7161160       0.00000000    
   21.7327824       0.00000000    
   21.7494488       0.00000000    
   21.7661152       0.00000000    
   21.7827816       0.00000000    
   21.7994480       0.00000000    
   21.8161144       0.00000000    
   21.8327808       0.00000000    
   21.8494473       0.00000000    
   21.8661137       0.00000000    
   21.8827801       0.00000000    
   21.8994465       0.00000000    
   21.9161129       0.00000000    
   21.9327793       0.00000000    
   21.9494457       0.00000000    
   21.9661121       0.00000000    
   21.9827785       0.00000000    
   21.9994450       0.00000000    
   22.0161114       0.00000000    
   22.0327778       0.00000000    
   22.0494442       0.00000000    
   22.0661106       0.00000000    
   22.0827770       0.00000000    
   22.0994434       0.00000000    
   22.1161098       0.00000000    
   22.1327763       0.00000000    
   22.1494427       0.00000000    
   22.1661091       0.00000000    
   22.1827755       0.00000000    
   22.1994419       0.00000000    
   22.2161083       0.00000000    
   22.2327747       0.00000000    
   22.2494411       0.00000000    
   22.2661076       0.00000000    
   22.2827740       0.00000000    
   22.2994404       0.00000000    
   22.3161068       0.00000000    
   22.3327732       0.00000000    
   22.3494396       0.00000000    
   22.3661060       0.00000000    
   22.3827724       0.00000000    
   22.3994389       0.00000000    
   22.4161053       0.00000000    
   22.4327717       0.00000000    
   22.4494381       0.00000000    
   22.4661045       0.00000000    
   22.4827709       0.00000000    
   22.4994373       0.00000000    
   22.5161037       0.00000000    
   22.5327702       0.00000000    
   22.5494366       0.00000000    
   22.5661030       0.00000000    
   22.5827694       0.00000000    
   22.5994358       0.00000000    
   22.6161022       0.00000000    
   22.6327686       0.00000000    
   22.6494350       0.00000000    
   22.6661015       0.00000000    
   22.6827679       0.00000000    
   22.6994343       0.00000000    
   22.7161007       0.00000000    
   22.7327671       0.00000000    
   22.7494335       0.00000000    
   22.7660999       0.00000000    
   22.7827663       0.00000000    
   22.7994328       0.00000000    
   22.8160992       0.00000000    
   22.8327656       0.00000000    
   22.8494320       0.00000000    
   22.8660984       0.00000000    
   22.8827648       0.00000000    
   22.8994312       0.00000000    
   22.9160976       0.00000000    
   22.9327641       0.00000000    
   22.9494305       0.00000000    
   22.9660969       0.00000000    
   22.9827633       0.00000000    
   22.9994297       0.00000000    
   23.0160961       0.00000000    
   23.0327625       0.00000000    
   23.0494289       0.00000000    
   23.0660954       0.00000000    
   23.0827618       0.00000000    
   23.0994282       0.00000000    
   23.1160946       0.00000000    
   23.1327610       0.00000000    
   23.1494274       0.00000000    
   23.1660938       0.00000000    
   23.1827602       0.00000000    
   23.1994267       0.00000000    
   23.2160931       0.00000000    
   23.2327595       0.00000000    
   23.2494259       0.00000000    
   23.2660923       0.00000000    
   23.2827587       0.00000000    
   23.2994251       0.00000000    
   23.3160915       0.00000000    
   23.3327579       0.00000000    
   23.3494244       0.00000000    
   23.3660908       0.00000000    
   23.3827572       0.00000000    
   23.3994236       0.00000000    
   23.4160900       0.00000000    
   23.4327564       0.00000000    
   23.4494228       0.00000000    
   23.4660892       0.00000000    
   23.4827557       0.00000000    
   23.4994221       0.00000000    
   23.5160885       0.00000000    
   23.5327549       0.00000000    
   23.5494213       0.00000000    
   23.5660877       0.00000000    
   23.5827541       0.00000000    
   23.5994205       0.00000000    
   23.6160870       0.00000000    
   23.6327534       0.00000000    
   23.6494198       0.00000000    
   23.6660862       0.00000000    
   23.6827526       0.00000000    
   23.6994190       0.00000000    
   23.7160854       0.00000000    
   23.7327518       0.00000000    
   23.7494183       0.00000000    
   23.7660847       0.00000000    
   23.7827511       0.00000000    
   23.7994175       0.00000000    
   23.8160839       0.00000000    
   23.8327503       0.00000000    
   23.8494167       0.00000000    
   23.8660831       0.00000000    
   23.8827496       0.00000000    
   23.8994160       0.00000000    
   23.9160824       0.00000000    
   23.9327488       0.00000000    
   23.9494152       0.00000000    
   23.9660816       0.00000000    
   23.9827480       0.00000000    
