   0.00000000       0.00000000    
   1.66660007E-02   0.00000000    
   3.33320014E-02   0.00000000    
   4.99980003E-02   0.00000000    
   6.66640028E-02   0.00000000    
   8.33300054E-02   0.00000000    
   9.99960080E-02   0.00000000    
  0.116662011       0.00000000    
  0.133328006       0.00000000    
  0.149994001       0.00000000    
  0.166659996       0.00000000    
  0.183325991       0.00000000    
  0.199991986       0.00000000    
  0.216657981       0.00000000    
  0.233323976       0.00000000    
  0.249989972       0.00000000    
  0.266655982       0.00000000    
  0.283321977       0.00000000    
  0.299987972       0.00000000    
  0.316653967       0.00000000    
  0.333319962       0.00000000    
  0.349985957       0.00000000    
  0.366651952       0.00000000    
  0.383317947       0.00000000    
  0.399983943       0.00000000    
  0.416649938       0.00000000    
  0.433315933       0.00000000    
  0.449981928       0.00000000    
  0.466647923       0.00000000    
  0.483313918       0.00000000    
  0.499979913       0.00000000    
  0.516645908       0.00000000    
  0.533311903       0.00000000    
  0.549977899       0.00000000    
  0.566643894       0.00000000    
  0.583309889       0.00000000    
  0.599975884       0.00000000    
  0.616641879       0.00000000    
  0.633307874       0.00000000    
  0.649973869       0.00000000    
  0.666639864       0.00000000    
  0.683305860       0.00000000    
  0.699971855       0.00000000    
  0.716637850       0.00000000    
  0.733303845       0.00000000    
  0.749969840       0.00000000    
  0.766635835       0.00000000    
  0.783301830       0.00000000    
  0.799967825       0.00000000    
  0.816633821       0.00000000    
  0.833299816       0.00000000    
  0.849965811       0.00000000    
  0.866631806       0.00000000    
  0.883297801       0.00000000    
  0.899963796       0.00000000    
  0.916629791       0.00000000    
  0.933295786       0.00000000    
  0.949961782       0.00000000    
  0.966627777       0.00000000    
  0.983293772       0.00000000    
  0.999959767       0.00000000    
   1.01662576       0.00000000    
   1.03329182       0.00000000    
   1.04995787       0.00000000    
   1.06662393       0.00000000    
   1.08328998       0.00000000    
   1.09995604       0.00000000    
   1.11662209       0.00000000    
   1.13328815       0.00000000    
   1.14995420       0.00000000    
   1.16662025       0.00000000    
   1.18328631       0.00000000    
   1.19995236       0.00000000    
   1.21661842       0.00000000    
   1.23328447       0.00000000    
   1.24995053       0.00000000    
   1.26661658       0.00000000    
   1.28328264       0.00000000    
   1.29994869       0.00000000    
   1.31661475       0.00000000    
   1.33328080       0.00000000    
   1.34994686       0.00000000    
   1.36661291       0.00000000    
   1.38327897       0.00000000    
   1.39994502       0.00000000    
   1.41661108       0.00000000    
   1.43327713       0.00000000    
   1.44994318       0.00000000    
   1.46660924       0.00000000    
   1.48327529       0.00000000    
   1.49994135       0.00000000    
   1.51660740       0.00000000    
   1.53327346       0.00000000    
   1.54993951       0.00000000    
   1.56660557       0.00000000    
   1.58327162       0.00000000    
   1.59993768       0.00000000    
   1.61660373       0.00000000    
   1.63326979       0.00000000    
   1.64993584       0.00000000    
   1.66660190       0.00000000    
   1.68326795       0.00000000    
   1.69993401       0.00000000    
   1.71660006       0.00000000    
   1.73326612       0.00000000    
   1.74993217       0.00000000    
   1.76659822       0.00000000    
   1.78326428       0.00000000    
   1.79993033       0.00000000    
   1.81659639       0.00000000    
   1.83326244       0.00000000    
   1.84992850       0.00000000    
   1.86659455       0.00000000    
   1.88326061       0.00000000    
   1.89992666       0.00000000    
   1.91659272       0.00000000    
   1.93325877       0.00000000    
   1.94992483       0.00000000    
   1.96659088       0.00000000    
   1.98325694       0.00000000    
   1.99992299       0.00000000    
   2.01658893       0.00000000    
   2.03325486       0.00000000    
   2.04992080       0.00000000    
   2.06658673       0.00000000    
   2.08325267       0.00000000    
   2.09991860       0.00000000    
   2.11658454       0.00000000    
   2.13325047       0.00000000    
   2.14991641       0.00000000    
   2.16658235       0.00000000    
   2.18324828       0.00000000    
   2.19991422       0.00000000    
   2.21658015       0.00000000    
   2.23324609       0.00000000    
   2.24991202       0.00000000    
   2.26657796       0.00000000    
   2.28324389       0.00000000    
   2.29990983       0.00000000    
   2.31657577       0.00000000    
   2.33324170       0.00000000    
   2.34990764       0.00000000    
   2.36657357       0.00000000    
   2.38323951       0.00000000    
   2.39990544       0.00000000    
   2.41657138       0.00000000    
   2.43323731       0.00000000    
   2.44990325       0.00000000    
   2.46656919       0.00000000    
   2.48323512       0.00000000    
   2.49990106       0.00000000    
   2.51656699       0.00000000    
   2.53323293       0.00000000    
   2.54989886       0.00000000    
   2.56656480       0.00000000    
   2.58323073       0.00000000    
   2.59989667       0.00000000    
   2.61656260       0.00000000    
   2.63322854       0.00000000    
   2.64989448       0.00000000    
   2.66656041       0.00000000    
   2.68322635       0.00000000    
   2.69989228       0.00000000    
   2.71655822       0.00000000    
   2.73322415       0.00000000    
   2.74989009       0.00000000    
   2.76655602       0.00000000    
   2.78322196       0.00000000    
   2.79988790       0.00000000    
   2.81655383       0.00000000    
   2.83321977       0.00000000    
   2.84988570       0.00000000    
   2.86655164       0.00000000    
   2.88321757       0.00000000    
   2.89988351       0.00000000    
   2.91654944       0.00000000    
   2.93321538       0.00000000    
   2.94988132       0.00000000    
   2.96654725       0.00000000    
   2.98321319       0.00000000    
   2.99987912       0.00000000    
   3.01654506       0.00000000    
   3.03321099       0.00000000    
   3.04987693       0.00000000    
   3.06654286       0.00000000    
   3.08320880       0.00000000    
   3.09987473       0.00000000    
   3.11654067       0.00000000    
   3.13320661       0.00000000    
   3.14987254       0.00000000    
   3.16653848       0.00000000    
   3.18320441       0.00000000    
   3.19987035       0.00000000    
   3.21653628       0.00000000    
   3.23320222       0.00000000    
   3.24986815       0.00000000    
   3.26653409       0.00000000    
   3.28320003       0.00000000    
   3.29986596       0.00000000    
   3.31653190       0.00000000    
   3.33319783       0.00000000    
   3.34986377       0.00000000    
   3.36652970       0.00000000    
   3.38319564       0.00000000    
   3.39986157       0.00000000    
   3.41652751       0.00000000    
   3.43319345       0.00000000    
   3.44985938       0.00000000    
   3.46652532       0.00000000    
   3.48319125       0.00000000    
   3.49985719       0.00000000    
   3.51652312       0.00000000    
   3.53318906       0.00000000    
   3.54985499       0.00000000    
   3.56652093       0.00000000    
   3.58318686       0.00000000    
   3.59985280       0.00000000    
   3.61651874       0.00000000    
   3.63318467       0.00000000    
   3.64985061       0.00000000    
   3.66651654       0.00000000    
   3.68318248       0.00000000    
   3.69984841       0.00000000    
   3.71651435       0.00000000    
   3.73318028       0.00000000    
   3.74984622       0.00000000    
   3.76651216       0.00000000    
   3.78317809       0.00000000    
   3.79984403       0.00000000    
   3.81650996       0.00000000    
   3.83317590       0.00000000    
   3.84984183       0.00000000    
   3.86650777       0.00000000    
   3.88317370       0.00000000    
   3.89983964       0.00000000    
   3.91650558       0.00000000    
   3.93317151       0.00000000    
   3.94983745       0.00000000    
   3.96650338       0.00000000    
   3.98316932       0.00000000    
   3.99983525       0.00000000    
   4.01650143       0.00000000    
   4.03316736       0.00000000    
   4.04983330       0.00000000    
   4.06649923       0.00000000    
   4.08316517       0.00000000    
   4.09983110       0.00000000    
   4.11649704       0.00000000    
   4.13316298       0.00000000    
   4.14982891       0.00000000    
   4.16649485       0.00000000    
   4.18316078       0.00000000    
   4.19982672       0.00000000    
   4.21649265       0.00000000    
   4.23315859       0.00000000    
   4.24982452       0.00000000    
   4.26649046       0.00000000    
   4.28315639       0.00000000    
   4.29982233       0.00000000    
   4.31648827       0.00000000    
   4.33315420       0.00000000    
   4.34982014       0.00000000    
   4.36648607       0.00000000    
   4.38315201       0.00000000    
   4.39981794       0.00000000    
   4.41648388       0.00000000    
   4.43314981       0.00000000    
   4.44981575       0.00000000    
   4.46648169       0.00000000    
   4.48314762       0.00000000    
   4.49981356       0.00000000    
   4.51647949       0.00000000    
   4.53314543       0.00000000    
   4.54981136       0.00000000    
   4.56647730       0.00000000    
   4.58314323       0.00000000    
   4.59980917       0.00000000    
   4.61647511       0.00000000    
   4.63314104       0.00000000    
   4.64980698       0.00000000    
   4.66647291       0.00000000    
   4.68313885       0.00000000    
   4.69980478       0.00000000    
   4.71647072       0.00000000    
   4.73313665       0.00000000    
   4.74980259       0.00000000    
   4.76646852       0.00000000    
   4.78313446       0.00000000    
   4.79980040       0.00000000    
   4.81646633       0.00000000    
   4.83313227       0.00000000    
   4.84979820       0.00000000    
   4.86646414       0.00000000    
   4.88313007       0.00000000    
   4.89979601       0.00000000    
   4.91646194       0.00000000    
   4.93312788       0.00000000    
   4.94979382       0.00000000    
   4.96645975       0.00000000    
   4.98312569       0.00000000    
   4.99979162       0.00000000    
   5.01645756       0.00000000    
   5.03312349       0.00000000    
   5.04978943       0.00000000    
   5.06645536       0.00000000    
   5.08312130       0.00000000    
   5.09978724       0.00000000    
   5.11645317       0.00000000    
   5.13311911       0.00000000    
   5.14978504       0.00000000    
   5.16645098       0.00000000    
   5.18311691       0.00000000    
   5.19978285       0.00000000    
   5.21644878       0.00000000    
   5.23311472       0.00000000    
   5.24978065       0.00000000    
   5.26644659       0.00000000    
   5.28311253       0.00000000    
   5.29977846       0.00000000    
   5.31644440       0.00000000    
   5.33311033       0.00000000    
   5.34977627       0.00000000    
   5.36644220       0.00000000    
   5.38310814       0.00000000    
   5.39977407       0.00000000    
   5.41644001       0.00000000    
   5.43310595       0.00000000    
   5.44977188       0.00000000    
   5.46643782       0.00000000    
   5.48310375       0.00000000    
   5.49976969       0.00000000    
   5.51643562       0.00000000    
   5.53310156       0.00000000    
   5.54976749       0.00000000    
   5.56643343       0.00000000    
   5.58309937       0.00000000    
   5.59976530       0.00000000    
   5.61643124       0.00000000    
   5.63309717       0.00000000    
   5.64976311       0.00000000    
   5.66642904       0.00000000    
   5.68309498       0.00000000    
   5.69976091       0.00000000    
   5.71642685       0.00000000    
   5.73309278       0.00000000    
   5.74975872       0.00000000    
   5.76642466       0.00000000    
   5.78309059       0.00000000    
   5.79975653       0.00000000    
   5.81642246       0.00000000    
   5.83308840       0.00000000    
   5.84975433       0.00000000    
   5.86642027       0.00000000    
   5.88308620       0.00000000    
   5.89975214       0.00000000    
   5.91641808       0.00000000    
   5.93308401       0.00000000    
   5.94974995       0.00000000    
   5.96641588       0.00000000    
   5.98308182       0.00000000    
   5.99974775       0.00000000    
   6.01641369       0.00000000    
   6.03307962       0.00000000    
   6.04974556       0.00000000    
   6.06641150       0.00000000    
   6.08307743       0.00000000    
   6.09974337       0.00000000    
   6.11640930       0.00000000    
   6.13307524       0.00000000    
   6.14974117       0.00000000    
   6.16640711       0.00000000    
   6.18307304       0.00000000    
   6.19973898       0.00000000    
   6.21640491       0.00000000    
   6.23307085       0.00000000    
   6.24973679       0.00000000    
   6.26640272       0.00000000    
   6.28306866       0.00000000    
   6.29973459       0.00000000    
   6.31640053       0.00000000    
   6.33306646       0.00000000    
   6.34973240       0.00000000    
   6.36639833       0.00000000    
   6.38306427       0.00000000    
   6.39973021       0.00000000    
   6.41639614       0.00000000    
   6.43306208       0.00000000    
   6.44972801       3.91199996E-16
   6.46639395       1.46599996E-12
   6.48305988       4.87699992E-10
   6.49972582       3.91199997E-08
   6.51639175       1.63400000E-06
   6.53305769       1.69399991E-05
   6.54972363       6.08400005E-05
   6.56638956       1.46799997E-04
   6.58305550       2.74699996E-04
   6.59972143       4.53099987E-04
   6.61638737       7.05100014E-04
   6.63305330       1.04000000E-03
   6.64971924       1.50699995E-03
   6.66638517       2.15699989E-03
   6.68305111       2.97400006E-03
   6.69971704       4.09199996E-03
   6.71638298       5.44400001E-03
   6.73304892       7.20999995E-03
   6.74971485       9.51499958E-03
   6.76638079       1.24599999E-02
   6.78304672       1.59099996E-02
   6.79971266       2.01999992E-02
   6.81637859       2.56900005E-02
   6.83304453       3.27499993E-02
   6.84971046       4.06799987E-02
   6.86637640       5.11900000E-02
   6.88304234       6.27399981E-02
   6.89970827       7.74099976E-02
   6.91637421       9.56600010E-02
   6.93304014      0.115199998    
   6.94970608      0.138200000    
   6.96637201      0.165099993    
   6.98303795      0.191100001    
   6.99970388      0.222299993    
   7.01636982      0.261500001    
   7.03303576      0.295599997    
   7.04970169      0.344300002    
   7.06636763      0.382999986    
   7.08303356      0.429300010    
   7.09969950      0.484899998    
   7.11636543      0.551400006    
   7.13303137      0.611599982    
   7.14969730      0.672100008    
   7.16636324      0.736100018    
   7.18302917      0.803200006    
   7.19969511      0.873300016    
   7.21636105      0.946099997    
   7.23302698       1.02199996    
   7.24969292       1.09899998    
   7.26635885       1.17900002    
   7.28302479       1.26100004    
   7.29969072       1.34599996    
   7.31635666       1.43200004    
   7.33302259       1.52100003    
   7.34968853       1.61099994    
   7.36635447       1.70299995    
   7.38302040       1.79600000    
   7.39968634       1.89199996    
   7.41635227       1.98899996    
   7.43301821       2.08800006    
   7.44968414       2.18799996    
   7.46635008       2.28999996    
   7.48301601       2.39400005    
   7.49968195       2.49900007    
   7.51634789       2.60599995    
   7.53301382       2.71399999    
   7.54967976       2.82399988    
   7.56634569       2.93499994    
   7.58301163       3.04800010    
   7.59967756       3.16199994    
   7.61634350       3.27800012    
   7.63300943       3.39499998    
   7.64967537       3.51300001    
   7.66634130       3.63400006    
   7.68300724       3.75500011    
   7.69967318       3.87899995    
   7.71633911       4.00299978    
   7.73300505       4.13000011    
   7.74967098       4.25699997    
   7.76633692       4.38600016    
   7.78300285       4.51700020    
   7.79966879       4.64900017    
   7.81633472       4.78299999    
   7.83300066       4.91800022    
   7.84966660       5.05399990    
   7.86633253       5.19199991    
   7.88299847       5.33199978    
   7.89966440       5.47300005    
   7.91633034       5.61499977    
   7.93299627       5.75799990    
   7.94966221       5.90299988    
   7.96632814       6.05000019    
   7.98299408       6.19799995    
   7.99966002       6.34700012    
   8.01632595       6.49700022    
   8.03299236       6.64900017    
   8.04965878       6.80200005    
   8.06632519       6.95699978    
   8.08299160       7.11199999    
   8.09965801       7.26900005    
   8.11632442       7.42700005    
   8.13299084       7.58699989    
   8.14965725       7.74700022    
   8.16632366       7.90899992    
   8.18299007       8.07199955    
   8.19965649       8.23600006    
   8.21632290       8.40100002    
   8.23298931       8.56700039    
   8.24965572       8.73499966    
   8.26632214       8.90299988    
   8.28298855       9.07299995    
   8.29965496       9.24300003    
   8.31632137       9.41399956    
   8.33298779       9.58699989    
   8.34965420       9.76000023    
   8.36632061       9.93400002    
   8.38298702       10.1099997    
   8.39965343       10.2799997    
   8.41631985       10.4600000    
   8.43298626       10.6400003    
   8.44965267       10.8199997    
   8.46631908       11.0000000    
   8.48298550       11.1800003    
   8.49965191       11.3599997    
   8.51631832       11.5400000    
   8.53298473       11.7200003    
   8.54965115       11.8999996    
   8.56631756       12.0900002    
   8.58298397       12.2700005    
   8.59965038       12.4600000    
   8.61631680       12.6400003    
   8.63298321       12.8299999    
   8.64964962       13.0100002    
   8.66631603       13.1999998    
   8.68298244       13.3900003    
   8.69964886       13.5699997    
   8.71631527       13.7600002    
   8.73298168       13.9499998    
   8.74964809       14.1400003    
   8.76631451       14.3299999    
   8.78298092       14.5200005    
   8.79964733       14.7100000    
   8.81631374       14.8999996    
   8.83298016       15.0900002    
   8.84964657       15.2799997    
   8.86631298       15.4700003    
   8.88297939       15.6599998    
   8.89964581       15.8599997    
   8.91631222       16.0499992    
   8.93297863       16.2399998    
   8.94964504       16.4300003    
   8.96631145       16.6200008    
   8.98297787       16.8199997    
   8.99964428       17.0100002    
   9.01631069       17.2000008    
   9.03297710       17.3999996    
   9.04964352       17.5900002    
   9.06630993       17.7800007    
   9.08297634       17.9699993    
   9.09964275       18.1700001    
   9.11630917       18.3600006    
   9.13297558       18.5499992    
   9.14964199       18.7500000    
   9.16630840       18.9400005    
   9.18297482       19.1299992    
   9.19964123       19.3299999    
   9.21630764       19.5200005    
   9.23297405       19.7099991    
   9.24964046       19.8999996    
   9.26630688       20.0900002    
   9.28297329       20.2900009    
   9.29963970       20.4799995    
   9.31630611       20.6700001    
   9.33297253       20.8600006    
   9.34963894       21.0499992    
   9.36630535       21.2399998    
   9.38297176       21.4300003    
   9.39963818       21.6299992    
   9.41630459       21.8199997    
   9.43297100       22.0100002    
   9.44963741       22.2000008    
   9.46630383       22.3799992    
   9.48297024       22.5699997    
   9.49963665       22.7600002    
   9.51630306       22.9500008    
   9.53296947       23.1399994    
   9.54963589       23.3299999    
   9.56630230       23.5100002    
   9.58296871       23.7000008    
   9.59963512       23.8899994    
   9.61630154       24.0699997    
   9.63296795       24.2600002    
   9.64963436       24.4400005    
   9.66630077       24.6299992    
   9.68296719       24.8099995    
   9.69963360       24.9899998    
   9.71630001       25.1800003    
   9.73296642       25.3600006    
   9.74963284       25.5400009    
   9.76629925       25.7199993    
   9.78296566       25.8999996    
   9.79963207       26.0799999    
   9.81629848       26.2600002    
   9.83296490       26.4400005    
   9.84963131       26.6200008    
   9.86629772       26.7999992    
   9.88296413       26.9799995    
   9.89963055       27.1499996    
   9.91629696       27.3299999    
   9.93296337       27.5000000    
   9.94962978       27.6800003    
   9.96629620       27.8500004    
   9.98296261       28.0300007    
   9.99962902       28.2000008    
   10.0162954       28.3700008    
   10.0329618       28.5400009    
   10.0496283       28.7099991    
   10.0662947       28.8799992    
   10.0829611       29.0499992    
   10.0996275       29.2199993    
   10.1162939       29.3899994    
   10.1329603       29.5499992    
   10.1496267       29.7199993    
   10.1662931       29.8799992    
   10.1829596       30.0499992    
   10.1996260       30.2099991    
   10.2162924       30.3700008    
   10.2329588       30.5400009    
   10.2496252       30.7000008    
   10.2662916       30.8600006    
   10.2829580       31.0200005    
   10.2996244       31.1800003    
   10.3162909       31.3299999    
   10.3329573       31.4899998    
   10.3496237       31.6499996    
   10.3662901       31.7999992    
   10.3829565       31.9599991    
   10.3996229       32.1100006    
   10.4162893       32.2599983    
   10.4329557       32.4199982    
   10.4496222       32.5699997    
   10.4662886       32.7200012    
   10.4829550       32.8600006    
   10.4996214       33.0099983    
   10.5162878       33.1599998    
   10.5329542       33.3100014    
   10.5496206       33.4500008    
   10.5662870       33.5900002    
   10.5829535       33.7400017    
   10.5996199       33.8800011    
   10.6162863       34.0200005    
   10.6329527       34.1599998    
   10.6496191       34.2999992    
   10.6662855       34.4399986    
   10.6829519       34.5800018    
   10.6996183       34.7099991    
   10.7162848       34.8499985    
   10.7329512       34.9799995    
   10.7496176       35.1199989    
   10.7662840       35.2500000    
   10.7829504       35.3800011    
   10.7996168       35.5099983    
   10.8162832       35.6399994    
   10.8329496       35.7700005    
   10.8496161       35.8899994    
   10.8662825       36.0200005    
   10.8829489       36.1399994    
   10.8996153       36.2700005    
   10.9162817       36.3899994    
   10.9329481       36.5099983    
   10.9496145       36.6300011    
   10.9662809       36.7500000    
   10.9829473       36.8699989    
   10.9996138       36.9900017    
   11.0162802       37.0999985    
   11.0329466       37.2200012    
   11.0496130       37.3300018    
   11.0662794       37.4399986    
   11.0829458       37.5499992    
   11.0996122       37.6599998    
   11.1162786       37.7700005    
   11.1329451       37.8800011    
   11.1496115       37.9900017    
   11.1662779       38.0900002    
   11.1829443       38.2000008    
   11.1996107       38.2999992    
   11.2162771       38.4000015    
   11.2329435       38.5099983    
   11.2496099       38.6100006    
   11.2662764       38.7000008    
   11.2829428       38.7999992    
   11.2996092       38.9000015    
   11.3162756       38.9900017    
   11.3329420       39.0900002    
   11.3496084       39.1800003    
   11.3662748       39.2700005    
   11.3829412       39.3600006    
   11.3996077       39.4500008    
   11.4162741       39.5400009    
   11.4329405       39.6199989    
   11.4496069       39.7099991    
   11.4662733       39.7900009    
   11.4829397       39.8800011    
   11.4996061       39.9599991    
   11.5162725       40.0400009    
   11.5329390       40.1199989    
   11.5496054       40.2000008    
   11.5662718       40.2700005    
   11.5829382       40.3499985    
   11.5996046       40.4199982    
   11.6162710       40.5000000    
   11.6329374       40.5699997    
   11.6496038       40.6399994    
   11.6662703       40.7099991    
   11.6829367       40.7799988    
   11.6996031       40.8400002    
   11.7162695       40.9099998    
   11.7329359       40.9700012    
   11.7496023       41.0400009    
   11.7662687       41.0999985    
   11.7829351       41.1599998    
   11.7996016       41.2200012    
   11.8162680       41.2700005    
   11.8329344       41.3300018    
   11.8496008       41.3899994    
   11.8662672       41.4399986    
   11.8829336       41.4900017    
   11.8996000       41.5400009    
   11.9162664       41.5900002    
   11.9329329       41.6399994    
   11.9495993       41.6899986    
   11.9662657       41.7400017    
   11.9829321       41.7799988    
   11.9995985       41.8300018    
   12.0162649       41.8699989    
   12.0329313       41.9099998    
   12.0495977       41.9500008    
   12.0662642       41.9900017    
   12.0829306       42.0200005    
   12.0995970       42.0600014    
   12.1162634       42.0900002    
   12.1329298       42.1300011    
   12.1495962       42.1599998    
   12.1662626       42.1899986    
   12.1829290       42.2200012    
   12.1995955       42.2500000    
   12.2162619       42.2700005    
   12.2329283       42.2999992    
   12.2495947       42.3199997    
   12.2662611       42.3400002    
   12.2829275       42.3699989    
   12.2995939       42.3899994    
   12.3162603       42.4000015    
   12.3329268       42.4199982    
   12.3495932       42.4399986    
   12.3662596       42.4500008    
   12.3829260       42.4700012    
   12.3995924       42.4799995    
   12.4162588       42.4900017    
   12.4329252       42.5000000    
   12.4495916       42.5099983    
   12.4662580       42.5099983    
   12.4829245       42.5200005    
   12.4995909       42.5200005    
   12.5162573       42.5200005    
   12.5329237       42.5299988    
   12.5495901       42.5299988    
   12.5662565       42.5200005    
   12.5829229       42.5200005    
   12.5995893       42.5200005    
   12.6162558       42.5099983    
   12.6329222       42.5099983    
   12.6495886       42.5000000    
   12.6662550       42.4900017    
   12.6829214       42.4799995    
   12.6995878       42.4700012    
   12.7162542       42.4500008    
   12.7329206       42.4399986    
   12.7495871       42.4199982    
   12.7662535       42.4099998    
   12.7829199       42.3899994    
   12.7995863       42.3699989    
   12.8162527       42.3499985    
   12.8329191       42.3199997    
   12.8495855       42.2999992    
   12.8662519       42.2700005    
   12.8829184       42.2500000    
   12.8995848       42.2200012    
   12.9162512       42.1899986    
   12.9329176       42.1599998    
   12.9495840       42.1300011    
   12.9662504       42.0900002    
   12.9829168       42.0600014    
   12.9995832       42.0200005    
   13.0162497       41.9900017    
   13.0329161       41.9500008    
   13.0495825       41.9099998    
   13.0662489       41.8699989    
   13.0829153       41.8300018    
   13.0995817       41.7799988    
   13.1162481       41.7400017    
   13.1329145       41.6899986    
   13.1495810       41.6399994    
   13.1662474       41.5999985    
   13.1829138       41.5499992    
   13.1995802       41.4900017    
   13.2162466       41.4399986    
   13.2329130       41.3899994    
   13.2495794       41.3300018    
   13.2662458       41.2799988    
   13.2829123       41.2200012    
   13.2995787       41.1599998    
   13.3162451       41.0999985    
   13.3329115       41.0400009    
   13.3495779       40.9700012    
   13.3662443       40.9099998    
   13.3829107       40.8400002    
   13.3995771       40.7799988    
   13.4162436       40.7099991    
   13.4329100       40.6399994    
   13.4495764       40.5699997    
   13.4662428       40.5000000    
   13.4829092       40.4199982    
   13.4995756       40.3499985    
   13.5162420       40.2700005    
   13.5329084       40.2000008    
   13.5495749       40.1199989    
   13.5662413       40.0400009    
   13.5829077       39.9599991    
   13.5995741       39.8800011    
   13.6162405       39.7999992    
   13.6329069       39.7099991    
   13.6495733       39.6300011    
   13.6662397       39.5400009    
   13.6829062       39.4500008    
   13.6995726       39.3600006    
   13.7162390       39.2700005    
   13.7329054       39.1800003    
   13.7495718       39.0900002    
   13.7662382       38.9900017    
   13.7829046       38.9000015    
   13.7995710       38.7999992    
   13.8162374       38.7000008    
   13.8329039       38.6100006    
   13.8495703       38.5099983    
   13.8662367       38.4000015    
   13.8829031       38.2999992    
   13.8995695       38.2000008    
   13.9162359       38.0999985    
   13.9329023       37.9900017    
   13.9495687       37.8800011    
   13.9662352       37.7700005    
   13.9829016       37.6699982    
   13.9995680       37.5600014    
   14.0162344       37.4399986    
   14.0329008       37.3300018    
   14.0495672       37.2200012    
   14.0662336       37.0999985    
   14.0829000       36.9900017    
   14.0995665       36.8699989    
   14.1162329       36.7500000    
   14.1328993       36.6300011    
   14.1495657       36.5099983    
   14.1662321       36.3899994    
   14.1828985       36.2700005    
   14.1995649       36.1399994    
   14.2162313       36.0200005    
   14.2328978       35.8899994    
   14.2495642       35.7700005    
   14.2662306       35.6399994    
   14.2828970       35.5099983    
   14.2995634       35.3800011    
   14.3162298       35.2500000    
   14.3328962       35.1199989    
   14.3495626       34.9799995    
   14.3662291       34.8499985    
   14.3828955       34.7099991    
   14.3995619       34.5800018    
   14.4162283       34.4399986    
   14.4328947       34.2999992    
   14.4495611       34.1599998    
   14.4662275       34.0200005    
   14.4828939       33.8800011    
   14.4995604       33.7400017    
   14.5162268       33.5999985    
   14.5328932       33.4500008    
   14.5495596       33.3100014    
   14.5662260       33.1599998    
   14.5828924       33.0099983    
   14.5995588       32.8699989    
   14.6162252       32.7200012    
   14.6328917       32.5699997    
   14.6495581       32.4199982    
   14.6662245       32.2599983    
   14.6828909       32.1100006    
   14.6995573       31.9599991    
   14.7162237       31.7999992    
   14.7328901       31.6499996    
   14.7495565       31.4899998    
   14.7662230       31.3400002    
   14.7828894       31.1800003    
   14.7995558       31.0200005    
   14.8162222       30.8600006    
   14.8328886       30.7000008    
   14.8495550       30.5400009    
   14.8662214       30.3799992    
   14.8828878       30.2099991    
   14.8995543       30.0499992    
   14.9162207       29.8899994    
   14.9328871       29.7199993    
   14.9495535       29.5499992    
   14.9662199       29.3899994    
   14.9828863       29.2199993    
   14.9995527       29.0499992    
   15.0162191       28.8799992    
   15.0328856       28.7099991    
   15.0495520       28.5400009    
   15.0662184       28.3700008    
   15.0828848       28.2000008    
   15.0995512       28.0300007    
   15.1162176       27.8500004    
   15.1328840       27.6800003    
   15.1495504       27.5000000    
   15.1662169       27.3299999    
   15.1828833       27.1499996    
   15.1995497       26.9799995    
   15.2162161       26.7999992    
   15.2328825       26.6200008    
   15.2495489       26.4400005    
   15.2662153       26.2600002    
   15.2828817       26.0799999    
   15.2995481       25.8999996    
   15.3162146       25.7199993    
   15.3328810       25.5400009    
   15.3495474       25.3600006    
   15.3662138       25.1800003    
   15.3828802       25.0000000    
   15.3995466       24.8099995    
   15.4162130       24.6299992    
   15.4328794       24.4400005    
   15.4495459       24.2600002    
   15.4662123       24.0699997    
   15.4828787       23.8899994    
   15.4995451       23.7000008    
   15.5162115       23.5100002    
   15.5328779       23.3299999    
   15.5495443       23.1399994    
   15.5662107       22.9500008    
   15.5828772       22.7600002    
   15.5995436       22.5799999    
   15.6162100       22.3899994    
   15.6328764       22.2000008    
   15.6495428       22.0100002    
   15.6662092       21.8199997    
   15.6828756       21.6299992    
   15.6995420       21.4400005    
   15.7162085       21.2500000    
   15.7328749       21.0599995    
   15.7495413       20.8600006    
   15.7662077       20.6700001    
   15.7828741       20.4799995    
   15.7995405       20.2900009    
   15.8162069       20.1000004    
   15.8328733       19.8999996    
   15.8495398       19.7099991    
   15.8662062       19.5200005    
   15.8828726       19.3299999    
   15.8995390       19.1299992    
   15.9162054       18.9400005    
   15.9328718       18.7500000    
   15.9495382       18.5599995    
   15.9662046       18.3600006    
   15.9828711       18.1700001    
   15.9995375       17.9799995    
   16.0162029       17.7800007    
   16.0328693       17.5900002    
   16.0495358       17.3999996    
   16.0662022       17.2000008    
   16.0828686       17.0100002    
   16.0995350       16.8199997    
   16.1162014       16.6299992    
   16.1328678       16.4300003    
   16.1495342       16.2399998    
   16.1662006       16.0499992    
   16.1828671       15.8599997    
   16.1995335       15.6700001    
   16.2161999       15.4700003    
   16.2328663       15.2799997    
   16.2495327       15.0900002    
   16.2661991       14.8999996    
   16.2828655       14.7100000    
   16.2995319       14.5200005    
   16.3161983       14.3299999    
   16.3328648       14.1400003    
   16.3495312       13.9499998    
   16.3661976       13.7600002    
   16.3828640       13.5799999    
   16.3995304       13.3900003    
   16.4161968       13.1999998    
   16.4328632       13.0100002    
   16.4495296       12.8299999    
   16.4661961       12.6400003    
   16.4828625       12.4600000    
   16.4995289       12.2700005    
   16.5161953       12.0900002    
   16.5328617       11.9099998    
   16.5495281       11.7200003    
   16.5661945       11.5400000    
   16.5828609       11.3599997    
   16.5995274       11.1800003    
   16.6161938       11.0000000    
   16.6328602       10.8199997    
   16.6495266       10.6400003    
   16.6661930       10.4600000    
   16.6828594       10.2900000    
   16.6995258       10.1099997    
   16.7161922       9.93599987    
   16.7328587       9.76200008    
   16.7495251       9.58899975    
   16.7661915       9.41600037    
   16.7828579       9.24499989    
   16.7995243       9.07400036    
   16.8161907       8.90499973    
   16.8328571       8.73700047    
   16.8495235       8.56900024    
   16.8661900       8.40299988    
   16.8828564       8.23799992    
   16.8995228       8.07400036    
   16.9161892       7.91099977    
   16.9328556       7.74900007    
   16.9495220       7.58900023    
   16.9661884       7.42899990    
   16.9828548       7.27099991    
   16.9995213       7.11399984    
   17.0161877       6.95900011    
   17.0328541       6.80399990    
   17.0495205       6.65100002    
   17.0661869       6.49900007    
   17.0828533       6.34800005    
   17.0995197       6.19899988    
   17.1161861       6.05200005    
   17.1328526       5.90500021    
   17.1495190       5.76000023    
   17.1661854       5.61600018    
   17.1828518       5.47399998    
   17.1995182       5.33300018    
   17.2161846       5.19399977    
   17.2328510       5.05600023    
   17.2495174       4.91900015    
   17.2661839       4.78399992    
   17.2828503       4.65100002    
   17.2995167       4.51900005    
   17.3161831       4.38800001    
   17.3328495       4.25899982    
   17.3495159       4.13100004    
   17.3661823       4.00500011    
   17.3828487       3.88000011    
   17.3995152       3.75699997    
   17.4161816       3.63499999    
   17.4328480       3.51500010    
   17.4495144       3.39599991    
   17.4661808       3.27900004    
   17.4828472       3.16300011    
   17.4995136       3.04900002    
   17.5161800       2.93600011    
   17.5328465       2.82500005    
   17.5495129       2.71499991    
   17.5661793       2.60700011    
   17.5828457       2.50000000    
   17.5995121       2.39499998    
   17.6161785       2.29200006    
   17.6328449       2.19000006    
   17.6495113       2.08899999    
   17.6661777       1.99000001    
   17.6828442       1.89300001    
   17.6995106       1.79799998    
   17.7161770       1.70400000    
   17.7328434       1.61199999    
   17.7495098       1.52199996    
   17.7661762       1.43299997    
   17.7828426       1.34700000    
   17.7995090       1.26300001    
   17.8161755       1.17999995    
   17.8328419       1.10000002    
   17.8495083       1.02199996    
   17.8661747      0.947099984    
   17.8828411      0.874300003    
   17.8995075      0.804099977    
   17.9161739      0.736899972    
   17.9328403      0.672800004    
   17.9495068      0.612299979    
   17.9661732      0.552299976    
   17.9828396      0.485700011    
   17.9995060      0.430000007    
   18.0161724      0.383599997    
   18.0328388      0.344700009    
   18.0495052      0.296200007    
   18.0661716      0.261900008    
   18.0828381      0.222700000    
   18.0995045      0.191599995    
   18.1161709      0.165399998    
   18.1328373      0.138400003    
   18.1495037      0.115400001    
   18.1661701       9.58499983E-02
   18.1828365       7.77399987E-02
   18.1995029       6.28900006E-02
   18.2161694       5.13000004E-02
   18.2328358       4.08100002E-02
   18.2495022       3.28399986E-02
   18.2661686       2.57699993E-02
   18.2828350       2.02900004E-02
   18.2995014       1.60300005E-02
   18.3161678       1.25000002E-02
   18.3328342       9.60399956E-03
   18.3495007       7.24499999E-03
   18.3661671       5.46499994E-03
   18.3828335       4.10400005E-03
   18.3994999       2.98899994E-03
   18.4161663       2.16499995E-03
   18.4328327       1.51500001E-03
   18.4494991       1.04999996E-03
   18.4661655       7.08799984E-04
   18.4828320       4.55100002E-04
   18.4994984       2.76100007E-04
   18.5161648       1.50000007E-04
   18.5328312       6.18900012E-05
   18.5494976       1.73000008E-05
   18.5661640       1.69199996E-06
   18.5828304       4.10299990E-08
   18.5994968       5.46399981E-10
   18.6161633       1.59999997E-12
   18.6328297       4.55500014E-16
   18.6494961       0.00000000    
   18.6661625       0.00000000    
   18.6828289       0.00000000    
   18.6994953       0.00000000    
   18.7161617       0.00000000    
   18.7328281       0.00000000    
   18.7494946       0.00000000    
   18.7661610       0.00000000    
   18.7828274       0.00000000    
   18.7994938       0.00000000    
   18.8161602       0.00000000    
   18.8328266       0.00000000    
   18.8494930       0.00000000    
   18.8661594       0.00000000    
   18.8828259       0.00000000    
   18.8994923       0.00000000    
   18.9161587       0.00000000    
   18.9328251       0.00000000    
   18.9494915       0.00000000    
   18.9661579       0.00000000    
   18.9828243       0.00000000    
   18.9994907       0.00000000    
   19.0161572       0.00000000    
   19.0328236       0.00000000    
   19.0494900       0.00000000    
   19.0661564       0.00000000    
   19.0828228       0.00000000    
   19.0994892       0.00000000    
   19.1161556       0.00000000    
   19.1328220       0.00000000    
   19.1494884       0.00000000    
   19.1661549       0.00000000    
   19.1828213       0.00000000    
   19.1994877       0.00000000    
   19.2161541       0.00000000    
   19.2328205       0.00000000    
   19.2494869       0.00000000    
   19.2661533       0.00000000    
   19.2828197       0.00000000    
   19.2994862       0.00000000    
   19.3161526       0.00000000    
   19.3328190       0.00000000    
   19.3494854       0.00000000    
   19.3661518       0.00000000    
   19.3828182       0.00000000    
   19.3994846       0.00000000    
   19.4161510       0.00000000    
   19.4328175       0.00000000    
   19.4494839       0.00000000    
   19.4661503       0.00000000    
   19.4828167       0.00000000    
   19.4994831       0.00000000    
   19.5161495       0.00000000    
   19.5328159       0.00000000    
   19.5494823       0.00000000    
   19.5661488       0.00000000    
   19.5828152       0.00000000    
   19.5994816       0.00000000    
   19.6161480       0.00000000    
   19.6328144       0.00000000    
   19.6494808       0.00000000    
   19.6661472       0.00000000    
   19.6828136       0.00000000    
   19.6994801       0.00000000    
   19.7161465       0.00000000    
   19.7328129       0.00000000    
   19.7494793       0.00000000    
   19.7661457       0.00000000    
   19.7828121       0.00000000    
   19.7994785       0.00000000    
   19.8161449       0.00000000    
   19.8328114       0.00000000    
   19.8494778       0.00000000    
   19.8661442       0.00000000    
   19.8828106       0.00000000    
   19.8994770       0.00000000    
   19.9161434       0.00000000    
   19.9328098       0.00000000    
   19.9494762       0.00000000    
   19.9661427       0.00000000    
   19.9828091       0.00000000    
   19.9994755       0.00000000    
   20.0161419       0.00000000    
   20.0328083       0.00000000    
   20.0494747       0.00000000    
   20.0661411       0.00000000    
   20.0828075       0.00000000    
   20.0994740       0.00000000    
   20.1161404       0.00000000    
   20.1328068       0.00000000    
   20.1494732       0.00000000    
   20.1661396       0.00000000    
   20.1828060       0.00000000    
   20.1994724       0.00000000    
   20.2161388       0.00000000    
   20.2328053       0.00000000    
   20.2494717       0.00000000    
   20.2661381       0.00000000    
   20.2828045       0.00000000    
   20.2994709       0.00000000    
   20.3161373       0.00000000    
   20.3328037       0.00000000    
   20.3494701       0.00000000    
   20.3661366       0.00000000    
   20.3828030       0.00000000    
   20.3994694       0.00000000    
   20.4161358       0.00000000    
   20.4328022       0.00000000    
   20.4494686       0.00000000    
   20.4661350       0.00000000    
   20.4828014       0.00000000    
   20.4994678       0.00000000    
   20.5161343       0.00000000    
   20.5328007       0.00000000    
   20.5494671       0.00000000    
   20.5661335       0.00000000    
   20.5827999       0.00000000    
   20.5994663       0.00000000    
   20.6161327       0.00000000    
   20.6327991       0.00000000    
   20.6494656       0.00000000    
   20.6661320       0.00000000    
   20.6827984       0.00000000    
   20.6994648       0.00000000    
   20.7161312       0.00000000    
   20.7327976       0.00000000    
   20.7494640       0.00000000    
   20.7661304       0.00000000    
   20.7827969       0.00000000    
   20.7994633       0.00000000    
   20.8161297       0.00000000    
   20.8327961       0.00000000    
   20.8494625       0.00000000    
   20.8661289       0.00000000    
   20.8827953       0.00000000    
   20.8994617       0.00000000    
   20.9161282       0.00000000    
   20.9327946       0.00000000    
   20.9494610       0.00000000    
   20.9661274       0.00000000    
   20.9827938       0.00000000    
   20.9994602       0.00000000    
   21.0161266       0.00000000    
   21.0327930       0.00000000    
   21.0494595       0.00000000    
   21.0661259       0.00000000    
   21.0827923       0.00000000    
   21.0994587       0.00000000    
   21.1161251       0.00000000    
   21.1327915       0.00000000    
   21.1494579       0.00000000    
   21.1661243       0.00000000    
   21.1827908       0.00000000    
   21.1994572       0.00000000    
   21.2161236       0.00000000    
   21.2327900       0.00000000    
   21.2494564       0.00000000    
   21.2661228       0.00000000    
   21.2827892       0.00000000    
   21.2994556       0.00000000    
   21.3161221       0.00000000    
   21.3327885       0.00000000    
   21.3494549       0.00000000    
   21.3661213       0.00000000    
   21.3827877       0.00000000    
   21.3994541       0.00000000    
   21.4161205       0.00000000    
   21.4327869       0.00000000    
   21.4494534       0.00000000    
   21.4661198       0.00000000    
   21.4827862       0.00000000    
   21.4994526       0.00000000    
   21.5161190       0.00000000    
   21.5327854       0.00000000    
   21.5494518       0.00000000    
   21.5661182       0.00000000    
   21.5827847       0.00000000    
   21.5994511       0.00000000    
   21.6161175       0.00000000    
   21.6327839       0.00000000    
   21.6494503       0.00000000    
   21.6661167       0.00000000    
   21.6827831       0.00000000    
   21.6994495       0.00000000    
   21.7161160       0.00000000    
   21.7327824       0.00000000    
   21.7494488       0.00000000    
   21.7661152       0.00000000    
   21.7827816       0.00000000    
   21.7994480       0.00000000    
   21.8161144       0.00000000    
   21.8327808       0.00000000    
   21.8494473       0.00000000    
   21.8661137       0.00000000    
   21.8827801       0.00000000    
   21.8994465       0.00000000    
   21.9161129       0.00000000    
   21.9327793       0.00000000    
   21.9494457       0.00000000    
   21.9661121       0.00000000    
   21.9827785       0.00000000    
   21.9994450       0.00000000    
   22.0161114       0.00000000    
   22.0327778       0.00000000    
   22.0494442       0.00000000    
   22.0661106       0.00000000    
   22.0827770       0.00000000    
   22.0994434       0.00000000    
   22.1161098       0.00000000    
   22.1327763       0.00000000    
   22.1494427       0.00000000    
   22.1661091       0.00000000    
   22.1827755       0.00000000    
   22.1994419       0.00000000    
   22.2161083       0.00000000    
   22.2327747       0.00000000    
   22.2494411       0.00000000    
   22.2661076       0.00000000    
   22.2827740       0.00000000    
   22.2994404       0.00000000    
   22.3161068       0.00000000    
   22.3327732       0.00000000    
   22.3494396       0.00000000    
   22.3661060       0.00000000    
   22.3827724       0.00000000    
   22.3994389       0.00000000    
   22.4161053       0.00000000    
   22.4327717       0.00000000    
   22.4494381       0.00000000    
   22.4661045       0.00000000    
   22.4827709       0.00000000    
   22.4994373       0.00000000    
   22.5161037       0.00000000    
   22.5327702       0.00000000    
   22.5494366       0.00000000    
   22.5661030       0.00000000    
   22.5827694       0.00000000    
   22.5994358       0.00000000    
   22.6161022       0.00000000    
   22.6327686       0.00000000    
   22.6494350       0.00000000    
   22.6661015       0.00000000    
   22.6827679       0.00000000    
   22.6994343       0.00000000    
   22.7161007       0.00000000    
   22.7327671       0.00000000    
   22.7494335       0.00000000    
   22.7660999       0.00000000    
   22.7827663       0.00000000    
   22.7994328       0.00000000    
   22.8160992       0.00000000    
   22.8327656       0.00000000    
   22.8494320       0.00000000    
   22.8660984       0.00000000    
   22.8827648       0.00000000    
   22.8994312       0.00000000    
   22.9160976       0.00000000    
   22.9327641       0.00000000    
   22.9494305       0.00000000    
   22.9660969       0.00000000    
   22.9827633       0.00000000    
   22.9994297       0.00000000    
   23.0160961       0.00000000    
   23.0327625       0.00000000    
   23.0494289       0.00000000    
   23.0660954       0.00000000    
   23.0827618       0.00000000    
   23.0994282       0.00000000    
   23.1160946       0.00000000    
   23.1327610       0.00000000    
   23.1494274       0.00000000    
   23.1660938       0.00000000    
   23.1827602       0.00000000    
   23.1994267       0.00000000    
   23.2160931       0.00000000    
   23.2327595       0.00000000    
   23.2494259       0.00000000    
   23.2660923       0.00000000    
   23.2827587       0.00000000    
   23.2994251       0.00000000    
   23.3160915       0.00000000    
   23.3327579       0.00000000    
   23.3494244       0.00000000    
   23.3660908       0.00000000    
   23.3827572       0.00000000    
   23.3994236       0.00000000    
   23.4160900       0.00000000    
   23.4327564       0.00000000    
   23.4494228       0.00000000    
   23.4660892       0.00000000    
   23.4827557       0.00000000    
   23.4994221       0.00000000    
   23.5160885       0.00000000    
   23.5327549       0.00000000    
   23.5494213       0.00000000    
   23.5660877       0.00000000    
   23.5827541       0.00000000    
   23.5994205       0.00000000    
   23.6160870       0.00000000    
   23.6327534       0.00000000    
   23.6494198       0.00000000    
   23.6660862       0.00000000    
   23.6827526       0.00000000    
   23.6994190       0.00000000    
   23.7160854       0.00000000    
   23.7327518       0.00000000    
   23.7494183       0.00000000    
   23.7660847       0.00000000    
   23.7827511       0.00000000    
   23.7994175       0.00000000    
   23.8160839       0.00000000    
   23.8327503       0.00000000    
   23.8494167       0.00000000    
   23.8660831       0.00000000    
   23.8827496       0.00000000    
   23.8994160       0.00000000    
   23.9160824       0.00000000    
   23.9327488       0.00000000    
   23.9494152       0.00000000    
   23.9660816       0.00000000    
   23.9827480       0.00000000    
