   0.00000000       0.00000000    
   1.66660007E-02   0.00000000    
   3.33320014E-02   0.00000000    
   4.99980003E-02   0.00000000    
   6.66640028E-02   0.00000000    
   8.33300054E-02   0.00000000    
   9.99960080E-02   0.00000000    
  0.116662011       0.00000000    
  0.133328006       0.00000000    
  0.149994001       0.00000000    
  0.166659996       0.00000000    
  0.183325991       0.00000000    
  0.199991986       0.00000000    
  0.216657981       0.00000000    
  0.233323976       0.00000000    
  0.249989972       0.00000000    
  0.266655982       0.00000000    
  0.283321977       0.00000000    
  0.299987972       0.00000000    
  0.316653967       0.00000000    
  0.333319962       0.00000000    
  0.349985957       0.00000000    
  0.366651952       0.00000000    
  0.383317947       0.00000000    
  0.399983943       0.00000000    
  0.416649938       0.00000000    
  0.433315933       0.00000000    
  0.449981928       0.00000000    
  0.466647923       0.00000000    
  0.483313918       0.00000000    
  0.499979913       0.00000000    
  0.516645908       0.00000000    
  0.533311903       0.00000000    
  0.549977899       0.00000000    
  0.566643894       0.00000000    
  0.583309889       0.00000000    
  0.599975884       0.00000000    
  0.616641879       0.00000000    
  0.633307874       0.00000000    
  0.649973869       0.00000000    
  0.666639864       0.00000000    
  0.683305860       0.00000000    
  0.699971855       0.00000000    
  0.716637850       0.00000000    
  0.733303845       0.00000000    
  0.749969840       0.00000000    
  0.766635835       0.00000000    
  0.783301830       0.00000000    
  0.799967825       0.00000000    
  0.816633821       0.00000000    
  0.833299816       0.00000000    
  0.849965811       0.00000000    
  0.866631806       0.00000000    
  0.883297801       0.00000000    
  0.899963796       0.00000000    
  0.916629791       0.00000000    
  0.933295786       0.00000000    
  0.949961782       0.00000000    
  0.966627777       0.00000000    
  0.983293772       0.00000000    
  0.999959767       0.00000000    
   1.01662576       0.00000000    
   1.03329182       0.00000000    
   1.04995787       0.00000000    
   1.06662393       0.00000000    
   1.08328998       0.00000000    
   1.09995604       0.00000000    
   1.11662209       0.00000000    
   1.13328815       0.00000000    
   1.14995420       0.00000000    
   1.16662025       0.00000000    
   1.18328631       0.00000000    
   1.19995236       0.00000000    
   1.21661842       0.00000000    
   1.23328447       0.00000000    
   1.24995053       0.00000000    
   1.26661658       0.00000000    
   1.28328264       0.00000000    
   1.29994869       0.00000000    
   1.31661475       0.00000000    
   1.33328080       0.00000000    
   1.34994686       0.00000000    
   1.36661291       0.00000000    
   1.38327897       0.00000000    
   1.39994502       0.00000000    
   1.41661108       0.00000000    
   1.43327713       0.00000000    
   1.44994318       0.00000000    
   1.46660924       0.00000000    
   1.48327529       0.00000000    
   1.49994135       0.00000000    
   1.51660740       0.00000000    
   1.53327346       0.00000000    
   1.54993951       0.00000000    
   1.56660557       0.00000000    
   1.58327162       0.00000000    
   1.59993768       0.00000000    
   1.61660373       0.00000000    
   1.63326979       0.00000000    
   1.64993584       0.00000000    
   1.66660190       0.00000000    
   1.68326795       0.00000000    
   1.69993401       0.00000000    
   1.71660006       0.00000000    
   1.73326612       0.00000000    
   1.74993217       0.00000000    
   1.76659822       0.00000000    
   1.78326428       0.00000000    
   1.79993033       0.00000000    
   1.81659639       0.00000000    
   1.83326244       0.00000000    
   1.84992850       0.00000000    
   1.86659455       0.00000000    
   1.88326061       0.00000000    
   1.89992666       0.00000000    
   1.91659272       0.00000000    
   1.93325877       0.00000000    
   1.94992483       0.00000000    
   1.96659088       0.00000000    
   1.98325694       0.00000000    
   1.99992299       0.00000000    
   2.01658893       0.00000000    
   2.03325486       0.00000000    
   2.04992080       0.00000000    
   2.06658673       0.00000000    
   2.08325267       0.00000000    
   2.09991860       0.00000000    
   2.11658454       0.00000000    
   2.13325047       0.00000000    
   2.14991641       0.00000000    
   2.16658235       0.00000000    
   2.18324828       0.00000000    
   2.19991422       0.00000000    
   2.21658015       0.00000000    
   2.23324609       0.00000000    
   2.24991202       0.00000000    
   2.26657796       0.00000000    
   2.28324389       0.00000000    
   2.29990983       0.00000000    
   2.31657577       0.00000000    
   2.33324170       0.00000000    
   2.34990764       0.00000000    
   2.36657357       0.00000000    
   2.38323951       0.00000000    
   2.39990544       0.00000000    
   2.41657138       0.00000000    
   2.43323731       0.00000000    
   2.44990325       0.00000000    
   2.46656919       0.00000000    
   2.48323512       0.00000000    
   2.49990106       0.00000000    
   2.51656699       0.00000000    
   2.53323293       0.00000000    
   2.54989886       0.00000000    
   2.56656480       0.00000000    
   2.58323073       0.00000000    
   2.59989667       0.00000000    
   2.61656260       0.00000000    
   2.63322854       0.00000000    
   2.64989448       0.00000000    
   2.66656041       0.00000000    
   2.68322635       0.00000000    
   2.69989228       0.00000000    
   2.71655822       0.00000000    
   2.73322415       0.00000000    
   2.74989009       0.00000000    
   2.76655602       0.00000000    
   2.78322196       0.00000000    
   2.79988790       0.00000000    
   2.81655383       0.00000000    
   2.83321977       0.00000000    
   2.84988570       0.00000000    
   2.86655164       0.00000000    
   2.88321757       0.00000000    
   2.89988351       0.00000000    
   2.91654944       0.00000000    
   2.93321538       0.00000000    
   2.94988132       0.00000000    
   2.96654725       0.00000000    
   2.98321319       0.00000000    
   2.99987912       0.00000000    
   3.01654506       0.00000000    
   3.03321099       0.00000000    
   3.04987693       0.00000000    
   3.06654286       0.00000000    
   3.08320880       0.00000000    
   3.09987473       0.00000000    
   3.11654067       0.00000000    
   3.13320661       0.00000000    
   3.14987254       0.00000000    
   3.16653848       0.00000000    
   3.18320441       0.00000000    
   3.19987035       0.00000000    
   3.21653628       0.00000000    
   3.23320222       0.00000000    
   3.24986815       0.00000000    
   3.26653409       0.00000000    
   3.28320003       0.00000000    
   3.29986596       0.00000000    
   3.31653190       0.00000000    
   3.33319783       0.00000000    
   3.34986377       0.00000000    
   3.36652970       0.00000000    
   3.38319564       0.00000000    
   3.39986157       0.00000000    
   3.41652751       0.00000000    
   3.43319345       0.00000000    
   3.44985938       0.00000000    
   3.46652532       0.00000000    
   3.48319125       0.00000000    
   3.49985719       0.00000000    
   3.51652312       0.00000000    
   3.53318906       0.00000000    
   3.54985499       0.00000000    
   3.56652093       0.00000000    
   3.58318686       0.00000000    
   3.59985280       0.00000000    
   3.61651874       0.00000000    
   3.63318467       0.00000000    
   3.64985061       0.00000000    
   3.66651654       0.00000000    
   3.68318248       0.00000000    
   3.69984841       0.00000000    
   3.71651435       0.00000000    
   3.73318028       0.00000000    
   3.74984622       0.00000000    
   3.76651216       0.00000000    
   3.78317809       0.00000000    
   3.79984403       0.00000000    
   3.81650996       0.00000000    
   3.83317590       0.00000000    
   3.84984183       0.00000000    
   3.86650777       0.00000000    
   3.88317370       0.00000000    
   3.89983964       0.00000000    
   3.91650558       0.00000000    
   3.93317151       0.00000000    
   3.94983745       0.00000000    
   3.96650338       0.00000000    
   3.98316932       0.00000000    
   3.99983525       0.00000000    
   4.01650143       0.00000000    
   4.03316736       0.00000000    
   4.04983330       0.00000000    
   4.06649923       0.00000000    
   4.08316517       0.00000000    
   4.09983110       0.00000000    
   4.11649704       0.00000000    
   4.13316298       0.00000000    
   4.14982891       0.00000000    
   4.16649485       0.00000000    
   4.18316078       0.00000000    
   4.19982672       0.00000000    
   4.21649265       0.00000000    
   4.23315859       0.00000000    
   4.24982452       0.00000000    
   4.26649046       0.00000000    
   4.28315639       0.00000000    
   4.29982233       0.00000000    
   4.31648827       0.00000000    
   4.33315420       0.00000000    
   4.34982014       0.00000000    
   4.36648607       0.00000000    
   4.38315201       0.00000000    
   4.39981794       0.00000000    
   4.41648388       0.00000000    
   4.43314981       0.00000000    
   4.44981575       0.00000000    
   4.46648169       0.00000000    
   4.48314762       0.00000000    
   4.49981356       0.00000000    
   4.51647949       0.00000000    
   4.53314543       0.00000000    
   4.54981136       0.00000000    
   4.56647730       0.00000000    
   4.58314323       0.00000000    
   4.59980917       0.00000000    
   4.61647511       0.00000000    
   4.63314104       0.00000000    
   4.64980698       0.00000000    
   4.66647291       0.00000000    
   4.68313885       0.00000000    
   4.69980478       0.00000000    
   4.71647072       0.00000000    
   4.73313665       0.00000000    
   4.74980259       0.00000000    
   4.76646852       0.00000000    
   4.78313446       0.00000000    
   4.79980040       0.00000000    
   4.81646633       0.00000000    
   4.83313227       0.00000000    
   4.84979820       0.00000000    
   4.86646414       0.00000000    
   4.88313007       0.00000000    
   4.89979601       0.00000000    
   4.91646194       0.00000000    
   4.93312788       0.00000000    
   4.94979382       0.00000000    
   4.96645975       0.00000000    
   4.98312569       0.00000000    
   4.99979162       0.00000000    
   5.01645756       0.00000000    
   5.03312349       0.00000000    
   5.04978943       0.00000000    
   5.06645536       0.00000000    
   5.08312130       0.00000000    
   5.09978724       0.00000000    
   5.11645317       0.00000000    
   5.13311911       0.00000000    
   5.14978504       0.00000000    
   5.16645098       0.00000000    
   5.18311691       0.00000000    
   5.19978285       0.00000000    
   5.21644878       0.00000000    
   5.23311472       0.00000000    
   5.24978065       0.00000000    
   5.26644659       0.00000000    
   5.28311253       0.00000000    
   5.29977846       0.00000000    
   5.31644440       0.00000000    
   5.33311033       0.00000000    
   5.34977627       0.00000000    
   5.36644220       0.00000000    
   5.38310814       0.00000000    
   5.39977407       0.00000000    
   5.41644001       0.00000000    
   5.43310595       0.00000000    
   5.44977188       0.00000000    
   5.46643782       0.00000000    
   5.48310375       0.00000000    
   5.49976969       0.00000000    
   5.51643562       0.00000000    
   5.53310156       0.00000000    
   5.54976749       0.00000000    
   5.56643343       0.00000000    
   5.58309937       0.00000000    
   5.59976530       0.00000000    
   5.61643124       0.00000000    
   5.63309717       0.00000000    
   5.64976311       0.00000000    
   5.66642904       0.00000000    
   5.68309498       0.00000000    
   5.69976091       0.00000000    
   5.71642685       0.00000000    
   5.73309278       0.00000000    
   5.74975872       0.00000000    
   5.76642466       0.00000000    
   5.78309059       0.00000000    
   5.79975653       0.00000000    
   5.81642246       0.00000000    
   5.83308840       0.00000000    
   5.84975433       0.00000000    
   5.86642027       0.00000000    
   5.88308620       0.00000000    
   5.89975214       0.00000000    
   5.91641808       0.00000000    
   5.93308401       0.00000000    
   5.94974995       0.00000000    
   5.96641588       0.00000000    
   5.98308182       0.00000000    
   5.99974775       0.00000000    
   6.01641369       0.00000000    
   6.03307962       0.00000000    
   6.04974556       0.00000000    
   6.06641150       0.00000000    
   6.08307743       0.00000000    
   6.09974337       0.00000000    
   6.11640930       0.00000000    
   6.13307524       0.00000000    
   6.14974117       0.00000000    
   6.16640711       0.00000000    
   6.18307304       0.00000000    
   6.19973898       0.00000000    
   6.21640491       0.00000000    
   6.23307085       0.00000000    
   6.24973679       0.00000000    
   6.26640272       0.00000000    
   6.28306866       0.00000000    
   6.29973459       0.00000000    
   6.31640053       0.00000000    
   6.33306646       0.00000000    
   6.34973240       0.00000000    
   6.36639833       0.00000000    
   6.38306427       0.00000000    
   6.39973021       0.00000000    
   6.41639614       0.00000000    
   6.43306208       0.00000000    
   6.44972801       0.00000000    
   6.46639395       0.00000000    
   6.48305988       0.00000000    
   6.49972582       0.00000000    
   6.51639175       0.00000000    
   6.53305769       0.00000000    
   6.54972363       2.30700011E-16
   6.56638956       8.75799975E-13
   6.58305550       3.62899988E-10
   6.59972143       2.97000007E-08
   6.61638737       1.42199997E-06
   6.63305330       1.59400006E-05
   6.64971924       5.94699995E-05
   6.66638517       1.44000005E-04
   6.68305111       2.66199990E-04
   6.69971704       4.39700001E-04
   6.71638298       6.84699975E-04
   6.73304892       1.02900004E-03
   6.74971485       1.47000002E-03
   6.76638079       2.09499989E-03
   6.78304672       2.91200005E-03
   6.79971266       3.96900019E-03
   6.81637859       5.29599981E-03
   6.83304453       7.04800012E-03
   6.84971046       9.32700001E-03
   6.86637640       1.20900003E-02
   6.88304234       1.56100001E-02
   6.89970827       1.97100006E-02
   6.91637421       2.49700006E-02
   6.93304014       3.17800008E-02
   6.94970608       3.96700017E-02
   6.96637201       4.96999994E-02
   6.98303795       6.10699989E-02
   6.99970388       7.59700015E-02
   7.01636982       9.29600000E-02
   7.03303576      0.112000003    
   7.04970169      0.134399995    
   7.06636763      0.160699993    
   7.08303356      0.187099993    
   7.09969950      0.216900006    
   7.11636543      0.254900008    
   7.13303137      0.288800001    
   7.14969730      0.335799992    
   7.16636324      0.373800009    
   7.18302917      0.419200003    
   7.19969511      0.473800004    
   7.21636105      0.539300025    
   7.23302698      0.597199976    
   7.24969292      0.656199992    
   7.26635885      0.718599975    
   7.28302479      0.784099996    
   7.29969072      0.852500021    
   7.31635666      0.923500001    
   7.33302259      0.996999979    
   7.34968853       1.07299995    
   7.36635447       1.15100002    
   7.38302040       1.23099995    
   7.39968634       1.31299996    
   7.41635227       1.39800000    
   7.43301821       1.48399997    
   7.44968414       1.57200003    
   7.46635008       1.66100001    
   7.48301601       1.75300002    
   7.49968195       1.84599996    
   7.51634789       1.94099998    
   7.53301382       2.03699994    
   7.54967976       2.13499999    
   7.56634569       2.23399997    
   7.58301163       2.33500004    
   7.59967756       2.43799996    
   7.61634350       2.54200006    
   7.63300943       2.64700007    
   7.64967537       2.75399995    
   7.66634130       2.86199999    
   7.68300724       2.97199988    
   7.69967318       3.08299994    
   7.71633911       3.19600010    
   7.73300505       3.30999994    
   7.74967098       3.42600012    
   7.76633692       3.54299998    
   7.78300285       3.66100001    
   7.79966879       3.78099990    
   7.81633472       3.90199995    
   7.83300066       4.02500010    
   7.84966660       4.14900017    
   7.86633253       4.27500010    
   7.88299847       4.40199995    
   7.89966440       4.53000021    
   7.91633034       4.65999985    
   7.93299627       4.79099989    
   7.94966221       4.92399979    
   7.96632814       5.05800009    
   7.98299408       5.19399977    
   7.99966002       5.32999992    
   8.01632595       5.46799994    
   8.03299236       5.60799980    
   8.04965878       5.74900007    
   8.06632519       5.89200020    
   8.08299160       6.03499985    
   8.09965801       6.17999983    
   8.11632442       6.32600021    
   8.13299084       6.47399998    
   8.14965725       6.62300014    
   8.16632366       6.77299976    
   8.18299007       6.92500019    
   8.19965649       7.07700014    
   8.21632290       7.23099995    
   8.23298931       7.38600016    
   8.24965572       7.54300022    
   8.26632214       7.69999981    
   8.28298855       7.85900021    
   8.29965496       8.01799965    
   8.31632137       8.17899990    
   8.33298779       8.34099960    
   8.34965420       8.50399971    
   8.36632061       8.66800022    
   8.38298702       8.83300018    
   8.39965343       8.99899960    
   8.41631985       9.16600037    
   8.43298626       9.33399963    
   8.44965267       9.50300026    
   8.46631908       9.67300034    
   8.48298550       9.84399986    
   8.49965191       10.0200005    
   8.51631832       10.1899996    
   8.53298473       10.3599997    
   8.54965115       10.5400000    
   8.56631756       10.7100000    
   8.58298397       10.8900003    
   8.59965038       11.0600004    
   8.61631680       11.2399998    
   8.63298321       11.4200001    
   8.64964962       11.6000004    
   8.66631603       11.7799997    
   8.68298244       11.9499998    
   8.69964886       12.1400003    
   8.71631527       12.3199997    
   8.73298168       12.5000000    
   8.74964809       12.6800003    
   8.76631451       12.8599997    
   8.78298092       13.0500002    
   8.79964733       13.2299995    
   8.81631374       13.4099998    
   8.83298016       13.6000004    
   8.84964657       13.7799997    
   8.86631298       13.9700003    
   8.88297939       14.1599998    
   8.89964581       14.3400002    
   8.91631222       14.5299997    
   8.93297863       14.7200003    
   8.94964504       14.8999996    
   8.96631145       15.0900002    
   8.98297787       15.2799997    
   8.99964428       15.4700003    
   9.01631069       15.6599998    
   9.03297710       15.8400002    
   9.04964352       16.0300007    
   9.06630993       16.2199993    
   9.08297634       16.4099998    
   9.09964275       16.6000004    
   9.11630917       16.7900009    
   9.13297558       16.9799995    
   9.14964199       17.1700001    
   9.16630840       17.3600006    
   9.18297482       17.5499992    
   9.19964123       17.7399998    
   9.21630764       17.9300003    
   9.23297405       18.1200008    
   9.24964046       18.3099995    
   9.26630688       18.5000000    
   9.28297329       18.6900005    
   9.29963970       18.8799992    
   9.31630611       19.0699997    
   9.33297253       19.2500000    
   9.34963894       19.4400005    
   9.36630535       19.6299992    
   9.38297176       19.8199997    
   9.39963818       20.0100002    
   9.41630459       20.2000008    
   9.43297100       20.3899994    
   9.44963741       20.5799999    
   9.46630383       20.7700005    
   9.48297024       20.9500008    
   9.49963665       21.1399994    
   9.51630306       21.3299999    
   9.53296947       21.5200005    
   9.54963589       21.7000008    
   9.56630230       21.8899994    
   9.58296871       22.0799999    
   9.59963512       22.2600002    
   9.61630154       22.4500008    
   9.63296795       22.6299992    
   9.64963436       22.8199997    
   9.66630077       23.0000000    
   9.68296719       23.1900005    
   9.69963360       23.3700008    
   9.71630001       23.5499992    
   9.73296642       23.7399998    
   9.74963284       23.9200001    
   9.76629925       24.1000004    
   9.78296566       24.2800007    
   9.79963207       24.4599991    
   9.81629848       24.6399994    
   9.83296490       24.8199997    
   9.84963131       25.0000000    
   9.86629772       25.1800003    
   9.88296413       25.3600006    
   9.89963055       25.5400009    
   9.91629696       25.7199993    
   9.93296337       25.8899994    
   9.94962978       26.0699997    
   9.96629620       26.2500000    
   9.98296261       26.4200001    
   9.99962902       26.6000004    
   10.0162954       26.7700005    
   10.0329618       26.9400005    
   10.0496283       27.1200008    
   10.0662947       27.2900009    
   10.0829611       27.4599991    
   10.0996275       27.6299992    
   10.1162939       27.7999992    
   10.1329603       27.9699993    
   10.1496267       28.1399994    
   10.1662931       28.3099995    
   10.1829596       28.4699993    
   10.1996260       28.6399994    
   10.2162924       28.8099995    
   10.2329588       28.9699993    
   10.2496252       29.1399994    
   10.2662916       29.2999992    
   10.2829580       29.4599991    
   10.2996244       29.6200008    
   10.3162909       29.7900009    
   10.3329573       29.9500008    
   10.3496237       30.1100006    
   10.3662901       30.2600002    
   10.3829565       30.4200001    
   10.3996229       30.5799999    
   10.4162893       30.7399998    
   10.4329557       30.8899994    
   10.4496222       31.0499992    
   10.4662886       31.2000008    
   10.4829550       31.3500004    
   10.4996214       31.5000000    
   10.5162878       31.6599998    
   10.5329542       31.8099995    
   10.5496206       31.9599991    
   10.5662870       32.0999985    
   10.5829535       32.2500000    
   10.5996199       32.4000015    
   10.6162863       32.5400009    
   10.6329527       32.6899986    
   10.6496191       32.8300018    
   10.6662855       32.9799995    
   10.6829519       33.1199989    
   10.6996183       33.2599983    
   10.7162848       33.4000015    
   10.7329512       33.5400009    
   10.7496176       33.6800003    
   10.7662840       33.8100014    
   10.7829504       33.9500008    
   10.7996168       34.0800018    
   10.8162832       34.2200012    
   10.8329496       34.3499985    
   10.8496161       34.4799995    
   10.8662825       34.6100006    
   10.8829489       34.7400017    
   10.8996153       34.8699989    
   10.9162817       35.0000000    
   10.9329481       35.1300011    
   10.9496145       35.2500000    
   10.9662809       35.3800011    
   10.9829473       35.5000000    
   10.9996138       35.6300011    
   11.0162802       35.7500000    
   11.0329466       35.8699989    
   11.0496130       35.9900017    
   11.0662794       36.1100006    
   11.0829458       36.2200012    
   11.0996122       36.3400002    
   11.1162786       36.4500008    
   11.1329451       36.5699997    
   11.1496115       36.6800003    
   11.1662779       36.7900009    
   11.1829443       36.9000015    
   11.1996107       37.0099983    
   11.2162771       37.1199989    
   11.2329435       37.2299995    
   11.2496099       37.3300018    
   11.2662764       37.4399986    
   11.2829428       37.5400009    
   11.2996092       37.6500015    
   11.3162756       37.7500000    
   11.3329420       37.8499985    
   11.3496084       37.9500008    
   11.3662748       38.0400009    
   11.3829412       38.1399994    
   11.3996077       38.2400017    
   11.4162741       38.3300018    
   11.4329405       38.4199982    
   11.4496069       38.5200005    
   11.4662733       38.6100006    
   11.4829397       38.7000008    
   11.4996061       38.7900009    
   11.5162725       38.8699989    
   11.5329390       38.9599991    
   11.5496054       39.0400009    
   11.5662718       39.1300011    
   11.5829382       39.2099991    
   11.5996046       39.2900009    
   11.6162710       39.3699989    
   11.6329374       39.4500008    
   11.6496038       39.5299988    
   11.6662703       39.5999985    
   11.6829367       39.6800003    
   11.6996031       39.7500000    
   11.7162695       39.8300018    
   11.7329359       39.9000015    
   11.7496023       39.9700012    
   11.7662687       40.0400009    
   11.7829351       40.0999985    
   11.7996016       40.1699982    
   11.8162680       40.2299995    
   11.8329344       40.2999992    
   11.8496008       40.3600006    
   11.8662672       40.4199982    
   11.8829336       40.4799995    
   11.8996000       40.5400009    
   11.9162664       40.5999985    
   11.9329329       40.6500015    
   11.9495993       40.7099991    
   11.9662657       40.7599983    
   11.9829321       40.8199997    
   11.9995985       40.8699989    
   12.0162649       40.9199982    
   12.0329313       40.9599991    
   12.0495977       41.0099983    
   12.0662642       41.0600014    
   12.0829306       41.0999985    
   12.0995970       41.1500015    
   12.1162634       41.1899986    
   12.1329298       41.2299995    
   12.1495962       41.2700005    
   12.1662626       41.3100014    
   12.1829290       41.3400002    
   12.1995955       41.3800011    
   12.2162619       41.4099998    
   12.2329283       41.4399986    
   12.2495947       41.4799995    
   12.2662611       41.5099983    
   12.2829275       41.5400009    
   12.2995939       41.5600014    
   12.3162603       41.5900002    
   12.3329268       41.6199989    
   12.3495932       41.6399994    
   12.3662596       41.6599998    
   12.3829260       41.6800003    
   12.3995924       41.7000008    
   12.4162588       41.7200012    
   12.4329252       41.7400017    
   12.4495916       41.7500000    
   12.4662580       41.7700005    
   12.4829245       41.7799988    
   12.4995909       41.7900009    
   12.5162573       41.7999992    
   12.5329237       41.8100014    
   12.5495901       41.8199997    
   12.5662565       41.8300018    
   12.5829229       41.8300018    
   12.5995893       41.8400002    
   12.6162558       41.8400002    
   12.6329222       41.8400002    
   12.6495886       41.8400002    
   12.6662550       41.8400002    
   12.6829214       41.8400002    
   12.6995878       41.8300018    
   12.7162542       41.8300018    
   12.7329206       41.8199997    
   12.7495871       41.8100014    
   12.7662535       41.7999992    
   12.7829199       41.7900009    
   12.7995863       41.7799988    
   12.8162527       41.7700005    
   12.8329191       41.7500000    
   12.8495855       41.7400017    
   12.8662519       41.7200012    
   12.8829184       41.7000008    
   12.8995848       41.6800003    
   12.9162512       41.6599998    
   12.9329176       41.6399994    
   12.9495840       41.6100006    
   12.9662504       41.5900002    
   12.9829168       41.5600014    
   12.9995832       41.5299988    
   13.0162497       41.5099983    
   13.0329161       41.4799995    
   13.0495825       41.4399986    
   13.0662489       41.4099998    
   13.0829153       41.3800011    
   13.0995817       41.3400002    
   13.1162481       41.2999992    
   13.1329145       41.2700005    
   13.1495810       41.2299995    
   13.1662474       41.1899986    
   13.1829138       41.1399994    
   13.1995802       41.0999985    
   13.2162466       41.0600014    
   13.2329130       41.0099983    
   13.2495794       40.9599991    
   13.2662458       40.9099998    
   13.2829123       40.8600006    
   13.2995787       40.8100014    
   13.3162451       40.7599983    
   13.3329115       40.7099991    
   13.3495779       40.6500015    
   13.3662443       40.5999985    
   13.3829107       40.5400009    
   13.3995771       40.4799995    
   13.4162436       40.4199982    
   13.4329100       40.3600006    
   13.4495764       40.2999992    
   13.4662428       40.2299995    
   13.4829092       40.1699982    
   13.4995756       40.0999985    
   13.5162420       40.0299988    
   13.5329084       39.9599991    
   13.5495749       39.8899994    
   13.5662413       39.8199997    
   13.5829077       39.7500000    
   13.5995741       39.6699982    
   13.6162405       39.5999985    
   13.6329069       39.5200005    
   13.6495733       39.4500008    
   13.6662397       39.3699989    
   13.6829062       39.2900009    
   13.6995726       39.2099991    
   13.7162390       39.1199989    
   13.7329054       39.0400009    
   13.7495718       38.9599991    
   13.7662382       38.8699989    
   13.7829046       38.7799988    
   13.7995710       38.6899986    
   13.8162374       38.5999985    
   13.8329039       38.5099983    
   13.8495703       38.4199982    
   13.8662367       38.3300018    
   13.8829031       38.2299995    
   13.8995695       38.1399994    
   13.9162359       38.0400009    
   13.9329023       37.9399986    
   13.9495687       37.8400002    
   13.9662352       37.7400017    
   13.9829016       37.6399994    
   13.9995680       37.5400009    
   14.0162344       37.4300003    
   14.0329008       37.3300018    
   14.0495672       37.2200012    
   14.0662336       37.1199989    
   14.0829000       37.0099983    
   14.0995665       36.9000015    
   14.1162329       36.7900009    
   14.1328993       36.6800003    
   14.1495657       36.5600014    
   14.1662321       36.4500008    
   14.1828985       36.3300018    
   14.1995649       36.2200012    
   14.2162313       36.0999985    
   14.2328978       35.9799995    
   14.2495642       35.8600006    
   14.2662306       35.7400017    
   14.2828970       35.6199989    
   14.2995634       35.5000000    
   14.3162298       35.3699989    
   14.3328962       35.2500000    
   14.3495626       35.1199989    
   14.3662291       35.0000000    
   14.3828955       34.8699989    
   14.3995619       34.7400017    
   14.4162283       34.6100006    
   14.4328947       34.4799995    
   14.4495611       34.3499985    
   14.4662275       34.2099991    
   14.4828939       34.0800018    
   14.4995604       33.9399986    
   14.5162268       33.8100014    
   14.5328932       33.6699982    
   14.5495596       33.5299988    
   14.5662260       33.3899994    
   14.5828924       33.2500000    
   14.5995588       33.1100006    
   14.6162252       32.9700012    
   14.6328917       32.8300018    
   14.6495581       32.6800003    
   14.6662245       32.5400009    
   14.6828909       32.3899994    
   14.6995573       32.2400017    
   14.7162237       32.0999985    
   14.7328901       31.9500008    
   14.7495565       31.7999992    
   14.7662230       31.6499996    
   14.7828894       31.5000000    
   14.7995558       31.3500004    
   14.8162222       31.1900005    
   14.8328886       31.0400009    
   14.8495550       30.8799992    
   14.8662214       30.7299995    
   14.8828878       30.5699997    
   14.8995543       30.4200001    
   14.9162207       30.2600002    
   14.9328871       30.1000004    
   14.9495535       29.9400005    
   14.9662199       29.7800007    
   14.9828863       29.6200008    
   14.9995527       29.4500008    
   15.0162191       29.2900009    
   15.0328856       29.1299992    
   15.0495520       28.9599991    
   15.0662184       28.7999992    
   15.0828848       28.6299992    
   15.0995512       28.4699993    
   15.1162176       28.2999992    
   15.1328840       28.1299992    
   15.1495504       27.9599991    
   15.1662169       27.7900009    
   15.1828833       27.6200008    
   15.1995497       27.4500008    
   15.2162161       27.2800007    
   15.2328825       27.1100006    
   15.2495489       26.9400005    
   15.2662153       26.7600002    
   15.2828817       26.5900002    
   15.2995481       26.4099998    
   15.3162146       26.2399998    
   15.3328810       26.0599995    
   15.3495474       25.8899994    
   15.3662138       25.7099991    
   15.3828802       25.5300007    
   15.3995466       25.3500004    
   15.4162130       25.1700001    
   15.4328794       25.0000000    
   15.4495459       24.8199997    
   15.4662123       24.6399994    
   15.4828787       24.4599991    
   15.4995451       24.2700005    
   15.5162115       24.0900002    
   15.5328779       23.9099998    
   15.5495443       23.7299995    
   15.5662107       23.5400009    
   15.5828772       23.3600006    
   15.5995436       23.1800003    
   15.6162100       22.9899998    
   15.6328764       22.8099995    
   15.6495428       22.6200008    
   15.6662092       22.4400005    
   15.6828756       22.2500000    
   15.6995420       22.0699997    
   15.7162085       21.8799992    
   15.7328749       21.6900005    
   15.7495413       21.5100002    
   15.7662077       21.3199997    
   15.7828741       21.1299992    
   15.7995405       20.9400005    
   15.8162069       20.7600002    
   15.8328733       20.5699997    
   15.8495398       20.3799992    
   15.8662062       20.1900005    
   15.8828726       20.0000000    
   15.8995390       19.8099995    
   15.9162054       19.6200008    
   15.9328718       19.4300003    
   15.9495382       19.2500000    
   15.9662046       19.0599995    
   15.9828711       18.8700008    
   15.9995375       18.6800003    
   16.0162029       18.4899998    
   16.0328693       18.2999992    
   16.0495358       18.1100006    
   16.0662022       17.9200001    
   16.0828686       17.7299995    
   16.0995350       17.5400009    
   16.1162014       17.3500004    
   16.1328678       17.1599998    
   16.1495342       16.9699993    
   16.1662006       16.7800007    
   16.1828671       16.5900002    
   16.1995335       16.3999996    
   16.2161999       16.2099991    
   16.2328663       16.0200005    
   16.2495327       15.8299999    
   16.2661991       15.6499996    
   16.2828655       15.4600000    
   16.2995319       15.2700005    
   16.3161983       15.0799999    
   16.3328648       14.8900003    
   16.3495312       14.7100000    
   16.3661976       14.5200005    
   16.3828640       14.3299999    
   16.3995304       14.1499996    
   16.4161968       13.9600000    
   16.4328632       13.7700005    
   16.4495296       13.5900002    
   16.4661961       13.4099998    
   16.4828625       13.2200003    
   16.4995289       13.0400000    
   16.5161953       12.8500004    
   16.5328617       12.6700001    
   16.5495281       12.4899998    
   16.5661945       12.3100004    
   16.5828609       12.1300001    
   16.5995274       11.9499998    
   16.6161938       11.7700005    
   16.6328602       11.5900002    
   16.6495266       11.4099998    
   16.6661930       11.2299995    
   16.6828594       11.0500002    
   16.6995258       10.8800001    
   16.7161922       10.6999998    
   16.7328587       10.5299997    
   16.7495251       10.3500004    
   16.7661915       10.1800003    
   16.7828579       10.0100002    
   16.7995243       9.83399963    
   16.8161907       9.66399956    
   16.8328571       9.49400043    
   16.8495235       9.32499981    
   16.8661900       9.15699959    
   16.8828564       8.98999977    
   16.8995228       8.82400036    
   16.9161892       8.65900040    
   16.9328556       8.49499989    
   16.9495220       8.33199978    
   16.9661884       8.17000008    
   16.9828548       8.00899982    
   16.9995213       7.84999990    
   17.0161877       7.69199991    
   17.0328541       7.53399992    
   17.0495205       7.37799978    
   17.0661869       7.22300005    
   17.0828533       7.06899977    
   17.0995197       6.91599989    
   17.1161861       6.76499987    
   17.1328526       6.61499977    
   17.1495190       6.46600008    
   17.1661854       6.31799984    
   17.1828518       6.17199993    
   17.1995182       6.02699995    
   17.2161846       5.88399982    
   17.2328510       5.74100018    
   17.2495174       5.59999990    
   17.2661839       5.46099997    
   17.2828503       5.32299995    
   17.2995167       5.18599987    
   17.3161831       5.05100012    
   17.3328495       4.91699982    
   17.3495159       4.78399992    
   17.3661823       4.65299988    
   17.3828487       4.52299976    
   17.3995152       4.39499998    
   17.4161816       4.26800013    
   17.4328480       4.14200020    
   17.4495144       4.01800013    
   17.4661808       3.89499998    
   17.4828472       3.77399993    
   17.4995136       3.65400004    
   17.5161800       3.53600001    
   17.5328465       3.41899991    
   17.5495129       3.30399990    
   17.5661793       3.19000006    
   17.5828457       3.07699990    
   17.5995121       2.96600008    
   17.6161785       2.85599995    
   17.6328449       2.74799991    
   17.6495113       2.64100003    
   17.6661777       2.53600001    
   17.6828442       2.43199992    
   17.6995106       2.32900000    
   17.7161770       2.22900009    
   17.7328434       2.12899995    
   17.7495098       2.03099990    
   17.7661762       1.93499994    
   17.7828426       1.84000003    
   17.7995090       1.74699998    
   17.8161755       1.65600002    
   17.8328419       1.56599998    
   17.8495083       1.47899997    
   17.8661747       1.39300001    
   17.8828411       1.30900002    
   17.8995075       1.22599995    
   17.9161739       1.14600003    
   17.9328403       1.06799996    
   17.9495068      0.992500007    
   17.9661732      0.919300020    
   17.9828396      0.848500013    
   17.9995060      0.780200005    
   18.0161724      0.714800000    
   18.0328388      0.652499974    
   18.0495052      0.593900025    
   18.0661716      0.535099983    
   18.0828381      0.470299989    
   18.0995045      0.416299999    
   18.1161709      0.371300012    
   18.1328373      0.333700001    
   18.1495037      0.286399990    
   18.1661701      0.253300011    
   18.1828365      0.215100005    
   18.1995029      0.184599996    
   18.2161694      0.159600005    
   18.2328358      0.133399993    
   18.2495022      0.111100003    
   18.2661686       9.22000036E-02
   18.2828350       7.44500011E-02
   18.2995014       6.03099987E-02
   18.3161678       4.91999984E-02
   18.3328342       3.90500017E-02
   18.3495007       3.14499997E-02
   18.3661671       2.46399995E-02
   18.3828335       1.93600003E-02
   18.3994999       1.52099999E-02
   18.4161663       1.18800001E-02
   18.4328327       9.09399986E-03
   18.4494991       6.89900015E-03
   18.4661655       5.21000009E-03
   18.4828320       3.91400000E-03
   18.4994984       2.83899996E-03
   18.5161648       2.06200010E-03
   18.5328312       1.43900001E-03
   18.5494976       9.90399974E-04
   18.5661640       6.71099988E-04
   18.5828304       4.30399989E-04
   18.5994968       2.59599998E-04
   18.6161633       1.36000002E-04
   18.6328297       5.51199992E-05
   18.6494961       1.45699996E-05
   18.6661625       1.16599995E-06
   18.6828289       2.35000002E-08
   18.6994953       2.36799996E-10
   18.7161617       6.12800013E-13
   18.7328281       1.23399995E-16
   18.7494946       0.00000000    
   18.7661610       0.00000000    
   18.7828274       0.00000000    
   18.7994938       0.00000000    
   18.8161602       0.00000000    
   18.8328266       0.00000000    
   18.8494930       0.00000000    
   18.8661594       0.00000000    
   18.8828259       0.00000000    
   18.8994923       0.00000000    
   18.9161587       0.00000000    
   18.9328251       0.00000000    
   18.9494915       0.00000000    
   18.9661579       0.00000000    
   18.9828243       0.00000000    
   18.9994907       0.00000000    
   19.0161572       0.00000000    
   19.0328236       0.00000000    
   19.0494900       0.00000000    
   19.0661564       0.00000000    
   19.0828228       0.00000000    
   19.0994892       0.00000000    
   19.1161556       0.00000000    
   19.1328220       0.00000000    
   19.1494884       0.00000000    
   19.1661549       0.00000000    
   19.1828213       0.00000000    
   19.1994877       0.00000000    
   19.2161541       0.00000000    
   19.2328205       0.00000000    
   19.2494869       0.00000000    
   19.2661533       0.00000000    
   19.2828197       0.00000000    
   19.2994862       0.00000000    
   19.3161526       0.00000000    
   19.3328190       0.00000000    
   19.3494854       0.00000000    
   19.3661518       0.00000000    
   19.3828182       0.00000000    
   19.3994846       0.00000000    
   19.4161510       0.00000000    
   19.4328175       0.00000000    
   19.4494839       0.00000000    
   19.4661503       0.00000000    
   19.4828167       0.00000000    
   19.4994831       0.00000000    
   19.5161495       0.00000000    
   19.5328159       0.00000000    
   19.5494823       0.00000000    
   19.5661488       0.00000000    
   19.5828152       0.00000000    
   19.5994816       0.00000000    
   19.6161480       0.00000000    
   19.6328144       0.00000000    
   19.6494808       0.00000000    
   19.6661472       0.00000000    
   19.6828136       0.00000000    
   19.6994801       0.00000000    
   19.7161465       0.00000000    
   19.7328129       0.00000000    
   19.7494793       0.00000000    
   19.7661457       0.00000000    
   19.7828121       0.00000000    
   19.7994785       0.00000000    
   19.8161449       0.00000000    
   19.8328114       0.00000000    
   19.8494778       0.00000000    
   19.8661442       0.00000000    
   19.8828106       0.00000000    
   19.8994770       0.00000000    
   19.9161434       0.00000000    
   19.9328098       0.00000000    
   19.9494762       0.00000000    
   19.9661427       0.00000000    
   19.9828091       0.00000000    
   19.9994755       0.00000000    
   20.0161419       0.00000000    
   20.0328083       0.00000000    
   20.0494747       0.00000000    
   20.0661411       0.00000000    
   20.0828075       0.00000000    
   20.0994740       0.00000000    
   20.1161404       0.00000000    
   20.1328068       0.00000000    
   20.1494732       0.00000000    
   20.1661396       0.00000000    
   20.1828060       0.00000000    
   20.1994724       0.00000000    
   20.2161388       0.00000000    
   20.2328053       0.00000000    
   20.2494717       0.00000000    
   20.2661381       0.00000000    
   20.2828045       0.00000000    
   20.2994709       0.00000000    
   20.3161373       0.00000000    
   20.3328037       0.00000000    
   20.3494701       0.00000000    
   20.3661366       0.00000000    
   20.3828030       0.00000000    
   20.3994694       0.00000000    
   20.4161358       0.00000000    
   20.4328022       0.00000000    
   20.4494686       0.00000000    
   20.4661350       0.00000000    
   20.4828014       0.00000000    
   20.4994678       0.00000000    
   20.5161343       0.00000000    
   20.5328007       0.00000000    
   20.5494671       0.00000000    
   20.5661335       0.00000000    
   20.5827999       0.00000000    
   20.5994663       0.00000000    
   20.6161327       0.00000000    
   20.6327991       0.00000000    
   20.6494656       0.00000000    
   20.6661320       0.00000000    
   20.6827984       0.00000000    
   20.6994648       0.00000000    
   20.7161312       0.00000000    
   20.7327976       0.00000000    
   20.7494640       0.00000000    
   20.7661304       0.00000000    
   20.7827969       0.00000000    
   20.7994633       0.00000000    
   20.8161297       0.00000000    
   20.8327961       0.00000000    
   20.8494625       0.00000000    
   20.8661289       0.00000000    
   20.8827953       0.00000000    
   20.8994617       0.00000000    
   20.9161282       0.00000000    
   20.9327946       0.00000000    
   20.9494610       0.00000000    
   20.9661274       0.00000000    
   20.9827938       0.00000000    
   20.9994602       0.00000000    
   21.0161266       0.00000000    
   21.0327930       0.00000000    
   21.0494595       0.00000000    
   21.0661259       0.00000000    
   21.0827923       0.00000000    
   21.0994587       0.00000000    
   21.1161251       0.00000000    
   21.1327915       0.00000000    
   21.1494579       0.00000000    
   21.1661243       0.00000000    
   21.1827908       0.00000000    
   21.1994572       0.00000000    
   21.2161236       0.00000000    
   21.2327900       0.00000000    
   21.2494564       0.00000000    
   21.2661228       0.00000000    
   21.2827892       0.00000000    
   21.2994556       0.00000000    
   21.3161221       0.00000000    
   21.3327885       0.00000000    
   21.3494549       0.00000000    
   21.3661213       0.00000000    
   21.3827877       0.00000000    
   21.3994541       0.00000000    
   21.4161205       0.00000000    
   21.4327869       0.00000000    
   21.4494534       0.00000000    
   21.4661198       0.00000000    
   21.4827862       0.00000000    
   21.4994526       0.00000000    
   21.5161190       0.00000000    
   21.5327854       0.00000000    
   21.5494518       0.00000000    
   21.5661182       0.00000000    
   21.5827847       0.00000000    
   21.5994511       0.00000000    
   21.6161175       0.00000000    
   21.6327839       0.00000000    
   21.6494503       0.00000000    
   21.6661167       0.00000000    
   21.6827831       0.00000000    
   21.6994495       0.00000000    
   21.7161160       0.00000000    
   21.7327824       0.00000000    
   21.7494488       0.00000000    
   21.7661152       0.00000000    
   21.7827816       0.00000000    
   21.7994480       0.00000000    
   21.8161144       0.00000000    
   21.8327808       0.00000000    
   21.8494473       0.00000000    
   21.8661137       0.00000000    
   21.8827801       0.00000000    
   21.8994465       0.00000000    
   21.9161129       0.00000000    
   21.9327793       0.00000000    
   21.9494457       0.00000000    
   21.9661121       0.00000000    
   21.9827785       0.00000000    
   21.9994450       0.00000000    
   22.0161114       0.00000000    
   22.0327778       0.00000000    
   22.0494442       0.00000000    
   22.0661106       0.00000000    
   22.0827770       0.00000000    
   22.0994434       0.00000000    
   22.1161098       0.00000000    
   22.1327763       0.00000000    
   22.1494427       0.00000000    
   22.1661091       0.00000000    
   22.1827755       0.00000000    
   22.1994419       0.00000000    
   22.2161083       0.00000000    
   22.2327747       0.00000000    
   22.2494411       0.00000000    
   22.2661076       0.00000000    
   22.2827740       0.00000000    
   22.2994404       0.00000000    
   22.3161068       0.00000000    
   22.3327732       0.00000000    
   22.3494396       0.00000000    
   22.3661060       0.00000000    
   22.3827724       0.00000000    
   22.3994389       0.00000000    
   22.4161053       0.00000000    
   22.4327717       0.00000000    
   22.4494381       0.00000000    
   22.4661045       0.00000000    
   22.4827709       0.00000000    
   22.4994373       0.00000000    
   22.5161037       0.00000000    
   22.5327702       0.00000000    
   22.5494366       0.00000000    
   22.5661030       0.00000000    
   22.5827694       0.00000000    
   22.5994358       0.00000000    
   22.6161022       0.00000000    
   22.6327686       0.00000000    
   22.6494350       0.00000000    
   22.6661015       0.00000000    
   22.6827679       0.00000000    
   22.6994343       0.00000000    
   22.7161007       0.00000000    
   22.7327671       0.00000000    
   22.7494335       0.00000000    
   22.7660999       0.00000000    
   22.7827663       0.00000000    
   22.7994328       0.00000000    
   22.8160992       0.00000000    
   22.8327656       0.00000000    
   22.8494320       0.00000000    
   22.8660984       0.00000000    
   22.8827648       0.00000000    
   22.8994312       0.00000000    
   22.9160976       0.00000000    
   22.9327641       0.00000000    
   22.9494305       0.00000000    
   22.9660969       0.00000000    
   22.9827633       0.00000000    
   22.9994297       0.00000000    
   23.0160961       0.00000000    
   23.0327625       0.00000000    
   23.0494289       0.00000000    
   23.0660954       0.00000000    
   23.0827618       0.00000000    
   23.0994282       0.00000000    
   23.1160946       0.00000000    
   23.1327610       0.00000000    
   23.1494274       0.00000000    
   23.1660938       0.00000000    
   23.1827602       0.00000000    
   23.1994267       0.00000000    
   23.2160931       0.00000000    
   23.2327595       0.00000000    
   23.2494259       0.00000000    
   23.2660923       0.00000000    
   23.2827587       0.00000000    
   23.2994251       0.00000000    
   23.3160915       0.00000000    
   23.3327579       0.00000000    
   23.3494244       0.00000000    
   23.3660908       0.00000000    
   23.3827572       0.00000000    
   23.3994236       0.00000000    
   23.4160900       0.00000000    
   23.4327564       0.00000000    
   23.4494228       0.00000000    
   23.4660892       0.00000000    
   23.4827557       0.00000000    
   23.4994221       0.00000000    
   23.5160885       0.00000000    
   23.5327549       0.00000000    
   23.5494213       0.00000000    
   23.5660877       0.00000000    
   23.5827541       0.00000000    
   23.5994205       0.00000000    
   23.6160870       0.00000000    
   23.6327534       0.00000000    
   23.6494198       0.00000000    
   23.6660862       0.00000000    
   23.6827526       0.00000000    
   23.6994190       0.00000000    
   23.7160854       0.00000000    
   23.7327518       0.00000000    
   23.7494183       0.00000000    
   23.7660847       0.00000000    
   23.7827511       0.00000000    
   23.7994175       0.00000000    
   23.8160839       0.00000000    
   23.8327503       0.00000000    
   23.8494167       0.00000000    
   23.8660831       0.00000000    
   23.8827496       0.00000000    
   23.8994160       0.00000000    
   23.9160824       0.00000000    
   23.9327488       0.00000000    
   23.9494152       0.00000000    
   23.9660816       0.00000000    
   23.9827480       0.00000000    
