   0.00000000       0.00000000    
   1.66660007E-02   0.00000000    
   3.33320014E-02   0.00000000    
   4.99980003E-02   0.00000000    
   6.66640028E-02   0.00000000    
   8.33300054E-02   0.00000000    
   9.99960080E-02   0.00000000    
  0.116662011       0.00000000    
  0.133328006       0.00000000    
  0.149994001       0.00000000    
  0.166659996       0.00000000    
  0.183325991       0.00000000    
  0.199991986       0.00000000    
  0.216657981       0.00000000    
  0.233323976       0.00000000    
  0.249989972       0.00000000    
  0.266655982       0.00000000    
  0.283321977       0.00000000    
  0.299987972       0.00000000    
  0.316653967       0.00000000    
  0.333319962       0.00000000    
  0.349985957       0.00000000    
  0.366651952       0.00000000    
  0.383317947       0.00000000    
  0.399983943       0.00000000    
  0.416649938       0.00000000    
  0.433315933       0.00000000    
  0.449981928       0.00000000    
  0.466647923       0.00000000    
  0.483313918       0.00000000    
  0.499979913       0.00000000    
  0.516645908       0.00000000    
  0.533311903       0.00000000    
  0.549977899       0.00000000    
  0.566643894       0.00000000    
  0.583309889       0.00000000    
  0.599975884       0.00000000    
  0.616641879       0.00000000    
  0.633307874       0.00000000    
  0.649973869       0.00000000    
  0.666639864       0.00000000    
  0.683305860       0.00000000    
  0.699971855       0.00000000    
  0.716637850       0.00000000    
  0.733303845       0.00000000    
  0.749969840       0.00000000    
  0.766635835       0.00000000    
  0.783301830       0.00000000    
  0.799967825       0.00000000    
  0.816633821       0.00000000    
  0.833299816       0.00000000    
  0.849965811       0.00000000    
  0.866631806       0.00000000    
  0.883297801       0.00000000    
  0.899963796       0.00000000    
  0.916629791       0.00000000    
  0.933295786       0.00000000    
  0.949961782       0.00000000    
  0.966627777       0.00000000    
  0.983293772       0.00000000    
  0.999959767       0.00000000    
   1.01662576       0.00000000    
   1.03329182       0.00000000    
   1.04995787       0.00000000    
   1.06662393       0.00000000    
   1.08328998       0.00000000    
   1.09995604       0.00000000    
   1.11662209       0.00000000    
   1.13328815       0.00000000    
   1.14995420       0.00000000    
   1.16662025       0.00000000    
   1.18328631       0.00000000    
   1.19995236       0.00000000    
   1.21661842       0.00000000    
   1.23328447       0.00000000    
   1.24995053       0.00000000    
   1.26661658       0.00000000    
   1.28328264       0.00000000    
   1.29994869       0.00000000    
   1.31661475       0.00000000    
   1.33328080       0.00000000    
   1.34994686       0.00000000    
   1.36661291       0.00000000    
   1.38327897       0.00000000    
   1.39994502       0.00000000    
   1.41661108       0.00000000    
   1.43327713       0.00000000    
   1.44994318       0.00000000    
   1.46660924       0.00000000    
   1.48327529       0.00000000    
   1.49994135       0.00000000    
   1.51660740       0.00000000    
   1.53327346       0.00000000    
   1.54993951       0.00000000    
   1.56660557       0.00000000    
   1.58327162       0.00000000    
   1.59993768       0.00000000    
   1.61660373       0.00000000    
   1.63326979       0.00000000    
   1.64993584       0.00000000    
   1.66660190       0.00000000    
   1.68326795       0.00000000    
   1.69993401       0.00000000    
   1.71660006       0.00000000    
   1.73326612       0.00000000    
   1.74993217       0.00000000    
   1.76659822       0.00000000    
   1.78326428       0.00000000    
   1.79993033       0.00000000    
   1.81659639       0.00000000    
   1.83326244       0.00000000    
   1.84992850       0.00000000    
   1.86659455       0.00000000    
   1.88326061       0.00000000    
   1.89992666       0.00000000    
   1.91659272       0.00000000    
   1.93325877       0.00000000    
   1.94992483       0.00000000    
   1.96659088       0.00000000    
   1.98325694       0.00000000    
   1.99992299       0.00000000    
   2.01658893       0.00000000    
   2.03325486       0.00000000    
   2.04992080       0.00000000    
   2.06658673       0.00000000    
   2.08325267       0.00000000    
   2.09991860       0.00000000    
   2.11658454       0.00000000    
   2.13325047       0.00000000    
   2.14991641       0.00000000    
   2.16658235       0.00000000    
   2.18324828       0.00000000    
   2.19991422       0.00000000    
   2.21658015       0.00000000    
   2.23324609       0.00000000    
   2.24991202       0.00000000    
   2.26657796       0.00000000    
   2.28324389       0.00000000    
   2.29990983       0.00000000    
   2.31657577       0.00000000    
   2.33324170       0.00000000    
   2.34990764       0.00000000    
   2.36657357       0.00000000    
   2.38323951       0.00000000    
   2.39990544       0.00000000    
   2.41657138       0.00000000    
   2.43323731       0.00000000    
   2.44990325       0.00000000    
   2.46656919       0.00000000    
   2.48323512       0.00000000    
   2.49990106       0.00000000    
   2.51656699       0.00000000    
   2.53323293       0.00000000    
   2.54989886       0.00000000    
   2.56656480       0.00000000    
   2.58323073       0.00000000    
   2.59989667       0.00000000    
   2.61656260       0.00000000    
   2.63322854       0.00000000    
   2.64989448       0.00000000    
   2.66656041       0.00000000    
   2.68322635       0.00000000    
   2.69989228       0.00000000    
   2.71655822       0.00000000    
   2.73322415       0.00000000    
   2.74989009       0.00000000    
   2.76655602       0.00000000    
   2.78322196       0.00000000    
   2.79988790       0.00000000    
   2.81655383       0.00000000    
   2.83321977       0.00000000    
   2.84988570       0.00000000    
   2.86655164       0.00000000    
   2.88321757       0.00000000    
   2.89988351       0.00000000    
   2.91654944       0.00000000    
   2.93321538       0.00000000    
   2.94988132       0.00000000    
   2.96654725       0.00000000    
   2.98321319       0.00000000    
   2.99987912       0.00000000    
   3.01654506       0.00000000    
   3.03321099       0.00000000    
   3.04987693       0.00000000    
   3.06654286       0.00000000    
   3.08320880       0.00000000    
   3.09987473       0.00000000    
   3.11654067       0.00000000    
   3.13320661       0.00000000    
   3.14987254       0.00000000    
   3.16653848       0.00000000    
   3.18320441       0.00000000    
   3.19987035       0.00000000    
   3.21653628       0.00000000    
   3.23320222       0.00000000    
   3.24986815       0.00000000    
   3.26653409       0.00000000    
   3.28320003       0.00000000    
   3.29986596       0.00000000    
   3.31653190       0.00000000    
   3.33319783       0.00000000    
   3.34986377       0.00000000    
   3.36652970       0.00000000    
   3.38319564       0.00000000    
   3.39986157       0.00000000    
   3.41652751       0.00000000    
   3.43319345       0.00000000    
   3.44985938       0.00000000    
   3.46652532       0.00000000    
   3.48319125       0.00000000    
   3.49985719       0.00000000    
   3.51652312       0.00000000    
   3.53318906       0.00000000    
   3.54985499       0.00000000    
   3.56652093       0.00000000    
   3.58318686       0.00000000    
   3.59985280       0.00000000    
   3.61651874       0.00000000    
   3.63318467       0.00000000    
   3.64985061       0.00000000    
   3.66651654       0.00000000    
   3.68318248       0.00000000    
   3.69984841       0.00000000    
   3.71651435       0.00000000    
   3.73318028       0.00000000    
   3.74984622       0.00000000    
   3.76651216       0.00000000    
   3.78317809       0.00000000    
   3.79984403       0.00000000    
   3.81650996       0.00000000    
   3.83317590       0.00000000    
   3.84984183       0.00000000    
   3.86650777       0.00000000    
   3.88317370       0.00000000    
   3.89983964       0.00000000    
   3.91650558       0.00000000    
   3.93317151       0.00000000    
   3.94983745       0.00000000    
   3.96650338       0.00000000    
   3.98316932       0.00000000    
   3.99983525       0.00000000    
   4.01650143       0.00000000    
   4.03316736       0.00000000    
   4.04983330       0.00000000    
   4.06649923       0.00000000    
   4.08316517       0.00000000    
   4.09983110       0.00000000    
   4.11649704       0.00000000    
   4.13316298       0.00000000    
   4.14982891       0.00000000    
   4.16649485       0.00000000    
   4.18316078       0.00000000    
   4.19982672       0.00000000    
   4.21649265       0.00000000    
   4.23315859       0.00000000    
   4.24982452       0.00000000    
   4.26649046       0.00000000    
   4.28315639       0.00000000    
   4.29982233       0.00000000    
   4.31648827       0.00000000    
   4.33315420       0.00000000    
   4.34982014       0.00000000    
   4.36648607       0.00000000    
   4.38315201       0.00000000    
   4.39981794       0.00000000    
   4.41648388       0.00000000    
   4.43314981       0.00000000    
   4.44981575       0.00000000    
   4.46648169       0.00000000    
   4.48314762       0.00000000    
   4.49981356       0.00000000    
   4.51647949       0.00000000    
   4.53314543       0.00000000    
   4.54981136       0.00000000    
   4.56647730       0.00000000    
   4.58314323       0.00000000    
   4.59980917       0.00000000    
   4.61647511       0.00000000    
   4.63314104       0.00000000    
   4.64980698       0.00000000    
   4.66647291       0.00000000    
   4.68313885       0.00000000    
   4.69980478       0.00000000    
   4.71647072       0.00000000    
   4.73313665       0.00000000    
   4.74980259       0.00000000    
   4.76646852       0.00000000    
   4.78313446       0.00000000    
   4.79980040       0.00000000    
   4.81646633       0.00000000    
   4.83313227       0.00000000    
   4.84979820       0.00000000    
   4.86646414       0.00000000    
   4.88313007       0.00000000    
   4.89979601       0.00000000    
   4.91646194       0.00000000    
   4.93312788       0.00000000    
   4.94979382       0.00000000    
   4.96645975       0.00000000    
   4.98312569       0.00000000    
   4.99979162       0.00000000    
   5.01645756       0.00000000    
   5.03312349       0.00000000    
   5.04978943       0.00000000    
   5.06645536       0.00000000    
   5.08312130       0.00000000    
   5.09978724       0.00000000    
   5.11645317       0.00000000    
   5.13311911       0.00000000    
   5.14978504       0.00000000    
   5.16645098       0.00000000    
   5.18311691       0.00000000    
   5.19978285       0.00000000    
   5.21644878       0.00000000    
   5.23311472       0.00000000    
   5.24978065       0.00000000    
   5.26644659       0.00000000    
   5.28311253       0.00000000    
   5.29977846       0.00000000    
   5.31644440       0.00000000    
   5.33311033       0.00000000    
   5.34977627       0.00000000    
   5.36644220       0.00000000    
   5.38310814       0.00000000    
   5.39977407       0.00000000    
   5.41644001       0.00000000    
   5.43310595       0.00000000    
   5.44977188       0.00000000    
   5.46643782       0.00000000    
   5.48310375       0.00000000    
   5.49976969       0.00000000    
   5.51643562       0.00000000    
   5.53310156       0.00000000    
   5.54976749       0.00000000    
   5.56643343       0.00000000    
   5.58309937       0.00000000    
   5.59976530       0.00000000    
   5.61643124       0.00000000    
   5.63309717       0.00000000    
   5.64976311       0.00000000    
   5.66642904       0.00000000    
   5.68309498       0.00000000    
   5.69976091       0.00000000    
   5.71642685       0.00000000    
   5.73309278       0.00000000    
   5.74975872       0.00000000    
   5.76642466       0.00000000    
   5.78309059       0.00000000    
   5.79975653       0.00000000    
   5.81642246       0.00000000    
   5.83308840       0.00000000    
   5.84975433       0.00000000    
   5.86642027       0.00000000    
   5.88308620       0.00000000    
   5.89975214       0.00000000    
   5.91641808       0.00000000    
   5.93308401       0.00000000    
   5.94974995       0.00000000    
   5.96641588       0.00000000    
   5.98308182       0.00000000    
   5.99974775       0.00000000    
   6.01641369       0.00000000    
   6.03307962       0.00000000    
   6.04974556       0.00000000    
   6.06641150       0.00000000    
   6.08307743       0.00000000    
   6.09974337       0.00000000    
   6.11640930       0.00000000    
   6.13307524       0.00000000    
   6.14974117       0.00000000    
   6.16640711       0.00000000    
   6.18307304       0.00000000    
   6.19973898       0.00000000    
   6.21640491       0.00000000    
   6.23307085       0.00000000    
   6.24973679       0.00000000    
   6.26640272       0.00000000    
   6.28306866       0.00000000    
   6.29973459       0.00000000    
   6.31640053       0.00000000    
   6.33306646       0.00000000    
   6.34973240       0.00000000    
   6.36639833       0.00000000    
   6.38306427       0.00000000    
   6.39973021       0.00000000    
   6.41639614       0.00000000    
   6.43306208       0.00000000    
   6.44972801       0.00000000    
   6.46639395       0.00000000    
   6.48305988       0.00000000    
   6.49972582       0.00000000    
   6.51639175       0.00000000    
   6.53305769       0.00000000    
   6.54972363       0.00000000    
   6.56638956       0.00000000    
   6.58305550       0.00000000    
   6.59972143       0.00000000    
   6.61638737       0.00000000    
   6.63305330       1.05400000E-19
   6.64971924       7.01700008E-15
   6.66638517       8.40299965E-12
   6.68305111       2.33300002E-09
   6.69971704       2.24900006E-07
   6.71638298       7.42900011E-06
   6.73304892       3.58700017E-05
   6.74971485       1.00199999E-04
   6.76638079       2.03999996E-04
   6.78304672       3.53400013E-04
   6.79971266       5.58700005E-04
   6.81637859       8.35000013E-04
   6.83304453       1.22199999E-03
   6.84971046       1.75900001E-03
   6.86637640       2.45800009E-03
   6.88304234       3.37400008E-03
   6.89970827       4.53099981E-03
   6.91637421       6.13099989E-03
   6.93304014       8.02300032E-03
   6.94970608       1.04400003E-02
   6.96637201       1.35399997E-02
   6.98303795       1.75000001E-02
   6.99970388       2.20800005E-02
   7.01636982       2.79900003E-02
   7.03303576       3.58199999E-02
   7.04970169       4.41999994E-02
   7.06636763       5.55500016E-02
   7.08303356       6.86300024E-02
   7.09969950       8.34999979E-02
   7.11636543      0.101199999    
   7.13303137      0.121900000    
   7.14969730      0.145999998    
   7.16636324      0.174500003    
   7.18302917      0.200900003    
   7.19969511      0.233999997    
   7.21636105      0.270799994    
   7.23302698      0.309300005    
   7.24969292      0.346199989    
   7.26635885      0.390700012    
   7.28302479      0.444599986    
   7.29969072      0.503799975    
   7.31635666      0.555499971    
   7.33302259      0.610700011    
   7.34968853      0.669000030    
   7.36635447      0.730099976    
   7.38302040      0.793699980    
   7.39968634      0.859700024    
   7.41635227      0.927900016    
   7.43301821      0.998399973    
   7.44968414       1.07099998    
   7.46635008       1.14499998    
   7.48301601       1.22099996    
   7.49968195       1.29999995    
   7.51634789       1.37899995    
   7.53301382       1.46099997    
   7.54967976       1.54400003    
   7.56634569       1.62899995    
   7.58301163       1.71500003    
   7.59967756       1.80299997    
   7.61634350       1.89199996    
   7.63300943       1.98300004    
   7.64967537       2.07500005    
   7.66634130       2.16799998    
   7.68300724       2.26300001    
   7.69967318       2.35999990    
   7.71633911       2.45700002    
   7.73300505       2.55599999    
   7.74967098       2.65599990    
   7.76633692       2.75799990    
   7.78300285       2.86100006    
   7.79966879       2.96499991    
   7.81633472       3.06999993    
   7.83300066       3.17700005    
   7.84966660       3.28500009    
   7.86633253       3.39499998    
   7.88299847       3.50500011    
   7.89966440       3.61700010    
   7.91633034       3.73099995    
   7.93299627       3.84500003    
   7.94966221       3.96099997    
   7.96632814       4.07800007    
   7.98299408       4.19700003    
   7.99966002       4.31699991    
   8.01632595       4.43800020    
   8.03299236       4.55999994    
   8.04965878       4.68400002    
   8.06632519       4.80900002    
   8.08299160       4.93499994    
   8.09965801       5.06300020    
   8.11632442       5.19199991    
   8.13299084       5.32200003    
   8.14965725       5.45300007    
   8.16632366       5.58599997    
   8.18299007       5.71999979    
   8.19965649       5.85500002    
   8.21632290       5.99200010    
   8.23298931       6.12900019    
   8.24965572       6.26800013    
   8.26632214       6.40799999    
   8.28298855       6.55000019    
   8.29965496       6.69199991    
   8.31632137       6.83599997    
   8.33298779       6.98099995    
   8.34965420       7.12699986    
   8.36632061       7.27400017    
   8.38298702       7.42299986    
   8.39965343       7.57200003    
   8.41631985       7.72300005    
   8.43298626       7.87500000    
   8.44965267       8.02700043    
   8.46631908       8.18099976    
   8.48298550       8.33600044    
   8.49965191       8.49199963    
   8.51631832       8.64900017    
   8.53298473       8.80700016    
   8.54965115       8.96500015    
   8.56631756       9.12500000    
   8.58298397       9.28600025    
   8.59965038       9.44799995    
   8.61631680       9.60999966    
   8.63298321       9.77400017    
   8.64964962       9.93799973    
   8.66631603       10.1000004    
   8.68298244       10.2700005    
   8.69964886       10.4399996    
   8.71631527       10.6000004    
   8.73298168       10.7700005    
   8.74964809       10.9399996    
   8.76631451       11.1099997    
   8.78298092       11.2799997    
   8.79964733       11.4499998    
   8.81631374       11.6199999    
   8.83298016       11.8000002    
   8.84964657       11.9700003    
   8.86631298       12.1400003    
   8.88297939       12.3199997    
   8.89964581       12.4899998    
   8.91631222       12.6700001    
   8.93297863       12.8400002    
   8.94964504       13.0200005    
   8.96631145       13.1999998    
   8.98297787       13.3699999    
   8.99964428       13.5500002    
   9.01631069       13.7299995    
   9.03297710       13.9099998    
   9.04964352       14.0900002    
   9.06630993       14.2700005    
   9.08297634       14.4499998    
   9.09964275       14.6300001    
   9.11630917       14.8100004    
   9.13297558       14.9899998    
   9.14964199       15.1700001    
   9.16630840       15.3500004    
   9.18297482       15.5299997    
   9.19964123       15.7200003    
   9.21630764       15.8999996    
   9.23297405       16.0799999    
   9.24964046       16.2600002    
   9.26630688       16.4500008    
   9.28297329       16.6299992    
   9.29963970       16.8099995    
   9.31630611       17.0000000    
   9.33297253       17.1800003    
   9.34963894       17.3600006    
   9.36630535       17.5499992    
   9.38297176       17.7299995    
   9.39963818       17.9099998    
   9.41630459       18.1000004    
   9.43297100       18.2800007    
   9.44963741       18.4599991    
   9.46630383       18.6499996    
   9.48297024       18.8299999    
   9.49963665       19.0100002    
   9.51630306       19.2000008    
   9.53296947       19.3799992    
   9.54963589       19.5599995    
   9.56630230       19.7500000    
   9.58296871       19.9300003    
   9.59963512       20.1100006    
   9.61630154       20.2999992    
   9.63296795       20.4799995    
   9.64963436       20.6599998    
   9.66630077       20.8400002    
   9.68296719       21.0200005    
   9.69963360       21.2099991    
   9.71630001       21.3899994    
   9.73296642       21.5699997    
   9.74963284       21.7500000    
   9.76629925       21.9300003    
   9.78296566       22.1100006    
   9.79963207       22.2900009    
   9.81629848       22.4699993    
   9.83296490       22.6499996    
   9.84963131       22.8299999    
   9.86629772       23.0000000    
   9.88296413       23.1800003    
   9.89963055       23.3600006    
   9.91629696       23.5400009    
   9.93296337       23.7199993    
   9.94962978       23.8899994    
   9.96629620       24.0699997    
   9.98296261       24.2399998    
   9.99962902       24.4200001    
   10.0162954       24.5900002    
   10.0329618       24.7700005    
   10.0496283       24.9400005    
   10.0662947       25.1100006    
   10.0829611       25.2900009    
   10.0996275       25.4599991    
   10.1162939       25.6299992    
   10.1329603       25.7999992    
   10.1496267       25.9699993    
   10.1662931       26.1399994    
   10.1829596       26.3099995    
   10.1996260       26.4799995    
   10.2162924       26.6499996    
   10.2329588       26.8199997    
   10.2496252       26.9799995    
   10.2662916       27.1499996    
   10.2829580       27.3099995    
   10.2996244       27.4799995    
   10.3162909       27.6399994    
   10.3329573       27.8099995    
   10.3496237       27.9699993    
   10.3662901       28.1299992    
   10.3829565       28.2900009    
   10.3996229       28.4500008    
   10.4162893       28.6100006    
   10.4329557       28.7700005    
   10.4496222       28.9300003    
   10.4662886       29.0900002    
   10.4829550       29.2500000    
   10.4996214       29.3999996    
   10.5162878       29.5599995    
   10.5329542       29.7099991    
   10.5496206       29.8700008    
   10.5662870       30.0200005    
   10.5829535       30.1700001    
   10.5996199       30.3199997    
   10.6162863       30.4799995    
   10.6329527       30.6299992    
   10.6496191       30.7700005    
   10.6662855       30.9200001    
   10.6829519       31.0699997    
   10.6996183       31.2199993    
   10.7162848       31.3600006    
   10.7329512       31.5100002    
   10.7496176       31.6499996    
   10.7662840       31.7900009    
   10.7829504       31.9400005    
   10.7996168       32.0800018    
   10.8162832       32.2200012    
   10.8329496       32.3600006    
   10.8496161       32.4900017    
   10.8662825       32.6300011    
   10.8829489       32.7700005    
   10.8996153       32.9000015    
   10.9162817       33.0400009    
   10.9329481       33.1699982    
   10.9496145       33.2999992    
   10.9662809       33.4399986    
   10.9829473       33.5699997    
   10.9996138       33.7000008    
   11.0162802       33.8300018    
   11.0329466       33.9500008    
   11.0496130       34.0800018    
   11.0662794       34.2099991    
   11.0829458       34.3300018    
   11.0996122       34.4500008    
   11.1162786       34.5800018    
   11.1329451       34.7000008    
   11.1496115       34.8199997    
   11.1662779       34.9399986    
   11.1829443       35.0600014    
   11.1996107       35.1699982    
   11.2162771       35.2900009    
   11.2329435       35.4000015    
   11.2496099       35.5200005    
   11.2662764       35.6300011    
   11.2829428       35.7400017    
   11.2996092       35.8499985    
   11.3162756       35.9599991    
   11.3329420       36.0699997    
   11.3496084       36.1800003    
   11.3662748       36.2900009    
   11.3829412       36.3899994    
   11.3996077       36.5000000    
   11.4162741       36.5999985    
   11.4329405       36.7000008    
   11.4496069       36.7999992    
   11.4662733       36.9000015    
   11.4829397       37.0000000    
   11.4996061       37.0999985    
   11.5162725       37.1899986    
   11.5329390       37.2900009    
   11.5496054       37.3800011    
   11.5662718       37.4799995    
   11.5829382       37.5699997    
   11.5996046       37.6599998    
   11.6162710       37.7500000    
   11.6329374       37.8300018    
   11.6496038       37.9199982    
   11.6662703       38.0099983    
   11.6829367       38.0900002    
   11.6996031       38.1699982    
   11.7162695       38.2599983    
   11.7329359       38.3400002    
   11.7496023       38.4199982    
   11.7662687       38.5000000    
   11.7829351       38.5699997    
   11.7996016       38.6500015    
   11.8162680       38.7200012    
   11.8329344       38.7999992    
   11.8496008       38.8699989    
   11.8662672       38.9399986    
   11.8829336       39.0099983    
   11.8996000       39.0800018    
   11.9162664       39.1500015    
   11.9329329       39.2099991    
   11.9495993       39.2799988    
   11.9662657       39.3400002    
   11.9829321       39.4000015    
   11.9995985       39.4599991    
   12.0162649       39.5200005    
   12.0329313       39.5800018    
   12.0495977       39.6399994    
   12.0662642       39.7000008    
   12.0829306       39.7500000    
   12.0995970       39.7999992    
   12.1162634       39.8600006    
   12.1329298       39.9099998    
   12.1495962       39.9599991    
   12.1662626       40.0099983    
   12.1829290       40.0499992    
   12.1995955       40.0999985    
   12.2162619       40.1399994    
   12.2329283       40.1899986    
   12.2495947       40.2299995    
   12.2662611       40.2700005    
   12.2829275       40.3100014    
   12.2995939       40.3499985    
   12.3162603       40.3800011    
   12.3329268       40.4199982    
   12.3495932       40.4599991    
   12.3662596       40.4900017    
   12.3829260       40.5200005    
   12.3995924       40.5499992    
   12.4162588       40.5800018    
   12.4329252       40.6100006    
   12.4495916       40.6300011    
   12.4662580       40.6599998    
   12.4829245       40.6800003    
   12.4995909       40.7000008    
   12.5162573       40.7299995    
   12.5329237       40.7500000    
   12.5495901       40.7700005    
   12.5662565       40.7799988    
   12.5829229       40.7999992    
   12.5995893       40.8100014    
   12.6162558       40.8300018    
   12.6329222       40.8400002    
   12.6495886       40.8499985    
   12.6662550       40.8600006    
   12.6829214       40.8699989    
   12.6995878       40.8699989    
   12.7162542       40.8800011    
   12.7329206       40.8800011    
   12.7495871       40.8899994    
   12.7662535       40.8899994    
   12.7829199       40.8899994    
   12.7995863       40.8899994    
   12.8162527       40.8899994    
   12.8329191       40.8800011    
   12.8495855       40.8800011    
   12.8662519       40.8699989    
   12.8829184       40.8600006    
   12.8995848       40.8600006    
   12.9162512       40.8499985    
   12.9329176       40.8300018    
   12.9495840       40.8199997    
   12.9662504       40.8100014    
   12.9829168       40.7900009    
   12.9995832       40.7700005    
   13.0162497       40.7599983    
   13.0329161       40.7400017    
   13.0495825       40.7200012    
   13.0662489       40.6899986    
   13.0829153       40.6699982    
   13.0995817       40.6500015    
   13.1162481       40.6199989    
   13.1329145       40.5900002    
   13.1495810       40.5699997    
   13.1662474       40.5299988    
   13.1829138       40.5000000    
   13.1995802       40.4700012    
   13.2162466       40.4399986    
   13.2329130       40.4000015    
   13.2495794       40.3699989    
   13.2662458       40.3300018    
   13.2829123       40.2900009    
   13.2995787       40.2500000    
   13.3162451       40.2099991    
   13.3329115       40.1699982    
   13.3495779       40.1199989    
   13.3662443       40.0800018    
   13.3829107       40.0299988    
   13.3995771       39.9799995    
   13.4162436       39.9300003    
   13.4329100       39.8800011    
   13.4495764       39.8300018    
   13.4662428       39.7799988    
   13.4829092       39.7200012    
   13.4995756       39.6699982    
   13.5162420       39.6100006    
   13.5329084       39.5499992    
   13.5495749       39.5000000    
   13.5662413       39.4399986    
   13.5829077       39.3699989    
   13.5995741       39.3100014    
   13.6162405       39.2500000    
   13.6329069       39.1800003    
   13.6495733       39.1100006    
   13.6662397       39.0499992    
   13.6829062       38.9799995    
   13.6995726       38.9099998    
   13.7162390       38.8300018    
   13.7329054       38.7599983    
   13.7495718       38.6899986    
   13.7662382       38.6100006    
   13.7829046       38.5400009    
   13.7995710       38.4599991    
   13.8162374       38.3800011    
   13.8329039       38.2999992    
   13.8495703       38.2200012    
   13.8662367       38.1300011    
   13.8829031       38.0499992    
   13.8995695       37.9700012    
   13.9162359       37.8800011    
   13.9329023       37.7900009    
   13.9495687       37.7000008    
   13.9662352       37.6100006    
   13.9829016       37.5200005    
   13.9995680       37.4300003    
   14.0162344       37.3400002    
   14.0329008       37.2400017    
   14.0495672       37.1500015    
   14.0662336       37.0499992    
   14.0829000       36.9500008    
   14.0995665       36.8499985    
   14.1162329       36.7500000    
   14.1328993       36.6500015    
   14.1495657       36.5499992    
   14.1662321       36.4500008    
   14.1828985       36.3400002    
   14.1995649       36.2299995    
   14.2162313       36.1300011    
   14.2328978       36.0200005    
   14.2495642       35.9099998    
   14.2662306       35.7999992    
   14.2828970       35.6899986    
   14.2995634       35.5800018    
   14.3162298       35.4599991    
   14.3328962       35.3499985    
   14.3495626       35.2299995    
   14.3662291       35.1199989    
   14.3828955       35.0000000    
   14.3995619       34.8800011    
   14.4162283       34.7599983    
   14.4328947       34.6399994    
   14.4495611       34.5200005    
   14.4662275       34.3899994    
   14.4828939       34.2700005    
   14.4995604       34.1399994    
   14.5162268       34.0200005    
   14.5328932       33.8899994    
   14.5495596       33.7599983    
   14.5662260       33.6300011    
   14.5828924       33.5000000    
   14.5995588       33.3699989    
   14.6162252       33.2400017    
   14.6328917       33.1100006    
   14.6495581       32.9700012    
   14.6662245       32.8400002    
   14.6828909       32.7000008    
   14.6995573       32.5600014    
   14.7162237       32.4300003    
   14.7328901       32.2900009    
   14.7495565       32.1500015    
   14.7662230       32.0099983    
   14.7828894       31.8700008    
   14.7995558       31.7199993    
   14.8162222       31.5799999    
   14.8328886       31.4400005    
   14.8495550       31.2900009    
   14.8662214       31.1399994    
   14.8828878       31.0000000    
   14.8995543       30.8500004    
   14.9162207       30.7000008    
   14.9328871       30.5499992    
   14.9495535       30.3999996    
   14.9662199       30.2500000    
   14.9828863       30.1000004    
   14.9995527       29.9500008    
   15.0162191       29.7900009    
   15.0328856       29.6399994    
   15.0495520       29.4799995    
   15.0662184       29.3299999    
   15.0828848       29.1700001    
   15.0995512       29.0100002    
   15.1162176       28.8500004    
   15.1328840       28.6900005    
   15.1495504       28.5400009    
   15.1662169       28.3700008    
   15.1828833       28.2099991    
   15.1995497       28.0499992    
   15.2162161       27.8899994    
   15.2328825       27.7299995    
   15.2495489       27.5599995    
   15.2662153       27.3999996    
   15.2828817       27.2299995    
   15.2995481       27.0699997    
   15.3162146       26.8999996    
   15.3328810       26.7299995    
   15.3495474       26.5599995    
   15.3662138       26.3999996    
   15.3828802       26.2299995    
   15.3995466       26.0599995    
   15.4162130       25.8899994    
   15.4328794       25.7199993    
   15.4495459       25.5499992    
   15.4662123       25.3700008    
   15.4828787       25.2000008    
   15.4995451       25.0300007    
   15.5162115       24.8600006    
   15.5328779       24.6800003    
   15.5495443       24.5100002    
   15.5662107       24.3299999    
   15.5828772       24.1599998    
   15.5995436       23.9799995    
   15.6162100       23.7999992    
   15.6328764       23.6299992    
   15.6495428       23.4500008    
   15.6662092       23.2700005    
   15.6828756       23.0900002    
   15.6995420       22.9200001    
   15.7162085       22.7399998    
   15.7328749       22.5599995    
   15.7495413       22.3799992    
   15.7662077       22.2000008    
   15.7828741       22.0200005    
   15.7995405       21.8400002    
   15.8162069       21.6599998    
   15.8328733       21.4799995    
   15.8495398       21.2999992    
   15.8662062       21.1100006    
   15.8828726       20.9300003    
   15.8995390       20.7500000    
   15.9162054       20.5699997    
   15.9328718       20.3899994    
   15.9495382       20.2000008    
   15.9662046       20.0200005    
   15.9828711       19.8400002    
   15.9995375       19.6599998    
   16.0162029       19.4699993    
   16.0328693       19.2900009    
   16.0495358       19.1100006    
   16.0662022       18.9200001    
   16.0828686       18.7399998    
   16.0995350       18.5599995    
   16.1162014       18.3700008    
   16.1328678       18.1900005    
   16.1495342       18.0000000    
   16.1662006       17.8199997    
   16.1828671       17.6399994    
   16.1995335       17.4500008    
   16.2161999       17.2700005    
   16.2328663       17.0900002    
   16.2495327       16.8999996    
   16.2661991       16.7199993    
   16.2828655       16.5400009    
   16.2995319       16.3600006    
   16.3161983       16.1700001    
   16.3328648       15.9899998    
   16.3495312       15.8100004    
   16.3661976       15.6300001    
   16.3828640       15.4399996    
   16.3995304       15.2600002    
   16.4161968       15.0799999    
   16.4328632       14.8999996    
   16.4495296       14.7200003    
   16.4661961       14.5400000    
   16.4828625       14.3599997    
   16.4995289       14.1800003    
   16.5161953       14.0000000    
   16.5328617       13.8199997    
   16.5495281       13.6400003    
   16.5661945       13.4600000    
   16.5828609       13.2900000    
   16.5995274       13.1099997    
   16.6161938       12.9300003    
   16.6328602       12.7500000    
   16.6495266       12.5799999    
   16.6661930       12.3999996    
   16.6828594       12.2299995    
   16.6995258       12.0600004    
   16.7161922       11.8800001    
   16.7328587       11.7100000    
   16.7495251       11.5400000    
   16.7661915       11.3699999    
   16.7828579       11.1899996    
   16.7995243       11.0200005    
   16.8161907       10.8500004    
   16.8328571       10.6899996    
   16.8495235       10.5200005    
   16.8661900       10.3500004    
   16.8828564       10.1800003    
   16.8995228       10.0200005    
   16.9161892       9.85400009    
   16.9328556       9.69099998    
   16.9495220       9.52799988    
   16.9661884       9.36600018    
   16.9828548       9.20400047    
   16.9995213       9.04399967    
   17.0161877       8.88500023    
   17.0328541       8.72700024    
   17.0495205       8.56900024    
   17.0661869       8.41300011    
   17.0828533       8.25699997    
   17.0995197       8.10299969    
   17.1161861       7.94999981    
   17.1328526       7.79799986    
   17.1495190       7.64599991    
   17.1661854       7.49599981    
   17.1828518       7.34700012    
   17.1995182       7.19899988    
   17.2161846       7.05299997    
   17.2328510       6.90700006    
   17.2495174       6.76300001    
   17.2661839       6.61999989    
   17.2828503       6.47700024    
   17.2995167       6.33699989    
   17.3161831       6.19700003    
   17.3328495       6.05900002    
   17.3495159       5.92199993    
   17.3661823       5.78599977    
   17.3828487       5.65100002    
   17.3995152       5.51800013    
   17.4161816       5.38600016    
   17.4328480       5.25500011    
   17.4495144       5.12500000    
   17.4661808       4.99700022    
   17.4828472       4.86999989    
   17.4995136       4.74499989    
   17.5161800       4.61999989    
   17.5328465       4.49700022    
   17.5495129       4.37500000    
   17.5661793       4.25500011    
   17.5828457       4.13600016    
   17.5995121       4.01800013    
   17.6161785       3.90199995    
   17.6328449       3.78600001    
   17.6495113       3.67199993    
   17.6661777       3.55999994    
   17.6828442       3.44799995    
   17.6995106       3.33800006    
   17.7161770       3.23000002    
   17.7328434       3.12199998    
   17.7495098       3.01600003    
   17.7661762       2.91100001    
   17.7828426       2.80800009    
   17.7995090       2.70600009    
   17.8161755       2.60500002    
   17.8328419       2.50500011    
   17.8495083       2.40700006    
   17.8661747       2.30999994    
   17.8828411       2.21399999    
   17.8995075       2.11999989    
   17.9161739       2.02699995    
   17.9328403       1.93599999    
   17.9495068       1.84599996    
   17.9661732       1.75699997    
   17.9828396       1.66999996    
   17.9995060       1.58500004    
   18.0161724       1.50100005    
   18.0328388       1.41799998    
   18.0495052       1.33800006    
   18.0661716       1.25899994    
   18.0828381       1.18200004    
   18.0995045       1.10599995    
   18.1161709       1.03299999    
   18.1328373      0.961499989    
   18.1495037      0.892300010    
   18.1661701      0.825200021    
   18.1828365      0.760399997    
   18.1995029      0.698000014    
   18.2161694      0.638300002    
   18.2328358      0.581600010    
   18.2495022      0.528199971    
   18.2661686      0.474400014    
   18.2828350      0.415199995    
   18.2995014      0.366400003    
   18.3161678      0.326099992    
   18.3328342      0.292600006    
   18.3495007      0.248999998    
   18.3661671      0.220200002    
   18.3828335      0.185399994    
   18.3994999      0.157000005    
   18.4161663      0.133100003    
   18.4328327      0.112199999    
   18.4494991       9.20900032E-02
   18.4661655       7.48599991E-02
   18.4828320       6.08499981E-02
   18.4994984       4.95599993E-02
   18.5161648       3.93499993E-02
   18.5328312       3.15000005E-02
   18.5494976       2.46799998E-02
   18.5661640       1.95499994E-02
   18.5828304       1.53200002E-02
   18.5994968       1.18399998E-02
   18.6161633       9.11500026E-03
   18.6328297       6.98600011E-03
   18.6494961       5.20600006E-03
   18.6661625       3.88400001E-03
   18.6828289       2.88999989E-03
   18.6994953       2.05600006E-03
   18.7161617       1.46299996E-03
   18.7328281       1.01300003E-03
   18.7494946       6.75400021E-04
   18.7661610       4.35599999E-04
   18.7828274       2.65699986E-04
   18.7994938       1.45800004E-04
   18.8161602       6.38600031E-05
   18.8328266       1.68700008E-05
   18.8494930       1.66799998E-06
   18.8661594       1.82799997E-08
   18.8828259       1.49800006E-10
   18.8994923       2.51400002E-13
   18.9161587       7.27900013E-17
   18.9328251       3.38599952E-39
   18.9494915       0.00000000    
   18.9661579       0.00000000    
   18.9828243       0.00000000    
   18.9994907       0.00000000    
   19.0161572       0.00000000    
   19.0328236       0.00000000    
   19.0494900       0.00000000    
   19.0661564       0.00000000    
   19.0828228       0.00000000    
   19.0994892       0.00000000    
   19.1161556       0.00000000    
   19.1328220       0.00000000    
   19.1494884       0.00000000    
   19.1661549       0.00000000    
   19.1828213       0.00000000    
   19.1994877       0.00000000    
   19.2161541       0.00000000    
   19.2328205       0.00000000    
   19.2494869       0.00000000    
   19.2661533       0.00000000    
   19.2828197       0.00000000    
   19.2994862       0.00000000    
   19.3161526       0.00000000    
   19.3328190       0.00000000    
   19.3494854       0.00000000    
   19.3661518       0.00000000    
   19.3828182       0.00000000    
   19.3994846       0.00000000    
   19.4161510       0.00000000    
   19.4328175       0.00000000    
   19.4494839       0.00000000    
   19.4661503       0.00000000    
   19.4828167       0.00000000    
   19.4994831       0.00000000    
   19.5161495       0.00000000    
   19.5328159       0.00000000    
   19.5494823       0.00000000    
   19.5661488       0.00000000    
   19.5828152       0.00000000    
   19.5994816       0.00000000    
   19.6161480       0.00000000    
   19.6328144       0.00000000    
   19.6494808       0.00000000    
   19.6661472       0.00000000    
   19.6828136       0.00000000    
   19.6994801       0.00000000    
   19.7161465       0.00000000    
   19.7328129       0.00000000    
   19.7494793       0.00000000    
   19.7661457       0.00000000    
   19.7828121       0.00000000    
   19.7994785       0.00000000    
   19.8161449       0.00000000    
   19.8328114       0.00000000    
   19.8494778       0.00000000    
   19.8661442       0.00000000    
   19.8828106       0.00000000    
   19.8994770       0.00000000    
   19.9161434       0.00000000    
   19.9328098       0.00000000    
   19.9494762       0.00000000    
   19.9661427       0.00000000    
   19.9828091       0.00000000    
   19.9994755       0.00000000    
   20.0161419       0.00000000    
   20.0328083       0.00000000    
   20.0494747       0.00000000    
   20.0661411       0.00000000    
   20.0828075       0.00000000    
   20.0994740       0.00000000    
   20.1161404       0.00000000    
   20.1328068       0.00000000    
   20.1494732       0.00000000    
   20.1661396       0.00000000    
   20.1828060       0.00000000    
   20.1994724       0.00000000    
   20.2161388       0.00000000    
   20.2328053       0.00000000    
   20.2494717       0.00000000    
   20.2661381       0.00000000    
   20.2828045       0.00000000    
   20.2994709       0.00000000    
   20.3161373       0.00000000    
   20.3328037       0.00000000    
   20.3494701       0.00000000    
   20.3661366       0.00000000    
   20.3828030       0.00000000    
   20.3994694       0.00000000    
   20.4161358       0.00000000    
   20.4328022       0.00000000    
   20.4494686       0.00000000    
   20.4661350       0.00000000    
   20.4828014       0.00000000    
   20.4994678       0.00000000    
   20.5161343       0.00000000    
   20.5328007       0.00000000    
   20.5494671       0.00000000    
   20.5661335       0.00000000    
   20.5827999       0.00000000    
   20.5994663       0.00000000    
   20.6161327       0.00000000    
   20.6327991       0.00000000    
   20.6494656       0.00000000    
   20.6661320       0.00000000    
   20.6827984       0.00000000    
   20.6994648       0.00000000    
   20.7161312       0.00000000    
   20.7327976       0.00000000    
   20.7494640       0.00000000    
   20.7661304       0.00000000    
   20.7827969       0.00000000    
   20.7994633       0.00000000    
   20.8161297       0.00000000    
   20.8327961       0.00000000    
   20.8494625       0.00000000    
   20.8661289       0.00000000    
   20.8827953       0.00000000    
   20.8994617       0.00000000    
   20.9161282       0.00000000    
   20.9327946       0.00000000    
   20.9494610       0.00000000    
   20.9661274       0.00000000    
   20.9827938       0.00000000    
   20.9994602       0.00000000    
   21.0161266       0.00000000    
   21.0327930       0.00000000    
   21.0494595       0.00000000    
   21.0661259       0.00000000    
   21.0827923       0.00000000    
   21.0994587       0.00000000    
   21.1161251       0.00000000    
   21.1327915       0.00000000    
   21.1494579       0.00000000    
   21.1661243       0.00000000    
   21.1827908       0.00000000    
   21.1994572       0.00000000    
   21.2161236       0.00000000    
   21.2327900       0.00000000    
   21.2494564       0.00000000    
   21.2661228       0.00000000    
   21.2827892       0.00000000    
   21.2994556       0.00000000    
   21.3161221       0.00000000    
   21.3327885       0.00000000    
   21.3494549       0.00000000    
   21.3661213       0.00000000    
   21.3827877       0.00000000    
   21.3994541       0.00000000    
   21.4161205       0.00000000    
   21.4327869       0.00000000    
   21.4494534       0.00000000    
   21.4661198       0.00000000    
   21.4827862       0.00000000    
   21.4994526       0.00000000    
   21.5161190       0.00000000    
   21.5327854       0.00000000    
   21.5494518       0.00000000    
   21.5661182       0.00000000    
   21.5827847       0.00000000    
   21.5994511       0.00000000    
   21.6161175       0.00000000    
   21.6327839       0.00000000    
   21.6494503       0.00000000    
   21.6661167       0.00000000    
   21.6827831       0.00000000    
   21.6994495       0.00000000    
   21.7161160       0.00000000    
   21.7327824       0.00000000    
   21.7494488       0.00000000    
   21.7661152       0.00000000    
   21.7827816       0.00000000    
   21.7994480       0.00000000    
   21.8161144       0.00000000    
   21.8327808       0.00000000    
   21.8494473       0.00000000    
   21.8661137       0.00000000    
   21.8827801       0.00000000    
   21.8994465       0.00000000    
   21.9161129       0.00000000    
   21.9327793       0.00000000    
   21.9494457       0.00000000    
   21.9661121       0.00000000    
   21.9827785       0.00000000    
   21.9994450       0.00000000    
   22.0161114       0.00000000    
   22.0327778       0.00000000    
   22.0494442       0.00000000    
   22.0661106       0.00000000    
   22.0827770       0.00000000    
   22.0994434       0.00000000    
   22.1161098       0.00000000    
   22.1327763       0.00000000    
   22.1494427       0.00000000    
   22.1661091       0.00000000    
   22.1827755       0.00000000    
   22.1994419       0.00000000    
   22.2161083       0.00000000    
   22.2327747       0.00000000    
   22.2494411       0.00000000    
   22.2661076       0.00000000    
   22.2827740       0.00000000    
   22.2994404       0.00000000    
   22.3161068       0.00000000    
   22.3327732       0.00000000    
   22.3494396       0.00000000    
   22.3661060       0.00000000    
   22.3827724       0.00000000    
   22.3994389       0.00000000    
   22.4161053       0.00000000    
   22.4327717       0.00000000    
   22.4494381       0.00000000    
   22.4661045       0.00000000    
   22.4827709       0.00000000    
   22.4994373       0.00000000    
   22.5161037       0.00000000    
   22.5327702       0.00000000    
   22.5494366       0.00000000    
   22.5661030       0.00000000    
   22.5827694       0.00000000    
   22.5994358       0.00000000    
   22.6161022       0.00000000    
   22.6327686       0.00000000    
   22.6494350       0.00000000    
   22.6661015       0.00000000    
   22.6827679       0.00000000    
   22.6994343       0.00000000    
   22.7161007       0.00000000    
   22.7327671       0.00000000    
   22.7494335       0.00000000    
   22.7660999       0.00000000    
   22.7827663       0.00000000    
   22.7994328       0.00000000    
   22.8160992       0.00000000    
   22.8327656       0.00000000    
   22.8494320       0.00000000    
   22.8660984       0.00000000    
   22.8827648       0.00000000    
   22.8994312       0.00000000    
   22.9160976       0.00000000    
   22.9327641       0.00000000    
   22.9494305       0.00000000    
   22.9660969       0.00000000    
   22.9827633       0.00000000    
   22.9994297       0.00000000    
   23.0160961       0.00000000    
   23.0327625       0.00000000    
   23.0494289       0.00000000    
   23.0660954       0.00000000    
   23.0827618       0.00000000    
   23.0994282       0.00000000    
   23.1160946       0.00000000    
   23.1327610       0.00000000    
   23.1494274       0.00000000    
   23.1660938       0.00000000    
   23.1827602       0.00000000    
   23.1994267       0.00000000    
   23.2160931       0.00000000    
   23.2327595       0.00000000    
   23.2494259       0.00000000    
   23.2660923       0.00000000    
   23.2827587       0.00000000    
   23.2994251       0.00000000    
   23.3160915       0.00000000    
   23.3327579       0.00000000    
   23.3494244       0.00000000    
   23.3660908       0.00000000    
   23.3827572       0.00000000    
   23.3994236       0.00000000    
   23.4160900       0.00000000    
   23.4327564       0.00000000    
   23.4494228       0.00000000    
   23.4660892       0.00000000    
   23.4827557       0.00000000    
   23.4994221       0.00000000    
   23.5160885       0.00000000    
   23.5327549       0.00000000    
   23.5494213       0.00000000    
   23.5660877       0.00000000    
   23.5827541       0.00000000    
   23.5994205       0.00000000    
   23.6160870       0.00000000    
   23.6327534       0.00000000    
   23.6494198       0.00000000    
   23.6660862       0.00000000    
   23.6827526       0.00000000    
   23.6994190       0.00000000    
   23.7160854       0.00000000    
   23.7327518       0.00000000    
   23.7494183       0.00000000    
   23.7660847       0.00000000    
   23.7827511       0.00000000    
   23.7994175       0.00000000    
   23.8160839       0.00000000    
   23.8327503       0.00000000    
   23.8494167       0.00000000    
   23.8660831       0.00000000    
   23.8827496       0.00000000    
   23.8994160       0.00000000    
   23.9160824       0.00000000    
   23.9327488       0.00000000    
   23.9494152       0.00000000    
   23.9660816       0.00000000    
   23.9827480       0.00000000    
