   0.00000000       0.00000000    
   1.66660007E-02   0.00000000    
   3.33320014E-02   0.00000000    
   4.99980003E-02   0.00000000    
   6.66640028E-02   0.00000000    
   8.33300054E-02   0.00000000    
   9.99960080E-02   0.00000000    
  0.116662011       0.00000000    
  0.133328006       0.00000000    
  0.149994001       0.00000000    
  0.166659996       0.00000000    
  0.183325991       0.00000000    
  0.199991986       0.00000000    
  0.216657981       0.00000000    
  0.233323976       0.00000000    
  0.249989972       0.00000000    
  0.266655982       0.00000000    
  0.283321977       0.00000000    
  0.299987972       0.00000000    
  0.316653967       0.00000000    
  0.333319962       0.00000000    
  0.349985957       0.00000000    
  0.366651952       0.00000000    
  0.383317947       0.00000000    
  0.399983943       0.00000000    
  0.416649938       0.00000000    
  0.433315933       0.00000000    
  0.449981928       0.00000000    
  0.466647923       0.00000000    
  0.483313918       0.00000000    
  0.499979913       0.00000000    
  0.516645908       0.00000000    
  0.533311903       0.00000000    
  0.549977899       0.00000000    
  0.566643894       0.00000000    
  0.583309889       0.00000000    
  0.599975884       0.00000000    
  0.616641879       0.00000000    
  0.633307874       0.00000000    
  0.649973869       0.00000000    
  0.666639864       0.00000000    
  0.683305860       0.00000000    
  0.699971855       0.00000000    
  0.716637850       0.00000000    
  0.733303845       0.00000000    
  0.749969840       0.00000000    
  0.766635835       0.00000000    
  0.783301830       0.00000000    
  0.799967825       0.00000000    
  0.816633821       0.00000000    
  0.833299816       0.00000000    
  0.849965811       0.00000000    
  0.866631806       0.00000000    
  0.883297801       0.00000000    
  0.899963796       0.00000000    
  0.916629791       0.00000000    
  0.933295786       0.00000000    
  0.949961782       0.00000000    
  0.966627777       0.00000000    
  0.983293772       0.00000000    
  0.999959767       0.00000000    
   1.01662576       0.00000000    
   1.03329182       0.00000000    
   1.04995787       0.00000000    
   1.06662393       0.00000000    
   1.08328998       0.00000000    
   1.09995604       0.00000000    
   1.11662209       0.00000000    
   1.13328815       0.00000000    
   1.14995420       0.00000000    
   1.16662025       0.00000000    
   1.18328631       0.00000000    
   1.19995236       0.00000000    
   1.21661842       0.00000000    
   1.23328447       0.00000000    
   1.24995053       0.00000000    
   1.26661658       0.00000000    
   1.28328264       0.00000000    
   1.29994869       0.00000000    
   1.31661475       0.00000000    
   1.33328080       0.00000000    
   1.34994686       0.00000000    
   1.36661291       0.00000000    
   1.38327897       0.00000000    
   1.39994502       0.00000000    
   1.41661108       0.00000000    
   1.43327713       0.00000000    
   1.44994318       0.00000000    
   1.46660924       0.00000000    
   1.48327529       0.00000000    
   1.49994135       0.00000000    
   1.51660740       0.00000000    
   1.53327346       0.00000000    
   1.54993951       0.00000000    
   1.56660557       0.00000000    
   1.58327162       0.00000000    
   1.59993768       0.00000000    
   1.61660373       0.00000000    
   1.63326979       0.00000000    
   1.64993584       0.00000000    
   1.66660190       0.00000000    
   1.68326795       0.00000000    
   1.69993401       0.00000000    
   1.71660006       0.00000000    
   1.73326612       0.00000000    
   1.74993217       0.00000000    
   1.76659822       0.00000000    
   1.78326428       0.00000000    
   1.79993033       0.00000000    
   1.81659639       0.00000000    
   1.83326244       0.00000000    
   1.84992850       0.00000000    
   1.86659455       0.00000000    
   1.88326061       0.00000000    
   1.89992666       0.00000000    
   1.91659272       0.00000000    
   1.93325877       0.00000000    
   1.94992483       0.00000000    
   1.96659088       0.00000000    
   1.98325694       0.00000000    
   1.99992299       0.00000000    
   2.01658893       0.00000000    
   2.03325486       0.00000000    
   2.04992080       0.00000000    
   2.06658673       0.00000000    
   2.08325267       0.00000000    
   2.09991860       0.00000000    
   2.11658454       0.00000000    
   2.13325047       0.00000000    
   2.14991641       0.00000000    
   2.16658235       0.00000000    
   2.18324828       0.00000000    
   2.19991422       0.00000000    
   2.21658015       0.00000000    
   2.23324609       0.00000000    
   2.24991202       0.00000000    
   2.26657796       0.00000000    
   2.28324389       0.00000000    
   2.29990983       0.00000000    
   2.31657577       0.00000000    
   2.33324170       0.00000000    
   2.34990764       0.00000000    
   2.36657357       0.00000000    
   2.38323951       0.00000000    
   2.39990544       0.00000000    
   2.41657138       0.00000000    
   2.43323731       0.00000000    
   2.44990325       0.00000000    
   2.46656919       0.00000000    
   2.48323512       0.00000000    
   2.49990106       0.00000000    
   2.51656699       0.00000000    
   2.53323293       0.00000000    
   2.54989886       0.00000000    
   2.56656480       0.00000000    
   2.58323073       0.00000000    
   2.59989667       0.00000000    
   2.61656260       0.00000000    
   2.63322854       0.00000000    
   2.64989448       0.00000000    
   2.66656041       0.00000000    
   2.68322635       0.00000000    
   2.69989228       0.00000000    
   2.71655822       0.00000000    
   2.73322415       0.00000000    
   2.74989009       0.00000000    
   2.76655602       0.00000000    
   2.78322196       0.00000000    
   2.79988790       0.00000000    
   2.81655383       0.00000000    
   2.83321977       0.00000000    
   2.84988570       0.00000000    
   2.86655164       0.00000000    
   2.88321757       0.00000000    
   2.89988351       0.00000000    
   2.91654944       0.00000000    
   2.93321538       0.00000000    
   2.94988132       0.00000000    
   2.96654725       0.00000000    
   2.98321319       0.00000000    
   2.99987912       0.00000000    
   3.01654506       0.00000000    
   3.03321099       0.00000000    
   3.04987693       0.00000000    
   3.06654286       0.00000000    
   3.08320880       0.00000000    
   3.09987473       0.00000000    
   3.11654067       0.00000000    
   3.13320661       0.00000000    
   3.14987254       0.00000000    
   3.16653848       0.00000000    
   3.18320441       0.00000000    
   3.19987035       0.00000000    
   3.21653628       0.00000000    
   3.23320222       0.00000000    
   3.24986815       0.00000000    
   3.26653409       0.00000000    
   3.28320003       0.00000000    
   3.29986596       0.00000000    
   3.31653190       0.00000000    
   3.33319783       0.00000000    
   3.34986377       0.00000000    
   3.36652970       0.00000000    
   3.38319564       0.00000000    
   3.39986157       0.00000000    
   3.41652751       0.00000000    
   3.43319345       0.00000000    
   3.44985938       0.00000000    
   3.46652532       0.00000000    
   3.48319125       0.00000000    
   3.49985719       0.00000000    
   3.51652312       0.00000000    
   3.53318906       0.00000000    
   3.54985499       0.00000000    
   3.56652093       0.00000000    
   3.58318686       0.00000000    
   3.59985280       0.00000000    
   3.61651874       0.00000000    
   3.63318467       0.00000000    
   3.64985061       0.00000000    
   3.66651654       0.00000000    
   3.68318248       0.00000000    
   3.69984841       0.00000000    
   3.71651435       0.00000000    
   3.73318028       0.00000000    
   3.74984622       0.00000000    
   3.76651216       0.00000000    
   3.78317809       0.00000000    
   3.79984403       0.00000000    
   3.81650996       0.00000000    
   3.83317590       0.00000000    
   3.84984183       0.00000000    
   3.86650777       0.00000000    
   3.88317370       0.00000000    
   3.89983964       0.00000000    
   3.91650558       0.00000000    
   3.93317151       0.00000000    
   3.94983745       0.00000000    
   3.96650338       0.00000000    
   3.98316932       0.00000000    
   3.99983525       0.00000000    
   4.01650143       0.00000000    
   4.03316736       0.00000000    
   4.04983330       0.00000000    
   4.06649923       0.00000000    
   4.08316517       0.00000000    
   4.09983110       0.00000000    
   4.11649704       0.00000000    
   4.13316298       0.00000000    
   4.14982891       0.00000000    
   4.16649485       0.00000000    
   4.18316078       0.00000000    
   4.19982672       0.00000000    
   4.21649265       0.00000000    
   4.23315859       0.00000000    
   4.24982452       0.00000000    
   4.26649046       0.00000000    
   4.28315639       0.00000000    
   4.29982233       0.00000000    
   4.31648827       0.00000000    
   4.33315420       0.00000000    
   4.34982014       0.00000000    
   4.36648607       0.00000000    
   4.38315201       0.00000000    
   4.39981794       0.00000000    
   4.41648388       0.00000000    
   4.43314981       0.00000000    
   4.44981575       0.00000000    
   4.46648169       0.00000000    
   4.48314762       0.00000000    
   4.49981356       0.00000000    
   4.51647949       0.00000000    
   4.53314543       0.00000000    
   4.54981136       0.00000000    
   4.56647730       0.00000000    
   4.58314323       0.00000000    
   4.59980917       0.00000000    
   4.61647511       0.00000000    
   4.63314104       0.00000000    
   4.64980698       0.00000000    
   4.66647291       0.00000000    
   4.68313885       0.00000000    
   4.69980478       0.00000000    
   4.71647072       0.00000000    
   4.73313665       0.00000000    
   4.74980259       0.00000000    
   4.76646852       0.00000000    
   4.78313446       0.00000000    
   4.79980040       0.00000000    
   4.81646633       0.00000000    
   4.83313227       0.00000000    
   4.84979820       0.00000000    
   4.86646414       0.00000000    
   4.88313007       0.00000000    
   4.89979601       0.00000000    
   4.91646194       0.00000000    
   4.93312788       0.00000000    
   4.94979382       0.00000000    
   4.96645975       0.00000000    
   4.98312569       0.00000000    
   4.99979162       0.00000000    
   5.01645756       0.00000000    
   5.03312349       0.00000000    
   5.04978943       0.00000000    
   5.06645536       0.00000000    
   5.08312130       0.00000000    
   5.09978724       0.00000000    
   5.11645317       0.00000000    
   5.13311911       0.00000000    
   5.14978504       0.00000000    
   5.16645098       0.00000000    
   5.18311691       0.00000000    
   5.19978285       0.00000000    
   5.21644878       0.00000000    
   5.23311472       0.00000000    
   5.24978065       0.00000000    
   5.26644659       0.00000000    
   5.28311253       0.00000000    
   5.29977846       0.00000000    
   5.31644440       0.00000000    
   5.33311033       0.00000000    
   5.34977627       0.00000000    
   5.36644220       0.00000000    
   5.38310814       0.00000000    
   5.39977407       0.00000000    
   5.41644001       0.00000000    
   5.43310595       0.00000000    
   5.44977188       0.00000000    
   5.46643782       0.00000000    
   5.48310375       0.00000000    
   5.49976969       0.00000000    
   5.51643562       0.00000000    
   5.53310156       0.00000000    
   5.54976749       0.00000000    
   5.56643343       0.00000000    
   5.58309937       0.00000000    
   5.59976530       0.00000000    
   5.61643124       0.00000000    
   5.63309717       0.00000000    
   5.64976311       0.00000000    
   5.66642904       0.00000000    
   5.68309498       0.00000000    
   5.69976091       0.00000000    
   5.71642685       0.00000000    
   5.73309278       0.00000000    
   5.74975872       0.00000000    
   5.76642466       0.00000000    
   5.78309059       0.00000000    
   5.79975653       0.00000000    
   5.81642246       0.00000000    
   5.83308840       0.00000000    
   5.84975433       0.00000000    
   5.86642027       0.00000000    
   5.88308620       0.00000000    
   5.89975214       0.00000000    
   5.91641808       0.00000000    
   5.93308401       0.00000000    
   5.94974995       0.00000000    
   5.96641588       0.00000000    
   5.98308182       0.00000000    
   5.99974775       0.00000000    
   6.01641369       0.00000000    
   6.03307962       0.00000000    
   6.04974556       0.00000000    
   6.06641150       0.00000000    
   6.08307743       0.00000000    
   6.09974337       0.00000000    
   6.11640930       0.00000000    
   6.13307524       0.00000000    
   6.14974117       0.00000000    
   6.16640711       0.00000000    
   6.18307304       0.00000000    
   6.19973898       0.00000000    
   6.21640491       0.00000000    
   6.23307085       0.00000000    
   6.24973679       0.00000000    
   6.26640272       0.00000000    
   6.28306866       0.00000000    
   6.29973459       0.00000000    
   6.31640053       0.00000000    
   6.33306646       0.00000000    
   6.34973240       0.00000000    
   6.36639833       0.00000000    
   6.38306427       0.00000000    
   6.39973021       0.00000000    
   6.41639614       0.00000000    
   6.43306208       0.00000000    
   6.44972801       0.00000000    
   6.46639395       0.00000000    
   6.48305988       0.00000000    
   6.49972582       0.00000000    
   6.51639175       0.00000000    
   6.53305769       0.00000000    
   6.54972363       0.00000000    
   6.56638956       0.00000000    
   6.58305550       0.00000000    
   6.59972143       0.00000000    
   6.61638737       1.50500005E-25
   6.63305330       3.28299998E-19
   6.64971924       5.50099989E-16
   6.66638517       2.28299991E-13
   6.68305111       2.41900007E-11
   6.69971704       1.61299996E-09
   6.71638298       1.18300001E-08
   6.73304892       4.17400017E-08
   6.74971485       1.03399998E-07
   6.76638079       2.04700001E-07
   6.78304672       3.73000006E-07
   6.79971266       6.47799993E-07
   6.81637859       1.07599999E-06
   6.83304453       1.73000001E-06
   6.84971046       2.66500001E-06
   6.86637640       3.79900007E-06
   6.88304234       5.33000002E-06
   6.89970827       7.29200019E-06
   6.91637421       9.68299992E-06
   6.93304014       1.27100002E-05
   6.94970608       1.64800003E-05
   6.96637201       2.11600000E-05
   6.98303795       2.69699995E-05
   6.99970388       3.35400000E-05
   7.01636982       4.15700015E-05
   7.03303576       5.18599991E-05
   7.04970169       6.24500026E-05
   7.06636763       7.51699990E-05
   7.08303356       9.07499998E-05
   7.09969950       1.09499997E-04
   7.11636543       1.29399996E-04
   7.13303137       1.51400003E-04
   7.14969730       1.73599998E-04
   7.16636324       2.00900002E-04
   7.18302917       2.34199993E-04
   7.19969511       2.62699992E-04
   7.21636105       3.03999986E-04
   7.23302698       3.36700003E-04
   7.24969292       3.75900010E-04
   7.26635885       4.22799989E-04
   7.28302479       4.79000009E-04
   7.29969072       5.30500023E-04
   7.31635666       5.82500012E-04
   7.33302259       6.38000027E-04
   7.34968853       6.96800009E-04
   7.36635447       7.58500013E-04
   7.38302040       8.23199982E-04
   7.39968634       8.90799973E-04
   7.41635227       9.61399986E-04
   7.43301821       1.03499996E-03
   7.44968414       1.11099996E-03
   7.46635008       1.18999998E-03
   7.48301601       1.27200002E-03
   7.49968195       1.35699997E-03
   7.51634789       1.44499994E-03
   7.53301382       1.53500005E-03
   7.54967976       1.62899995E-03
   7.56634569       1.72499998E-03
   7.58301163       1.82500004E-03
   7.59967756       1.92700000E-03
   7.61634350       2.03300011E-03
   7.63300943       2.14100000E-03
   7.64967537       2.25299993E-03
   7.66634130       2.36700010E-03
   7.68300724       2.48500006E-03
   7.69967318       2.60600005E-03
   7.71633911       2.73000007E-03
   7.73300505       2.85800011E-03
   7.74967098       2.98899994E-03
   7.76633692       3.12300003E-03
   7.78300285       3.25999991E-03
   7.79966879       3.40200006E-03
   7.81633472       3.54599999E-03
   7.83300066       3.69399996E-03
   7.84966660       3.84599995E-03
   7.86633253       4.00099996E-03
   7.88299847       4.16000001E-03
   7.89966440       4.32300009E-03
   7.91633034       4.48899996E-03
   7.93299627       4.66000009E-03
   7.94966221       4.83400002E-03
   7.96632814       5.01199998E-03
   7.98299408       5.19500021E-03
   7.99966002       5.38100023E-03
   8.01632595       5.57099981E-03
   8.03299236       5.76600013E-03
   8.04965878       5.96399978E-03
   8.06632519       6.16700016E-03
   8.08299160       6.37499988E-03
   8.09965801       6.58599986E-03
   8.11632442       6.80200011E-03
   8.13299084       7.02300016E-03
   8.14965725       7.24799978E-03
   8.16632366       7.47699989E-03
   8.18299007       7.71099981E-03
   8.19965649       7.95000046E-03
   8.21632290       8.19300022E-03
   8.23298931       8.44199955E-03
   8.24965572       8.69499985E-03
   8.26632214       8.95200018E-03
   8.28298855       9.21500009E-03
   8.29965496       9.48300026E-03
   8.31632137       9.75499954E-03
   8.33298779       1.00299995E-02
   8.34965420       1.03200004E-02
   8.36632061       1.05999997E-02
   8.38298702       1.09000001E-02
   8.39965343       1.11900000E-02
   8.41631985       1.15000000E-02
   8.43298626       1.18100001E-02
   8.44965267       1.21200001E-02
   8.46631908       1.24399997E-02
   8.48298550       1.27600003E-02
   8.49965191       1.30899996E-02
   8.51631832       1.34300003E-02
   8.53298473       1.37700001E-02
   8.54965115       1.41099999E-02
   8.56631756       1.44600002E-02
   8.58298397       1.48200002E-02
   8.59965038       1.51800001E-02
   8.61631680       1.55499997E-02
   8.63298321       1.59300007E-02
   8.64964962       1.63000003E-02
   8.66631603       1.66900009E-02
   8.68298244       1.70799997E-02
   8.69964886       1.74800009E-02
   8.71631527       1.78800002E-02
   8.73298168       1.82799995E-02
   8.74964809       1.86999999E-02
   8.76631451       1.91200003E-02
   8.78298092       1.95400007E-02
   8.79964733       1.99699998E-02
   8.81631374       2.04099994E-02
   8.83298016       2.08500009E-02
   8.84964657       2.12999992E-02
   8.86631298       2.17499994E-02
   8.88297939       2.22100001E-02
   8.89964581       2.26700008E-02
   8.91631222       2.31400002E-02
   8.93297863       2.36200001E-02
   8.94964504       2.41000000E-02
   8.96631145       2.45900005E-02
   8.98297787       2.50799991E-02
   8.99964428       2.55800001E-02
   9.01631069       2.60899998E-02
   9.03297710       2.65999995E-02
   9.04964352       2.71199998E-02
   9.06630993       2.76400000E-02
   9.08297634       2.81700008E-02
   9.09964275       2.86999997E-02
   9.11630917       2.92399991E-02
   9.13297558       2.97800004E-02
   9.14964199       3.03300004E-02
   9.16630840       3.08899991E-02
   9.18297482       3.14499997E-02
   9.19964123       3.20199989E-02
   9.21630764       3.25900018E-02
   9.23297405       3.31699997E-02
   9.24964046       3.37500013E-02
   9.26630688       3.43400016E-02
   9.28297329       3.49299982E-02
   9.29963970       3.55300009E-02
   9.31630611       3.61299999E-02
   9.33297253       3.67400013E-02
   9.34963894       3.73600014E-02
   9.36630535       3.79800014E-02
   9.38297176       3.86000015E-02
   9.39963818       3.92300002E-02
   9.41630459       3.98700014E-02
   9.43297100       4.05099988E-02
   9.44963741       4.11499999E-02
   9.46630383       4.17999998E-02
   9.48297024       4.24599983E-02
   9.49963665       4.31200005E-02
   9.51630306       4.37799990E-02
   9.53296947       4.44499999E-02
   9.54963589       4.51299995E-02
   9.56630230       4.58000004E-02
   9.58296871       4.64899987E-02
   9.59963512       4.71699983E-02
   9.61630154       4.78699990E-02
   9.63296795       4.85600010E-02
   9.64963436       4.92600016E-02
   9.66630077       4.99700010E-02
   9.68296719       5.06800003E-02
   9.69963360       5.13899997E-02
   9.71630001       5.21100014E-02
   9.73296642       5.28299995E-02
   9.74963284       5.35500012E-02
   9.76629925       5.42800017E-02
   9.78296566       5.50099984E-02
   9.79963207       5.57500012E-02
   9.81629848       5.64900003E-02
   9.83296490       5.72299995E-02
   9.84963131       5.79699986E-02
   9.86629772       5.87200001E-02
   9.88296413       5.94800003E-02
   9.89963055       6.02300018E-02
   9.91629696       6.09899983E-02
   9.93296337       6.17499985E-02
   9.94962978       6.25199974E-02
   9.96629620       6.32900000E-02
   9.98296261       6.40600026E-02
   9.99962902       6.48299977E-02
   10.0162954       6.56099990E-02
   10.0329618       6.63900003E-02
   10.0496283       6.71700016E-02
   10.0662947       6.79500028E-02
   10.0829611       6.87400028E-02
   10.0996275       6.95300028E-02
   10.1162939       7.03200027E-02
   10.1329603       7.11100027E-02
   10.1496267       7.19000027E-02
   10.1662931       7.27000013E-02
   10.1829596       7.34999999E-02
   10.1996260       7.42899999E-02
   10.2162924       7.50999972E-02
   10.2329588       7.59000033E-02
   10.2496252       7.67000020E-02
   10.2662916       7.75099993E-02
   10.2829580       7.83099979E-02
   10.2996244       7.91200027E-02
   10.3162909       7.99300000E-02
   10.3329573       8.07399973E-02
   10.3496237       8.15500021E-02
   10.3662901       8.23500007E-02
   10.3829565       8.31599981E-02
   10.3996229       8.39800015E-02
   10.4162893       8.47800002E-02
   10.4329557       8.55899975E-02
   10.4496222       8.64100009E-02
   10.4662886       8.72299969E-02
   10.4829550       8.80400017E-02
   10.4996214       8.88499990E-02
   10.5162878       8.96599963E-02
   10.5329542       9.04700011E-02
   10.5496206       9.12699997E-02
   10.5662870       9.21000019E-02
   10.5829535       9.29099992E-02
   10.5996199       9.37099978E-02
   10.6162863       9.45099965E-02
   10.6329527       9.53299999E-02
   10.6496191       9.61399972E-02
   10.6662855       9.69299972E-02
   10.6829519       9.77500007E-02
   10.6996183       9.85300019E-02
   10.7162848       9.93599966E-02
   10.7329512      0.100199997    
   10.7496176      0.100900002    
   10.7662840      0.101800002    
   10.7829504      0.102499999    
   10.7996168      0.103299998    
   10.8162832      0.104099996    
   10.8329496      0.104900002    
   10.8496161      0.105700001    
   10.8662825      0.106500000    
   10.8829489      0.107299998    
   10.8996153      0.108099997    
   10.9162817      0.108800001    
   10.9329481      0.109600000    
   10.9496145      0.110399999    
   10.9662809      0.111100003    
   10.9829473      0.111900002    
   10.9996138      0.112700000    
   11.0162802      0.113399997    
   11.0329466      0.114200003    
   11.0496130      0.114900000    
   11.0662794      0.115699999    
   11.0829458      0.116400003    
   11.0996122      0.117200002    
   11.1162786      0.117899999    
   11.1329451      0.118600003    
   11.1496115      0.119400002    
   11.1662779      0.120099999    
   11.1829443      0.120800003    
   11.1996107      0.121500000    
   11.2162771      0.122199997    
   11.2329435      0.122900002    
   11.2496099      0.123599999    
   11.2662764      0.124300003    
   11.2829428      0.125000000    
   11.2996092      0.125699997    
   11.3162756      0.126399994    
   11.3329420      0.127100006    
   11.3496084      0.127800003    
   11.3662748      0.128399998    
   11.3829412      0.128999993    
   11.3996077      0.129700005    
   11.4162741      0.130400002    
   11.4329405      0.130999997    
   11.4496069      0.131699994    
   11.4662733      0.132300004    
   11.4829397      0.132900000    
   11.4996061      0.133599997    
   11.5162725      0.134200007    
   11.5329390      0.134800002    
   11.5496054      0.135399997    
   11.5662718      0.136000007    
   11.5829382      0.136600003    
   11.5996046      0.137099996    
   11.6162710      0.137700006    
   11.6329374      0.138300002    
   11.6496038      0.138899997    
   11.6662703      0.139400005    
   11.6829367      0.140000001    
   11.6996031      0.140499994    
   11.7162695      0.141100004    
   11.7329359      0.141599998    
   11.7496023      0.142100006    
   11.7662687      0.142600000    
   11.7829351      0.143099993    
   11.7996016      0.143600002    
   11.8162680      0.143999994    
   11.8329344      0.144600004    
   11.8496008      0.145099998    
   11.8662672      0.145600006    
   11.8829336      0.145999998    
   11.8996000      0.146500006    
   11.9162664      0.146899998    
   11.9329329      0.147400007    
   11.9495993      0.147799999    
   11.9662657      0.148200005    
   11.9829321      0.148699999    
   11.9995985      0.149000004    
   12.0162649      0.149499997    
   12.0329313      0.149900004    
   12.0495977      0.150199994    
   12.0662642      0.150600001    
   12.0829306      0.150999993    
   12.0995970      0.151299998    
   12.1162634      0.151700005    
   12.1329298      0.151999995    
   12.1495962      0.152400002    
   12.1662626      0.152700007    
   12.1829290      0.152999997    
   12.1995955      0.153200001    
   12.2162619      0.153600007    
   12.2329283      0.153899997    
   12.2495947      0.154200003    
   12.2662611      0.154400006    
   12.2829275      0.154699996    
   12.2995939      0.155000001    
   12.3162603      0.155200005    
   12.3329268      0.155399993    
   12.3495932      0.155699998    
   12.3662596      0.155900002    
   12.3829260      0.156000003    
   12.3995924      0.156299993    
   12.4162588      0.156499997    
   12.4329252      0.156700000    
   12.4495916      0.156800002    
   12.4662580      0.157000005    
   12.4829245      0.157199994    
   12.4995909      0.157299995    
   12.5162573      0.157399997    
   12.5329237      0.157499999    
   12.5495901      0.157700002    
   12.5662565      0.157800004    
   12.5829229      0.157900006    
   12.5995893      0.158000007    
   12.6162558      0.158000007    
   12.6329222      0.158099994    
   12.6495886      0.158199996    
   12.6662550      0.158199996    
   12.6829214      0.158299997    
   12.6995878      0.158299997    
   12.7162542      0.158299997    
   12.7329206      0.158299997    
   12.7495871      0.158299997    
   12.7662535      0.158299997    
   12.7829199      0.158299997    
   12.7995863      0.158299997    
   12.8162527      0.158299997    
   12.8329191      0.158199996    
   12.8495855      0.158199996    
   12.8662519      0.158099994    
   12.8829184      0.158000007    
   12.8995848      0.157900006    
   12.9162512      0.157900006    
   12.9329176      0.157800004    
   12.9495840      0.157600001    
   12.9662504      0.157399997    
   12.9829168      0.157399997    
   12.9995832      0.157299995    
   13.0162497      0.157100007    
   13.0329161      0.157000005    
   13.0495825      0.156800002    
   13.0662489      0.156599998    
   13.0829153      0.156399995    
   13.0995817      0.156200007    
   13.1162481      0.156000003    
   13.1329145      0.155800000    
   13.1495810      0.155599996    
   13.1662474      0.155399993    
   13.1829138      0.155100003    
   13.1995802      0.154899999    
   13.2162466      0.154599994    
   13.2329130      0.154400006    
   13.2495794      0.154100001    
   13.2662458      0.153799996    
   13.2829123      0.153500006    
   13.2995787      0.153200001    
   13.3162451      0.152899995    
   13.3329115      0.152600005    
   13.3495779      0.152300000    
   13.3662443      0.151899993    
   13.3829107      0.151600003    
   13.3995771      0.151199996    
   13.4162436      0.150900006    
   13.4329100      0.150500000    
   13.4495764      0.150099993    
   13.4662428      0.149800003    
   13.4829092      0.149399996    
   13.4995756      0.149000004    
   13.5162420      0.148499995    
   13.5329084      0.148100004    
   13.5495749      0.147699997    
   13.5662413      0.147200003    
   13.5829077      0.146799996    
   13.5995741      0.146400005    
   13.6162405      0.145899996    
   13.6329069      0.145500004    
   13.6495733      0.144999996    
   13.6662397      0.144500002    
   13.6829062      0.143999994    
   13.6995726      0.143500000    
   13.7162390      0.143000007    
   13.7329054      0.142499998    
   13.7495718      0.142000005    
   13.7662382      0.141499996    
   13.7829046      0.140900001    
   13.7995710      0.140400007    
   13.8162374      0.139799997    
   13.8329039      0.139300004    
   13.8495703      0.138699993    
   13.8662367      0.138200000    
   13.8829031      0.137600005    
   13.8995695      0.136999995    
   13.9162359      0.136399999    
   13.9329023      0.135800004    
   13.9495687      0.135199994    
   13.9662352      0.134599999    
   13.9829016      0.134000003    
   13.9995680      0.133399993    
   14.0162344      0.132799998    
   14.0329008      0.132200003    
   14.0495672      0.131500006    
   14.0662336      0.130899996    
   14.0829000      0.130199999    
   14.0995665      0.129600003    
   14.1162329      0.128900006    
   14.1328993      0.128199995    
   14.1495657      0.127599999    
   14.1662321      0.126900002    
   14.1828985      0.126200005    
   14.1995649      0.125499994    
   14.2162313      0.124899998    
   14.2328978      0.124200001    
   14.2495642      0.123499997    
   14.2662306      0.122800000    
   14.2828970      0.122100003    
   14.2995634      0.121299997    
   14.3162298      0.120600000    
   14.3328962      0.119900003    
   14.3495626      0.119199999    
   14.3662291      0.118400000    
   14.3828955      0.117700003    
   14.3995619      0.116999999    
   14.4162283      0.116200000    
   14.4328947      0.115500003    
   14.4495611      0.114699997    
   14.4662275      0.114000000    
   14.4828939      0.113200001    
   14.4995604      0.112499997    
   14.5162268      0.111699998    
   14.5328932      0.110900000    
   14.5495596      0.110200003    
   14.5662260      0.109399997    
   14.5828924      0.108599998    
   14.5995588      0.107799999    
   14.6162252      0.107100002    
   14.6328917      0.106299996    
   14.6495581      0.105499998    
   14.6662245      0.104699999    
   14.6828909      0.103900000    
   14.6995573      0.103100002    
   14.7162237      0.102300003    
   14.7328901      0.101499997    
   14.7495565      0.100699998    
   14.7662230       9.99500006E-02
   14.7828894       9.91500020E-02
   14.7995558       9.83399972E-02
   14.8162222       9.75399986E-02
   14.8328886       9.67399999E-02
   14.8495550       9.59199965E-02
   14.8662214       9.51199979E-02
   14.8828878       9.42799971E-02
   14.8995543       9.35000032E-02
   14.9162207       9.26700011E-02
   14.9328871       9.18800011E-02
   14.9495535       9.10699964E-02
   14.9662199       9.02599990E-02
   14.9828863       8.94400030E-02
   14.9995527       8.86399969E-02
   15.0162191       8.78000036E-02
   15.0328856       8.69999975E-02
   15.0495520       8.61999989E-02
   15.0662184       8.53900015E-02
   15.0828848       8.45699981E-02
   15.0995512       8.37600008E-02
   15.1162176       8.29500034E-02
   15.1328840       8.21399987E-02
   15.1495504       8.13300014E-02
   15.1662169       8.05199966E-02
   15.1828833       7.97099993E-02
   15.1995497       7.89000019E-02
   15.2162161       7.81000033E-02
   15.2328825       7.72899985E-02
   15.2495489       7.64899999E-02
   15.2662153       7.56800026E-02
   15.2828817       7.48799965E-02
   15.2995481       7.40799978E-02
   15.3162146       7.32799992E-02
   15.3328810       7.24899992E-02
   15.3495474       7.16900006E-02
   15.3662138       7.09000006E-02
   15.3828802       7.01000020E-02
   15.3995466       6.93100020E-02
   15.4162130       6.85300007E-02
   15.4328794       6.77400008E-02
   15.4495459       6.69599995E-02
   15.4662123       6.61799982E-02
   15.4828787       6.53999969E-02
   15.4995451       6.46200031E-02
   15.5162115       6.38500005E-02
   15.5328779       6.30799979E-02
   15.5495443       6.23099990E-02
   15.5662107       6.15499988E-02
   15.5828772       6.07899986E-02
   15.5995436       6.00299984E-02
   15.6162100       5.92800006E-02
   15.6328764       5.85200004E-02
   15.6495428       5.77699989E-02
   15.6662092       5.70299998E-02
   15.6828756       5.62900007E-02
   15.6995420       5.55500016E-02
   15.7162085       5.48099987E-02
   15.7328749       5.40799983E-02
   15.7495413       5.33600003E-02
   15.7662077       5.26299998E-02
   15.7828741       5.19100018E-02
   15.7995405       5.11999987E-02
   15.8162069       5.04899994E-02
   15.8328733       4.97800000E-02
   15.8495398       4.90700006E-02
   15.8662062       4.83700000E-02
   15.8828726       4.76800017E-02
   15.8995390       4.69899997E-02
   15.9162054       4.63000014E-02
   15.9328718       4.56200019E-02
   15.9495382       4.49399985E-02
   15.9662046       4.42700014E-02
   15.9828711       4.36000004E-02
   15.9995375       4.29399982E-02
   16.0162029       4.22799997E-02
   16.0328693       4.16299999E-02
   16.0495358       4.09800000E-02
   16.0662022       4.03300002E-02
   16.0828686       3.97000015E-02
   16.0995350       3.90600003E-02
   16.1162014       3.84300016E-02
   16.1328678       3.78100015E-02
   16.1495342       3.71900015E-02
   16.1662006       3.65800001E-02
   16.1828671       3.59699987E-02
   16.1995335       3.53699997E-02
   16.2161999       3.47700007E-02
   16.2328663       3.41800004E-02
   16.2495327       3.35900001E-02
   16.2661991       3.30099985E-02
   16.2828655       3.24300006E-02
   16.2995319       3.18600014E-02
   16.3161983       3.13000008E-02
   16.3328648       3.07400003E-02
   16.3495312       3.01799998E-02
   16.3661976       2.96299998E-02
   16.3828640       2.90900003E-02
   16.3995304       2.85500009E-02
   16.4161968       2.80200001E-02
   16.4328632       2.74899993E-02
   16.4495296       2.69699991E-02
   16.4661961       2.64599994E-02
   16.4828625       2.59499997E-02
   16.4995289       2.54500005E-02
   16.5161953       2.49499995E-02
   16.5328617       2.44600009E-02
   16.5495281       2.39700004E-02
   16.5661945       2.34900005E-02
   16.5828609       2.30199993E-02
   16.5995274       2.25499999E-02
   16.6161938       2.20800005E-02
   16.6328602       2.16199998E-02
   16.6495266       2.11699996E-02
   16.6661930       2.07300000E-02
   16.6828594       2.02900004E-02
   16.6995258       1.98500007E-02
   16.7161922       1.94199998E-02
   16.7328587       1.89999994E-02
   16.7495251       1.85800008E-02
   16.7661915       1.81699991E-02
   16.7828579       1.77699998E-02
   16.7995243       1.73700005E-02
   16.8161907       1.69699993E-02
   16.8328571       1.65800005E-02
   16.8495235       1.62000004E-02
   16.8661900       1.58200003E-02
   16.8828564       1.54499998E-02
   16.8995228       1.50800003E-02
   16.9161892       1.47200003E-02
   16.9328556       1.43700000E-02
   16.9495220       1.40199997E-02
   16.9661884       1.36700002E-02
   16.9828548       1.33300005E-02
   16.9995213       1.30000003E-02
   17.0161877       1.26700001E-02
   17.0328541       1.23500004E-02
   17.0495205       1.20299999E-02
   17.0661869       1.17199998E-02
   17.0828533       1.14099998E-02
   17.0995197       1.11100003E-02
   17.1161861       1.08099999E-02
   17.1328526       1.05200000E-02
   17.1495190       1.02399997E-02
   17.1661854       9.95399989E-03
   17.1828518       9.67799965E-03
   17.1995182       9.40699968E-03
   17.2161846       9.14099999E-03
   17.2328510       8.87999963E-03
   17.2495174       8.62300023E-03
   17.2661839       8.37100018E-03
   17.2828503       8.12400039E-03
   17.2995167       7.88300019E-03
   17.3161831       7.64499977E-03
   17.3328495       7.41200009E-03
   17.3495159       7.18400022E-03
   17.3661823       6.95999991E-03
   17.3828487       6.74099987E-03
   17.3995152       6.52599987E-03
   17.4161816       6.31600013E-03
   17.4328480       6.10999996E-03
   17.4495144       5.90799982E-03
   17.4661808       5.71000017E-03
   17.4828472       5.51699987E-03
   17.4995136       5.32800006E-03
   17.5161800       5.14299981E-03
   17.5328465       4.96099982E-03
   17.5495129       4.78400011E-03
   17.5661793       4.61099995E-03
   17.5828457       4.44199983E-03
   17.5995121       4.27599996E-03
   17.6161785       4.11499990E-03
   17.6328449       3.95700010E-03
   17.6495113       3.80200008E-03
   17.6661777       3.65100009E-03
   17.6828442       3.50499991E-03
   17.6995106       3.36099998E-03
   17.7161770       3.22100008E-03
   17.7328434       3.08399997E-03
   17.7495098       2.95099989E-03
   17.7661762       2.82100006E-03
   17.7828426       2.69500003E-03
   17.7995090       2.57100002E-03
   17.8161755       2.45100004E-03
   17.8328419       2.33400008E-03
   17.8495083       2.21999991E-03
   17.8661747       2.11000000E-03
   17.8828411       2.00200011E-03
   17.8995075       1.89700001E-03
   17.9161739       1.79600006E-03
   17.9328403       1.69700000E-03
   17.9495068       1.60099997E-03
   17.9661732       1.50899997E-03
   17.9828396       1.41899998E-03
   17.9995060       1.33200001E-03
   18.0161724       1.24799996E-03
   18.0328388       1.16700004E-03
   18.0495052       1.08900003E-03
   18.0661716       1.01300003E-03
   18.0828381       9.40700003E-04
   18.0995045       8.70899996E-04
   18.1161709       8.04100011E-04
   18.1328373       7.40199990E-04
   18.1495037       6.79399993E-04
   18.1661701       6.21600018E-04
   18.1828365       5.67000010E-04
   18.1995029       5.15999971E-04
   18.2161694       4.61599993E-04
   18.2328358       4.08199994E-04
   18.2495022       3.63800005E-04
   18.2661686       3.26600013E-04
   18.2828350       2.95400008E-04
   18.2995014       2.53300008E-04
   18.3161678       2.27299999E-04
   18.3328342       1.93900007E-04
   18.3495007       1.66099999E-04
   18.3661671       1.42200006E-04
   18.3828335       1.20999997E-04
   18.3994999       1.02099999E-04
   18.4161663       8.56199986E-05
   18.4328327       7.16299983E-05
   18.4494991       5.97600010E-05
   18.4661655       4.80900017E-05
   18.4828320       3.96399992E-05
   18.4994984       3.14399986E-05
   18.5161648       2.49200002E-05
   18.5328312       1.96399997E-05
   18.5494976       1.53300007E-05
   18.5661640       1.17500003E-05
   18.5828304       8.86799990E-06
   18.5994968       6.61000013E-06
   18.6161633       4.86699992E-06
   18.6328297       3.41600003E-06
   18.6494961       2.34999993E-06
   18.6661625       1.50500000E-06
   18.6828289       9.34699983E-07
   18.6994953       5.53599989E-07
   18.7161617       3.11500003E-07
   18.7328281       1.68200003E-07
   18.7494946       8.23299970E-08
   18.7661610       3.00399989E-08
   18.7828274       7.26599980E-09
   18.7994938       6.29300001E-10
   18.8161602       5.90199981E-12
   18.8328266       4.60700000E-14
   18.8494930       7.42600005E-17
   18.8661594       2.23500001E-20
   18.8828259       1.30320757E-42
   18.8994923       0.00000000    
   18.9161587       0.00000000    
   18.9328251       0.00000000    
   18.9494915       0.00000000    
   18.9661579       0.00000000    
   18.9828243       0.00000000    
   18.9994907       0.00000000    
   19.0161572       0.00000000    
   19.0328236       0.00000000    
   19.0494900       0.00000000    
   19.0661564       0.00000000    
   19.0828228       0.00000000    
   19.0994892       0.00000000    
   19.1161556       0.00000000    
   19.1328220       0.00000000    
   19.1494884       0.00000000    
   19.1661549       0.00000000    
   19.1828213       0.00000000    
   19.1994877       0.00000000    
   19.2161541       0.00000000    
   19.2328205       0.00000000    
   19.2494869       0.00000000    
   19.2661533       0.00000000    
   19.2828197       0.00000000    
   19.2994862       0.00000000    
   19.3161526       0.00000000    
   19.3328190       0.00000000    
   19.3494854       0.00000000    
   19.3661518       0.00000000    
   19.3828182       0.00000000    
   19.3994846       0.00000000    
   19.4161510       0.00000000    
   19.4328175       0.00000000    
   19.4494839       0.00000000    
   19.4661503       0.00000000    
   19.4828167       0.00000000    
   19.4994831       0.00000000    
   19.5161495       0.00000000    
   19.5328159       0.00000000    
   19.5494823       0.00000000    
   19.5661488       0.00000000    
   19.5828152       0.00000000    
   19.5994816       0.00000000    
   19.6161480       0.00000000    
   19.6328144       0.00000000    
   19.6494808       0.00000000    
   19.6661472       0.00000000    
   19.6828136       0.00000000    
   19.6994801       0.00000000    
   19.7161465       0.00000000    
   19.7328129       0.00000000    
   19.7494793       0.00000000    
   19.7661457       0.00000000    
   19.7828121       0.00000000    
   19.7994785       0.00000000    
   19.8161449       0.00000000    
   19.8328114       0.00000000    
   19.8494778       0.00000000    
   19.8661442       0.00000000    
   19.8828106       0.00000000    
   19.8994770       0.00000000    
   19.9161434       0.00000000    
   19.9328098       0.00000000    
   19.9494762       0.00000000    
   19.9661427       0.00000000    
   19.9828091       0.00000000    
   19.9994755       0.00000000    
   20.0161419       0.00000000    
   20.0328083       0.00000000    
   20.0494747       0.00000000    
   20.0661411       0.00000000    
   20.0828075       0.00000000    
   20.0994740       0.00000000    
   20.1161404       0.00000000    
   20.1328068       0.00000000    
   20.1494732       0.00000000    
   20.1661396       0.00000000    
   20.1828060       0.00000000    
   20.1994724       0.00000000    
   20.2161388       0.00000000    
   20.2328053       0.00000000    
   20.2494717       0.00000000    
   20.2661381       0.00000000    
   20.2828045       0.00000000    
   20.2994709       0.00000000    
   20.3161373       0.00000000    
   20.3328037       0.00000000    
   20.3494701       0.00000000    
   20.3661366       0.00000000    
   20.3828030       0.00000000    
   20.3994694       0.00000000    
   20.4161358       0.00000000    
   20.4328022       0.00000000    
   20.4494686       0.00000000    
   20.4661350       0.00000000    
   20.4828014       0.00000000    
   20.4994678       0.00000000    
   20.5161343       0.00000000    
   20.5328007       0.00000000    
   20.5494671       0.00000000    
   20.5661335       0.00000000    
   20.5827999       0.00000000    
   20.5994663       0.00000000    
   20.6161327       0.00000000    
   20.6327991       0.00000000    
   20.6494656       0.00000000    
   20.6661320       0.00000000    
   20.6827984       0.00000000    
   20.6994648       0.00000000    
   20.7161312       0.00000000    
   20.7327976       0.00000000    
   20.7494640       0.00000000    
   20.7661304       0.00000000    
   20.7827969       0.00000000    
   20.7994633       0.00000000    
   20.8161297       0.00000000    
   20.8327961       0.00000000    
   20.8494625       0.00000000    
   20.8661289       0.00000000    
   20.8827953       0.00000000    
   20.8994617       0.00000000    
   20.9161282       0.00000000    
   20.9327946       0.00000000    
   20.9494610       0.00000000    
   20.9661274       0.00000000    
   20.9827938       0.00000000    
   20.9994602       0.00000000    
   21.0161266       0.00000000    
   21.0327930       0.00000000    
   21.0494595       0.00000000    
   21.0661259       0.00000000    
   21.0827923       0.00000000    
   21.0994587       0.00000000    
   21.1161251       0.00000000    
   21.1327915       0.00000000    
   21.1494579       0.00000000    
   21.1661243       0.00000000    
   21.1827908       0.00000000    
   21.1994572       0.00000000    
   21.2161236       0.00000000    
   21.2327900       0.00000000    
   21.2494564       0.00000000    
   21.2661228       0.00000000    
   21.2827892       0.00000000    
   21.2994556       0.00000000    
   21.3161221       0.00000000    
   21.3327885       0.00000000    
   21.3494549       0.00000000    
   21.3661213       0.00000000    
   21.3827877       0.00000000    
   21.3994541       0.00000000    
   21.4161205       0.00000000    
   21.4327869       0.00000000    
   21.4494534       0.00000000    
   21.4661198       0.00000000    
   21.4827862       0.00000000    
   21.4994526       0.00000000    
   21.5161190       0.00000000    
   21.5327854       0.00000000    
   21.5494518       0.00000000    
   21.5661182       0.00000000    
   21.5827847       0.00000000    
   21.5994511       0.00000000    
   21.6161175       0.00000000    
   21.6327839       0.00000000    
   21.6494503       0.00000000    
   21.6661167       0.00000000    
   21.6827831       0.00000000    
   21.6994495       0.00000000    
   21.7161160       0.00000000    
   21.7327824       0.00000000    
   21.7494488       0.00000000    
   21.7661152       0.00000000    
   21.7827816       0.00000000    
   21.7994480       0.00000000    
   21.8161144       0.00000000    
   21.8327808       0.00000000    
   21.8494473       0.00000000    
   21.8661137       0.00000000    
   21.8827801       0.00000000    
   21.8994465       0.00000000    
   21.9161129       0.00000000    
   21.9327793       0.00000000    
   21.9494457       0.00000000    
   21.9661121       0.00000000    
   21.9827785       0.00000000    
   21.9994450       0.00000000    
   22.0161114       0.00000000    
   22.0327778       0.00000000    
   22.0494442       0.00000000    
   22.0661106       0.00000000    
   22.0827770       0.00000000    
   22.0994434       0.00000000    
   22.1161098       0.00000000    
   22.1327763       0.00000000    
   22.1494427       0.00000000    
   22.1661091       0.00000000    
   22.1827755       0.00000000    
   22.1994419       0.00000000    
   22.2161083       0.00000000    
   22.2327747       0.00000000    
   22.2494411       0.00000000    
   22.2661076       0.00000000    
   22.2827740       0.00000000    
   22.2994404       0.00000000    
   22.3161068       0.00000000    
   22.3327732       0.00000000    
   22.3494396       0.00000000    
   22.3661060       0.00000000    
   22.3827724       0.00000000    
   22.3994389       0.00000000    
   22.4161053       0.00000000    
   22.4327717       0.00000000    
   22.4494381       0.00000000    
   22.4661045       0.00000000    
   22.4827709       0.00000000    
   22.4994373       0.00000000    
   22.5161037       0.00000000    
   22.5327702       0.00000000    
   22.5494366       0.00000000    
   22.5661030       0.00000000    
   22.5827694       0.00000000    
   22.5994358       0.00000000    
   22.6161022       0.00000000    
   22.6327686       0.00000000    
   22.6494350       0.00000000    
   22.6661015       0.00000000    
   22.6827679       0.00000000    
   22.6994343       0.00000000    
   22.7161007       0.00000000    
   22.7327671       0.00000000    
   22.7494335       0.00000000    
   22.7660999       0.00000000    
   22.7827663       0.00000000    
   22.7994328       0.00000000    
   22.8160992       0.00000000    
   22.8327656       0.00000000    
   22.8494320       0.00000000    
   22.8660984       0.00000000    
   22.8827648       0.00000000    
   22.8994312       0.00000000    
   22.9160976       0.00000000    
   22.9327641       0.00000000    
   22.9494305       0.00000000    
   22.9660969       0.00000000    
   22.9827633       0.00000000    
   22.9994297       0.00000000    
   23.0160961       0.00000000    
   23.0327625       0.00000000    
   23.0494289       0.00000000    
   23.0660954       0.00000000    
   23.0827618       0.00000000    
   23.0994282       0.00000000    
   23.1160946       0.00000000    
   23.1327610       0.00000000    
   23.1494274       0.00000000    
   23.1660938       0.00000000    
   23.1827602       0.00000000    
   23.1994267       0.00000000    
   23.2160931       0.00000000    
   23.2327595       0.00000000    
   23.2494259       0.00000000    
   23.2660923       0.00000000    
   23.2827587       0.00000000    
   23.2994251       0.00000000    
   23.3160915       0.00000000    
   23.3327579       0.00000000    
   23.3494244       0.00000000    
   23.3660908       0.00000000    
   23.3827572       0.00000000    
   23.3994236       0.00000000    
   23.4160900       0.00000000    
   23.4327564       0.00000000    
   23.4494228       0.00000000    
   23.4660892       0.00000000    
   23.4827557       0.00000000    
   23.4994221       0.00000000    
   23.5160885       0.00000000    
   23.5327549       0.00000000    
   23.5494213       0.00000000    
   23.5660877       0.00000000    
   23.5827541       0.00000000    
   23.5994205       0.00000000    
   23.6160870       0.00000000    
   23.6327534       0.00000000    
   23.6494198       0.00000000    
   23.6660862       0.00000000    
   23.6827526       0.00000000    
   23.6994190       0.00000000    
   23.7160854       0.00000000    
   23.7327518       0.00000000    
   23.7494183       0.00000000    
   23.7660847       0.00000000    
   23.7827511       0.00000000    
   23.7994175       0.00000000    
   23.8160839       0.00000000    
   23.8327503       0.00000000    
   23.8494167       0.00000000    
   23.8660831       0.00000000    
   23.8827496       0.00000000    
   23.8994160       0.00000000    
   23.9160824       0.00000000    
   23.9327488       0.00000000    
   23.9494152       0.00000000    
   23.9660816       0.00000000    
   23.9827480       0.00000000    
