   0.00000000       0.00000000    
   1.66660007E-02   0.00000000    
   3.33320014E-02   0.00000000    
   4.99980003E-02   0.00000000    
   6.66640028E-02   0.00000000    
   8.33300054E-02   0.00000000    
   9.99960080E-02   0.00000000    
  0.116662011       0.00000000    
  0.133328006       0.00000000    
  0.149994001       0.00000000    
  0.166659996       0.00000000    
  0.183325991       0.00000000    
  0.199991986       0.00000000    
  0.216657981       0.00000000    
  0.233323976       0.00000000    
  0.249989972       0.00000000    
  0.266655982       0.00000000    
  0.283321977       0.00000000    
  0.299987972       0.00000000    
  0.316653967       0.00000000    
  0.333319962       0.00000000    
  0.349985957       0.00000000    
  0.366651952       0.00000000    
  0.383317947       0.00000000    
  0.399983943       0.00000000    
  0.416649938       0.00000000    
  0.433315933       0.00000000    
  0.449981928       0.00000000    
  0.466647923       0.00000000    
  0.483313918       0.00000000    
  0.499979913       0.00000000    
  0.516645908       0.00000000    
  0.533311903       0.00000000    
  0.549977899       0.00000000    
  0.566643894       0.00000000    
  0.583309889       0.00000000    
  0.599975884       0.00000000    
  0.616641879       0.00000000    
  0.633307874       0.00000000    
  0.649973869       0.00000000    
  0.666639864       0.00000000    
  0.683305860       0.00000000    
  0.699971855       0.00000000    
  0.716637850       0.00000000    
  0.733303845       0.00000000    
  0.749969840       0.00000000    
  0.766635835       0.00000000    
  0.783301830       0.00000000    
  0.799967825       0.00000000    
  0.816633821       0.00000000    
  0.833299816       0.00000000    
  0.849965811       0.00000000    
  0.866631806       0.00000000    
  0.883297801       0.00000000    
  0.899963796       0.00000000    
  0.916629791       0.00000000    
  0.933295786       0.00000000    
  0.949961782       0.00000000    
  0.966627777       0.00000000    
  0.983293772       0.00000000    
  0.999959767       0.00000000    
   1.01662576       0.00000000    
   1.03329182       0.00000000    
   1.04995787       0.00000000    
   1.06662393       0.00000000    
   1.08328998       0.00000000    
   1.09995604       0.00000000    
   1.11662209       0.00000000    
   1.13328815       0.00000000    
   1.14995420       0.00000000    
   1.16662025       0.00000000    
   1.18328631       0.00000000    
   1.19995236       0.00000000    
   1.21661842       0.00000000    
   1.23328447       0.00000000    
   1.24995053       0.00000000    
   1.26661658       0.00000000    
   1.28328264       0.00000000    
   1.29994869       0.00000000    
   1.31661475       0.00000000    
   1.33328080       0.00000000    
   1.34994686       0.00000000    
   1.36661291       0.00000000    
   1.38327897       0.00000000    
   1.39994502       0.00000000    
   1.41661108       0.00000000    
   1.43327713       0.00000000    
   1.44994318       0.00000000    
   1.46660924       0.00000000    
   1.48327529       0.00000000    
   1.49994135       0.00000000    
   1.51660740       0.00000000    
   1.53327346       0.00000000    
   1.54993951       0.00000000    
   1.56660557       0.00000000    
   1.58327162       0.00000000    
   1.59993768       0.00000000    
   1.61660373       0.00000000    
   1.63326979       0.00000000    
   1.64993584       0.00000000    
   1.66660190       0.00000000    
   1.68326795       0.00000000    
   1.69993401       0.00000000    
   1.71660006       0.00000000    
   1.73326612       0.00000000    
   1.74993217       0.00000000    
   1.76659822       0.00000000    
   1.78326428       0.00000000    
   1.79993033       0.00000000    
   1.81659639       0.00000000    
   1.83326244       0.00000000    
   1.84992850       0.00000000    
   1.86659455       0.00000000    
   1.88326061       0.00000000    
   1.89992666       0.00000000    
   1.91659272       0.00000000    
   1.93325877       0.00000000    
   1.94992483       0.00000000    
   1.96659088       0.00000000    
   1.98325694       0.00000000    
   1.99992299       0.00000000    
   2.01658893       0.00000000    
   2.03325486       0.00000000    
   2.04992080       0.00000000    
   2.06658673       0.00000000    
   2.08325267       0.00000000    
   2.09991860       0.00000000    
   2.11658454       0.00000000    
   2.13325047       0.00000000    
   2.14991641       0.00000000    
   2.16658235       0.00000000    
   2.18324828       0.00000000    
   2.19991422       0.00000000    
   2.21658015       0.00000000    
   2.23324609       0.00000000    
   2.24991202       0.00000000    
   2.26657796       0.00000000    
   2.28324389       0.00000000    
   2.29990983       0.00000000    
   2.31657577       0.00000000    
   2.33324170       0.00000000    
   2.34990764       0.00000000    
   2.36657357       0.00000000    
   2.38323951       0.00000000    
   2.39990544       0.00000000    
   2.41657138       0.00000000    
   2.43323731       0.00000000    
   2.44990325       0.00000000    
   2.46656919       0.00000000    
   2.48323512       0.00000000    
   2.49990106       0.00000000    
   2.51656699       0.00000000    
   2.53323293       0.00000000    
   2.54989886       0.00000000    
   2.56656480       0.00000000    
   2.58323073       0.00000000    
   2.59989667       0.00000000    
   2.61656260       0.00000000    
   2.63322854       0.00000000    
   2.64989448       0.00000000    
   2.66656041       0.00000000    
   2.68322635       0.00000000    
   2.69989228       0.00000000    
   2.71655822       0.00000000    
   2.73322415       0.00000000    
   2.74989009       0.00000000    
   2.76655602       0.00000000    
   2.78322196       0.00000000    
   2.79988790       0.00000000    
   2.81655383       0.00000000    
   2.83321977       0.00000000    
   2.84988570       0.00000000    
   2.86655164       0.00000000    
   2.88321757       0.00000000    
   2.89988351       0.00000000    
   2.91654944       0.00000000    
   2.93321538       0.00000000    
   2.94988132       0.00000000    
   2.96654725       0.00000000    
   2.98321319       0.00000000    
   2.99987912       0.00000000    
   3.01654506       0.00000000    
   3.03321099       0.00000000    
   3.04987693       0.00000000    
   3.06654286       0.00000000    
   3.08320880       0.00000000    
   3.09987473       0.00000000    
   3.11654067       0.00000000    
   3.13320661       0.00000000    
   3.14987254       0.00000000    
   3.16653848       0.00000000    
   3.18320441       0.00000000    
   3.19987035       0.00000000    
   3.21653628       0.00000000    
   3.23320222       0.00000000    
   3.24986815       0.00000000    
   3.26653409       0.00000000    
   3.28320003       0.00000000    
   3.29986596       0.00000000    
   3.31653190       0.00000000    
   3.33319783       0.00000000    
   3.34986377       0.00000000    
   3.36652970       0.00000000    
   3.38319564       0.00000000    
   3.39986157       0.00000000    
   3.41652751       0.00000000    
   3.43319345       0.00000000    
   3.44985938       0.00000000    
   3.46652532       0.00000000    
   3.48319125       0.00000000    
   3.49985719       0.00000000    
   3.51652312       0.00000000    
   3.53318906       0.00000000    
   3.54985499       0.00000000    
   3.56652093       0.00000000    
   3.58318686       0.00000000    
   3.59985280       0.00000000    
   3.61651874       0.00000000    
   3.63318467       0.00000000    
   3.64985061       0.00000000    
   3.66651654       0.00000000    
   3.68318248       0.00000000    
   3.69984841       0.00000000    
   3.71651435       0.00000000    
   3.73318028       0.00000000    
   3.74984622       0.00000000    
   3.76651216       0.00000000    
   3.78317809       0.00000000    
   3.79984403       0.00000000    
   3.81650996       0.00000000    
   3.83317590       0.00000000    
   3.84984183       0.00000000    
   3.86650777       0.00000000    
   3.88317370       0.00000000    
   3.89983964       0.00000000    
   3.91650558       0.00000000    
   3.93317151       0.00000000    
   3.94983745       0.00000000    
   3.96650338       0.00000000    
   3.98316932       0.00000000    
   3.99983525       0.00000000    
   4.01650143       0.00000000    
   4.03316736       0.00000000    
   4.04983330       0.00000000    
   4.06649923       0.00000000    
   4.08316517       0.00000000    
   4.09983110       0.00000000    
   4.11649704       0.00000000    
   4.13316298       0.00000000    
   4.14982891       0.00000000    
   4.16649485       0.00000000    
   4.18316078       0.00000000    
   4.19982672       0.00000000    
   4.21649265       0.00000000    
   4.23315859       0.00000000    
   4.24982452       0.00000000    
   4.26649046       0.00000000    
   4.28315639       0.00000000    
   4.29982233       0.00000000    
   4.31648827       0.00000000    
   4.33315420       0.00000000    
   4.34982014       0.00000000    
   4.36648607       0.00000000    
   4.38315201       0.00000000    
   4.39981794       0.00000000    
   4.41648388       0.00000000    
   4.43314981       0.00000000    
   4.44981575       0.00000000    
   4.46648169       0.00000000    
   4.48314762       0.00000000    
   4.49981356       0.00000000    
   4.51647949       0.00000000    
   4.53314543       0.00000000    
   4.54981136       0.00000000    
   4.56647730       0.00000000    
   4.58314323       0.00000000    
   4.59980917       0.00000000    
   4.61647511       0.00000000    
   4.63314104       0.00000000    
   4.64980698       0.00000000    
   4.66647291       0.00000000    
   4.68313885       0.00000000    
   4.69980478       0.00000000    
   4.71647072       0.00000000    
   4.73313665       0.00000000    
   4.74980259       0.00000000    
   4.76646852       0.00000000    
   4.78313446       0.00000000    
   4.79980040       0.00000000    
   4.81646633       0.00000000    
   4.83313227       0.00000000    
   4.84979820       0.00000000    
   4.86646414       0.00000000    
   4.88313007       0.00000000    
   4.89979601       0.00000000    
   4.91646194       0.00000000    
   4.93312788       0.00000000    
   4.94979382       0.00000000    
   4.96645975       0.00000000    
   4.98312569       0.00000000    
   4.99979162       0.00000000    
   5.01645756       0.00000000    
   5.03312349       0.00000000    
   5.04978943       0.00000000    
   5.06645536       0.00000000    
   5.08312130       0.00000000    
   5.09978724       0.00000000    
   5.11645317       0.00000000    
   5.13311911       0.00000000    
   5.14978504       0.00000000    
   5.16645098       0.00000000    
   5.18311691       0.00000000    
   5.19978285       0.00000000    
   5.21644878       0.00000000    
   5.23311472       0.00000000    
   5.24978065       0.00000000    
   5.26644659       0.00000000    
   5.28311253       0.00000000    
   5.29977846       0.00000000    
   5.31644440       0.00000000    
   5.33311033       0.00000000    
   5.34977627       0.00000000    
   5.36644220       0.00000000    
   5.38310814       0.00000000    
   5.39977407       0.00000000    
   5.41644001       0.00000000    
   5.43310595       0.00000000    
   5.44977188       0.00000000    
   5.46643782       0.00000000    
   5.48310375       0.00000000    
   5.49976969       0.00000000    
   5.51643562       0.00000000    
   5.53310156       0.00000000    
   5.54976749       0.00000000    
   5.56643343       0.00000000    
   5.58309937       0.00000000    
   5.59976530       0.00000000    
   5.61643124       0.00000000    
   5.63309717       0.00000000    
   5.64976311       0.00000000    
   5.66642904       0.00000000    
   5.68309498       0.00000000    
   5.69976091       0.00000000    
   5.71642685       0.00000000    
   5.73309278       0.00000000    
   5.74975872       0.00000000    
   5.76642466       0.00000000    
   5.78309059       0.00000000    
   5.79975653       0.00000000    
   5.81642246       0.00000000    
   5.83308840       0.00000000    
   5.84975433       0.00000000    
   5.86642027       0.00000000    
   5.88308620       0.00000000    
   5.89975214       0.00000000    
   5.91641808       0.00000000    
   5.93308401       0.00000000    
   5.94974995       0.00000000    
   5.96641588       0.00000000    
   5.98308182       0.00000000    
   5.99974775       0.00000000    
   6.01641369       0.00000000    
   6.03307962       0.00000000    
   6.04974556       0.00000000    
   6.06641150       0.00000000    
   6.08307743       0.00000000    
   6.09974337       0.00000000    
   6.11640930       0.00000000    
   6.13307524       0.00000000    
   6.14974117       0.00000000    
   6.16640711       0.00000000    
   6.18307304       0.00000000    
   6.19973898       0.00000000    
   6.21640491       0.00000000    
   6.23307085       0.00000000    
   6.24973679       0.00000000    
   6.26640272       0.00000000    
   6.28306866       0.00000000    
   6.29973459       0.00000000    
   6.31640053       0.00000000    
   6.33306646       0.00000000    
   6.34973240       0.00000000    
   6.36639833       0.00000000    
   6.38306427       0.00000000    
   6.39973021       0.00000000    
   6.41639614       0.00000000    
   6.43306208       0.00000000    
   6.44972801       0.00000000    
   6.46639395       0.00000000    
   6.48305988       0.00000000    
   6.49972582       0.00000000    
   6.51639175       0.00000000    
   6.53305769       0.00000000    
   6.54972363       0.00000000    
   6.56638956       0.00000000    
   6.58305550       0.00000000    
   6.59972143       3.85100001E-37
   6.61638737       5.94500000E-18
   6.63305330       6.95299997E-15
   6.64971924       1.65399996E-12
   6.66638517       1.03700000E-10
   6.68305111       3.02599990E-09
   6.69971704       1.90500007E-08
   6.71638298       5.87399995E-08
   6.73304892       1.37699999E-07
   6.74971485       2.64300013E-07
   6.76638079       4.78499999E-07
   6.78304672       8.41700000E-07
   6.79971266       1.42800002E-06
   6.81637859       2.26900011E-06
   6.83304453       3.42799990E-06
   6.84971046       5.03000001E-06
   6.86637640       6.95000017E-06
   6.88304234       9.52499977E-06
   6.89970827       1.28700003E-05
   6.91637421       1.68999995E-05
   6.93304014       2.19600006E-05
   6.94970608       2.82700003E-05
   6.96637201       3.61099992E-05
   6.98303795       4.45699989E-05
   6.99970388       5.57099993E-05
   7.01636982       6.82000027E-05
   7.03303576       8.38499982E-05
   7.04970169       1.00500001E-04
   7.06636763       1.20199998E-04
   7.08303356       1.42899997E-04
   7.09969950       1.68500002E-04
   7.11636543       1.97000001E-04
   7.13303137       2.29900004E-04
   7.14969730       2.69100012E-04
   7.16636324       3.01799999E-04
   7.18302917       3.50799994E-04
   7.19969511       3.89199995E-04
   7.21636105       4.35700000E-04
   7.23302698       4.91500017E-04
   7.24969292       5.58300002E-04
   7.26635885       6.17899990E-04
   7.28302479       6.80099998E-04
   7.29969072       7.46399979E-04
   7.31635666       8.16599990E-04
   7.33302259       8.90500029E-04
   7.34968853       9.67999978E-04
   7.36635447       1.04899995E-03
   7.38302040       1.13400002E-03
   7.39968634       1.22199999E-03
   7.41635227       1.31399999E-03
   7.43301821       1.40900002E-03
   7.44968414       1.50799996E-03
   7.46635008       1.61100004E-03
   7.48301601       1.71700004E-03
   7.49968195       1.82699994E-03
   7.51634789       1.93999999E-03
   7.53301382       2.05700006E-03
   7.54967976       2.17800005E-03
   7.56634569       2.30300007E-03
   7.58301163       2.43199989E-03
   7.59967756       2.56499997E-03
   7.61634350       2.70100008E-03
   7.63300943       2.84199999E-03
   7.64967537       2.98699993E-03
   7.66634130       3.13599990E-03
   7.68300724       3.28899990E-03
   7.69967318       3.44699994E-03
   7.71633911       3.60900001E-03
   7.73300505       3.77500011E-03
   7.74967098       3.94599978E-03
   7.76633692       4.12200019E-03
   7.78300285       4.30200016E-03
   7.79966879       4.48699994E-03
   7.81633472       4.67600022E-03
   7.83300066       4.87100007E-03
   7.84966660       5.07100020E-03
   7.86633253       5.27499989E-03
   7.88299847       5.48500009E-03
   7.89966440       5.70000010E-03
   7.91633034       5.91999991E-03
   7.93299627       6.14600023E-03
   7.94966221       6.37699990E-03
   7.96632814       6.61400007E-03
   7.98299408       6.85600005E-03
   7.99966002       7.10299984E-03
   8.01632595       7.35699991E-03
   8.03299236       7.61599978E-03
   8.04965878       7.88099971E-03
   8.06632519       8.15299992E-03
   8.08299160       8.43000039E-03
   8.09965801       8.71300045E-03
   8.11632442       9.00200009E-03
   8.13299084       9.29799955E-03
   8.14965725       9.60000046E-03
   8.16632366       9.90800001E-03
   8.18299007       1.02199996E-02
   8.19965649       1.05400002E-02
   8.21632290       1.08700003E-02
   8.23298931       1.12100001E-02
   8.24965572       1.15499999E-02
   8.26632214       1.18899997E-02
   8.28298855       1.22499997E-02
   8.29965496       1.26099996E-02
   8.31632137       1.29800001E-02
   8.33298779       1.33499997E-02
   8.34965420       1.37400003E-02
   8.36632061       1.41300000E-02
   8.38298702       1.45199997E-02
   8.39965343       1.49299996E-02
   8.41631985       1.53400004E-02
   8.43298626       1.57600008E-02
   8.44965267       1.61799993E-02
   8.46631908       1.66100003E-02
   8.48298550       1.70499999E-02
   8.49965191       1.75000001E-02
   8.51631832       1.79600008E-02
   8.53298473       1.84199996E-02
   8.54965115       1.88900009E-02
   8.56631756       1.93700008E-02
   8.58298397       1.98599994E-02
   8.59965038       2.03499999E-02
   8.61631680       2.08500009E-02
   8.63298321       2.13600006E-02
   8.64964962       2.18700003E-02
   8.66631603       2.23999992E-02
   8.68298244       2.29300000E-02
   8.69964886       2.34699994E-02
   8.71631527       2.40199994E-02
   8.73298168       2.45699994E-02
   8.74964809       2.51300000E-02
   8.76631451       2.57099997E-02
   8.78298092       2.62899995E-02
   8.79964733       2.68699992E-02
   8.81631374       2.74700001E-02
   8.83298016       2.80699991E-02
   8.84964657       2.86800005E-02
   8.86631298       2.93000005E-02
   8.88297939       2.99200006E-02
   8.89964581       3.05599999E-02
   8.91631222       3.11999992E-02
   8.93297863       3.18499990E-02
   8.94964504       3.24999988E-02
   8.96631145       3.31699997E-02
   8.98297787       3.38400006E-02
   8.99964428       3.45200002E-02
   9.01631069       3.52099985E-02
   9.03297710       3.59099992E-02
   9.04964352       3.66099998E-02
   9.06630993       3.73199992E-02
   9.08297634       3.80400009E-02
   9.09964275       3.87700014E-02
   9.11630917       3.95000018E-02
   9.13297558       4.02400009E-02
   9.14964199       4.10000011E-02
   9.16630840       4.17499989E-02
   9.18297482       4.25200015E-02
   9.19964123       4.32900004E-02
   9.21630764       4.40700017E-02
   9.23297405       4.48499992E-02
   9.24964046       4.56500016E-02
   9.26630688       4.64500003E-02
   9.28297329       4.72600013E-02
   9.29963970       4.80699986E-02
   9.31630611       4.89000008E-02
   9.33297253       4.97299992E-02
   9.34963894       5.05600013E-02
   9.36630535       5.14100008E-02
   9.38297176       5.22600003E-02
   9.39963818       5.31199984E-02
   9.41630459       5.39800003E-02
   9.43297100       5.48500009E-02
   9.44963741       5.57300001E-02
   9.46630383       5.66099994E-02
   9.48297024       5.75000010E-02
   9.49963665       5.84000014E-02
   9.51630306       5.93100004E-02
   9.53296947       6.02199994E-02
   9.54963589       6.11299984E-02
   9.56630230       6.20499998E-02
   9.58296871       6.29800037E-02
   9.59963512       6.39199987E-02
   9.61630154       6.48600012E-02
   9.63296795       6.58000037E-02
   9.64963436       6.67499974E-02
   9.66630077       6.77099973E-02
   9.68296719       6.86699972E-02
   9.69963360       6.96400031E-02
   9.71630001       7.06200004E-02
   9.73296642       7.15999976E-02
   9.74963284       7.25800022E-02
   9.76629925       7.35699981E-02
   9.78296566       7.45600015E-02
   9.79963207       7.55600035E-02
   9.81629848       7.65699968E-02
   9.83296490       7.75799975E-02
   9.84963131       7.85899982E-02
   9.86629772       7.96099976E-02
   9.88296413       8.06299970E-02
   9.89963055       8.16600025E-02
   9.91629696       8.26900005E-02
   9.93296337       8.37199986E-02
   9.94962978       8.47600028E-02
   9.96629620       8.57999995E-02
   9.98296261       8.68500024E-02
   9.99962902       8.78999978E-02
   10.0162954       8.89599994E-02
   10.0329618       9.00100023E-02
   10.0496283       9.10699964E-02
   10.0662947       9.21399966E-02
   10.0829611       9.32099968E-02
   10.0996275       9.42699984E-02
   10.1162939       9.53499973E-02
   10.1329603       9.64199975E-02
   10.1496267       9.74899977E-02
   10.1662931       9.85699967E-02
   10.1829596       9.96700004E-02
   10.1996260      0.100800000    
   10.2162924      0.101800002    
   10.2329588      0.102899998    
   10.2496252      0.104000002    
   10.2662916      0.105099998    
   10.2829580      0.106200002    
   10.2996244      0.107299998    
   10.3162909      0.108400002    
   10.3329573      0.109499998    
   10.3496237      0.110600002    
   10.3662901      0.111699998    
   10.3829565      0.112800002    
   10.3996229      0.113899998    
   10.4162893      0.115000002    
   10.4329557      0.116099998    
   10.4496222      0.117200002    
   10.4662886      0.118299998    
   10.4829550      0.119400002    
   10.4996214      0.120499998    
   10.5162878      0.121600002    
   10.5329542      0.122699998    
   10.5496206      0.123899996    
   10.5662870      0.125000000    
   10.5829535      0.126100004    
   10.5996199      0.127200007    
   10.6162863      0.128299996    
   10.6329527      0.129400000    
   10.6496191      0.130500004    
   10.6662855      0.131600007    
   10.6829519      0.132599995    
   10.6996183      0.133800000    
   10.7162848      0.134800002    
   10.7329512      0.136000007    
   10.7496176      0.136999995    
   10.7662840      0.138099998    
   10.7829504      0.139200002    
   10.7996168      0.140300006    
   10.8162832      0.141399994    
   10.8329496      0.142499998    
   10.8496161      0.143500000    
   10.8662825      0.144600004    
   10.8829489      0.145699993    
   10.8996153      0.146799996    
   10.9162817      0.147799999    
   10.9329481      0.148900002    
   10.9496145      0.149900004    
   10.9662809      0.150999993    
   10.9829473      0.151999995    
   10.9996138      0.152999997    
   11.0162802      0.154100001    
   11.0329466      0.155200005    
   11.0496130      0.156200007    
   11.0662794      0.157199994    
   11.0829458      0.158199996    
   11.0996122      0.159299999    
   11.1162786      0.160300002    
   11.1329451      0.161300004    
   11.1496115      0.162300006    
   11.1662779      0.163299993    
   11.1829443      0.164299995    
   11.1996107      0.165299997    
   11.2162771      0.166299999    
   11.2329435      0.167300001    
   11.2496099      0.168200001    
   11.2662764      0.169200003    
   11.2829428      0.170200005    
   11.2996092      0.171100006    
   11.3162756      0.172099993    
   11.3329420      0.172999993    
   11.3496084      0.173899993    
   11.3662748      0.174899995    
   11.3829412      0.175799996    
   11.3996077      0.176599994    
   11.4162741      0.177599996    
   11.4329405      0.178499997    
   11.4496069      0.179399997    
   11.4662733      0.180299997    
   11.4829397      0.181199998    
   11.4996061      0.182099998    
   11.5162725      0.182899997    
   11.5329390      0.183699995    
   11.5496054      0.184599996    
   11.5662718      0.185499996    
   11.5829382      0.186299995    
   11.5996046      0.187099993    
   11.6162710      0.187900007    
   11.6329374      0.188700005    
   11.6496038      0.189500004    
   11.6662703      0.190300003    
   11.6829367      0.191100001    
   11.6996031      0.191900000    
   11.7162695      0.192699999    
   11.7329359      0.193399996    
   11.7496023      0.194100007    
   11.7662687      0.194900006    
   11.7829351      0.195600003    
   11.7996016      0.196400002    
   11.8162680      0.197099999    
   11.8329344      0.197799996    
   11.8496008      0.198500007    
   11.8662672      0.199100003    
   11.8829336      0.199800000    
   11.8996000      0.200499997    
   11.9162664      0.201100007    
   11.9329329      0.201800004    
   11.9495993      0.202399999    
   11.9662657      0.202999994    
   11.9829321      0.203600004    
   11.9995985      0.204099998    
   12.0162649      0.204799995    
   12.0329313      0.205400005    
   12.0495977      0.206000000    
   12.0662642      0.206499994    
   12.0829306      0.207100004    
   12.0995970      0.207599998    
   12.1162634      0.208199993    
   12.1329298      0.208700001    
   12.1495962      0.209199995    
   12.1662626      0.209700003    
   12.1829290      0.210099995    
   12.1995955      0.210600004    
   12.2162619      0.211099997    
   12.2329283      0.211500004    
   12.2495947      0.211999997    
   12.2662611      0.212400004    
   12.2829275      0.212799996    
   12.2995939      0.213200003    
   12.3162603      0.213599995    
   12.3329268      0.213900000    
   12.3495932      0.214300007    
   12.3662596      0.214699998    
   12.3829260      0.215100005    
   12.3995924      0.215399995    
   12.4162588      0.215700001    
   12.4329252      0.216000006    
   12.4495916      0.216299996    
   12.4662580      0.216399997    
   12.4829245      0.216900006    
   12.4995909      0.217199996    
   12.5162573      0.217399999    
   12.5329237      0.217700005    
   12.5495901      0.217700005    
   12.5662565      0.218099996    
   12.5829229      0.218300000    
   12.5995893      0.218500003    
   12.6162558      0.218700007    
   12.6329222      0.218799993    
   12.6495886      0.218999997    
   12.6662550      0.219099998    
   12.6829214      0.219300002    
   12.6995878      0.219400004    
   12.7162542      0.219500005    
   12.7329206      0.219600007    
   12.7495871      0.219699994    
   12.7662535      0.219699994    
   12.7829199      0.219799995    
   12.7995863      0.219799995    
   12.8162527      0.219899997    
   12.8329191      0.219899997    
   12.8495855      0.219899997    
   12.8662519      0.219899997    
   12.8829184      0.219899997    
   12.8995848      0.219799995    
   12.9162512      0.219799995    
   12.9329176      0.219699994    
   12.9495840      0.219699994    
   12.9662504      0.219600007    
   12.9829168      0.219500005    
   12.9995832      0.219400004    
   13.0162497      0.219300002    
   13.0329161      0.219099998    
   13.0495825      0.218999997    
   13.0662489      0.218799993    
   13.0829153      0.218700007    
   13.0995817      0.218500003    
   13.1162481      0.218300000    
   13.1329145      0.218099996    
   13.1495810      0.217700005    
   13.1662474      0.217700005    
   13.1829138      0.217399999    
   13.1995802      0.217199996    
   13.2162466      0.216900006    
   13.2329130      0.216399997    
   13.2495794      0.216299996    
   13.2662458      0.216000006    
   13.2829123      0.215700001    
   13.2995787      0.215399995    
   13.3162451      0.215100005    
   13.3329115      0.214699998    
   13.3495779      0.214200005    
   13.3662443      0.213900000    
   13.3829107      0.213599995    
   13.3995771      0.213200003    
   13.4162436      0.212799996    
   13.4329100      0.212400004    
   13.4495764      0.211999997    
   13.4662428      0.211500004    
   13.4829092      0.211099997    
   13.4995756      0.210600004    
   13.5162420      0.210199997    
   13.5329084      0.209700003    
   13.5495749      0.209199995    
   13.5662413      0.208700001    
   13.5829077      0.208199993    
   13.5995741      0.207599998    
   13.6162405      0.207100004    
   13.6329069      0.206499994    
   13.6495733      0.206000000    
   13.6662397      0.205400005    
   13.6829062      0.204799995    
   13.6995726      0.204099998    
   13.7162390      0.203600004    
   13.7329054      0.202999994    
   13.7495718      0.202399999    
   13.7662382      0.201800004    
   13.7829046      0.201100007    
   13.7995710      0.200499997    
   13.8162374      0.199800000    
   13.8329039      0.199100003    
   13.8495703      0.198500007    
   13.8662367      0.197799996    
   13.8829031      0.197099999    
   13.8995695      0.196400002    
   13.9162359      0.195600003    
   13.9329023      0.194900006    
   13.9495687      0.194100007    
   13.9662352      0.193399996    
   13.9829016      0.192699999    
   13.9995680      0.191900000    
   14.0162344      0.191100001    
   14.0329008      0.190400004    
   14.0495672      0.189600006    
   14.0662336      0.188800007    
   14.0829000      0.187900007    
   14.0995665      0.187099993    
   14.1162329      0.186299995    
   14.1328993      0.185499996    
   14.1495657      0.184599996    
   14.1662321      0.183699995    
   14.1828985      0.182899997    
   14.1995649      0.182099998    
   14.2162313      0.181199998    
   14.2328978      0.180299997    
   14.2495642      0.179399997    
   14.2662306      0.178499997    
   14.2828970      0.177599996    
   14.2995634      0.176599994    
   14.3162298      0.175799996    
   14.3328962      0.174899995    
   14.3495626      0.173899993    
   14.3662291      0.172999993    
   14.3828955      0.172099993    
   14.3995619      0.171100006    
   14.4162283      0.170200005    
   14.4328947      0.169200003    
   14.4495611      0.168200001    
   14.4662275      0.167300001    
   14.4828939      0.166299999    
   14.4995604      0.165299997    
   14.5162268      0.164299995    
   14.5328932      0.163299993    
   14.5495596      0.162300006    
   14.5662260      0.161300004    
   14.5828924      0.160300002    
   14.5995588      0.159299999    
   14.6162252      0.158199996    
   14.6328917      0.157199994    
   14.6495581      0.156200007    
   14.6662245      0.155200005    
   14.6828909      0.154100001    
   14.6995573      0.152999997    
   14.7162237      0.151999995    
   14.7328901      0.150999993    
   14.7495565      0.149900004    
   14.7662230      0.148900002    
   14.7828894      0.147799999    
   14.7995558      0.146799996    
   14.8162222      0.145699993    
   14.8328886      0.144600004    
   14.8495550      0.143600002    
   14.8662214      0.142499998    
   14.8828878      0.141399994    
   14.8995543      0.140300006    
   14.9162207      0.139200002    
   14.9328871      0.138099998    
   14.9495535      0.137099996    
   14.9662199      0.136000007    
   14.9828863      0.134800002    
   14.9995527      0.133800000    
   15.0162191      0.132599995    
   15.0328856      0.131600007    
   15.0495520      0.130500004    
   15.0662184      0.129400000    
   15.0828848      0.128299996    
   15.0995512      0.127200007    
   15.1162176      0.126100004    
   15.1328840      0.125000000    
   15.1495504      0.123899996    
   15.1662169      0.122800000    
   15.1828833      0.121699996    
   15.1995497      0.120600000    
   15.2162161      0.119400002    
   15.2328825      0.118299998    
   15.2495489      0.117200002    
   15.2662153      0.116099998    
   15.2828817      0.115000002    
   15.2995481      0.113899998    
   15.3162146      0.112800002    
   15.3328810      0.111699998    
   15.3495474      0.110600002    
   15.3662138      0.109499998    
   15.3828802      0.108400002    
   15.3995466      0.107299998    
   15.4162130      0.106200002    
   15.4328794      0.105099998    
   15.4495459      0.104000002    
   15.4662123      0.102899998    
   15.4828787      0.101800002    
   15.4995451      0.100800000    
   15.5162115       9.96799991E-02
   15.5328779       9.85800028E-02
   15.5495443       9.75100026E-02
   15.5662107       9.64300036E-02
   15.5828772       9.53499973E-02
   15.5995436       9.42799971E-02
   15.6162100       9.32200029E-02
   15.6328764       9.21500027E-02
   15.6495428       9.10800025E-02
   15.6662092       9.00200009E-02
   15.6828756       8.89599994E-02
   15.6995420       8.79099965E-02
   15.7162085       8.68600011E-02
   15.7328749       8.58099982E-02
   15.7495413       8.47700015E-02
   15.7662077       8.37299973E-02
   15.7828741       8.26900005E-02
   15.7995405       8.16700011E-02
   15.8162069       8.06400031E-02
   15.8328733       7.96200037E-02
   15.8495398       7.85999969E-02
   15.8662062       7.75799975E-02
   15.8828726       7.65699968E-02
   15.8995390       7.55700022E-02
   15.9162054       7.45700002E-02
   15.9328718       7.35799968E-02
   15.9495382       7.25900009E-02
   15.9662046       7.15999976E-02
   15.9828711       7.06200004E-02
   15.9995375       6.96500018E-02
   16.0162029       6.86800033E-02
   16.0328693       6.77200034E-02
   16.0495358       6.67600036E-02
   16.0662022       6.58100024E-02
   16.0828686       6.48600012E-02
   16.0995350       6.39199987E-02
   16.1162014       6.29900023E-02
   16.1328678       6.20599985E-02
   16.1495342       6.11400008E-02
   16.1662006       6.02199994E-02
   16.1828671       5.93100004E-02
   16.1995335       5.84100001E-02
   16.2161999       5.75099997E-02
   16.2328663       5.66200018E-02
   16.2495327       5.57300001E-02
   16.2661991       5.48599996E-02
   16.2828655       5.39899990E-02
   16.2995319       5.31199984E-02
   16.3161983       5.22600003E-02
   16.3328648       5.14100008E-02
   16.3495312       5.05700000E-02
   16.3661976       4.97299992E-02
   16.3828640       4.89000008E-02
   16.3995304       4.80800010E-02
   16.4161968       4.72600013E-02
   16.4328632       4.64500003E-02
   16.4495296       4.56500016E-02
   16.4661961       4.48600017E-02
   16.4828625       4.40700017E-02
   16.4995289       4.32900004E-02
   16.5161953       4.25200015E-02
   16.5328617       4.17499989E-02
   16.5495281       4.10000011E-02
   16.5661945       4.02499996E-02
   16.5828609       3.95100005E-02
   16.5995274       3.87700014E-02
   16.6161938       3.80400009E-02
   16.6328602       3.73199992E-02
   16.6495266       3.66099998E-02
   16.6661930       3.59099992E-02
   16.6828594       3.52099985E-02
   16.6995258       3.45200002E-02
   16.7161922       3.38400006E-02
   16.7328587       3.31699997E-02
   16.7495251       3.25100012E-02
   16.7661915       3.18499990E-02
   16.7828579       3.11999992E-02
   16.7995243       3.05599999E-02
   16.8161907       2.99200006E-02
   16.8328571       2.93000005E-02
   16.8495235       2.86800005E-02
   16.8661900       2.80699991E-02
   16.8828564       2.74700001E-02
   16.8995228       2.68699992E-02
   16.9161892       2.62800008E-02
   16.9328556       2.57099997E-02
   16.9495220       2.51400005E-02
   16.9661884       2.45699994E-02
   16.9828548       2.40199994E-02
   16.9995213       2.34699994E-02
   17.0161877       2.29300000E-02
   17.0328541       2.23999992E-02
   17.0495205       2.18700003E-02
   17.0661869       2.13600006E-02
   17.0828533       2.08500009E-02
   17.0995197       2.03499999E-02
   17.1161861       1.98599994E-02
   17.1328526       1.93700008E-02
   17.1495190       1.88900009E-02
   17.1661854       1.84199996E-02
   17.1828518       1.79600008E-02
   17.1995182       1.75000001E-02
   17.2161846       1.70600004E-02
   17.2328510       1.66100003E-02
   17.2495174       1.61799993E-02
   17.2661839       1.57600008E-02
   17.2828503       1.53400004E-02
   17.2995167       1.49299996E-02
   17.3161831       1.45199997E-02
   17.3328495       1.41300000E-02
   17.3495159       1.37400003E-02
   17.3661823       1.33499997E-02
   17.3828487       1.29800001E-02
   17.3995152       1.26099996E-02
   17.4161816       1.22499997E-02
   17.4328480       1.18899997E-02
   17.4495144       1.15499999E-02
   17.4661808       1.11999996E-02
   17.4828472       1.08700003E-02
   17.4995136       1.05400002E-02
   17.5161800       1.02199996E-02
   17.5328465       9.90699977E-03
   17.5495129       9.59799998E-03
   17.5661793       9.29600000E-03
   17.5828457       9.00099985E-03
   17.5995121       8.71200021E-03
   17.6161785       8.42900015E-03
   17.6328449       8.15100037E-03
   17.6495113       7.88000040E-03
   17.6661777       7.61500001E-03
   17.6828442       7.35600013E-03
   17.6995106       7.10200006E-03
   17.7161770       6.85400004E-03
   17.7328434       6.61200006E-03
   17.7495098       6.37600012E-03
   17.7661762       6.14499999E-03
   17.7828426       5.91900013E-03
   17.7995090       5.69899986E-03
   17.8161755       5.48399985E-03
   17.8328419       5.27400011E-03
   17.8495083       5.06900018E-03
   17.8661747       4.86999983E-03
   17.8828411       4.67499997E-03
   17.8995075       4.48499992E-03
   17.9161739       4.30000015E-03
   17.9328403       4.12000017E-03
   17.9495068       3.94500000E-03
   17.9661732       3.77400010E-03
   17.9828396       3.60800000E-03
   17.9995060       3.44599993E-03
   18.0161724       3.28799989E-03
   18.0328388       3.13499989E-03
   18.0495052       2.98599992E-03
   18.0661716       2.84099998E-03
   18.0828381       2.70000007E-03
   18.0995045       2.56399997E-03
   18.1161709       2.43099988E-03
   18.1328373       2.30200007E-03
   18.1495037       2.17700005E-03
   18.1661701       2.05600006E-03
   18.1828365       1.93899998E-03
   18.1995029       1.82600005E-03
   18.2161694       1.71600003E-03
   18.2328358       1.61000004E-03
   18.2495022       1.50699995E-03
   18.2661686       1.40800001E-03
   18.2828350       1.31299999E-03
   18.2995014       1.22099998E-03
   18.3161678       1.13300001E-03
   18.3328342       1.04799995E-03
   18.3495007       9.67299973E-04
   18.3661671       8.89700023E-04
   18.3828335       8.15899984E-04
   18.3994999       7.45599973E-04
   18.4161663       6.79299992E-04
   18.4328327       6.17299986E-04
   18.4494991       5.57499996E-04
   18.4661655       4.90800012E-04
   18.4828320       4.35099995E-04
   18.4994984       3.88699991E-04
   18.5161648       3.50099988E-04
   18.5328312       3.01399996E-04
   18.5494976       2.68800010E-04
   18.5661640       2.29500001E-04
   18.5828304       1.96699999E-04
   18.5994968       1.68099999E-04
   18.6161633       1.42599994E-04
   18.6328297       1.19900003E-04
   18.6494961       1.00300000E-04
   18.6661625       8.36899999E-05
   18.6828289       6.79799996E-05
   18.6994953       5.55699989E-05
   18.7161617       4.44399993E-05
   18.7328281       3.59500009E-05
   18.7494946       2.82000001E-05
   18.7661610       2.18999994E-05
   18.7828274       1.68499992E-05
   18.7994938       1.28299998E-05
   18.8161602       9.47199987E-06
   18.8328266       6.92200001E-06
   18.8494930       5.01200020E-06
   18.8661594       3.40900010E-06
   18.8828259       2.24499991E-06
   18.8994923       1.42099998E-06
   18.9161587       8.36699996E-07
   18.9328251       4.75200011E-07
   18.9494915       2.62300006E-07
   18.9661579       1.35600004E-07
   18.9828243       5.77399994E-08
   18.9994907       1.87399998E-08
   19.0161572       2.88199997E-09
   19.0328236       9.83899975E-11
   19.0494900       1.53700002E-12
   19.0661564       6.20599992E-15
   19.0828228       5.06300006E-18
   19.0994892       1.90699995E-37
   19.1161556       0.00000000    
   19.1328220       0.00000000    
   19.1494884       0.00000000    
   19.1661549       0.00000000    
   19.1828213       0.00000000    
   19.1994877       0.00000000    
   19.2161541       0.00000000    
   19.2328205       0.00000000    
   19.2494869       0.00000000    
   19.2661533       0.00000000    
   19.2828197       0.00000000    
   19.2994862       0.00000000    
   19.3161526       0.00000000    
   19.3328190       0.00000000    
   19.3494854       0.00000000    
   19.3661518       0.00000000    
   19.3828182       0.00000000    
   19.3994846       0.00000000    
   19.4161510       0.00000000    
   19.4328175       0.00000000    
   19.4494839       0.00000000    
   19.4661503       0.00000000    
   19.4828167       0.00000000    
   19.4994831       0.00000000    
   19.5161495       0.00000000    
   19.5328159       0.00000000    
   19.5494823       0.00000000    
   19.5661488       0.00000000    
   19.5828152       0.00000000    
   19.5994816       0.00000000    
   19.6161480       0.00000000    
   19.6328144       0.00000000    
   19.6494808       0.00000000    
   19.6661472       0.00000000    
   19.6828136       0.00000000    
   19.6994801       0.00000000    
   19.7161465       0.00000000    
   19.7328129       0.00000000    
   19.7494793       0.00000000    
   19.7661457       0.00000000    
   19.7828121       0.00000000    
   19.7994785       0.00000000    
   19.8161449       0.00000000    
   19.8328114       0.00000000    
   19.8494778       0.00000000    
   19.8661442       0.00000000    
   19.8828106       0.00000000    
   19.8994770       0.00000000    
   19.9161434       0.00000000    
   19.9328098       0.00000000    
   19.9494762       0.00000000    
   19.9661427       0.00000000    
   19.9828091       0.00000000    
   19.9994755       0.00000000    
   20.0161419       0.00000000    
   20.0328083       0.00000000    
   20.0494747       0.00000000    
   20.0661411       0.00000000    
   20.0828075       0.00000000    
   20.0994740       0.00000000    
   20.1161404       0.00000000    
   20.1328068       0.00000000    
   20.1494732       0.00000000    
   20.1661396       0.00000000    
   20.1828060       0.00000000    
   20.1994724       0.00000000    
   20.2161388       0.00000000    
   20.2328053       0.00000000    
   20.2494717       0.00000000    
   20.2661381       0.00000000    
   20.2828045       0.00000000    
   20.2994709       0.00000000    
   20.3161373       0.00000000    
   20.3328037       0.00000000    
   20.3494701       0.00000000    
   20.3661366       0.00000000    
   20.3828030       0.00000000    
   20.3994694       0.00000000    
   20.4161358       0.00000000    
   20.4328022       0.00000000    
   20.4494686       0.00000000    
   20.4661350       0.00000000    
   20.4828014       0.00000000    
   20.4994678       0.00000000    
   20.5161343       0.00000000    
   20.5328007       0.00000000    
   20.5494671       0.00000000    
   20.5661335       0.00000000    
   20.5827999       0.00000000    
   20.5994663       0.00000000    
   20.6161327       0.00000000    
   20.6327991       0.00000000    
   20.6494656       0.00000000    
   20.6661320       0.00000000    
   20.6827984       0.00000000    
   20.6994648       0.00000000    
   20.7161312       0.00000000    
   20.7327976       0.00000000    
   20.7494640       0.00000000    
   20.7661304       0.00000000    
   20.7827969       0.00000000    
   20.7994633       0.00000000    
   20.8161297       0.00000000    
   20.8327961       0.00000000    
   20.8494625       0.00000000    
   20.8661289       0.00000000    
   20.8827953       0.00000000    
   20.8994617       0.00000000    
   20.9161282       0.00000000    
   20.9327946       0.00000000    
   20.9494610       0.00000000    
   20.9661274       0.00000000    
   20.9827938       0.00000000    
   20.9994602       0.00000000    
   21.0161266       0.00000000    
   21.0327930       0.00000000    
   21.0494595       0.00000000    
   21.0661259       0.00000000    
   21.0827923       0.00000000    
   21.0994587       0.00000000    
   21.1161251       0.00000000    
   21.1327915       0.00000000    
   21.1494579       0.00000000    
   21.1661243       0.00000000    
   21.1827908       0.00000000    
   21.1994572       0.00000000    
   21.2161236       0.00000000    
   21.2327900       0.00000000    
   21.2494564       0.00000000    
   21.2661228       0.00000000    
   21.2827892       0.00000000    
   21.2994556       0.00000000    
   21.3161221       0.00000000    
   21.3327885       0.00000000    
   21.3494549       0.00000000    
   21.3661213       0.00000000    
   21.3827877       0.00000000    
   21.3994541       0.00000000    
   21.4161205       0.00000000    
   21.4327869       0.00000000    
   21.4494534       0.00000000    
   21.4661198       0.00000000    
   21.4827862       0.00000000    
   21.4994526       0.00000000    
   21.5161190       0.00000000    
   21.5327854       0.00000000    
   21.5494518       0.00000000    
   21.5661182       0.00000000    
   21.5827847       0.00000000    
   21.5994511       0.00000000    
   21.6161175       0.00000000    
   21.6327839       0.00000000    
   21.6494503       0.00000000    
   21.6661167       0.00000000    
   21.6827831       0.00000000    
   21.6994495       0.00000000    
   21.7161160       0.00000000    
   21.7327824       0.00000000    
   21.7494488       0.00000000    
   21.7661152       0.00000000    
   21.7827816       0.00000000    
   21.7994480       0.00000000    
   21.8161144       0.00000000    
   21.8327808       0.00000000    
   21.8494473       0.00000000    
   21.8661137       0.00000000    
   21.8827801       0.00000000    
   21.8994465       0.00000000    
   21.9161129       0.00000000    
   21.9327793       0.00000000    
   21.9494457       0.00000000    
   21.9661121       0.00000000    
   21.9827785       0.00000000    
   21.9994450       0.00000000    
   22.0161114       0.00000000    
   22.0327778       0.00000000    
   22.0494442       0.00000000    
   22.0661106       0.00000000    
   22.0827770       0.00000000    
   22.0994434       0.00000000    
   22.1161098       0.00000000    
   22.1327763       0.00000000    
   22.1494427       0.00000000    
   22.1661091       0.00000000    
   22.1827755       0.00000000    
   22.1994419       0.00000000    
   22.2161083       0.00000000    
   22.2327747       0.00000000    
   22.2494411       0.00000000    
   22.2661076       0.00000000    
   22.2827740       0.00000000    
   22.2994404       0.00000000    
   22.3161068       0.00000000    
   22.3327732       0.00000000    
   22.3494396       0.00000000    
   22.3661060       0.00000000    
   22.3827724       0.00000000    
   22.3994389       0.00000000    
   22.4161053       0.00000000    
   22.4327717       0.00000000    
   22.4494381       0.00000000    
   22.4661045       0.00000000    
   22.4827709       0.00000000    
   22.4994373       0.00000000    
   22.5161037       0.00000000    
   22.5327702       0.00000000    
   22.5494366       0.00000000    
   22.5661030       0.00000000    
   22.5827694       0.00000000    
   22.5994358       0.00000000    
   22.6161022       0.00000000    
   22.6327686       0.00000000    
   22.6494350       0.00000000    
   22.6661015       0.00000000    
   22.6827679       0.00000000    
   22.6994343       0.00000000    
   22.7161007       0.00000000    
   22.7327671       0.00000000    
   22.7494335       0.00000000    
   22.7660999       0.00000000    
   22.7827663       0.00000000    
   22.7994328       0.00000000    
   22.8160992       0.00000000    
   22.8327656       0.00000000    
   22.8494320       0.00000000    
   22.8660984       0.00000000    
   22.8827648       0.00000000    
   22.8994312       0.00000000    
   22.9160976       0.00000000    
   22.9327641       0.00000000    
   22.9494305       0.00000000    
   22.9660969       0.00000000    
   22.9827633       0.00000000    
   22.9994297       0.00000000    
   23.0160961       0.00000000    
   23.0327625       0.00000000    
   23.0494289       0.00000000    
   23.0660954       0.00000000    
   23.0827618       0.00000000    
   23.0994282       0.00000000    
   23.1160946       0.00000000    
   23.1327610       0.00000000    
   23.1494274       0.00000000    
   23.1660938       0.00000000    
   23.1827602       0.00000000    
   23.1994267       0.00000000    
   23.2160931       0.00000000    
   23.2327595       0.00000000    
   23.2494259       0.00000000    
   23.2660923       0.00000000    
   23.2827587       0.00000000    
   23.2994251       0.00000000    
   23.3160915       0.00000000    
   23.3327579       0.00000000    
   23.3494244       0.00000000    
   23.3660908       0.00000000    
   23.3827572       0.00000000    
   23.3994236       0.00000000    
   23.4160900       0.00000000    
   23.4327564       0.00000000    
   23.4494228       0.00000000    
   23.4660892       0.00000000    
   23.4827557       0.00000000    
   23.4994221       0.00000000    
   23.5160885       0.00000000    
   23.5327549       0.00000000    
   23.5494213       0.00000000    
   23.5660877       0.00000000    
   23.5827541       0.00000000    
   23.5994205       0.00000000    
   23.6160870       0.00000000    
   23.6327534       0.00000000    
   23.6494198       0.00000000    
   23.6660862       0.00000000    
   23.6827526       0.00000000    
   23.6994190       0.00000000    
   23.7160854       0.00000000    
   23.7327518       0.00000000    
   23.7494183       0.00000000    
   23.7660847       0.00000000    
   23.7827511       0.00000000    
   23.7994175       0.00000000    
   23.8160839       0.00000000    
   23.8327503       0.00000000    
   23.8494167       0.00000000    
   23.8660831       0.00000000    
   23.8827496       0.00000000    
   23.8994160       0.00000000    
   23.9160824       0.00000000    
   23.9327488       0.00000000    
   23.9494152       0.00000000    
   23.9660816       0.00000000    
   23.9827480       0.00000000    
