   0.00000000       0.00000000    
   1.66660007E-02   0.00000000    
   3.33320014E-02   0.00000000    
   4.99980003E-02   0.00000000    
   6.66640028E-02   0.00000000    
   8.33300054E-02   0.00000000    
   9.99960080E-02   0.00000000    
  0.116662011       0.00000000    
  0.133328006       0.00000000    
  0.149994001       0.00000000    
  0.166659996       0.00000000    
  0.183325991       0.00000000    
  0.199991986       0.00000000    
  0.216657981       0.00000000    
  0.233323976       0.00000000    
  0.249989972       0.00000000    
  0.266655982       0.00000000    
  0.283321977       0.00000000    
  0.299987972       0.00000000    
  0.316653967       0.00000000    
  0.333319962       0.00000000    
  0.349985957       0.00000000    
  0.366651952       0.00000000    
  0.383317947       0.00000000    
  0.399983943       0.00000000    
  0.416649938       0.00000000    
  0.433315933       0.00000000    
  0.449981928       0.00000000    
  0.466647923       0.00000000    
  0.483313918       0.00000000    
  0.499979913       0.00000000    
  0.516645908       0.00000000    
  0.533311903       0.00000000    
  0.549977899       0.00000000    
  0.566643894       0.00000000    
  0.583309889       0.00000000    
  0.599975884       0.00000000    
  0.616641879       0.00000000    
  0.633307874       0.00000000    
  0.649973869       0.00000000    
  0.666639864       0.00000000    
  0.683305860       0.00000000    
  0.699971855       0.00000000    
  0.716637850       0.00000000    
  0.733303845       0.00000000    
  0.749969840       0.00000000    
  0.766635835       0.00000000    
  0.783301830       0.00000000    
  0.799967825       0.00000000    
  0.816633821       0.00000000    
  0.833299816       0.00000000    
  0.849965811       0.00000000    
  0.866631806       0.00000000    
  0.883297801       0.00000000    
  0.899963796       0.00000000    
  0.916629791       0.00000000    
  0.933295786       0.00000000    
  0.949961782       0.00000000    
  0.966627777       0.00000000    
  0.983293772       0.00000000    
  0.999959767       0.00000000    
   1.01662576       0.00000000    
   1.03329182       0.00000000    
   1.04995787       0.00000000    
   1.06662393       0.00000000    
   1.08328998       0.00000000    
   1.09995604       0.00000000    
   1.11662209       0.00000000    
   1.13328815       0.00000000    
   1.14995420       0.00000000    
   1.16662025       0.00000000    
   1.18328631       0.00000000    
   1.19995236       0.00000000    
   1.21661842       0.00000000    
   1.23328447       0.00000000    
   1.24995053       0.00000000    
   1.26661658       0.00000000    
   1.28328264       0.00000000    
   1.29994869       0.00000000    
   1.31661475       0.00000000    
   1.33328080       0.00000000    
   1.34994686       0.00000000    
   1.36661291       0.00000000    
   1.38327897       0.00000000    
   1.39994502       0.00000000    
   1.41661108       0.00000000    
   1.43327713       0.00000000    
   1.44994318       0.00000000    
   1.46660924       0.00000000    
   1.48327529       0.00000000    
   1.49994135       0.00000000    
   1.51660740       0.00000000    
   1.53327346       0.00000000    
   1.54993951       0.00000000    
   1.56660557       0.00000000    
   1.58327162       0.00000000    
   1.59993768       0.00000000    
   1.61660373       0.00000000    
   1.63326979       0.00000000    
   1.64993584       0.00000000    
   1.66660190       0.00000000    
   1.68326795       0.00000000    
   1.69993401       0.00000000    
   1.71660006       0.00000000    
   1.73326612       0.00000000    
   1.74993217       0.00000000    
   1.76659822       0.00000000    
   1.78326428       0.00000000    
   1.79993033       0.00000000    
   1.81659639       0.00000000    
   1.83326244       0.00000000    
   1.84992850       0.00000000    
   1.86659455       0.00000000    
   1.88326061       0.00000000    
   1.89992666       0.00000000    
   1.91659272       0.00000000    
   1.93325877       0.00000000    
   1.94992483       0.00000000    
   1.96659088       0.00000000    
   1.98325694       0.00000000    
   1.99992299       0.00000000    
   2.01658893       0.00000000    
   2.03325486       0.00000000    
   2.04992080       0.00000000    
   2.06658673       0.00000000    
   2.08325267       0.00000000    
   2.09991860       0.00000000    
   2.11658454       0.00000000    
   2.13325047       0.00000000    
   2.14991641       0.00000000    
   2.16658235       0.00000000    
   2.18324828       0.00000000    
   2.19991422       0.00000000    
   2.21658015       0.00000000    
   2.23324609       0.00000000    
   2.24991202       0.00000000    
   2.26657796       0.00000000    
   2.28324389       0.00000000    
   2.29990983       0.00000000    
   2.31657577       0.00000000    
   2.33324170       0.00000000    
   2.34990764       0.00000000    
   2.36657357       0.00000000    
   2.38323951       0.00000000    
   2.39990544       0.00000000    
   2.41657138       0.00000000    
   2.43323731       0.00000000    
   2.44990325       0.00000000    
   2.46656919       0.00000000    
   2.48323512       0.00000000    
   2.49990106       0.00000000    
   2.51656699       0.00000000    
   2.53323293       0.00000000    
   2.54989886       0.00000000    
   2.56656480       0.00000000    
   2.58323073       0.00000000    
   2.59989667       0.00000000    
   2.61656260       0.00000000    
   2.63322854       0.00000000    
   2.64989448       0.00000000    
   2.66656041       0.00000000    
   2.68322635       0.00000000    
   2.69989228       0.00000000    
   2.71655822       0.00000000    
   2.73322415       0.00000000    
   2.74989009       0.00000000    
   2.76655602       0.00000000    
   2.78322196       0.00000000    
   2.79988790       0.00000000    
   2.81655383       0.00000000    
   2.83321977       0.00000000    
   2.84988570       0.00000000    
   2.86655164       0.00000000    
   2.88321757       0.00000000    
   2.89988351       0.00000000    
   2.91654944       0.00000000    
   2.93321538       0.00000000    
   2.94988132       0.00000000    
   2.96654725       0.00000000    
   2.98321319       0.00000000    
   2.99987912       0.00000000    
   3.01654506       0.00000000    
   3.03321099       0.00000000    
   3.04987693       0.00000000    
   3.06654286       0.00000000    
   3.08320880       0.00000000    
   3.09987473       0.00000000    
   3.11654067       0.00000000    
   3.13320661       0.00000000    
   3.14987254       0.00000000    
   3.16653848       0.00000000    
   3.18320441       0.00000000    
   3.19987035       0.00000000    
   3.21653628       0.00000000    
   3.23320222       0.00000000    
   3.24986815       0.00000000    
   3.26653409       0.00000000    
   3.28320003       0.00000000    
   3.29986596       0.00000000    
   3.31653190       0.00000000    
   3.33319783       0.00000000    
   3.34986377       0.00000000    
   3.36652970       0.00000000    
   3.38319564       0.00000000    
   3.39986157       0.00000000    
   3.41652751       0.00000000    
   3.43319345       0.00000000    
   3.44985938       0.00000000    
   3.46652532       0.00000000    
   3.48319125       0.00000000    
   3.49985719       0.00000000    
   3.51652312       0.00000000    
   3.53318906       0.00000000    
   3.54985499       0.00000000    
   3.56652093       0.00000000    
   3.58318686       0.00000000    
   3.59985280       0.00000000    
   3.61651874       0.00000000    
   3.63318467       0.00000000    
   3.64985061       0.00000000    
   3.66651654       0.00000000    
   3.68318248       0.00000000    
   3.69984841       0.00000000    
   3.71651435       0.00000000    
   3.73318028       0.00000000    
   3.74984622       0.00000000    
   3.76651216       0.00000000    
   3.78317809       0.00000000    
   3.79984403       0.00000000    
   3.81650996       0.00000000    
   3.83317590       0.00000000    
   3.84984183       0.00000000    
   3.86650777       0.00000000    
   3.88317370       0.00000000    
   3.89983964       0.00000000    
   3.91650558       0.00000000    
   3.93317151       0.00000000    
   3.94983745       0.00000000    
   3.96650338       0.00000000    
   3.98316932       0.00000000    
   3.99983525       0.00000000    
   4.01650143       0.00000000    
   4.03316736       0.00000000    
   4.04983330       0.00000000    
   4.06649923       0.00000000    
   4.08316517       0.00000000    
   4.09983110       0.00000000    
   4.11649704       0.00000000    
   4.13316298       0.00000000    
   4.14982891       0.00000000    
   4.16649485       0.00000000    
   4.18316078       0.00000000    
   4.19982672       0.00000000    
   4.21649265       0.00000000    
   4.23315859       0.00000000    
   4.24982452       0.00000000    
   4.26649046       0.00000000    
   4.28315639       0.00000000    
   4.29982233       0.00000000    
   4.31648827       0.00000000    
   4.33315420       0.00000000    
   4.34982014       0.00000000    
   4.36648607       0.00000000    
   4.38315201       0.00000000    
   4.39981794       0.00000000    
   4.41648388       0.00000000    
   4.43314981       0.00000000    
   4.44981575       0.00000000    
   4.46648169       0.00000000    
   4.48314762       0.00000000    
   4.49981356       0.00000000    
   4.51647949       0.00000000    
   4.53314543       0.00000000    
   4.54981136       0.00000000    
   4.56647730       0.00000000    
   4.58314323       0.00000000    
   4.59980917       0.00000000    
   4.61647511       0.00000000    
   4.63314104       0.00000000    
   4.64980698       0.00000000    
   4.66647291       0.00000000    
   4.68313885       0.00000000    
   4.69980478       0.00000000    
   4.71647072       0.00000000    
   4.73313665       0.00000000    
   4.74980259       0.00000000    
   4.76646852       0.00000000    
   4.78313446       0.00000000    
   4.79980040       0.00000000    
   4.81646633       0.00000000    
   4.83313227       0.00000000    
   4.84979820       0.00000000    
   4.86646414       0.00000000    
   4.88313007       0.00000000    
   4.89979601       0.00000000    
   4.91646194       0.00000000    
   4.93312788       0.00000000    
   4.94979382       0.00000000    
   4.96645975       0.00000000    
   4.98312569       0.00000000    
   4.99979162       0.00000000    
   5.01645756       0.00000000    
   5.03312349       0.00000000    
   5.04978943       0.00000000    
   5.06645536       0.00000000    
   5.08312130       0.00000000    
   5.09978724       0.00000000    
   5.11645317       0.00000000    
   5.13311911       0.00000000    
   5.14978504       0.00000000    
   5.16645098       0.00000000    
   5.18311691       0.00000000    
   5.19978285       0.00000000    
   5.21644878       0.00000000    
   5.23311472       0.00000000    
   5.24978065       0.00000000    
   5.26644659       0.00000000    
   5.28311253       0.00000000    
   5.29977846       0.00000000    
   5.31644440       0.00000000    
   5.33311033       0.00000000    
   5.34977627       0.00000000    
   5.36644220       0.00000000    
   5.38310814       0.00000000    
   5.39977407       0.00000000    
   5.41644001       0.00000000    
   5.43310595       0.00000000    
   5.44977188       0.00000000    
   5.46643782       0.00000000    
   5.48310375       0.00000000    
   5.49976969       0.00000000    
   5.51643562       0.00000000    
   5.53310156       0.00000000    
   5.54976749       0.00000000    
   5.56643343       0.00000000    
   5.58309937       0.00000000    
   5.59976530       0.00000000    
   5.61643124       0.00000000    
   5.63309717       0.00000000    
   5.64976311       0.00000000    
   5.66642904       0.00000000    
   5.68309498       0.00000000    
   5.69976091       0.00000000    
   5.71642685       0.00000000    
   5.73309278       0.00000000    
   5.74975872       0.00000000    
   5.76642466       0.00000000    
   5.78309059       0.00000000    
   5.79975653       0.00000000    
   5.81642246       0.00000000    
   5.83308840       0.00000000    
   5.84975433       0.00000000    
   5.86642027       0.00000000    
   5.88308620       0.00000000    
   5.89975214       0.00000000    
   5.91641808       0.00000000    
   5.93308401       0.00000000    
   5.94974995       0.00000000    
   5.96641588       0.00000000    
   5.98308182       1.11800005E-18
   5.99974775       3.53399997E-15
   6.01641369       1.15300000E-12
   6.03307962       7.92700003E-11
   6.04974556       2.17800000E-09
   6.06641150       1.63799996E-08
   6.08307743       5.53799993E-08
   6.09974337       1.26800003E-07
   6.11640930       2.49300001E-07
   6.13307524       4.60699994E-07
   6.14974117       8.27099996E-07
   6.16640711       1.40500003E-06
   6.18307304       2.25400004E-06
   6.19973898       3.46100001E-06
   6.21640491       5.11000007E-06
   6.23307085       7.13700001E-06
   6.24973679       9.95699975E-06
   6.26640272       1.33200001E-05
   6.28306866       1.76400008E-05
   6.29973459       2.30900005E-05
   6.31640053       2.98300001E-05
   6.33306646       3.81499995E-05
   6.34973240       4.84400007E-05
   6.36639833       6.01600004E-05
   6.38306427       7.43799974E-05
   6.39973021       9.06999994E-05
   6.41639614       1.11499998E-04
   6.43306208       1.33099995E-04
   6.44972801       1.58199997E-04
   6.46639395       1.87099999E-04
   6.48305988       2.20600006E-04
   6.49972582       2.53900012E-04
   6.51639175       2.91900011E-04
   6.53305769       3.42199986E-04
   6.54972363       3.81199992E-04
   6.56638956       4.28300002E-04
   6.58305550       4.85199998E-04
   6.59972143       5.53700025E-04
   6.61638737       6.16199977E-04
   6.63305330       6.81000005E-04
   6.64971924       7.50300009E-04
   6.66638517       8.23799986E-04
   6.68305111       9.01399995E-04
   6.69971704       9.82900034E-04
   6.71638298       1.06899999E-03
   6.73304892       1.15799997E-03
   6.74971485       1.25099998E-03
   6.76638079       1.34800002E-03
   6.78304672       1.44999998E-03
   6.79971266       1.55499997E-03
   6.81637859       1.66399998E-03
   6.83304453       1.77800003E-03
   6.84971046       1.89499999E-03
   6.86637640       2.01599998E-03
   6.88304234       2.14200001E-03
   6.89970827       2.27300008E-03
   6.91637421       2.40699993E-03
   6.93304014       2.54600006E-03
   6.94970608       2.68899999E-03
   6.96637201       2.83699995E-03
   6.98303795       2.98999995E-03
   6.99970388       3.14799999E-03
   7.01636982       3.31000006E-03
   7.03303576       3.47799994E-03
   7.04970169       3.65000009E-03
   7.06636763       3.82800004E-03
   7.08303356       4.01100004E-03
   7.09969950       4.19900008E-03
   7.11636543       4.39300016E-03
   7.13303137       4.59200004E-03
   7.14969730       4.79699997E-03
   7.16636324       5.00799995E-03
   7.18302917       5.22499997E-03
   7.19969511       5.44800004E-03
   7.21636105       5.67599991E-03
   7.23302698       5.91100007E-03
   7.24969292       6.15199981E-03
   7.26635885       6.39999984E-03
   7.28302479       6.65399991E-03
   7.29969072       6.91499980E-03
   7.31635666       7.18200020E-03
   7.33302259       7.45700020E-03
   7.34968853       7.73799978E-03
   7.36635447       8.02700035E-03
   7.38302040       8.32199957E-03
   7.39968634       8.62499978E-03
   7.41635227       8.93499982E-03
   7.43301821       9.25199967E-03
   7.44968414       9.57699958E-03
   7.46635008       9.91099980E-03
   7.48301601       1.02500003E-02
   7.49968195       1.05999997E-02
   7.51634789       1.09500000E-02
   7.53301382       1.13199996E-02
   7.54967976       1.16900001E-02
   7.56634569       1.20700002E-02
   7.58301163       1.24599999E-02
   7.59967756       1.28600001E-02
   7.61634350       1.32600004E-02
   7.63300943       1.36799999E-02
   7.64967537       1.41000003E-02
   7.66634130       1.45399999E-02
   7.68300724       1.49800004E-02
   7.69967318       1.54299997E-02
   7.71633911       1.58799998E-02
   7.73300505       1.63499992E-02
   7.74967098       1.68299992E-02
   7.76633692       1.73199996E-02
   7.78300285       1.78100001E-02
   7.79966879       1.83199998E-02
   7.81633472       1.88299995E-02
   7.83300066       1.93600003E-02
   7.84966660       1.98899992E-02
   7.86633253       2.04300005E-02
   7.88299847       2.09800005E-02
   7.89966440       2.15499997E-02
   7.91633034       2.21200008E-02
   7.93299627       2.27000006E-02
   7.94966221       2.32999995E-02
   7.96632814       2.39000004E-02
   7.98299408       2.45099999E-02
   7.99966002       2.51300000E-02
   8.01632595       2.57699993E-02
   8.03299236       2.64100004E-02
   8.04965878       2.70600002E-02
   8.06632519       2.77299993E-02
   8.08299160       2.84000002E-02
   8.09965801       2.90799998E-02
   8.11632442       2.97800004E-02
   8.13299084       3.04899998E-02
   8.14965725       3.11999992E-02
   8.16632366       3.19299996E-02
   8.18299007       3.26600000E-02
   8.19965649       3.34100015E-02
   8.21632290       3.41700017E-02
   8.23298931       3.49400006E-02
   8.24965572       3.57199982E-02
   8.26632214       3.65099981E-02
   8.28298855       3.73100005E-02
   8.29965496       3.81200016E-02
   8.31632137       3.89400013E-02
   8.33298779       3.97699997E-02
   8.34965420       4.06100005E-02
   8.36632061       4.14699987E-02
   8.38298702       4.23300005E-02
   8.39965343       4.32099998E-02
   8.41631985       4.40899990E-02
   8.43298626       4.49899994E-02
   8.44965267       4.58899997E-02
   8.46631908       4.68100011E-02
   8.48298550       4.77400012E-02
   8.49965191       4.86800000E-02
   8.51631832       4.96300012E-02
   8.53298473       5.05900010E-02
   8.54965115       5.15599996E-02
   8.56631756       5.25400005E-02
   8.58298397       5.35300002E-02
   8.59965038       5.45299985E-02
   8.61631680       5.55399992E-02
   8.63298321       5.65599985E-02
   8.64964962       5.75999990E-02
   8.66631603       5.86399995E-02
   8.68298244       5.96899986E-02
   8.69964886       6.07599989E-02
   8.71631527       6.18299991E-02
   8.73298168       6.29099980E-02
   8.74964809       6.40000030E-02
   8.76631451       6.51099980E-02
   8.78298092       6.62200004E-02
   8.79964733       6.73500001E-02
   8.81631374       6.84799999E-02
   8.83298016       6.96199983E-02
   8.84964657       7.07700029E-02
   8.86631298       7.19399974E-02
   8.88297939       7.31099993E-02
   8.89964581       7.42899999E-02
   8.91631222       7.54799992E-02
   8.93297863       7.66799971E-02
   8.94964504       7.78900012E-02
   8.96631145       7.91099966E-02
   8.98297787       8.03399980E-02
   8.99964428       8.15699995E-02
   9.01631069       8.28199983E-02
   9.03297710       8.40699971E-02
   9.04964352       8.53400007E-02
   9.06630993       8.66099969E-02
   9.08297634       8.78899992E-02
   9.09964275       8.91800001E-02
   9.11630917       9.04700011E-02
   9.13297558       9.17799994E-02
   9.14964199       9.30899978E-02
   9.16630840       9.44100022E-02
   9.18297482       9.57499966E-02
   9.19964123       9.70700011E-02
   9.21630764       9.84100029E-02
   9.23297405       9.97800007E-02
   9.24964046      0.101099998    
   9.26630688      0.102499999    
   9.28297329      0.103900000    
   9.29963970      0.105300002    
   9.31630611      0.106600001    
   9.33297253      0.108099997    
   9.34963894      0.109499998    
   9.36630535      0.110900000    
   9.38297176      0.112300001    
   9.39963818      0.113700002    
   9.41630459      0.115099996    
   9.43297100      0.116599999    
   9.44963741      0.118000001    
   9.46630383      0.119499996    
   9.48297024      0.120899998    
   9.49963665      0.122400001    
   9.51630306      0.123899996    
   9.53296947      0.125300005    
   9.54963589      0.126800001    
   9.56630230      0.128299996    
   9.58296871      0.129800007    
   9.59963512      0.131300002    
   9.61630154      0.132799998    
   9.63296795      0.134299994    
   9.64963436      0.135800004    
   9.66630077      0.137300000    
   9.68296719      0.138799995    
   9.69963360      0.140400007    
   9.71630001      0.141900003    
   9.73296642      0.143399999    
   9.74963284      0.144899994    
   9.76629925      0.146500006    
   9.78296566      0.148000002    
   9.79963207      0.149499997    
   9.81629848      0.151099995    
   9.83296490      0.152700007    
   9.84963131      0.154200003    
   9.86629772      0.155699998    
   9.88296413      0.157299995    
   9.89963055      0.158899993    
   9.91629696      0.160500005    
   9.93296337      0.162000000    
   9.94962978      0.163599998    
   9.96629620      0.165199995    
   9.98296261      0.166700006    
   9.99962902      0.168300003    
   10.0162954      0.169900000    
   10.0329618      0.171499997    
   10.0496283      0.172999993    
   10.0662947      0.174600005    
   10.0829611      0.176100001    
   10.0996275      0.177800000    
   10.1162939      0.179299995    
   10.1329603      0.180899993    
   10.1496267      0.182400003    
   10.1662931      0.184100002    
   10.1829596      0.185699999    
   10.1996260      0.187199995    
   10.2162924      0.188800007    
   10.2329588      0.190400004    
   10.2496252      0.192000002    
   10.2662916      0.193499997    
   10.2829580      0.195099995    
   10.2996244      0.196700007    
   10.3162909      0.198300004    
   10.3329573      0.199800000    
   10.3496237      0.201399997    
   10.3662901      0.202999994    
   10.3829565      0.204500005    
   10.3996229      0.206100002    
   10.4162893      0.207599998    
   10.4329557      0.209199995    
   10.4496222      0.210800007    
   10.4662886      0.212200001    
   10.4829550      0.213900000    
   10.4996214      0.215399995    
   10.5162878      0.216900006    
   10.5329542      0.218500003    
   10.5496206      0.219999999    
   10.5662870      0.221499994    
   10.5829535      0.223100007    
   10.5996199      0.224500000    
   10.6162863      0.226099998    
   10.6329527      0.227599993    
   10.6496191      0.229100004    
   10.6662855      0.230599999    
   10.6829519      0.232099995    
   10.6996183      0.233600006    
   10.7162848      0.235100001    
   10.7329512      0.236599997    
   10.7496176      0.238100007    
   10.7662840      0.239500001    
   10.7829504      0.240999997    
   10.7996168      0.242400005    
   10.8162832      0.243900001    
   10.8329496      0.245299995    
   10.8496161      0.246800005    
   10.8662825      0.248199999    
   10.8829489      0.249599993    
   10.8996153      0.250999987    
   10.9162817      0.252499998    
   10.9329481      0.253800005    
   10.9496145      0.255299985    
   10.9662809      0.256599993    
   10.9829473      0.257999986    
   10.9996138      0.259299994    
   11.0162802      0.260800004    
   11.0329466      0.262100011    
   11.0496130      0.263500005    
   11.0662794      0.264699996    
   11.0829458      0.266099989    
   11.0996122      0.267399997    
   11.1162786      0.268799990    
   11.1329451      0.270099998    
   11.1496115      0.271200001    
   11.1662779      0.272599995    
   11.1829443      0.273900002    
   11.1996107      0.275200009    
   11.2162771      0.276400000    
   11.2329435      0.277700007    
   11.2496099      0.278899997    
   11.2662764      0.280000001    
   11.2829428      0.281300008    
   11.2996092      0.282499999    
   11.3162756      0.283699989    
   11.3329420      0.284900010    
   11.3496084      0.286100000    
   11.3662748      0.287299991    
   11.3829412      0.288399994    
   11.3996077      0.289499998    
   11.4162741      0.290699989    
   11.4329405      0.291799992    
   11.4496069      0.292899996    
   11.4662733      0.294000000    
   11.4829397      0.295100003    
   11.4996061      0.296099991    
   11.5162725      0.297199994    
   11.5329390      0.298200011    
   11.5496054      0.299100012    
   11.5662718      0.300199986    
   11.5829382      0.301200002    
   11.5996046      0.302300006    
   11.6162710      0.303099990    
   11.6329374      0.304199994    
   11.6496038      0.305099994    
   11.6662703      0.306100011    
   11.6829367      0.307099998    
   11.6996031      0.307900012    
   11.7162695      0.308899999    
   11.7329359      0.309799999    
   11.7496023      0.310600013    
   11.7662687      0.311199993    
   11.7829351      0.312299997    
   11.7996016      0.313199997    
   11.8162680      0.314000010    
   11.8329344      0.314700007    
   11.8496008      0.315600008    
   11.8662672      0.316300005    
   11.8829336      0.317099988    
   11.8996000      0.317900002    
   11.9162664      0.318599999    
   11.9329329      0.319299996    
   11.9495993      0.319999993    
   11.9662657      0.320699990    
   11.9829321      0.321399987    
   11.9995985      0.322100013    
   12.0162649      0.322699994    
   12.0329313      0.323300004    
   12.0495977      0.324000001    
   12.0662642      0.324600011    
   12.0829306      0.325100005    
   12.0995970      0.325599998    
   12.1162634      0.326299995    
   12.1329298      0.326799989    
   12.1495962      0.327300012    
   12.1662626      0.327899992    
   12.1829290      0.328299999    
   12.1995955      0.328700006    
   12.2162619      0.329100013    
   12.2329283      0.329699993    
   12.2495947      0.330199987    
   12.2662611      0.330599993    
   12.2829275      0.331000000    
   12.2995939      0.331400007    
   12.3162603      0.331699997    
   12.3329268      0.332100004    
   12.3495932      0.332399994    
   12.3662596      0.332700014    
   12.3829260      0.333000004    
   12.3995924      0.333299994    
   12.4162588      0.333600014    
   12.4329252      0.333799988    
   12.4495916      0.334100008    
   12.4662580      0.334300011    
   12.4829245      0.334500015    
   12.4995909      0.334699988    
   12.5162573      0.334899992    
   12.5329237      0.335000008    
   12.5495901      0.335200012    
   12.5662565      0.335299999    
   12.5829229      0.335399985    
   12.5995893      0.335500002    
   12.6162558      0.335599989    
   12.6329222      0.335700005    
   12.6495886      0.335700005    
   12.6662550      0.335700005    
   12.6829214      0.335700005    
   12.6995878      0.335700005    
   12.7162542      0.335700005    
   12.7329206      0.335700005    
   12.7495871      0.335599989    
   12.7662535      0.335500002    
   12.7829199      0.335500002    
   12.7995863      0.335399985    
   12.8162527      0.335200012    
   12.8329191      0.335099995    
   12.8495855      0.334899992    
   12.8662519      0.334800005    
   12.8829184      0.334600002    
   12.8995848      0.334399998    
   12.9162512      0.334199995    
   12.9329176      0.333900005    
   12.9495840      0.333700001    
   12.9662504      0.333400011    
   12.9829168      0.333099991    
   12.9995832      0.332800001    
   13.0162497      0.332500011    
   13.0329161      0.332199991    
   13.0495825      0.331800014    
   13.0662489      0.331499994    
   13.0829153      0.331099987    
   13.0995817      0.330700010    
   13.1162481      0.330300003    
   13.1329145      0.329899997    
   13.1495810      0.329400003    
   13.1662474      0.328799993    
   13.1829138      0.328500003    
   13.1995802      0.328000009    
   13.2162466      0.327499986    
   13.2329130      0.326999992    
   13.2495794      0.326499999    
   13.2662458      0.325899988    
   13.2829123      0.325100005    
   13.2995787      0.324800014    
   13.3162451      0.324200004    
   13.3329115      0.323500007    
   13.3495779      0.322899997    
   13.3662443      0.322299987    
   13.3829107      0.321599990    
   13.3995771      0.321000010    
   13.4162436      0.320300013    
   13.4329100      0.319599986    
   13.4495764      0.318899989    
   13.4662428      0.318100005    
   13.4829092      0.317400008    
   13.4995756      0.316300005    
   13.5162420      0.315800011    
   13.5329084      0.315100014    
   13.5495749      0.314300001    
   13.5662413      0.313400000    
   13.5829077      0.312599987    
   13.5995741      0.311699986    
   13.6162405      0.310900003    
   13.6329069      0.310000002    
   13.6495733      0.309199989    
   13.6662397      0.308200002    
   13.6829062      0.307399988    
   13.6995726      0.306400001    
   13.7162390      0.305500001    
   13.7329054      0.304500014    
   13.7495718      0.303299993    
   13.7662382      0.302599996    
   13.7829046      0.301400006    
   13.7995710      0.300599992    
   13.8162374      0.299600005    
   13.8329039      0.298599988    
   13.8495703      0.297500014    
   13.8662367      0.296499997    
   13.8829031      0.295399994    
   13.8995695      0.294299990    
   13.9162359      0.293199986    
   13.9329023      0.292199999    
   13.9495687      0.291000009    
   13.9662352      0.289799988    
   13.9829016      0.288800001    
   13.9995680      0.287600011    
   14.0162344      0.286500007    
   14.0329008      0.285299987    
   14.0495672      0.284099996    
   14.0662336      0.282900006    
   14.0829000      0.281699985    
   14.0995665      0.280499995    
   14.1162329      0.279300004    
   14.1328993      0.277999997    
   14.1495657      0.276800007    
   14.1662321      0.275599986    
   14.1828985      0.274300009    
   14.1995649      0.273099989    
   14.2162313      0.271600008    
   14.2328978      0.270500004    
   14.2495642      0.269199997    
   14.2662306      0.267899990    
   14.2828970      0.266600013    
   14.2995634      0.265199989    
   14.3162298      0.263900012    
   14.3328962      0.262499988    
   14.3495626      0.261200011    
   14.3662291      0.259799987    
   14.3828955      0.258500010    
   14.3995619      0.256999999    
   14.4162283      0.255699992    
   14.4328947      0.254299998    
   14.4495611      0.252900004    
   14.4662275      0.251500010    
   14.4828939      0.250099987    
   14.4995604      0.248699993    
   14.5162268      0.247299999    
   14.5328932      0.245800003    
   14.5495596      0.244399995    
   14.5662260      0.242899999    
   14.5828924      0.241500005    
   14.5995588      0.239999995    
   14.6162252      0.238499999    
   14.6328917      0.237100005    
   14.6495581      0.235599995    
   14.6662245      0.234099999    
   14.6828909      0.232600003    
   14.6995573      0.231099993    
   14.7162237      0.229599997    
   14.7328901      0.228100002    
   14.7495565      0.226500005    
   14.7662230      0.225099996    
   14.7828894      0.223600000    
   14.7995558      0.222000003    
   14.8162222      0.220500007    
   14.8328886      0.218999997    
   14.8495550      0.217500001    
   14.8662214      0.215900004    
   14.8828878      0.214399993    
   14.8995543      0.212799996    
   14.9162207      0.211300001    
   14.9328871      0.209700003    
   14.9495535      0.208199993    
   14.9662199      0.206599995    
   14.9828863      0.205100000    
   14.9995527      0.203500003    
   15.0162191      0.201900005    
   15.0328856      0.200399995    
   15.0495520      0.198799998    
   15.0662184      0.197200000    
   15.0828848      0.195600003    
   15.0995512      0.194100007    
   15.1162176      0.192499995    
   15.1328840      0.190899998    
   15.1495504      0.189400002    
   15.1662169      0.187800005    
   15.1828833      0.186199993    
   15.1995497      0.184599996    
   15.2162161      0.182999998    
   15.2328825      0.181500003    
   15.2495489      0.179900005    
   15.2662153      0.178299993    
   15.2828817      0.176699996    
   15.2995481      0.175099999    
   15.3162146      0.173600003    
   15.3328810      0.172000006    
   15.3495474      0.170399994    
   15.3662138      0.168799996    
   15.3828802      0.167300001    
   15.3995466      0.165700004    
   15.4162130      0.164100006    
   15.4328794      0.162599996    
   15.4495459      0.160999998    
   15.4662123      0.159400001    
   15.4828787      0.157900006    
   15.4995451      0.156299993    
   15.5162115      0.154699996    
   15.5328779      0.153200001    
   15.5495443      0.151600003    
   15.5662107      0.150000006    
   15.5828772      0.148599997    
   15.5995436      0.147000000    
   15.6162100      0.145500004    
   15.6328764      0.143999994    
   15.6495428      0.142399997    
   15.6662092      0.140900001    
   15.6828756      0.139400005    
   15.6995420      0.137899995    
   15.7162085      0.136299998    
   15.7328749      0.134800002    
   15.7495413      0.133300006    
   15.7662077      0.131799996    
   15.7828741      0.130300000    
   15.7995405      0.128800005    
   15.8162069      0.127399996    
   15.8328733      0.125900000    
   15.8495398      0.124399997    
   15.8662062      0.122900002    
   15.8828726      0.121500000    
   15.8995390      0.119999997    
   15.9162054      0.118600003    
   15.9328718      0.117100000    
   15.9495382      0.115699999    
   15.9662046      0.114200003    
   15.9828711      0.112800002    
   15.9995375      0.111299999    
   16.0162029      0.109999999    
   16.0328693      0.108599998    
   16.0495358      0.107199997    
   16.0662022      0.105800003    
   16.0828686      0.104400001    
   16.0995350      0.103000000    
   16.1162014      0.101599999    
   16.1328678      0.100299999    
   16.1495342       9.89200026E-02
   16.1662006       9.75700021E-02
   16.1828671       9.62300003E-02
   16.1995335       9.48999971E-02
   16.2161999       9.35800001E-02
   16.2328663       9.22600031E-02
   16.2495327       9.09499973E-02
   16.2661991       8.96599963E-02
   16.2828655       8.83599967E-02
   16.2995319       8.70800018E-02
   16.3161983       8.58099982E-02
   16.3328648       8.45400020E-02
   16.3495312       8.32799971E-02
   16.3661976       8.20299983E-02
   16.3828640       8.07899982E-02
   16.3995304       7.95599967E-02
   16.4161968       7.83400014E-02
   16.4328632       7.71299973E-02
   16.4495296       7.59299994E-02
   16.4661961       7.47300014E-02
   16.4828625       7.35500008E-02
   16.4995289       7.23799989E-02
   16.5161953       7.12099969E-02
   16.5328617       7.00500011E-02
   16.5495281       6.89100027E-02
   16.5661945       6.77699968E-02
   16.5828609       6.66500032E-02
   16.5995274       6.55300021E-02
   16.6161938       6.44199997E-02
   16.6328602       6.33300021E-02
   16.6495266       6.22400008E-02
   16.6661930       6.11599982E-02
   16.6828594       6.01000004E-02
   16.6995258       5.90399988E-02
   16.7161922       5.79899997E-02
   16.7328587       5.69600016E-02
   16.7495251       5.59299998E-02
   16.7661915       5.49199991E-02
   16.7828579       5.39099984E-02
   16.7995243       5.29199988E-02
   16.8161907       5.19299991E-02
   16.8328571       5.09600006E-02
   16.8495235       5.00000007E-02
   16.8661900       4.90400009E-02
   16.8828564       4.80999984E-02
   16.8995228       4.71699983E-02
   16.9161892       4.62500006E-02
   16.9328556       4.53400016E-02
   16.9495220       4.44400012E-02
   16.9661884       4.35499996E-02
   16.9828548       4.26700003E-02
   16.9995213       4.17999998E-02
   17.0161877       4.09500003E-02
   17.0328541       4.01000008E-02
   17.0495205       3.92699987E-02
   17.0661869       3.84400003E-02
   17.0828533       3.76200005E-02
   17.0995197       3.68199982E-02
   17.1161861       3.60299982E-02
   17.1328526       3.52500007E-02
   17.1495190       3.44699994E-02
   17.1661854       3.37099992E-02
   17.1828518       3.29600014E-02
   17.1995182       3.22199985E-02
   17.2161846       3.14900018E-02
   17.2328510       3.07700001E-02
   17.2495174       3.00600007E-02
   17.2661839       2.93600000E-02
   17.2828503       2.86699999E-02
   17.2995167       2.80000009E-02
   17.3161831       2.73300000E-02
   17.3328495       2.66699996E-02
   17.3495159       2.60199998E-02
   17.3661823       2.53899992E-02
   17.3828487       2.47600004E-02
   17.3995152       2.41500009E-02
   17.4161816       2.35399995E-02
   17.4328480       2.29400005E-02
   17.4495144       2.23600008E-02
   17.4661808       2.17799991E-02
   17.4828472       2.12099999E-02
   17.4995136       2.06599999E-02
   17.5161800       2.01099999E-02
   17.5328465       1.95700005E-02
   17.5495129       1.90500002E-02
   17.5661793       1.85300000E-02
   17.5828457       1.80200003E-02
   17.5995121       1.75199993E-02
   17.6161785       1.70300007E-02
   17.6328449       1.65500008E-02
   17.6495113       1.60799995E-02
   17.6661777       1.56199997E-02
   17.6828442       1.51600000E-02
   17.6995106       1.47200003E-02
   17.7161770       1.42799998E-02
   17.7328434       1.38600003E-02
   17.7495098       1.34399999E-02
   17.7661762       1.30300000E-02
   17.7828426       1.26299998E-02
   17.7995090       1.22400001E-02
   17.8161755       1.18500004E-02
   17.8328419       1.14799999E-02
   17.8495083       1.11100003E-02
   17.8661747       1.07500004E-02
   17.8828411       1.04000000E-02
   17.8995075       1.00499997E-02
   17.9161739       9.71900020E-03
   17.9328403       9.39099956E-03
   17.9495068       9.06999968E-03
   17.9661732       8.75699986E-03
   17.9828396       8.45200010E-03
   17.9995060       8.15299992E-03
   18.0161724       7.86199979E-03
   18.0328388       7.57799996E-03
   18.0495052       7.30099995E-03
   18.0661716       7.03100022E-03
   18.0828381       6.76700007E-03
   18.0995045       6.51000021E-03
   18.1161709       6.26000017E-03
   18.1328373       6.01600017E-03
   18.1495037       5.77900000E-03
   18.1661701       5.54799987E-03
   18.1828365       5.32200001E-03
   18.1995029       5.10299997E-03
   18.2161694       4.88999998E-03
   18.2328358       4.68300004E-03
   18.2495022       4.48099989E-03
   18.2661686       4.28499980E-03
   18.2828350       4.09399997E-03
   18.2995014       3.90900020E-03
   18.3161678       3.72899999E-03
   18.3328342       3.55500006E-03
   18.3495007       3.38499993E-03
   18.3661671       3.22100008E-03
   18.3828335       3.06100002E-03
   18.3994999       2.90600001E-03
   18.4161663       2.75600003E-03
   18.4328327       2.61100009E-03
   18.4494991       2.46999995E-03
   18.4661655       2.33300007E-03
   18.4828320       2.20100000E-03
   18.4994984       2.07399996E-03
   18.5161648       1.94999995E-03
   18.5328312       1.83099997E-03
   18.5494976       1.71600003E-03
   18.5661640       1.60500000E-03
   18.5828304       1.49800000E-03
   18.5994968       1.39500003E-03
   18.6161633       1.29599997E-03
   18.6328297       1.20099995E-03
   18.6494961       1.10999995E-03
   18.6661625       1.02299999E-03
   18.6828289       9.39299993E-04
   18.6994953       8.59900028E-04
   18.7161617       7.84599979E-04
   18.7328281       7.13300018E-04
   18.7494946       6.46299974E-04
   18.7661610       5.84000023E-04
   18.7828274       5.16399974E-04
   18.7994938       4.54199995E-04
   18.8161602       4.02700010E-04
   18.8328266       3.60000005E-04
   18.8494930       3.11400014E-04
   18.8661594       2.74499995E-04
   18.8828259       2.34399995E-04
   18.8994923       2.00600000E-04
   18.9161587       1.70900006E-04
   18.9328251       1.44100006E-04
   18.9494915       1.20299999E-04
   18.9661579       9.99999975E-05
   18.9828243       8.30599965E-05
   18.9994907       6.66199994E-05
   19.0161572       5.44700015E-05
   19.0328236       4.29600004E-05
   19.0494900       3.37400015E-05
   19.0661564       2.62699996E-05
   19.0828228       2.02100000E-05
   19.0994892       1.53500005E-05
   19.1161556       1.15299999E-05
   19.1328220       8.48600030E-06
   19.1494884       6.05300011E-06
   19.1661549       4.23099982E-06
   19.1828213       2.85000010E-06
   19.1994877       1.79200003E-06
   19.2161541       1.07599999E-06
   19.2328205       6.17900014E-07
   19.2494869       3.44499995E-07
   19.2661533       1.84900003E-07
   19.2828197       8.57600000E-08
   19.2994862       3.21900018E-08
   19.3161526       7.18900006E-09
   19.3328190       5.07499986E-10
   19.3494854       1.23200001E-11
   19.3661518       8.51700031E-14
   19.3828182       1.22899994E-16
   19.3994846       5.01999980E-22
   19.4161510       0.00000000    
   19.4328175       0.00000000    
   19.4494839       0.00000000    
   19.4661503       0.00000000    
   19.4828167       0.00000000    
   19.4994831       0.00000000    
   19.5161495       0.00000000    
   19.5328159       0.00000000    
   19.5494823       0.00000000    
   19.5661488       0.00000000    
   19.5828152       0.00000000    
   19.5994816       0.00000000    
   19.6161480       0.00000000    
   19.6328144       0.00000000    
   19.6494808       0.00000000    
   19.6661472       0.00000000    
   19.6828136       0.00000000    
   19.6994801       0.00000000    
   19.7161465       0.00000000    
   19.7328129       0.00000000    
   19.7494793       0.00000000    
   19.7661457       0.00000000    
   19.7828121       0.00000000    
   19.7994785       0.00000000    
   19.8161449       0.00000000    
   19.8328114       0.00000000    
   19.8494778       0.00000000    
   19.8661442       0.00000000    
   19.8828106       0.00000000    
   19.8994770       0.00000000    
   19.9161434       0.00000000    
   19.9328098       0.00000000    
   19.9494762       0.00000000    
   19.9661427       0.00000000    
   19.9828091       0.00000000    
   19.9994755       0.00000000    
   20.0161419       0.00000000    
   20.0328083       0.00000000    
   20.0494747       0.00000000    
   20.0661411       0.00000000    
   20.0828075       0.00000000    
   20.0994740       0.00000000    
   20.1161404       0.00000000    
   20.1328068       0.00000000    
   20.1494732       0.00000000    
   20.1661396       0.00000000    
   20.1828060       0.00000000    
   20.1994724       0.00000000    
   20.2161388       0.00000000    
   20.2328053       0.00000000    
   20.2494717       0.00000000    
   20.2661381       0.00000000    
   20.2828045       0.00000000    
   20.2994709       0.00000000    
   20.3161373       0.00000000    
   20.3328037       0.00000000    
   20.3494701       0.00000000    
   20.3661366       0.00000000    
   20.3828030       0.00000000    
   20.3994694       0.00000000    
   20.4161358       0.00000000    
   20.4328022       0.00000000    
   20.4494686       0.00000000    
   20.4661350       0.00000000    
   20.4828014       0.00000000    
   20.4994678       0.00000000    
   20.5161343       0.00000000    
   20.5328007       0.00000000    
   20.5494671       0.00000000    
   20.5661335       0.00000000    
   20.5827999       0.00000000    
   20.5994663       0.00000000    
   20.6161327       0.00000000    
   20.6327991       0.00000000    
   20.6494656       0.00000000    
   20.6661320       0.00000000    
   20.6827984       0.00000000    
   20.6994648       0.00000000    
   20.7161312       0.00000000    
   20.7327976       0.00000000    
   20.7494640       0.00000000    
   20.7661304       0.00000000    
   20.7827969       0.00000000    
   20.7994633       0.00000000    
   20.8161297       0.00000000    
   20.8327961       0.00000000    
   20.8494625       0.00000000    
   20.8661289       0.00000000    
   20.8827953       0.00000000    
   20.8994617       0.00000000    
   20.9161282       0.00000000    
   20.9327946       0.00000000    
   20.9494610       0.00000000    
   20.9661274       0.00000000    
   20.9827938       0.00000000    
   20.9994602       0.00000000    
   21.0161266       0.00000000    
   21.0327930       0.00000000    
   21.0494595       0.00000000    
   21.0661259       0.00000000    
   21.0827923       0.00000000    
   21.0994587       0.00000000    
   21.1161251       0.00000000    
   21.1327915       0.00000000    
   21.1494579       0.00000000    
   21.1661243       0.00000000    
   21.1827908       0.00000000    
   21.1994572       0.00000000    
   21.2161236       0.00000000    
   21.2327900       0.00000000    
   21.2494564       0.00000000    
   21.2661228       0.00000000    
   21.2827892       0.00000000    
   21.2994556       0.00000000    
   21.3161221       0.00000000    
   21.3327885       0.00000000    
   21.3494549       0.00000000    
   21.3661213       0.00000000    
   21.3827877       0.00000000    
   21.3994541       0.00000000    
   21.4161205       0.00000000    
   21.4327869       0.00000000    
   21.4494534       0.00000000    
   21.4661198       0.00000000    
   21.4827862       0.00000000    
   21.4994526       0.00000000    
   21.5161190       0.00000000    
   21.5327854       0.00000000    
   21.5494518       0.00000000    
   21.5661182       0.00000000    
   21.5827847       0.00000000    
   21.5994511       0.00000000    
   21.6161175       0.00000000    
   21.6327839       0.00000000    
   21.6494503       0.00000000    
   21.6661167       0.00000000    
   21.6827831       0.00000000    
   21.6994495       0.00000000    
   21.7161160       0.00000000    
   21.7327824       0.00000000    
   21.7494488       0.00000000    
   21.7661152       0.00000000    
   21.7827816       0.00000000    
   21.7994480       0.00000000    
   21.8161144       0.00000000    
   21.8327808       0.00000000    
   21.8494473       0.00000000    
   21.8661137       0.00000000    
   21.8827801       0.00000000    
   21.8994465       0.00000000    
   21.9161129       0.00000000    
   21.9327793       0.00000000    
   21.9494457       0.00000000    
   21.9661121       0.00000000    
   21.9827785       0.00000000    
   21.9994450       0.00000000    
   22.0161114       0.00000000    
   22.0327778       0.00000000    
   22.0494442       0.00000000    
   22.0661106       0.00000000    
   22.0827770       0.00000000    
   22.0994434       0.00000000    
   22.1161098       0.00000000    
   22.1327763       0.00000000    
   22.1494427       0.00000000    
   22.1661091       0.00000000    
   22.1827755       0.00000000    
   22.1994419       0.00000000    
   22.2161083       0.00000000    
   22.2327747       0.00000000    
   22.2494411       0.00000000    
   22.2661076       0.00000000    
   22.2827740       0.00000000    
   22.2994404       0.00000000    
   22.3161068       0.00000000    
   22.3327732       0.00000000    
   22.3494396       0.00000000    
   22.3661060       0.00000000    
   22.3827724       0.00000000    
   22.3994389       0.00000000    
   22.4161053       0.00000000    
   22.4327717       0.00000000    
   22.4494381       0.00000000    
   22.4661045       0.00000000    
   22.4827709       0.00000000    
   22.4994373       0.00000000    
   22.5161037       0.00000000    
   22.5327702       0.00000000    
   22.5494366       0.00000000    
   22.5661030       0.00000000    
   22.5827694       0.00000000    
   22.5994358       0.00000000    
   22.6161022       0.00000000    
   22.6327686       0.00000000    
   22.6494350       0.00000000    
   22.6661015       0.00000000    
   22.6827679       0.00000000    
   22.6994343       0.00000000    
   22.7161007       0.00000000    
   22.7327671       0.00000000    
   22.7494335       0.00000000    
   22.7660999       0.00000000    
   22.7827663       0.00000000    
   22.7994328       0.00000000    
   22.8160992       0.00000000    
   22.8327656       0.00000000    
   22.8494320       0.00000000    
   22.8660984       0.00000000    
   22.8827648       0.00000000    
   22.8994312       0.00000000    
   22.9160976       0.00000000    
   22.9327641       0.00000000    
   22.9494305       0.00000000    
   22.9660969       0.00000000    
   22.9827633       0.00000000    
   22.9994297       0.00000000    
   23.0160961       0.00000000    
   23.0327625       0.00000000    
   23.0494289       0.00000000    
   23.0660954       0.00000000    
   23.0827618       0.00000000    
   23.0994282       0.00000000    
   23.1160946       0.00000000    
   23.1327610       0.00000000    
   23.1494274       0.00000000    
   23.1660938       0.00000000    
   23.1827602       0.00000000    
   23.1994267       0.00000000    
   23.2160931       0.00000000    
   23.2327595       0.00000000    
   23.2494259       0.00000000    
   23.2660923       0.00000000    
   23.2827587       0.00000000    
   23.2994251       0.00000000    
   23.3160915       0.00000000    
   23.3327579       0.00000000    
   23.3494244       0.00000000    
   23.3660908       0.00000000    
   23.3827572       0.00000000    
   23.3994236       0.00000000    
   23.4160900       0.00000000    
   23.4327564       0.00000000    
   23.4494228       0.00000000    
   23.4660892       0.00000000    
   23.4827557       0.00000000    
   23.4994221       0.00000000    
   23.5160885       0.00000000    
   23.5327549       0.00000000    
   23.5494213       0.00000000    
   23.5660877       0.00000000    
   23.5827541       0.00000000    
   23.5994205       0.00000000    
   23.6160870       0.00000000    
   23.6327534       0.00000000    
   23.6494198       0.00000000    
   23.6660862       0.00000000    
   23.6827526       0.00000000    
   23.6994190       0.00000000    
   23.7160854       0.00000000    
   23.7327518       0.00000000    
   23.7494183       0.00000000    
   23.7660847       0.00000000    
   23.7827511       0.00000000    
   23.7994175       0.00000000    
   23.8160839       0.00000000    
   23.8327503       0.00000000    
   23.8494167       0.00000000    
   23.8660831       0.00000000    
   23.8827496       0.00000000    
   23.8994160       0.00000000    
   23.9160824       0.00000000    
   23.9327488       0.00000000    
   23.9494152       0.00000000    
   23.9660816       0.00000000    
   23.9827480       0.00000000    
