   0.00000000       0.00000000    
   1.66660007E-02   0.00000000    
   3.33320014E-02   0.00000000    
   4.99980003E-02   0.00000000    
   6.66640028E-02   0.00000000    
   8.33300054E-02   0.00000000    
   9.99960080E-02   0.00000000    
  0.116662011       0.00000000    
  0.133328006       0.00000000    
  0.149994001       0.00000000    
  0.166659996       0.00000000    
  0.183325991       0.00000000    
  0.199991986       0.00000000    
  0.216657981       0.00000000    
  0.233323976       0.00000000    
  0.249989972       0.00000000    
  0.266655982       0.00000000    
  0.283321977       0.00000000    
  0.299987972       0.00000000    
  0.316653967       0.00000000    
  0.333319962       0.00000000    
  0.349985957       0.00000000    
  0.366651952       0.00000000    
  0.383317947       0.00000000    
  0.399983943       0.00000000    
  0.416649938       0.00000000    
  0.433315933       0.00000000    
  0.449981928       0.00000000    
  0.466647923       0.00000000    
  0.483313918       0.00000000    
  0.499979913       0.00000000    
  0.516645908       0.00000000    
  0.533311903       0.00000000    
  0.549977899       0.00000000    
  0.566643894       0.00000000    
  0.583309889       0.00000000    
  0.599975884       0.00000000    
  0.616641879       0.00000000    
  0.633307874       0.00000000    
  0.649973869       0.00000000    
  0.666639864       0.00000000    
  0.683305860       0.00000000    
  0.699971855       0.00000000    
  0.716637850       0.00000000    
  0.733303845       0.00000000    
  0.749969840       0.00000000    
  0.766635835       0.00000000    
  0.783301830       0.00000000    
  0.799967825       0.00000000    
  0.816633821       0.00000000    
  0.833299816       0.00000000    
  0.849965811       0.00000000    
  0.866631806       0.00000000    
  0.883297801       0.00000000    
  0.899963796       0.00000000    
  0.916629791       0.00000000    
  0.933295786       0.00000000    
  0.949961782       0.00000000    
  0.966627777       0.00000000    
  0.983293772       0.00000000    
  0.999959767       0.00000000    
   1.01662576       0.00000000    
   1.03329182       0.00000000    
   1.04995787       0.00000000    
   1.06662393       0.00000000    
   1.08328998       0.00000000    
   1.09995604       0.00000000    
   1.11662209       0.00000000    
   1.13328815       0.00000000    
   1.14995420       0.00000000    
   1.16662025       0.00000000    
   1.18328631       0.00000000    
   1.19995236       0.00000000    
   1.21661842       0.00000000    
   1.23328447       0.00000000    
   1.24995053       0.00000000    
   1.26661658       0.00000000    
   1.28328264       0.00000000    
   1.29994869       0.00000000    
   1.31661475       0.00000000    
   1.33328080       0.00000000    
   1.34994686       0.00000000    
   1.36661291       0.00000000    
   1.38327897       0.00000000    
   1.39994502       0.00000000    
   1.41661108       0.00000000    
   1.43327713       0.00000000    
   1.44994318       0.00000000    
   1.46660924       0.00000000    
   1.48327529       0.00000000    
   1.49994135       0.00000000    
   1.51660740       0.00000000    
   1.53327346       0.00000000    
   1.54993951       0.00000000    
   1.56660557       0.00000000    
   1.58327162       0.00000000    
   1.59993768       0.00000000    
   1.61660373       0.00000000    
   1.63326979       0.00000000    
   1.64993584       0.00000000    
   1.66660190       0.00000000    
   1.68326795       0.00000000    
   1.69993401       0.00000000    
   1.71660006       0.00000000    
   1.73326612       0.00000000    
   1.74993217       0.00000000    
   1.76659822       0.00000000    
   1.78326428       0.00000000    
   1.79993033       0.00000000    
   1.81659639       0.00000000    
   1.83326244       0.00000000    
   1.84992850       0.00000000    
   1.86659455       0.00000000    
   1.88326061       0.00000000    
   1.89992666       0.00000000    
   1.91659272       0.00000000    
   1.93325877       0.00000000    
   1.94992483       0.00000000    
   1.96659088       0.00000000    
   1.98325694       0.00000000    
   1.99992299       0.00000000    
   2.01658893       0.00000000    
   2.03325486       0.00000000    
   2.04992080       0.00000000    
   2.06658673       0.00000000    
   2.08325267       0.00000000    
   2.09991860       0.00000000    
   2.11658454       0.00000000    
   2.13325047       0.00000000    
   2.14991641       0.00000000    
   2.16658235       0.00000000    
   2.18324828       0.00000000    
   2.19991422       0.00000000    
   2.21658015       0.00000000    
   2.23324609       0.00000000    
   2.24991202       0.00000000    
   2.26657796       0.00000000    
   2.28324389       0.00000000    
   2.29990983       0.00000000    
   2.31657577       0.00000000    
   2.33324170       0.00000000    
   2.34990764       0.00000000    
   2.36657357       0.00000000    
   2.38323951       0.00000000    
   2.39990544       0.00000000    
   2.41657138       0.00000000    
   2.43323731       0.00000000    
   2.44990325       0.00000000    
   2.46656919       0.00000000    
   2.48323512       0.00000000    
   2.49990106       0.00000000    
   2.51656699       0.00000000    
   2.53323293       0.00000000    
   2.54989886       0.00000000    
   2.56656480       0.00000000    
   2.58323073       0.00000000    
   2.59989667       0.00000000    
   2.61656260       0.00000000    
   2.63322854       0.00000000    
   2.64989448       0.00000000    
   2.66656041       0.00000000    
   2.68322635       0.00000000    
   2.69989228       0.00000000    
   2.71655822       0.00000000    
   2.73322415       0.00000000    
   2.74989009       0.00000000    
   2.76655602       0.00000000    
   2.78322196       0.00000000    
   2.79988790       0.00000000    
   2.81655383       0.00000000    
   2.83321977       0.00000000    
   2.84988570       0.00000000    
   2.86655164       0.00000000    
   2.88321757       0.00000000    
   2.89988351       0.00000000    
   2.91654944       0.00000000    
   2.93321538       0.00000000    
   2.94988132       0.00000000    
   2.96654725       0.00000000    
   2.98321319       0.00000000    
   2.99987912       0.00000000    
   3.01654506       0.00000000    
   3.03321099       0.00000000    
   3.04987693       0.00000000    
   3.06654286       0.00000000    
   3.08320880       0.00000000    
   3.09987473       0.00000000    
   3.11654067       0.00000000    
   3.13320661       0.00000000    
   3.14987254       0.00000000    
   3.16653848       0.00000000    
   3.18320441       0.00000000    
   3.19987035       0.00000000    
   3.21653628       0.00000000    
   3.23320222       0.00000000    
   3.24986815       0.00000000    
   3.26653409       0.00000000    
   3.28320003       0.00000000    
   3.29986596       0.00000000    
   3.31653190       0.00000000    
   3.33319783       0.00000000    
   3.34986377       0.00000000    
   3.36652970       0.00000000    
   3.38319564       0.00000000    
   3.39986157       0.00000000    
   3.41652751       0.00000000    
   3.43319345       0.00000000    
   3.44985938       0.00000000    
   3.46652532       0.00000000    
   3.48319125       0.00000000    
   3.49985719       0.00000000    
   3.51652312       0.00000000    
   3.53318906       0.00000000    
   3.54985499       0.00000000    
   3.56652093       0.00000000    
   3.58318686       0.00000000    
   3.59985280       0.00000000    
   3.61651874       0.00000000    
   3.63318467       0.00000000    
   3.64985061       0.00000000    
   3.66651654       0.00000000    
   3.68318248       0.00000000    
   3.69984841       0.00000000    
   3.71651435       0.00000000    
   3.73318028       0.00000000    
   3.74984622       0.00000000    
   3.76651216       0.00000000    
   3.78317809       0.00000000    
   3.79984403       0.00000000    
   3.81650996       0.00000000    
   3.83317590       0.00000000    
   3.84984183       0.00000000    
   3.86650777       0.00000000    
   3.88317370       0.00000000    
   3.89983964       0.00000000    
   3.91650558       0.00000000    
   3.93317151       0.00000000    
   3.94983745       0.00000000    
   3.96650338       0.00000000    
   3.98316932       0.00000000    
   3.99983525       0.00000000    
   4.01650143       0.00000000    
   4.03316736       0.00000000    
   4.04983330       0.00000000    
   4.06649923       0.00000000    
   4.08316517       0.00000000    
   4.09983110       0.00000000    
   4.11649704       0.00000000    
   4.13316298       0.00000000    
   4.14982891       0.00000000    
   4.16649485       0.00000000    
   4.18316078       0.00000000    
   4.19982672       0.00000000    
   4.21649265       0.00000000    
   4.23315859       0.00000000    
   4.24982452       0.00000000    
   4.26649046       0.00000000    
   4.28315639       0.00000000    
   4.29982233       0.00000000    
   4.31648827       0.00000000    
   4.33315420       0.00000000    
   4.34982014       0.00000000    
   4.36648607       0.00000000    
   4.38315201       0.00000000    
   4.39981794       0.00000000    
   4.41648388       0.00000000    
   4.43314981       0.00000000    
   4.44981575       0.00000000    
   4.46648169       0.00000000    
   4.48314762       0.00000000    
   4.49981356       0.00000000    
   4.51647949       0.00000000    
   4.53314543       0.00000000    
   4.54981136       0.00000000    
   4.56647730       0.00000000    
   4.58314323       0.00000000    
   4.59980917       0.00000000    
   4.61647511       0.00000000    
   4.63314104       0.00000000    
   4.64980698       0.00000000    
   4.66647291       0.00000000    
   4.68313885       0.00000000    
   4.69980478       0.00000000    
   4.71647072       0.00000000    
   4.73313665       0.00000000    
   4.74980259       0.00000000    
   4.76646852       0.00000000    
   4.78313446       0.00000000    
   4.79980040       0.00000000    
   4.81646633       0.00000000    
   4.83313227       0.00000000    
   4.84979820       0.00000000    
   4.86646414       0.00000000    
   4.88313007       0.00000000    
   4.89979601       0.00000000    
   4.91646194       0.00000000    
   4.93312788       0.00000000    
   4.94979382       0.00000000    
   4.96645975       0.00000000    
   4.98312569       0.00000000    
   4.99979162       0.00000000    
   5.01645756       0.00000000    
   5.03312349       0.00000000    
   5.04978943       0.00000000    
   5.06645536       0.00000000    
   5.08312130       0.00000000    
   5.09978724       0.00000000    
   5.11645317       0.00000000    
   5.13311911       0.00000000    
   5.14978504       0.00000000    
   5.16645098       0.00000000    
   5.18311691       0.00000000    
   5.19978285       0.00000000    
   5.21644878       0.00000000    
   5.23311472       0.00000000    
   5.24978065       0.00000000    
   5.26644659       0.00000000    
   5.28311253       0.00000000    
   5.29977846       0.00000000    
   5.31644440       0.00000000    
   5.33311033       0.00000000    
   5.34977627       0.00000000    
   5.36644220       0.00000000    
   5.38310814       0.00000000    
   5.39977407       0.00000000    
   5.41644001       0.00000000    
   5.43310595       0.00000000    
   5.44977188       0.00000000    
   5.46643782       0.00000000    
   5.48310375       0.00000000    
   5.49976969       0.00000000    
   5.51643562       0.00000000    
   5.53310156       0.00000000    
   5.54976749       0.00000000    
   5.56643343       0.00000000    
   5.58309937       0.00000000    
   5.59976530       0.00000000    
   5.61643124       0.00000000    
   5.63309717       0.00000000    
   5.64976311       0.00000000    
   5.66642904       0.00000000    
   5.68309498       0.00000000    
   5.69976091       0.00000000    
   5.71642685       0.00000000    
   5.73309278       0.00000000    
   5.74975872       0.00000000    
   5.76642466       0.00000000    
   5.78309059       0.00000000    
   5.79975653       0.00000000    
   5.81642246       0.00000000    
   5.83308840       0.00000000    
   5.84975433       0.00000000    
   5.86642027       0.00000000    
   5.88308620       0.00000000    
   5.89975214       0.00000000    
   5.91641808       0.00000000    
   5.93308401       2.97099991E-21
   5.94974995       2.51499990E-16
   5.96641588       1.48099997E-13
   5.98308182       1.77499994E-11
   5.99974775       6.58600008E-10
   6.01641369       9.11300013E-09
   6.03307962       3.51599994E-08
   6.04974556       9.47299981E-08
   6.06641150       1.92800002E-07
   6.08307743       3.59100000E-07
   6.09974337       6.43400028E-07
   6.11640930       1.11400004E-06
   6.13307524       1.83899999E-06
   6.14974117       2.90000003E-06
   6.16640711       4.35499987E-06
   6.18307304       6.14000010E-06
   6.19973898       8.62700017E-06
   6.21640491       1.16100000E-05
   6.23307085       1.54800000E-05
   6.24973679       2.04299995E-05
   6.26640272       2.65199997E-05
   6.28306866       3.39399994E-05
   6.29973459       4.30600012E-05
   6.31640053       5.44399991E-05
   6.33306646       6.68799985E-05
   6.34973240       8.29700002E-05
   6.36639833       9.99999975E-05
   6.38306427       1.20500001E-04
   6.39973021       1.44599995E-04
   6.41639614       1.71399995E-04
   6.43306208       2.00700000E-04
   6.44972801       2.33900006E-04
   6.46639395       2.73499987E-04
   6.48305988       3.11000011E-04
   6.49972582       3.58499994E-04
   6.51639175       4.01400001E-04
   6.53305769       4.52900014E-04
   6.54972363       5.15100022E-04
   6.56638956       5.81400003E-04
   6.58305550       6.43300009E-04
   6.59972143       7.09799991E-04
   6.61638737       7.80700007E-04
   6.63305330       8.55399994E-04
   6.64971924       9.34100011E-04
   6.66638517       1.01699994E-03
   6.68305111       1.10300002E-03
   6.69971704       1.19300000E-03
   6.71638298       1.28800003E-03
   6.73304892       1.38599996E-03
   6.74971485       1.48800004E-03
   6.76638079       1.59400003E-03
   6.78304672       1.70400005E-03
   6.79971266       1.81799999E-03
   6.81637859       1.93599996E-03
   6.83304453       2.05800007E-03
   6.84971046       2.18400010E-03
   6.86637640       2.31499993E-03
   6.88304234       2.45000003E-03
   6.89970827       2.58999993E-03
   6.91637421       2.73400010E-03
   6.93304014       2.88200006E-03
   6.94970608       3.03500006E-03
   6.96637201       3.19300010E-03
   6.98303795       3.35599994E-03
   6.99970388       3.52400006E-03
   7.01636982       3.69599997E-03
   7.03303576       3.87399993E-03
   7.04970169       4.05699993E-03
   7.06636763       4.24600020E-03
   7.08303356       4.43999982E-03
   7.09969950       4.63900017E-03
   7.11636543       4.84400010E-03
   7.13303137       5.05500007E-03
   7.14969730       5.27099986E-03
   7.16636324       5.49399992E-03
   7.18302917       5.72300004E-03
   7.19969511       5.95800020E-03
   7.21636105       6.19899994E-03
   7.23302698       6.44600019E-03
   7.24969292       6.69999979E-03
   7.26635885       6.96100015E-03
   7.28302479       7.22800009E-03
   7.29969072       7.50199985E-03
   7.31635666       7.78200012E-03
   7.33302259       8.07000045E-03
   7.34968853       8.36499967E-03
   7.36635447       8.66699964E-03
   7.38302040       8.97699967E-03
   7.39968634       9.29300021E-03
   7.41635227       9.61699989E-03
   7.43301821       9.94899962E-03
   7.44968414       1.02899997E-02
   7.46635008       1.06400000E-02
   7.48301601       1.09900003E-02
   7.49968195       1.13500003E-02
   7.51634789       1.17199998E-02
   7.53301382       1.20999999E-02
   7.54967976       1.24899996E-02
   7.56634569       1.28899999E-02
   7.58301163       1.32900001E-02
   7.59967756       1.37099996E-02
   7.61634350       1.41300000E-02
   7.63300943       1.45600000E-02
   7.64967537       1.49999997E-02
   7.66634130       1.54400002E-02
   7.68300724       1.59000009E-02
   7.69967318       1.63700003E-02
   7.71633911       1.68399997E-02
   7.73300505       1.73199996E-02
   7.74967098       1.78200006E-02
   7.76633692       1.83199998E-02
   7.78300285       1.88299995E-02
   7.79966879       1.93499997E-02
   7.81633472       1.98800005E-02
   7.83300066       2.04300005E-02
   7.84966660       2.09700000E-02
   7.86633253       2.15300005E-02
   7.88299847       2.20999997E-02
   7.89966440       2.26799995E-02
   7.91633034       2.32699998E-02
   7.93299627       2.38700006E-02
   7.94966221       2.44800001E-02
   7.96632814       2.51000002E-02
   7.98299408       2.57300008E-02
   7.99966002       2.63700001E-02
   8.01632595       2.70199999E-02
   8.03299236       2.76800003E-02
   8.04965878       2.83499993E-02
   8.06632519       2.90300008E-02
   8.08299160       2.97200009E-02
   8.09965801       3.04199997E-02
   8.11632442       3.11299991E-02
   8.13299084       3.18499990E-02
   8.14965725       3.25799994E-02
   8.16632366       3.33199985E-02
   8.18299007       3.40700001E-02
   8.19965649       3.48399989E-02
   8.21632290       3.56100015E-02
   8.23298931       3.64000015E-02
   8.24965572       3.71900015E-02
   8.26632214       3.79999988E-02
   8.28298855       3.88099998E-02
   8.29965496       3.96399982E-02
   8.31632137       4.04799990E-02
   8.33298779       4.13199998E-02
   8.34965420       4.21800017E-02
   8.36632061       4.30499986E-02
   8.38298702       4.39300016E-02
   8.39965343       4.48199995E-02
   8.41631985       4.57199998E-02
   8.43298626       4.66299988E-02
   8.44965267       4.75500003E-02
   8.46631908       4.84800003E-02
   8.48298550       4.94199991E-02
   8.49965191       5.03700003E-02
   8.51631832       5.13399988E-02
   8.53298473       5.23100011E-02
   8.54965115       5.32899983E-02
   8.56631756       5.42800017E-02
   8.58298397       5.52899987E-02
   8.59965038       5.62999994E-02
   8.61631680       5.73300011E-02
   8.63298321       5.83599992E-02
   8.64964962       5.94099984E-02
   8.66631603       6.04600012E-02
   8.68298244       6.15300015E-02
   8.69964886       6.26000017E-02
   8.71631527       6.36899993E-02
   8.73298168       6.47799969E-02
   8.74964809       6.58800006E-02
   8.76631451       6.70000017E-02
   8.78298092       6.81300014E-02
   8.79964733       6.92600012E-02
   8.81631374       7.03999996E-02
   8.83298016       7.15499967E-02
   8.84964657       7.27199987E-02
   8.86631298       7.38900006E-02
   8.88297939       7.50700012E-02
   8.89964581       7.62600005E-02
   8.91631222       7.74599984E-02
   8.93297863       7.86700025E-02
   8.94964504       7.98799992E-02
   8.96631145       8.11100006E-02
   8.98297787       8.23500007E-02
   8.99964428       8.35900009E-02
   9.01631069       8.48499984E-02
   9.03297710       8.61100033E-02
   9.04964352       8.73799995E-02
   9.06630993       8.86600018E-02
   9.08297634       8.99500027E-02
   9.09964275       9.12400037E-02
   9.11630917       9.25400034E-02
   9.13297558       9.38500017E-02
   9.14964199       9.51799974E-02
   9.16630840       9.65000018E-02
   9.18297482       9.78400037E-02
   9.19964123       9.91699994E-02
   9.21630764      0.100500003    
   9.23297405      0.101899996    
   9.24964046      0.103299998    
   9.26630688      0.104599997    
   9.28297329      0.105999999    
   9.29963970      0.107400000    
   9.31630611      0.108800001    
   9.33297253      0.110200003    
   9.34963894      0.111599997    
   9.36630535      0.112999998    
   9.38297176      0.114399999    
   9.39963818      0.115900002    
   9.41630459      0.117299996    
   9.43297100      0.118699998    
   9.44963741      0.120200001    
   9.46630383      0.121600002    
   9.48297024      0.123099998    
   9.49963665      0.124499999    
   9.51630306      0.126000002    
   9.53296947      0.127499998    
   9.54963589      0.128999993    
   9.56630230      0.130500004    
   9.58296871      0.131899998    
   9.59963512      0.133399993    
   9.61630154      0.134900004    
   9.63296795      0.136399999    
   9.64963436      0.137899995    
   9.66630077      0.139400005    
   9.68296719      0.141000003    
   9.69963360      0.142499998    
   9.71630001      0.143999994    
   9.73296642      0.145500004    
   9.74963284      0.147000000    
   9.76629925      0.148499995    
   9.78296566      0.150099993    
   9.79963207      0.151700005    
   9.81629848      0.153200001    
   9.83296490      0.154799998    
   9.84963131      0.156299993    
   9.86629772      0.157900006    
   9.88296413      0.159400001    
   9.89963055      0.160999998    
   9.91629696      0.162499994    
   9.93296337      0.164000005    
   9.94962978      0.165600002    
   9.96629620      0.167199999    
   9.98296261      0.168799996    
   9.99962902      0.170300007    
   10.0162954      0.171700001    
   10.0329618      0.173500001    
   10.0496283      0.174999997    
   10.0662947      0.176599994    
   10.0829611      0.178200006    
   10.0996275      0.179800004    
   10.1162939      0.181299999    
   10.1329603      0.182899997    
   10.1496267      0.184499994    
   10.1662931      0.186000004    
   10.1829596      0.187600002    
   10.1996260      0.189199999    
   10.2162924      0.190699995    
   10.2329588      0.192300007    
   10.2496252      0.193900004    
   10.2662916      0.195400000    
   10.2829580      0.196999997    
   10.2996244      0.198500007    
   10.3162909      0.200100005    
   10.3329573      0.201700002    
   10.3496237      0.203199998    
   10.3662901      0.204799995    
   10.3829565      0.206300005    
   10.3996229      0.207900003    
   10.4162893      0.209399998    
   10.4329557      0.210999995    
   10.4496222      0.212500006    
   10.4662886      0.214000002    
   10.4829550      0.215499997    
   10.4996214      0.217099994    
   10.5162878      0.218600005    
   10.5329542      0.220200002    
   10.5496206      0.221699998    
   10.5662870      0.223199993    
   10.5829535      0.224700004    
   10.5996199      0.226099998    
   10.6162863      0.227699995    
   10.6329527      0.229200006    
   10.6496191      0.230700001    
   10.6662855      0.232199997    
   10.6829519      0.233700007    
   10.6996183      0.235100001    
   10.7162848      0.236599997    
   10.7329512      0.238000005    
   10.7496176      0.239500001    
   10.7662840      0.240999997    
   10.7829504      0.242400005    
   10.7996168      0.243900001    
   10.8162832      0.245299995    
   10.8329496      0.246700004    
   10.8496161      0.248199999    
   10.8662825      0.249599993    
   10.8829489      0.250900000    
   10.8996153      0.252400011    
   10.9162817      0.253800005    
   10.9329481      0.255199999    
   10.9496145      0.256500006    
   10.9662809      0.257699996    
   10.9829473      0.259200007    
   10.9996138      0.260600001    
   11.0162802      0.261999995    
   11.0329466      0.263300002    
   11.0496130      0.264600009    
   11.0662794      0.266000003    
   11.0829458      0.267300010    
   11.0996122      0.268599987    
   11.1162786      0.269899994    
   11.1329451      0.271100014    
   11.1496115      0.272399992    
   11.1662779      0.273699999    
   11.1829443      0.274899989    
   11.1996107      0.276199996    
   11.2162771      0.277399987    
   11.2329435      0.278600007    
   11.2496099      0.279900014    
   11.2662764      0.281100005    
   11.2829428      0.282299995    
   11.2996092      0.283399999    
   11.3162756      0.284599990    
   11.3329420      0.285800010    
   11.3496084      0.286900014    
   11.3662748      0.288100004    
   11.3829412      0.289200008    
   11.3996077      0.290300012    
   11.4162741      0.291399986    
   11.4329405      0.292499989    
   11.4496069      0.293599993    
   11.4662733      0.294699997    
   11.4829397      0.295599997    
   11.4996061      0.296799988    
   11.5162725      0.297800004    
   11.5329390      0.298799992    
   11.5496054      0.299899995    
   11.5662718      0.300799996    
   11.5829382      0.301800013    
   11.5996046      0.302599996    
   11.6162710      0.303499997    
   11.6329374      0.304699987    
   11.6496038      0.305700004    
   11.6662703      0.306600004    
   11.6829367      0.307500005    
   11.6996031      0.308400005    
   11.7162695      0.309300005    
   11.7329359      0.310099989    
   11.7496023      0.310999990    
   11.7662687      0.311800003    
   11.7829351      0.312700003    
   11.7996016      0.313499987    
   11.8162680      0.314300001    
   11.8329344      0.315100014    
   11.8496008      0.315800011    
   11.8662672      0.316599995    
   11.8829336      0.317000002    
   11.8996000      0.318100005    
   11.9162664      0.318800002    
   11.9329329      0.319499999    
   11.9495993      0.320199996    
   11.9662657      0.320600003    
   11.9829321      0.321500003    
   11.9995985      0.322100013    
   12.0162649      0.322800010    
   12.0329313      0.323399991    
   12.0495977      0.324000001    
   12.0662642      0.324600011    
   12.0829306      0.325100005    
   12.0995970      0.325700015    
   12.1162634      0.326200008    
   12.1329298      0.326700002    
   12.1495962      0.327199996    
   12.1662626      0.327600002    
   12.1829290      0.328200012    
   12.1995955      0.328700006    
   12.2162619      0.328999996    
   12.2329283      0.329400003    
   12.2495947      0.330000013    
   12.2662611      0.330399990    
   12.2829275      0.330700010    
   12.2995939      0.331099987    
   12.3162603      0.331400007    
   12.3329268      0.331800014    
   12.3495932      0.332100004    
   12.3662596      0.332399994    
   12.3829260      0.332700014    
   12.3995924      0.333000004    
   12.4162588      0.333200008    
   12.4329252      0.333499998    
   12.4495916      0.333700001    
   12.4662580      0.333900005    
   12.4829245      0.334100008    
   12.4995909      0.334199995    
   12.5162573      0.334399998    
   12.5329237      0.334600002    
   12.5495901      0.334699988    
   12.5662565      0.334800005    
   12.5829229      0.334899992    
   12.5995893      0.335000008    
   12.6162558      0.335000008    
   12.6329222      0.335099995    
   12.6495886      0.335099995    
   12.6662550      0.335099995    
   12.6829214      0.335099995    
   12.6995878      0.335099995    
   12.7162542      0.335000008    
   12.7329206      0.335000008    
   12.7495871      0.334899992    
   12.7662535      0.334800005    
   12.7829199      0.334699988    
   12.7995863      0.334600002    
   12.8162527      0.334500015    
   12.8329191      0.334300011    
   12.8495855      0.334199995    
   12.8662519      0.333999991    
   12.8829184      0.333799988    
   12.8995848      0.333600014    
   12.9162512      0.333299994    
   12.9329176      0.333099991    
   12.9495840      0.332800001    
   12.9662504      0.332599998    
   12.9829168      0.332300007    
   12.9995832      0.331999987    
   13.0162497      0.331600010    
   13.0329161      0.331299990    
   13.0495825      0.330900013    
   13.0662489      0.330599993    
   13.0829153      0.330199987    
   13.0995817      0.329800010    
   13.1162481      0.328999996    
   13.1329145      0.328900009    
   13.1495810      0.328500003    
   13.1662474      0.327899992    
   13.1829138      0.327499986    
   13.1995802      0.326999992    
   13.2162466      0.326499999    
   13.2329130      0.326000005    
   13.2495794      0.325399995    
   13.2662458      0.324900001    
   13.2829123      0.324299991    
   13.2995787      0.323700011    
   13.3162451      0.323100001    
   13.3329115      0.322499990    
   13.3495779      0.321799994    
   13.3662443      0.321099997    
   13.3829107      0.320499986    
   13.3995771      0.319799989    
   13.4162436      0.319200009    
   13.4329100      0.318399996    
   13.4495764      0.317699999    
   13.4662428      0.317000002    
   13.4829092      0.316199988    
   13.4995756      0.315499991    
   13.5162420      0.314700007    
   13.5329084      0.313899994    
   13.5495749      0.313100010    
   13.5662413      0.312299997    
   13.5829077      0.311399996    
   13.5995741      0.310600013    
   13.6162405      0.309700012    
   13.6329069      0.308600008    
   13.6495733      0.307999998    
   13.6662397      0.307000011    
   13.6829062      0.306100011    
   13.6995726      0.305200011    
   13.7162390      0.304199994    
   13.7329054      0.303299993    
   13.7495718      0.302300006    
   13.7662382      0.301400006    
   13.7829046      0.300399989    
   13.7995710      0.299400002    
   13.8162374      0.298299998    
   13.8329039      0.297300011    
   13.8495703      0.296299994    
   13.8662367      0.295199990    
   13.8829031      0.294099987    
   13.8995695      0.293000013    
   13.9162359      0.291999996    
   13.9329023      0.290899992    
   13.9495687      0.289799988    
   13.9662352      0.288700014    
   13.9829016      0.287499994    
   13.9995680      0.286399990    
   14.0162344      0.285200000    
   14.0329008      0.284099996    
   14.0495672      0.282799989    
   14.0662336      0.281699985    
   14.0829000      0.280499995    
   14.0995665      0.279300004    
   14.1162329      0.278100014    
   14.1328993      0.276800007    
   14.1495657      0.275599986    
   14.1662321      0.274399996    
   14.1828985      0.272899985    
   14.1995649      0.271800011    
   14.2162313      0.270500004    
   14.2328978      0.269300014    
   14.2495642      0.268000007    
   14.2662306      0.266700000    
   14.2828970      0.265300006    
   14.2995634      0.263999999    
   14.3162298      0.262699991    
   14.3328962      0.261299998    
   14.3495626      0.259999990    
   14.3662291      0.258599997    
   14.3828955      0.257299989    
   14.3995619      0.255899996    
   14.4162283      0.254500002    
   14.4328947      0.253100008    
   14.4495611      0.251700014    
   14.4662275      0.250299990    
   14.4828939      0.248899996    
   14.4995604      0.247500002    
   14.5162268      0.245900005    
   14.5328932      0.244599998    
   14.5495596      0.243200004    
   14.5662260      0.241699994    
   14.5828924      0.240300000    
   14.5995588      0.238900006    
   14.6162252      0.237399995    
   14.6328917      0.235900000    
   14.6495581      0.234500006    
   14.6662245      0.232999995    
   14.6828909      0.231500000    
   14.6995573      0.230000004    
   14.7162237      0.228400007    
   14.7328901      0.226999998    
   14.7495565      0.225500003    
   14.7662230      0.223900005    
   14.7828894      0.222499996    
   14.7995558      0.221000001    
   14.8162222      0.219500005    
   14.8328886      0.217899993    
   14.8495550      0.216399997    
   14.8662214      0.214900002    
   14.8828878      0.213300005    
   14.8995543      0.211799994    
   14.9162207      0.210299999    
   14.9328871      0.208700001    
   14.9495535      0.207100004    
   14.9662199      0.205599993    
   14.9828863      0.204099998    
   14.9995527      0.202500001    
   15.0162191      0.201000005    
   15.0328856      0.199399993    
   15.0495520      0.197799996    
   15.0662184      0.196300000    
   15.0828848      0.194700003    
   15.0995512      0.193200007    
   15.1162176      0.191599995    
   15.1328840      0.189999998    
   15.1495504      0.188500002    
   15.1662169      0.186900005    
   15.1828833      0.185299993    
   15.1995497      0.183699995    
   15.2162161      0.182200000    
   15.2328825      0.180600002    
   15.2495489      0.179000005    
   15.2662153      0.177499995    
   15.2828817      0.175899997    
   15.2995481      0.174300000    
   15.3162146      0.172800004    
   15.3328810      0.171200007    
   15.3495474      0.169599995    
   15.3662138      0.168099999    
   15.3828802      0.166500002    
   15.3995466      0.164900005    
   15.4162130      0.163399994    
   15.4328794      0.161799997    
   15.4495459      0.160300002    
   15.4662123      0.158700004    
   15.4828787      0.157199994    
   15.4995451      0.155599996    
   15.5162115      0.154100001    
   15.5328779      0.152500004    
   15.5495443      0.150999993    
   15.5662107      0.149499997    
   15.5828772      0.147900000    
   15.5995436      0.146300003    
   15.6162100      0.144899994    
   15.6328764      0.143299997    
   15.6495428      0.141800001    
   15.6662092      0.140300006    
   15.6828756      0.138799995    
   15.6995420      0.137199998    
   15.7162085      0.135800004    
   15.7328749      0.134299994    
   15.7495413      0.132799998    
   15.7662077      0.131300002    
   15.7828741      0.129800007    
   15.7995405      0.128299996    
   15.8162069      0.126800001    
   15.8328733      0.125400007    
   15.8495398      0.123899996    
   15.8662062      0.122400001    
   15.8828726      0.120999999    
   15.8995390      0.119499996    
   15.9162054      0.118100002    
   15.9328718      0.116700001    
   15.9495382      0.115199998    
   15.9662046      0.113799997    
   15.9828711      0.112400003    
   15.9995375      0.111000001    
   16.0162029      0.109600000    
   16.0328693      0.108199999    
   16.0495358      0.106799997    
   16.0662022      0.105400003    
   16.0828686      0.104000002    
   16.0995350      0.102700002    
   16.1162014      0.101300001    
   16.1328678       9.99500006E-02
   16.1495342       9.86000001E-02
   16.1662006       9.72599983E-02
   16.1828671       9.59199965E-02
   16.1995335       9.46099982E-02
   16.2161999       9.32900012E-02
   16.2328663       9.19800028E-02
   16.2495327       9.06800032E-02
   16.2661991       8.93900022E-02
   16.2828655       8.81099999E-02
   16.2995319       8.68399963E-02
   16.3161983       8.55700001E-02
   16.3328648       8.43100026E-02
   16.3495312       8.30599964E-02
   16.3661976       8.18200037E-02
   16.3828640       8.05900022E-02
   16.3995304       7.93699995E-02
   16.4161968       7.81499967E-02
   16.4328632       7.69499987E-02
   16.4495296       7.57500008E-02
   16.4661961       7.45700002E-02
   16.4828625       7.33899996E-02
   16.4995289       7.22299963E-02
   16.5161953       7.10700005E-02
   16.5328617       6.99200034E-02
   16.5495281       6.87799975E-02
   16.5661945       6.76499978E-02
   16.5828609       6.65299967E-02
   16.5995274       6.54200017E-02
   16.6161938       6.43199980E-02
   16.6328602       6.32300004E-02
   16.6495266       6.21500015E-02
   16.6661930       6.10800013E-02
   16.6828594       6.00199997E-02
   16.6995258       5.89700006E-02
   16.7161922       5.79300001E-02
   16.7328587       5.68999983E-02
   16.7495251       5.58799990E-02
   16.7661915       5.48699982E-02
   16.7828579       5.38699999E-02
   16.7995243       5.28899990E-02
   16.8161907       5.19100018E-02
   16.8328571       5.09399995E-02
   16.8495235       4.99799997E-02
   16.8661900       4.90299985E-02
   16.8828564       4.80999984E-02
   16.8995228       4.71699983E-02
   16.9161892       4.62500006E-02
   16.9328556       4.53500003E-02
   16.9495220       4.44499999E-02
   16.9661884       4.35700007E-02
   16.9828548       4.26900014E-02
   16.9995213       4.18299995E-02
   17.0161877       4.09800000E-02
   17.0328541       4.01399992E-02
   17.0495205       3.92999984E-02
   17.0661869       3.84799987E-02
   17.0828533       3.76700014E-02
   17.0995197       3.68699990E-02
   17.1161861       3.60799991E-02
   17.1328526       3.53000015E-02
   17.1495190       3.45299989E-02
   17.1661854       3.37699987E-02
   17.1828518       3.30299996E-02
   17.1995182       3.22900005E-02
   17.2161846       3.15600000E-02
   17.2328510       3.08400001E-02
   17.2495174       3.01399995E-02
   17.2661839       2.94400007E-02
   17.2828503       2.87599992E-02
   17.2995167       2.80799996E-02
   17.3161831       2.74199992E-02
   17.3328495       2.67600007E-02
   17.3495159       2.61199996E-02
   17.3661823       2.54800003E-02
   17.3828487       2.48600002E-02
   17.3995152       2.42400002E-02
   17.4161816       2.36399993E-02
   17.4328480       2.30400003E-02
   17.4495144       2.24600006E-02
   17.4661808       2.18800008E-02
   17.4828472       2.13200003E-02
   17.4995136       2.07599998E-02
   17.5161800       2.02200003E-02
   17.5328465       1.96800008E-02
   17.5495129       1.91500001E-02
   17.5661793       1.86299998E-02
   17.5828457       1.81300007E-02
   17.5995121       1.76299997E-02
   17.6161785       1.71399992E-02
   17.6328449       1.66599993E-02
   17.6495113       1.61899999E-02
   17.6661777       1.57299992E-02
   17.6828442       1.52700003E-02
   17.6995106       1.48299998E-02
   17.7161770       1.43900001E-02
   17.7328434       1.39699997E-02
   17.7495098       1.35500003E-02
   17.7661762       1.31400004E-02
   17.7828426       1.27400002E-02
   17.7995090       1.23500004E-02
   17.8161755       1.19599998E-02
   17.8328419       1.15900002E-02
   17.8495083       1.12199998E-02
   17.8661747       1.08599998E-02
   17.8828411       1.05100004E-02
   17.8995075       1.01600001E-02
   17.9161739       9.82700009E-03
   17.9328403       9.49800014E-03
   17.9495068       9.17700026E-03
   17.9661732       8.86300020E-03
   17.9828396       8.55700020E-03
   17.9995060       8.25699978E-03
   18.0161724       7.96500035E-03
   18.0328388       7.67999981E-03
   18.0495052       7.40200002E-03
   18.0661716       7.13100005E-03
   18.0828381       6.86699990E-03
   18.0995045       6.60899980E-03
   18.1161709       6.35700021E-03
   18.1328373       6.11199997E-03
   18.1495037       5.87400002E-03
   18.1661701       5.64200012E-03
   18.1828365       5.41500002E-03
   18.1995029       5.19500021E-03
   18.2161694       4.98000020E-03
   18.2328358       4.77200001E-03
   18.2495022       4.56900010E-03
   18.2661686       4.37200023E-03
   18.2828350       4.18000016E-03
   18.2995014       3.99400014E-03
   18.3161678       3.81199992E-03
   18.3328342       3.63699999E-03
   18.3495007       3.46600008E-03
   18.3661671       3.29999998E-03
   18.3828335       3.13899992E-03
   18.3994999       2.98299990E-03
   18.4161663       2.83099990E-03
   18.4328327       2.68399995E-03
   18.4494991       2.54200003E-03
   18.4661655       2.40399991E-03
   18.4828320       2.27100006E-03
   18.4994984       2.14200001E-03
   18.5161648       2.01699999E-03
   18.5328312       1.89600000E-03
   18.5494976       1.78000005E-03
   18.5661640       1.66700000E-03
   18.5828304       1.55900000E-03
   18.5994968       1.45400001E-03
   18.6161633       1.35399995E-03
   18.6328297       1.25700003E-03
   18.6494961       1.16400002E-03
   18.6661625       1.07500004E-03
   18.6828289       9.89699969E-04
   18.6994953       9.08499991E-04
   18.7161617       8.31199985E-04
   18.7328281       7.57700007E-04
   18.7494946       6.88400003E-04
   18.7661610       6.23299973E-04
   18.7828274       5.63099980E-04
   18.7994938       4.94499982E-04
   18.8161602       4.35800001E-04
   18.8328266       3.87200009E-04
   18.8494930       3.46899993E-04
   18.8661594       2.97799997E-04
   18.8828259       2.64300004E-04
   18.8994923       2.24699994E-04
   18.9161587       1.91300001E-04
   18.9328251       1.62199998E-04
   18.9494915       1.36699993E-04
   18.9661579       1.14399998E-04
   18.9828243       9.54700008E-05
   18.9994907       7.73700012E-05
   19.0161572       6.32000010E-05
   19.0328236       5.04700001E-05
   19.0494900       4.08400010E-05
   19.0661564       3.19100000E-05
   19.0828228       2.47499993E-05
   19.0994892       1.90200008E-05
   19.1161556       1.44699998E-05
   19.1328220       1.06500001E-05
   19.1494884       7.80099981E-06
   19.1661549       5.63300000E-06
   19.1828213       3.87599994E-06
   19.1994877       2.55900000E-06
   19.2161541       1.61299999E-06
   19.2328205       9.71200052E-07
   19.2494869       5.52900019E-07
   19.2661533       3.03999997E-07
   19.2828197       1.59500004E-07
   19.2994862       7.46900000E-08
   19.3161526       2.55200003E-08
   19.3328190       5.35100009E-09
   19.3494854       2.58199989E-10
   19.3661518       5.74499996E-12
   19.3828182       3.15600004E-14
   19.3994846       3.23399992E-17
   19.4161510       3.64100012E-36
   19.4328175       0.00000000    
   19.4494839       0.00000000    
   19.4661503       0.00000000    
   19.4828167       0.00000000    
   19.4994831       0.00000000    
   19.5161495       0.00000000    
   19.5328159       0.00000000    
   19.5494823       0.00000000    
   19.5661488       0.00000000    
   19.5828152       0.00000000    
   19.5994816       0.00000000    
   19.6161480       0.00000000    
   19.6328144       0.00000000    
   19.6494808       0.00000000    
   19.6661472       0.00000000    
   19.6828136       0.00000000    
   19.6994801       0.00000000    
   19.7161465       0.00000000    
   19.7328129       0.00000000    
   19.7494793       0.00000000    
   19.7661457       0.00000000    
   19.7828121       0.00000000    
   19.7994785       0.00000000    
   19.8161449       0.00000000    
   19.8328114       0.00000000    
   19.8494778       0.00000000    
   19.8661442       0.00000000    
   19.8828106       0.00000000    
   19.8994770       0.00000000    
   19.9161434       0.00000000    
   19.9328098       0.00000000    
   19.9494762       0.00000000    
   19.9661427       0.00000000    
   19.9828091       0.00000000    
   19.9994755       0.00000000    
   20.0161419       0.00000000    
   20.0328083       0.00000000    
   20.0494747       0.00000000    
   20.0661411       0.00000000    
   20.0828075       0.00000000    
   20.0994740       0.00000000    
   20.1161404       0.00000000    
   20.1328068       0.00000000    
   20.1494732       0.00000000    
   20.1661396       0.00000000    
   20.1828060       0.00000000    
   20.1994724       0.00000000    
   20.2161388       0.00000000    
   20.2328053       0.00000000    
   20.2494717       0.00000000    
   20.2661381       0.00000000    
   20.2828045       0.00000000    
   20.2994709       0.00000000    
   20.3161373       0.00000000    
   20.3328037       0.00000000    
   20.3494701       0.00000000    
   20.3661366       0.00000000    
   20.3828030       0.00000000    
   20.3994694       0.00000000    
   20.4161358       0.00000000    
   20.4328022       0.00000000    
   20.4494686       0.00000000    
   20.4661350       0.00000000    
   20.4828014       0.00000000    
   20.4994678       0.00000000    
   20.5161343       0.00000000    
   20.5328007       0.00000000    
   20.5494671       0.00000000    
   20.5661335       0.00000000    
   20.5827999       0.00000000    
   20.5994663       0.00000000    
   20.6161327       0.00000000    
   20.6327991       0.00000000    
   20.6494656       0.00000000    
   20.6661320       0.00000000    
   20.6827984       0.00000000    
   20.6994648       0.00000000    
   20.7161312       0.00000000    
   20.7327976       0.00000000    
   20.7494640       0.00000000    
   20.7661304       0.00000000    
   20.7827969       0.00000000    
   20.7994633       0.00000000    
   20.8161297       0.00000000    
   20.8327961       0.00000000    
   20.8494625       0.00000000    
   20.8661289       0.00000000    
   20.8827953       0.00000000    
   20.8994617       0.00000000    
   20.9161282       0.00000000    
   20.9327946       0.00000000    
   20.9494610       0.00000000    
   20.9661274       0.00000000    
   20.9827938       0.00000000    
   20.9994602       0.00000000    
   21.0161266       0.00000000    
   21.0327930       0.00000000    
   21.0494595       0.00000000    
   21.0661259       0.00000000    
   21.0827923       0.00000000    
   21.0994587       0.00000000    
   21.1161251       0.00000000    
   21.1327915       0.00000000    
   21.1494579       0.00000000    
   21.1661243       0.00000000    
   21.1827908       0.00000000    
   21.1994572       0.00000000    
   21.2161236       0.00000000    
   21.2327900       0.00000000    
   21.2494564       0.00000000    
   21.2661228       0.00000000    
   21.2827892       0.00000000    
   21.2994556       0.00000000    
   21.3161221       0.00000000    
   21.3327885       0.00000000    
   21.3494549       0.00000000    
   21.3661213       0.00000000    
   21.3827877       0.00000000    
   21.3994541       0.00000000    
   21.4161205       0.00000000    
   21.4327869       0.00000000    
   21.4494534       0.00000000    
   21.4661198       0.00000000    
   21.4827862       0.00000000    
   21.4994526       0.00000000    
   21.5161190       0.00000000    
   21.5327854       0.00000000    
   21.5494518       0.00000000    
   21.5661182       0.00000000    
   21.5827847       0.00000000    
   21.5994511       0.00000000    
   21.6161175       0.00000000    
   21.6327839       0.00000000    
   21.6494503       0.00000000    
   21.6661167       0.00000000    
   21.6827831       0.00000000    
   21.6994495       0.00000000    
   21.7161160       0.00000000    
   21.7327824       0.00000000    
   21.7494488       0.00000000    
   21.7661152       0.00000000    
   21.7827816       0.00000000    
   21.7994480       0.00000000    
   21.8161144       0.00000000    
   21.8327808       0.00000000    
   21.8494473       0.00000000    
   21.8661137       0.00000000    
   21.8827801       0.00000000    
   21.8994465       0.00000000    
   21.9161129       0.00000000    
   21.9327793       0.00000000    
   21.9494457       0.00000000    
   21.9661121       0.00000000    
   21.9827785       0.00000000    
   21.9994450       0.00000000    
   22.0161114       0.00000000    
   22.0327778       0.00000000    
   22.0494442       0.00000000    
   22.0661106       0.00000000    
   22.0827770       0.00000000    
   22.0994434       0.00000000    
   22.1161098       0.00000000    
   22.1327763       0.00000000    
   22.1494427       0.00000000    
   22.1661091       0.00000000    
   22.1827755       0.00000000    
   22.1994419       0.00000000    
   22.2161083       0.00000000    
   22.2327747       0.00000000    
   22.2494411       0.00000000    
   22.2661076       0.00000000    
   22.2827740       0.00000000    
   22.2994404       0.00000000    
   22.3161068       0.00000000    
   22.3327732       0.00000000    
   22.3494396       0.00000000    
   22.3661060       0.00000000    
   22.3827724       0.00000000    
   22.3994389       0.00000000    
   22.4161053       0.00000000    
   22.4327717       0.00000000    
   22.4494381       0.00000000    
   22.4661045       0.00000000    
   22.4827709       0.00000000    
   22.4994373       0.00000000    
   22.5161037       0.00000000    
   22.5327702       0.00000000    
   22.5494366       0.00000000    
   22.5661030       0.00000000    
   22.5827694       0.00000000    
   22.5994358       0.00000000    
   22.6161022       0.00000000    
   22.6327686       0.00000000    
   22.6494350       0.00000000    
   22.6661015       0.00000000    
   22.6827679       0.00000000    
   22.6994343       0.00000000    
   22.7161007       0.00000000    
   22.7327671       0.00000000    
   22.7494335       0.00000000    
   22.7660999       0.00000000    
   22.7827663       0.00000000    
   22.7994328       0.00000000    
   22.8160992       0.00000000    
   22.8327656       0.00000000    
   22.8494320       0.00000000    
   22.8660984       0.00000000    
   22.8827648       0.00000000    
   22.8994312       0.00000000    
   22.9160976       0.00000000    
   22.9327641       0.00000000    
   22.9494305       0.00000000    
   22.9660969       0.00000000    
   22.9827633       0.00000000    
   22.9994297       0.00000000    
   23.0160961       0.00000000    
   23.0327625       0.00000000    
   23.0494289       0.00000000    
   23.0660954       0.00000000    
   23.0827618       0.00000000    
   23.0994282       0.00000000    
   23.1160946       0.00000000    
   23.1327610       0.00000000    
   23.1494274       0.00000000    
   23.1660938       0.00000000    
   23.1827602       0.00000000    
   23.1994267       0.00000000    
   23.2160931       0.00000000    
   23.2327595       0.00000000    
   23.2494259       0.00000000    
   23.2660923       0.00000000    
   23.2827587       0.00000000    
   23.2994251       0.00000000    
   23.3160915       0.00000000    
   23.3327579       0.00000000    
   23.3494244       0.00000000    
   23.3660908       0.00000000    
   23.3827572       0.00000000    
   23.3994236       0.00000000    
   23.4160900       0.00000000    
   23.4327564       0.00000000    
   23.4494228       0.00000000    
   23.4660892       0.00000000    
   23.4827557       0.00000000    
   23.4994221       0.00000000    
   23.5160885       0.00000000    
   23.5327549       0.00000000    
   23.5494213       0.00000000    
   23.5660877       0.00000000    
   23.5827541       0.00000000    
   23.5994205       0.00000000    
   23.6160870       0.00000000    
   23.6327534       0.00000000    
   23.6494198       0.00000000    
   23.6660862       0.00000000    
   23.6827526       0.00000000    
   23.6994190       0.00000000    
   23.7160854       0.00000000    
   23.7327518       0.00000000    
   23.7494183       0.00000000    
   23.7660847       0.00000000    
   23.7827511       0.00000000    
   23.7994175       0.00000000    
   23.8160839       0.00000000    
   23.8327503       0.00000000    
   23.8494167       0.00000000    
   23.8660831       0.00000000    
   23.8827496       0.00000000    
   23.8994160       0.00000000    
   23.9160824       0.00000000    
   23.9327488       0.00000000    
   23.9494152       0.00000000    
   23.9660816       0.00000000    
   23.9827480       0.00000000    
