   0.00000000       0.00000000    
   1.66660007E-02   0.00000000    
   3.33320014E-02   0.00000000    
   4.99980003E-02   0.00000000    
   6.66640028E-02   0.00000000    
   8.33300054E-02   0.00000000    
   9.99960080E-02   0.00000000    
  0.116662011       0.00000000    
  0.133328006       0.00000000    
  0.149994001       0.00000000    
  0.166659996       0.00000000    
  0.183325991       0.00000000    
  0.199991986       0.00000000    
  0.216657981       0.00000000    
  0.233323976       0.00000000    
  0.249989972       0.00000000    
  0.266655982       0.00000000    
  0.283321977       0.00000000    
  0.299987972       0.00000000    
  0.316653967       0.00000000    
  0.333319962       0.00000000    
  0.349985957       0.00000000    
  0.366651952       0.00000000    
  0.383317947       0.00000000    
  0.399983943       0.00000000    
  0.416649938       0.00000000    
  0.433315933       0.00000000    
  0.449981928       0.00000000    
  0.466647923       0.00000000    
  0.483313918       0.00000000    
  0.499979913       0.00000000    
  0.516645908       0.00000000    
  0.533311903       0.00000000    
  0.549977899       0.00000000    
  0.566643894       0.00000000    
  0.583309889       0.00000000    
  0.599975884       0.00000000    
  0.616641879       0.00000000    
  0.633307874       0.00000000    
  0.649973869       0.00000000    
  0.666639864       0.00000000    
  0.683305860       0.00000000    
  0.699971855       0.00000000    
  0.716637850       0.00000000    
  0.733303845       0.00000000    
  0.749969840       0.00000000    
  0.766635835       0.00000000    
  0.783301830       0.00000000    
  0.799967825       0.00000000    
  0.816633821       0.00000000    
  0.833299816       0.00000000    
  0.849965811       0.00000000    
  0.866631806       0.00000000    
  0.883297801       0.00000000    
  0.899963796       0.00000000    
  0.916629791       0.00000000    
  0.933295786       0.00000000    
  0.949961782       0.00000000    
  0.966627777       0.00000000    
  0.983293772       0.00000000    
  0.999959767       0.00000000    
   1.01662576       0.00000000    
   1.03329182       0.00000000    
   1.04995787       0.00000000    
   1.06662393       0.00000000    
   1.08328998       0.00000000    
   1.09995604       0.00000000    
   1.11662209       0.00000000    
   1.13328815       0.00000000    
   1.14995420       0.00000000    
   1.16662025       0.00000000    
   1.18328631       0.00000000    
   1.19995236       0.00000000    
   1.21661842       0.00000000    
   1.23328447       0.00000000    
   1.24995053       0.00000000    
   1.26661658       0.00000000    
   1.28328264       0.00000000    
   1.29994869       0.00000000    
   1.31661475       0.00000000    
   1.33328080       0.00000000    
   1.34994686       0.00000000    
   1.36661291       0.00000000    
   1.38327897       0.00000000    
   1.39994502       0.00000000    
   1.41661108       0.00000000    
   1.43327713       0.00000000    
   1.44994318       0.00000000    
   1.46660924       0.00000000    
   1.48327529       0.00000000    
   1.49994135       0.00000000    
   1.51660740       0.00000000    
   1.53327346       0.00000000    
   1.54993951       0.00000000    
   1.56660557       0.00000000    
   1.58327162       0.00000000    
   1.59993768       0.00000000    
   1.61660373       0.00000000    
   1.63326979       0.00000000    
   1.64993584       0.00000000    
   1.66660190       0.00000000    
   1.68326795       0.00000000    
   1.69993401       0.00000000    
   1.71660006       0.00000000    
   1.73326612       0.00000000    
   1.74993217       0.00000000    
   1.76659822       0.00000000    
   1.78326428       0.00000000    
   1.79993033       0.00000000    
   1.81659639       0.00000000    
   1.83326244       0.00000000    
   1.84992850       0.00000000    
   1.86659455       0.00000000    
   1.88326061       0.00000000    
   1.89992666       0.00000000    
   1.91659272       0.00000000    
   1.93325877       0.00000000    
   1.94992483       0.00000000    
   1.96659088       0.00000000    
   1.98325694       0.00000000    
   1.99992299       0.00000000    
   2.01658893       0.00000000    
   2.03325486       0.00000000    
   2.04992080       0.00000000    
   2.06658673       0.00000000    
   2.08325267       0.00000000    
   2.09991860       0.00000000    
   2.11658454       0.00000000    
   2.13325047       0.00000000    
   2.14991641       0.00000000    
   2.16658235       0.00000000    
   2.18324828       0.00000000    
   2.19991422       0.00000000    
   2.21658015       0.00000000    
   2.23324609       0.00000000    
   2.24991202       0.00000000    
   2.26657796       0.00000000    
   2.28324389       0.00000000    
   2.29990983       0.00000000    
   2.31657577       0.00000000    
   2.33324170       0.00000000    
   2.34990764       0.00000000    
   2.36657357       0.00000000    
   2.38323951       0.00000000    
   2.39990544       0.00000000    
   2.41657138       0.00000000    
   2.43323731       0.00000000    
   2.44990325       0.00000000    
   2.46656919       0.00000000    
   2.48323512       0.00000000    
   2.49990106       0.00000000    
   2.51656699       0.00000000    
   2.53323293       0.00000000    
   2.54989886       0.00000000    
   2.56656480       0.00000000    
   2.58323073       0.00000000    
   2.59989667       0.00000000    
   2.61656260       0.00000000    
   2.63322854       0.00000000    
   2.64989448       0.00000000    
   2.66656041       0.00000000    
   2.68322635       0.00000000    
   2.69989228       0.00000000    
   2.71655822       0.00000000    
   2.73322415       0.00000000    
   2.74989009       0.00000000    
   2.76655602       0.00000000    
   2.78322196       0.00000000    
   2.79988790       0.00000000    
   2.81655383       0.00000000    
   2.83321977       0.00000000    
   2.84988570       0.00000000    
   2.86655164       0.00000000    
   2.88321757       0.00000000    
   2.89988351       0.00000000    
   2.91654944       0.00000000    
   2.93321538       0.00000000    
   2.94988132       0.00000000    
   2.96654725       0.00000000    
   2.98321319       0.00000000    
   2.99987912       0.00000000    
   3.01654506       0.00000000    
   3.03321099       0.00000000    
   3.04987693       0.00000000    
   3.06654286       0.00000000    
   3.08320880       0.00000000    
   3.09987473       0.00000000    
   3.11654067       0.00000000    
   3.13320661       0.00000000    
   3.14987254       0.00000000    
   3.16653848       0.00000000    
   3.18320441       0.00000000    
   3.19987035       0.00000000    
   3.21653628       0.00000000    
   3.23320222       0.00000000    
   3.24986815       0.00000000    
   3.26653409       0.00000000    
   3.28320003       0.00000000    
   3.29986596       0.00000000    
   3.31653190       0.00000000    
   3.33319783       0.00000000    
   3.34986377       0.00000000    
   3.36652970       0.00000000    
   3.38319564       0.00000000    
   3.39986157       0.00000000    
   3.41652751       0.00000000    
   3.43319345       0.00000000    
   3.44985938       0.00000000    
   3.46652532       0.00000000    
   3.48319125       0.00000000    
   3.49985719       0.00000000    
   3.51652312       0.00000000    
   3.53318906       0.00000000    
   3.54985499       0.00000000    
   3.56652093       0.00000000    
   3.58318686       0.00000000    
   3.59985280       0.00000000    
   3.61651874       0.00000000    
   3.63318467       0.00000000    
   3.64985061       0.00000000    
   3.66651654       0.00000000    
   3.68318248       0.00000000    
   3.69984841       0.00000000    
   3.71651435       0.00000000    
   3.73318028       0.00000000    
   3.74984622       0.00000000    
   3.76651216       0.00000000    
   3.78317809       0.00000000    
   3.79984403       0.00000000    
   3.81650996       0.00000000    
   3.83317590       0.00000000    
   3.84984183       0.00000000    
   3.86650777       0.00000000    
   3.88317370       0.00000000    
   3.89983964       0.00000000    
   3.91650558       0.00000000    
   3.93317151       0.00000000    
   3.94983745       0.00000000    
   3.96650338       0.00000000    
   3.98316932       0.00000000    
   3.99983525       0.00000000    
   4.01650143       0.00000000    
   4.03316736       0.00000000    
   4.04983330       0.00000000    
   4.06649923       0.00000000    
   4.08316517       0.00000000    
   4.09983110       0.00000000    
   4.11649704       0.00000000    
   4.13316298       0.00000000    
   4.14982891       0.00000000    
   4.16649485       0.00000000    
   4.18316078       0.00000000    
   4.19982672       0.00000000    
   4.21649265       0.00000000    
   4.23315859       0.00000000    
   4.24982452       0.00000000    
   4.26649046       0.00000000    
   4.28315639       0.00000000    
   4.29982233       0.00000000    
   4.31648827       0.00000000    
   4.33315420       0.00000000    
   4.34982014       0.00000000    
   4.36648607       0.00000000    
   4.38315201       0.00000000    
   4.39981794       0.00000000    
   4.41648388       0.00000000    
   4.43314981       0.00000000    
   4.44981575       0.00000000    
   4.46648169       0.00000000    
   4.48314762       0.00000000    
   4.49981356       0.00000000    
   4.51647949       0.00000000    
   4.53314543       0.00000000    
   4.54981136       0.00000000    
   4.56647730       0.00000000    
   4.58314323       0.00000000    
   4.59980917       0.00000000    
   4.61647511       0.00000000    
   4.63314104       0.00000000    
   4.64980698       0.00000000    
   4.66647291       0.00000000    
   4.68313885       0.00000000    
   4.69980478       0.00000000    
   4.71647072       0.00000000    
   4.73313665       0.00000000    
   4.74980259       0.00000000    
   4.76646852       0.00000000    
   4.78313446       0.00000000    
   4.79980040       0.00000000    
   4.81646633       0.00000000    
   4.83313227       0.00000000    
   4.84979820       0.00000000    
   4.86646414       0.00000000    
   4.88313007       0.00000000    
   4.89979601       0.00000000    
   4.91646194       0.00000000    
   4.93312788       0.00000000    
   4.94979382       0.00000000    
   4.96645975       0.00000000    
   4.98312569       0.00000000    
   4.99979162       0.00000000    
   5.01645756       0.00000000    
   5.03312349       0.00000000    
   5.04978943       0.00000000    
   5.06645536       0.00000000    
   5.08312130       0.00000000    
   5.09978724       0.00000000    
   5.11645317       0.00000000    
   5.13311911       0.00000000    
   5.14978504       0.00000000    
   5.16645098       0.00000000    
   5.18311691       0.00000000    
   5.19978285       0.00000000    
   5.21644878       0.00000000    
   5.23311472       0.00000000    
   5.24978065       0.00000000    
   5.26644659       0.00000000    
   5.28311253       0.00000000    
   5.29977846       0.00000000    
   5.31644440       0.00000000    
   5.33311033       0.00000000    
   5.34977627       0.00000000    
   5.36644220       0.00000000    
   5.38310814       0.00000000    
   5.39977407       0.00000000    
   5.41644001       0.00000000    
   5.43310595       0.00000000    
   5.44977188       0.00000000    
   5.46643782       0.00000000    
   5.48310375       0.00000000    
   5.49976969       0.00000000    
   5.51643562       0.00000000    
   5.53310156       0.00000000    
   5.54976749       0.00000000    
   5.56643343       0.00000000    
   5.58309937       0.00000000    
   5.59976530       0.00000000    
   5.61643124       0.00000000    
   5.63309717       0.00000000    
   5.64976311       0.00000000    
   5.66642904       0.00000000    
   5.68309498       0.00000000    
   5.69976091       0.00000000    
   5.71642685       0.00000000    
   5.73309278       0.00000000    
   5.74975872       0.00000000    
   5.76642466       0.00000000    
   5.78309059       0.00000000    
   5.79975653       0.00000000    
   5.81642246       0.00000000    
   5.83308840       0.00000000    
   5.84975433       0.00000000    
   5.86642027       0.00000000    
   5.88308620       1.58500029E-39
   5.89975214       1.68999999E-18
   5.91641808       3.19099991E-15
   5.93308401       1.03100005E-12
   5.94974995       7.17199980E-11
   5.96641588       2.45100007E-09
   5.98308182       1.75399997E-08
   5.99974775       5.52199992E-08
   6.01641369       1.31500002E-07
   6.03307962       2.53899998E-07
   6.04974556       4.62999992E-07
   6.06641150       8.17300020E-07
   6.08307743       1.38600001E-06
   6.09974337       2.24099995E-06
   6.11640930       3.42499993E-06
   6.13307524       4.90299999E-06
   6.14974117       6.98499980E-06
   6.16640711       9.46300042E-06
   6.18307304       1.27000003E-05
   6.19973898       1.68999995E-05
   6.21640491       2.21999999E-05
   6.23307085       2.84100006E-05
   6.24973679       3.60400009E-05
   6.26640272       4.55000009E-05
   6.28306866       5.74400001E-05
   6.29973459       6.98099975E-05
   6.31640053       8.59700012E-05
   6.33306646       1.04400002E-04
   6.34973240       1.24700004E-04
   6.36639833       1.48199993E-04
   6.38306427       1.75199995E-04
   6.39973021       2.06600002E-04
   6.41639614       2.39899993E-04
   6.43306208       2.73799989E-04
   6.44972801       3.20799998E-04
   6.46639395       3.57499986E-04
   6.48305988       4.01900004E-04
   6.49972582       4.55700007E-04
   6.51639175       5.20900008E-04
   6.53305769       5.78399980E-04
   6.54972363       6.39199978E-04
   6.56638956       7.04200007E-04
   6.58305550       7.73300009E-04
   6.59972143       8.45899980E-04
   6.61638737       9.22599982E-04
   6.63305330       1.00299995E-03
   6.64971924       1.08700001E-03
   6.66638517       1.17399998E-03
   6.68305111       1.26499997E-03
   6.69971704       1.35999999E-03
   6.71638298       1.45900005E-03
   6.73304892       1.56100001E-03
   6.74971485       1.66700000E-03
   6.76638079       1.77700003E-03
   6.78304672       1.89099996E-03
   6.79971266       2.00899993E-03
   6.81637859       2.12999992E-03
   6.83304453       2.25599995E-03
   6.84971046       2.38600001E-03
   6.86637640       2.52000010E-03
   6.88304234       2.65799998E-03
   6.89970827       2.80099991E-03
   6.91637421       2.94800010E-03
   6.93304014       3.09900008E-03
   6.94970608       3.25500011E-03
   6.96637201       3.41599993E-03
   6.98303795       3.58100003E-03
   6.99970388       3.75199993E-03
   7.01636982       3.92699987E-03
   7.03303576       4.10699984E-03
   7.04970169       4.29200009E-03
   7.06636763       4.48200013E-03
   7.08303356       4.67900001E-03
   7.09969950       4.87999991E-03
   7.11636543       5.08600008E-03
   7.13303137       5.29799983E-03
   7.14969730       5.51600009E-03
   7.16636324       5.73999994E-03
   7.18302917       5.96999982E-03
   7.19969511       6.20499998E-03
   7.21636105       6.44699996E-03
   7.23302698       6.69499999E-03
   7.24969292       6.94900006E-03
   7.26635885       7.20999995E-03
   7.28302479       7.47699989E-03
   7.29969072       7.74999987E-03
   7.31635666       8.03000014E-03
   7.33302259       8.31700023E-03
   7.34968853       8.61100014E-03
   7.36635447       8.91199987E-03
   7.38302040       9.22000036E-03
   7.39968634       9.53499973E-03
   7.41635227       9.85699985E-03
   7.43301821       1.01899998E-02
   7.44968414       1.05200000E-02
   7.46635008       1.08700003E-02
   7.48301601       1.12199998E-02
   7.49968195       1.15799997E-02
   7.51634789       1.19500002E-02
   7.53301382       1.23199997E-02
   7.54967976       1.27100004E-02
   7.56634569       1.31000001E-02
   7.58301163       1.35000004E-02
   7.59967756       1.39100002E-02
   7.61634350       1.43200001E-02
   7.63300943       1.47500001E-02
   7.64967537       1.51800001E-02
   7.66634130       1.56199997E-02
   7.68300724       1.60700008E-02
   7.69967318       1.65299997E-02
   7.71633911       1.70000009E-02
   7.73300505       1.74700003E-02
   7.74967098       1.79600008E-02
   7.76633692       1.84599999E-02
   7.78300285       1.89599991E-02
   7.79966879       1.94700006E-02
   7.81633472       1.99900009E-02
   7.83300066       2.05300003E-02
   7.84966660       2.10699998E-02
   7.86633253       2.16099992E-02
   7.88299847       2.21699998E-02
   7.89966440       2.27400009E-02
   7.91633034       2.33200006E-02
   7.93299627       2.39100009E-02
   7.94966221       2.45099999E-02
   7.96632814       2.51100007E-02
   7.98299408       2.57300008E-02
   7.99966002       2.63599996E-02
   8.01632595       2.69900002E-02
   8.03299236       2.76400000E-02
   8.04965878       2.82899998E-02
   8.06632519       2.89600007E-02
   8.08299160       2.96400003E-02
   8.09965801       3.03199999E-02
   8.11632442       3.10200006E-02
   8.13299084       3.17200013E-02
   8.14965725       3.24399993E-02
   8.16632366       3.31699997E-02
   8.18299007       3.39000002E-02
   8.19965649       3.46500017E-02
   8.21632290       3.53999995E-02
   8.23298931       3.61699983E-02
   8.24965572       3.69499996E-02
   8.26632214       3.77300009E-02
   8.28298855       3.85299996E-02
   8.29965496       3.93400006E-02
   8.31632137       4.01600003E-02
   8.33298779       4.09800000E-02
   8.34965420       4.18200009E-02
   8.36632061       4.26700003E-02
   8.38298702       4.35299985E-02
   8.39965343       4.43999991E-02
   8.41631985       4.52699997E-02
   8.43298626       4.61600013E-02
   8.44965267       4.70600016E-02
   8.46631908       4.79700007E-02
   8.48298550       4.88899983E-02
   8.49965191       4.98199984E-02
   8.51631832       5.07600009E-02
   8.53298473       5.16999997E-02
   8.54965115       5.26599996E-02
   8.56631756       5.36300018E-02
   8.58298397       5.46099991E-02
   8.59965038       5.55999987E-02
   8.61631680       5.66000007E-02
   8.63298321       5.76100014E-02
   8.64964962       5.86300008E-02
   8.66631603       5.96500002E-02
   8.68298244       6.06900007E-02
   8.69964886       6.17399998E-02
   8.71631527       6.27999976E-02
   8.73298168       6.38599992E-02
   8.74964809       6.49399981E-02
   8.76631451       6.60300031E-02
   8.78298092       6.71200007E-02
   8.79964733       6.82300031E-02
   8.81631374       6.93399981E-02
   8.83298016       7.04599991E-02
   8.84964657       7.15899989E-02
   8.86631298       7.27400035E-02
   8.88297939       7.38900006E-02
   8.89964581       7.50399977E-02
   8.91631222       7.62099996E-02
   8.93297863       7.73900002E-02
   8.94964504       7.85700008E-02
   8.96631145       7.97699988E-02
   8.98297787       8.09699968E-02
   8.99964428       8.21800008E-02
   9.01631069       8.34000036E-02
   9.03297710       8.46299976E-02
   9.04964352       8.58699977E-02
   9.06630993       8.71199965E-02
   9.08297634       8.83599967E-02
   9.09964275       8.96200016E-02
   9.11630917       9.08899978E-02
   9.13297558       9.21500027E-02
   9.14964199       9.34500024E-02
   9.16630840       9.47500020E-02
   9.18297482       9.60500017E-02
   9.19964123       9.73600000E-02
   9.21630764       9.86699983E-02
   9.23297405       9.99900028E-02
   9.24964046      0.101300001    
   9.26630688      0.102700002    
   9.28297329      0.104000002    
   9.29963970      0.105300002    
   9.31630611      0.106700003    
   9.33297253      0.108099997    
   9.34963894      0.109399997    
   9.36630535      0.110799998    
   9.38297176      0.112199999    
   9.39963818      0.113600001    
   9.41630459      0.115000002    
   9.43297100      0.116400003    
   9.44963741      0.117799997    
   9.46630383      0.119099997    
   9.48297024      0.120600000    
   9.49963665      0.122000001    
   9.51630306      0.123400003    
   9.53296947      0.124899998    
   9.54963589      0.126300007    
   9.56630230      0.127800003    
   9.58296871      0.129199997    
   9.59963512      0.130700007    
   9.61630154      0.132100001    
   9.63296795      0.133599997    
   9.64963436      0.135000005    
   9.66630077      0.136500001    
   9.68296719      0.137999997    
   9.69963360      0.139500007    
   9.71630001      0.140900001    
   9.73296642      0.142399997    
   9.74963284      0.143900007    
   9.76629925      0.145400003    
   9.78296566      0.146899998    
   9.79963207      0.148399994    
   9.81629848      0.149900004    
   9.83296490      0.151400000    
   9.84963131      0.152899995    
   9.86629772      0.154400006    
   9.88296413      0.155900002    
   9.89963055      0.157399997    
   9.91629696      0.158899993    
   9.93296337      0.160500005    
   9.94962978      0.161899999    
   9.96629620      0.163499996    
   9.98296261      0.165000007    
   9.99962902      0.166500002    
   10.0162954      0.168099999    
   10.0329618      0.169599995    
   10.0496283      0.171100006    
   10.0662947      0.172499999    
   10.0829611      0.174099997    
   10.0996275      0.175600007    
   10.1162939      0.177200004    
   10.1329603      0.178700000    
   10.1496267      0.180199996    
   10.1662931      0.181700006    
   10.1829596      0.183300003    
   10.1996260      0.184799999    
   10.2162924      0.186299995    
   10.2329588      0.187900007    
   10.2496252      0.189400002    
   10.2662916      0.190799996    
   10.2829580      0.192399994    
   10.2996244      0.193900004    
   10.3162909      0.195299998    
   10.3329573      0.196999997    
   10.3496237      0.198500007    
   10.3662901      0.200000003    
   10.3829565      0.201499999    
   10.3996229      0.202999994    
   10.4162893      0.204500005    
   10.4329557      0.206000000    
   10.4496222      0.207499996    
   10.4662886      0.209000006    
   10.4829550      0.210299999    
   10.4996214      0.211899996    
   10.5162878      0.213400006    
   10.5329542      0.214900002    
   10.5496206      0.216399997    
   10.5662870      0.217700005    
   10.5829535      0.219300002    
   10.5996199      0.220699996    
   10.6162863      0.222100005    
   10.6329527      0.223499998    
   10.6496191      0.225099996    
   10.6662855      0.226600006    
   10.6829519      0.228000000    
   10.6996183      0.229399994    
   10.7162848      0.230800003    
   10.7329512      0.232299998    
   10.7496176      0.233700007    
   10.7662840      0.235100001    
   10.7829504      0.236499995    
   10.7996168      0.237900004    
   10.8162832      0.239299998    
   10.8329496      0.240700006    
   10.8496161      0.241999999    
   10.8662825      0.243399993    
   10.8829489      0.244700000    
   10.8996153      0.246099994    
   10.9162817      0.247500002    
   10.9329481      0.248799995    
   10.9496145      0.250099987    
   10.9662809      0.251199991    
   10.9829473      0.252799988    
   10.9996138      0.254099995    
   11.0162802      0.255400002    
   11.0329466      0.256700009    
   11.0496130      0.257999986    
   11.0662794      0.259299994    
   11.0829458      0.260399997    
   11.0996122      0.261799991    
   11.1162786      0.263000011    
   11.1329451      0.264299989    
   11.1496115      0.265300006    
   11.1662779      0.266700000    
   11.1829443      0.267800003    
   11.1996107      0.269100010    
   11.2162771      0.270300001    
   11.2329435      0.271499991    
   11.2496099      0.272700012    
   11.2662764      0.273900002    
   11.2829428      0.274899989    
   11.2996092      0.276199996    
   11.3162756      0.277300000    
   11.3329420      0.278400004    
   11.3496084      0.279500008    
   11.3662748      0.280600011    
   11.3829412      0.281699985    
   11.3996077      0.282799989    
   11.4162741      0.283899993    
   11.4329405      0.284900010    
   11.4496069      0.285899997    
   11.4662733      0.287000000    
   11.4829397      0.287999988    
   11.4996061      0.289000005    
   11.5162725      0.289999992    
   11.5329390      0.291000009    
   11.5496054      0.291500002    
   11.5662718      0.293000013    
   11.5829382      0.293900013    
   11.5996046      0.294600010    
   11.6162710      0.295800000    
   11.6329374      0.296700001    
   11.6496038      0.297600001    
   11.6662703      0.298500001    
   11.6829367      0.299299985    
   11.6996031      0.300199986    
   11.7162695      0.300999999    
   11.7329359      0.301899999    
   11.7496023      0.302700013    
   11.7662687      0.303499997    
   11.7829351      0.304300010    
   11.7996016      0.304800004    
   11.8162680      0.305799991    
   11.8329344      0.306499988    
   11.8496008      0.307399988    
   11.8662672      0.308099985    
   11.8829336      0.308800012    
   11.8996000      0.309300005    
   11.9162664      0.310200006    
   11.9329329      0.310799986    
   11.9495993      0.311500013    
   11.9662657      0.312200010    
   11.9829321      0.312799990    
   11.9995985      0.313400000    
   12.0162649      0.314000010    
   12.0329313      0.314599991    
   12.0495977      0.315100014    
   12.0662642      0.315699995    
   12.0829306      0.316199988    
   12.0995970      0.316500008    
   12.1162634      0.317299992    
   12.1329298      0.317799985    
   12.1495962      0.318199992    
   12.1662626      0.318699986    
   12.1829290      0.319200009    
   12.1995955      0.319599986    
   12.2162619      0.319999993    
   12.2329283      0.320400000    
   12.2495947      0.320800006    
   12.2662611      0.321200013    
   12.2829275      0.321500003    
   12.2995939      0.321799994    
   12.3162603      0.322100013    
   12.3329268      0.322299987    
   12.3495932      0.322800010    
   12.3662596      0.323100001    
   12.3829260      0.323399991    
   12.3995924      0.323599994    
   12.4162588      0.323900014    
   12.4329252      0.324099988    
   12.4495916      0.324299991    
   12.4662580      0.324499995    
   12.4829245      0.324600011    
   12.4995909      0.324699998    
   12.5162573      0.324800014    
   12.5329237      0.324900001    
   12.5495901      0.324999988    
   12.5662565      0.325199991    
   12.5829229      0.325300008    
   12.5995893      0.325399995    
   12.6162558      0.325399995    
   12.6329222      0.325500011    
   12.6495886      0.325500011    
   12.6662550      0.325500011    
   12.6829214      0.325500011    
   12.6995878      0.325399995    
   12.7162542      0.325399995    
   12.7329206      0.325300008    
   12.7495871      0.325100005    
   12.7662535      0.324999988    
   12.7829199      0.324800014    
   12.7995863      0.324800014    
   12.8162527      0.324699998    
   12.8329191      0.324600011    
   12.8495855      0.324400008    
   12.8662519      0.324200004    
   12.8829184      0.324000001    
   12.8995848      0.323799998    
   12.9162512      0.323599994    
   12.9329176      0.323300004    
   12.9495840      0.323000014    
   12.9662504      0.322699994    
   12.9829168      0.322200000    
   12.9995832      0.322100013    
   13.0162497      0.321700007    
   13.0329161      0.321399987    
   13.0495825      0.321099997    
   13.0662489      0.320699990    
   13.0829153      0.320300013    
   13.0995817      0.319900006    
   13.1162481      0.319499999    
   13.1329145      0.319099993    
   13.1495810      0.318599999    
   13.1662474      0.318100005    
   13.1829138      0.317699999    
   13.1995802      0.317099988    
   13.2162466      0.316300005    
   13.2329130      0.316100001    
   13.2495794      0.315600008    
   13.2662458      0.314999998    
   13.2829123      0.314399987    
   13.2995787      0.313800007    
   13.3162451      0.313199997    
   13.3329115      0.312599987    
   13.3495779      0.312000006    
   13.3662443      0.311399996    
   13.3829107      0.310699999    
   13.3995771      0.310000002    
   13.4162436      0.308999985    
   13.4329100      0.308600008    
   13.4495764      0.307900012    
   13.4662428      0.307200015    
   13.4829092      0.306400001    
   13.4995756      0.305700004    
   13.5162420      0.304699987    
   13.5329084      0.304100007    
   13.5495749      0.303299993    
   13.5662413      0.302500010    
   13.5829077      0.301699996    
   13.5995741      0.300900012    
   13.6162405      0.300000012    
   13.6329069      0.299100012    
   13.6495733      0.298299998    
   13.6662397      0.297399998    
   13.6829062      0.296499997    
   13.6995726      0.295500010    
   13.7162390      0.294600010    
   13.7329054      0.293700010    
   13.7495718      0.292699993    
   13.7662382      0.291500002    
   13.7829046      0.290800005    
   13.7995710      0.289799988    
   13.8162374      0.288800001    
   13.8329039      0.287800014    
   13.8495703      0.286799997    
   13.8662367      0.285600007    
   13.8829031      0.284700006    
   13.8995695      0.283600003    
   13.9162359      0.282599986    
   13.9329023      0.281500012    
   13.9495687      0.280400008    
   13.9662352      0.279300004    
   13.9829016      0.278200001    
   13.9995680      0.277000010    
   14.0162344      0.275900006    
   14.0329008      0.274599999    
   14.0495672      0.273600012    
   14.0662336      0.272399992    
   14.0829000      0.271299988    
   14.0995665      0.270099998    
   14.1162329      0.268900007    
   14.1328993      0.267699987    
   14.1495657      0.266499996    
   14.1662321      0.265199989    
   14.1828985      0.263900012    
   14.1995649      0.262699991    
   14.2162313      0.261500001    
   14.2328978      0.260199994    
   14.2495642      0.259000003    
   14.2662306      0.257499993    
   14.2828970      0.256399989    
   14.2995634      0.255100012    
   14.3162298      0.253800005    
   14.3328962      0.252499998    
   14.3495626      0.251199991    
   14.3662291      0.249799997    
   14.3828955      0.248500004    
   14.3995619      0.247199997    
   14.4162283      0.245800003    
   14.4328947      0.244299993    
   14.4495611      0.243000001    
   14.4662275      0.241699994    
   14.4828939      0.240300000    
   14.4995604      0.238999993    
   14.5162268      0.237599999    
   14.5328932      0.236200005    
   14.5495596      0.234799996    
   14.5662260      0.233199999    
   14.5828924      0.231900007    
   14.5995588      0.230499998    
   14.6162252      0.229000002    
   14.6328917      0.227699995    
   14.6495581      0.226199999    
   14.6662245      0.224800006    
   14.6828909      0.223299995    
   14.6995573      0.221900001    
   14.7162237      0.220400006    
   14.7328901      0.218999997    
   14.7495565      0.217500001    
   14.7662230      0.216000006    
   14.7828894      0.214599997    
   14.7995558      0.213100001    
   14.8162222      0.211600006    
   14.8328886      0.210099995    
   14.8495550      0.208600000    
   14.8662214      0.207100004    
   14.8828878      0.205599993    
   14.8995543      0.204099998    
   14.9162207      0.202600002    
   14.9328871      0.201100007    
   14.9495535      0.199599996    
   14.9662199      0.198100001    
   14.9828863      0.196600005    
   14.9995527      0.195099995    
   15.0162191      0.193599999    
   15.0328856      0.192100003    
   15.0495520      0.190599993    
   15.0662184      0.188999996    
   15.0828848      0.187500000    
   15.0995512      0.185900003    
   15.1162176      0.184499994    
   15.1328840      0.182999998    
   15.1495504      0.181400001    
   15.1662169      0.179900005    
   15.1828833      0.178399995    
   15.1995497      0.176899999    
   15.2162161      0.175300002    
   15.2328825      0.173800007    
   15.2495489      0.172299996    
   15.2662153      0.170800000    
   15.2828817      0.169200003    
   15.2995481      0.167699993    
   15.3162146      0.166199997    
   15.3328810      0.164700001    
   15.3495474      0.163200006    
   15.3662138      0.161699995    
   15.3828802      0.160099998    
   15.3995466      0.158600003    
   15.4162130      0.157100007    
   15.4328794      0.155599996    
   15.4495459      0.154100001    
   15.4662123      0.152600005    
   15.4828787      0.150900006    
   15.4995451      0.149599999    
   15.5162115      0.148100004    
   15.5328779      0.146599993    
   15.5495443      0.145099998    
   15.5662107      0.143600002    
   15.5828772      0.142100006    
   15.5995436      0.140599996    
   15.6162100      0.139200002    
   15.6328764      0.137700006    
   15.6495428      0.136199996    
   15.6662092      0.134700000    
   15.6828756      0.133300006    
   15.6995420      0.131799996    
   15.7162085      0.130400002    
   15.7328749      0.128900006    
   15.7495413      0.127499998    
   15.7662077      0.126000002    
   15.7828741      0.124600001    
   15.7995405      0.123099998    
   15.8162069      0.121699996    
   15.8328733      0.120200001    
   15.8495398      0.118900001    
   15.8662062      0.117500000    
   15.8828726      0.116099998    
   15.8995390      0.114600003    
   15.9162054      0.113300003    
   15.9328718      0.111900002    
   15.9495382      0.110500000    
   15.9662046      0.109099999    
   15.9828711      0.107799999    
   15.9995375      0.106399998    
   16.0162029      0.105099998    
   16.0328693      0.103699997    
   16.0495358      0.102399997    
   16.0662022      0.101000004    
   16.0828686       9.97299999E-02
   16.0995350       9.84100029E-02
   16.1162014       9.70999971E-02
   16.1328678       9.57999974E-02
   16.1495342       9.44899991E-02
   16.1662006       9.32099968E-02
   16.1828671       9.19300020E-02
   16.1995335       9.06499997E-02
   16.2161999       8.93900022E-02
   16.2328663       8.81299973E-02
   16.2495327       8.68799984E-02
   16.2661991       8.56299996E-02
   16.2828655       8.43999982E-02
   16.2995319       8.31699967E-02
   16.3161983       8.19600001E-02
   16.3328648       8.07500035E-02
   16.3495312       7.95499980E-02
   16.3661976       7.83500001E-02
   16.3828640       7.71699995E-02
   16.3995304       7.59999976E-02
   16.4161968       7.48300031E-02
   16.4328632       7.36699998E-02
   16.4495296       7.25200027E-02
   16.4661961       7.13900030E-02
   16.4828625       7.02600032E-02
   16.4995289       6.91300035E-02
   16.5161953       6.80200011E-02
   16.5328617       6.69199973E-02
   16.5495281       6.58299997E-02
   16.5661945       6.47500008E-02
   16.5828609       6.36700019E-02
   16.5995274       6.26100004E-02
   16.6161938       6.15499988E-02
   16.6328602       6.05099984E-02
   16.6495266       5.94700016E-02
   16.6661930       5.84499985E-02
   16.6828594       5.74299991E-02
   16.6995258       5.64199984E-02
   16.7161922       5.54299988E-02
   16.7328587       5.44399992E-02
   16.7495251       5.34599982E-02
   16.7661915       5.24999984E-02
   16.7828579       5.15399985E-02
   16.7995243       5.05900010E-02
   16.8161907       4.96600010E-02
   16.8328571       4.87300009E-02
   16.8495235       4.78099994E-02
   16.8661900       4.69099991E-02
   16.8828564       4.60099988E-02
   16.8995228       4.51200008E-02
   16.9161892       4.42500003E-02
   16.9328556       4.33799997E-02
   16.9495220       4.25300002E-02
   16.9661884       4.16800007E-02
   16.9828548       4.08499986E-02
   16.9995213       4.00200002E-02
   17.0161877       3.92099991E-02
   17.0328541       3.84000018E-02
   17.0495205       3.76100019E-02
   17.0661869       3.68199982E-02
   17.0828533       3.60499993E-02
   17.0995197       3.52800004E-02
   17.1161861       3.45299989E-02
   17.1328526       3.37800011E-02
   17.1495190       3.30500007E-02
   17.1661854       3.23299989E-02
   17.1828518       3.16100009E-02
   17.1995182       3.09100002E-02
   17.2161846       3.02099995E-02
   17.2328510       2.95299999E-02
   17.2495174       2.88600009E-02
   17.2661839       2.81900000E-02
   17.2828503       2.75400002E-02
   17.2995167       2.68900003E-02
   17.3161831       2.62599997E-02
   17.3328495       2.56399997E-02
   17.3495159       2.50199996E-02
   17.3661823       2.44200006E-02
   17.3828487       2.38199998E-02
   17.3995152       2.32299995E-02
   17.4161816       2.26600002E-02
   17.4328480       2.20899992E-02
   17.4495144       2.15300005E-02
   17.4661808       2.09899992E-02
   17.4828472       2.04499997E-02
   17.4995136       1.99200008E-02
   17.5161800       1.94000006E-02
   17.5328465       1.88900009E-02
   17.5495129       1.83799993E-02
   17.5661793       1.78900007E-02
   17.5828457       1.74100008E-02
   17.5995121       1.69300009E-02
   17.6161785       1.64700001E-02
   17.6328449       1.60099994E-02
   17.6495113       1.55600002E-02
   17.6661777       1.51199996E-02
   17.6828442       1.46899996E-02
   17.6995106       1.42700002E-02
   17.7161770       1.38499998E-02
   17.7328434       1.34399999E-02
   17.7495098       1.30500002E-02
   17.7661762       1.26599995E-02
   17.7828426       1.22699998E-02
   17.7995090       1.19000003E-02
   17.8161755       1.15299998E-02
   17.8328419       1.11699998E-02
   17.8495083       1.08200004E-02
   17.8661747       1.04799997E-02
   17.8828411       1.01399999E-02
   17.8995075       9.81600024E-03
   17.9161739       9.49500035E-03
   17.9328403       9.18100029E-03
   17.9495068       8.87500029E-03
   17.9661732       8.57499987E-03
   17.9828396       8.28200020E-03
   17.9995060       7.99600035E-03
   18.0161724       7.71699985E-03
   18.0328388       7.44500011E-03
   18.0495052       7.17899995E-03
   18.0661716       6.91899983E-03
   18.0828381       6.66600000E-03
   18.0995045       6.41900022E-03
   18.1161709       6.17800001E-03
   18.1328373       5.94400009E-03
   18.1495037       5.71499998E-03
   18.1661701       5.49199991E-03
   18.1828365       5.27499989E-03
   18.1995029       5.06399991E-03
   18.2161694       4.85800020E-03
   18.2328358       4.65699984E-03
   18.2495022       4.46199998E-03
   18.2661686       4.27300017E-03
   18.2828350       4.08799993E-03
   18.2995014       3.90900020E-03
   18.3161678       3.73400003E-03
   18.3328342       3.56499990E-03
   18.3495007       3.40000005E-03
   18.3661671       3.23999999E-03
   18.3828335       3.08399997E-03
   18.3994999       2.93299998E-03
   18.4161663       2.78700003E-03
   18.4328327       2.64499988E-03
   18.4494991       2.50700000E-03
   18.4661655       2.37399992E-03
   18.4828320       2.24400009E-03
   18.4994984       2.11900007E-03
   18.5161648       1.99800008E-03
   18.5328312       1.88100000E-03
   18.5494976       1.76699995E-03
   18.5661640       1.65800005E-03
   18.5828304       1.55199994E-03
   18.5994968       1.44999998E-03
   18.6161633       1.35200005E-03
   18.6328297       1.25800003E-03
   18.6494961       1.16700004E-03
   18.6661625       1.07999996E-03
   18.6828289       9.96500021E-04
   18.6994953       9.16699995E-04
   18.7161617       8.40599998E-04
   18.7328281       7.68100028E-04
   18.7494946       6.99499971E-04
   18.7661610       6.34800002E-04
   18.7828274       5.74300007E-04
   18.7994938       5.16099972E-04
   18.8161602       4.51900007E-04
   18.8328266       3.98800010E-04
   18.8494930       3.54999996E-04
   18.8661594       3.18600010E-04
   18.8828259       2.71700002E-04
   18.8994923       2.36799999E-04
   18.9161587       2.05200005E-04
   18.9328251       1.73900000E-04
   18.9494915       1.46999999E-04
   18.9661579       1.23699996E-04
   18.9828243       1.03600003E-04
   18.9994907       8.47100018E-05
   19.0161572       6.91899986E-05
   19.0328236       5.68399992E-05
   19.0494900       4.51000014E-05
   19.0661564       3.56400014E-05
   19.0828228       2.80200002E-05
   19.0994892       2.17800007E-05
   19.1161556       1.66499995E-05
   19.1328220       1.25500001E-05
   19.1494884       9.36699962E-06
   19.1661549       6.89899980E-06
   19.1828213       4.85000010E-06
   19.1994877       3.35000004E-06
   19.2161541       2.21599998E-06
   19.2328205       1.36699998E-06
   19.2494869       8.05000013E-07
   19.2661533       4.56099997E-07
   19.2828197       2.50600010E-07
   19.2994862       1.28600007E-07
   19.3161526       5.39299982E-08
   19.3328190       1.71100005E-08
   19.3494854       2.31400010E-09
   19.3661518       6.52799967E-11
   19.3828182       9.63599968E-13
   19.3994846       2.91699999E-15
   19.4161510       1.50200004E-18
   19.4328175       1.06100014E-39
   19.4494839       0.00000000    
   19.4661503       0.00000000    
   19.4828167       0.00000000    
   19.4994831       0.00000000    
   19.5161495       0.00000000    
   19.5328159       0.00000000    
   19.5494823       0.00000000    
   19.5661488       0.00000000    
   19.5828152       0.00000000    
   19.5994816       0.00000000    
   19.6161480       0.00000000    
   19.6328144       0.00000000    
   19.6494808       0.00000000    
   19.6661472       0.00000000    
   19.6828136       0.00000000    
   19.6994801       0.00000000    
   19.7161465       0.00000000    
   19.7328129       0.00000000    
   19.7494793       0.00000000    
   19.7661457       0.00000000    
   19.7828121       0.00000000    
   19.7994785       0.00000000    
   19.8161449       0.00000000    
   19.8328114       0.00000000    
   19.8494778       0.00000000    
   19.8661442       0.00000000    
   19.8828106       0.00000000    
   19.8994770       0.00000000    
   19.9161434       0.00000000    
   19.9328098       0.00000000    
   19.9494762       0.00000000    
   19.9661427       0.00000000    
   19.9828091       0.00000000    
   19.9994755       0.00000000    
   20.0161419       0.00000000    
   20.0328083       0.00000000    
   20.0494747       0.00000000    
   20.0661411       0.00000000    
   20.0828075       0.00000000    
   20.0994740       0.00000000    
   20.1161404       0.00000000    
   20.1328068       0.00000000    
   20.1494732       0.00000000    
   20.1661396       0.00000000    
   20.1828060       0.00000000    
   20.1994724       0.00000000    
   20.2161388       0.00000000    
   20.2328053       0.00000000    
   20.2494717       0.00000000    
   20.2661381       0.00000000    
   20.2828045       0.00000000    
   20.2994709       0.00000000    
   20.3161373       0.00000000    
   20.3328037       0.00000000    
   20.3494701       0.00000000    
   20.3661366       0.00000000    
   20.3828030       0.00000000    
   20.3994694       0.00000000    
   20.4161358       0.00000000    
   20.4328022       0.00000000    
   20.4494686       0.00000000    
   20.4661350       0.00000000    
   20.4828014       0.00000000    
   20.4994678       0.00000000    
   20.5161343       0.00000000    
   20.5328007       0.00000000    
   20.5494671       0.00000000    
   20.5661335       0.00000000    
   20.5827999       0.00000000    
   20.5994663       0.00000000    
   20.6161327       0.00000000    
   20.6327991       0.00000000    
   20.6494656       0.00000000    
   20.6661320       0.00000000    
   20.6827984       0.00000000    
   20.6994648       0.00000000    
   20.7161312       0.00000000    
   20.7327976       0.00000000    
   20.7494640       0.00000000    
   20.7661304       0.00000000    
   20.7827969       0.00000000    
   20.7994633       0.00000000    
   20.8161297       0.00000000    
   20.8327961       0.00000000    
   20.8494625       0.00000000    
   20.8661289       0.00000000    
   20.8827953       0.00000000    
   20.8994617       0.00000000    
   20.9161282       0.00000000    
   20.9327946       0.00000000    
   20.9494610       0.00000000    
   20.9661274       0.00000000    
   20.9827938       0.00000000    
   20.9994602       0.00000000    
   21.0161266       0.00000000    
   21.0327930       0.00000000    
   21.0494595       0.00000000    
   21.0661259       0.00000000    
   21.0827923       0.00000000    
   21.0994587       0.00000000    
   21.1161251       0.00000000    
   21.1327915       0.00000000    
   21.1494579       0.00000000    
   21.1661243       0.00000000    
   21.1827908       0.00000000    
   21.1994572       0.00000000    
   21.2161236       0.00000000    
   21.2327900       0.00000000    
   21.2494564       0.00000000    
   21.2661228       0.00000000    
   21.2827892       0.00000000    
   21.2994556       0.00000000    
   21.3161221       0.00000000    
   21.3327885       0.00000000    
   21.3494549       0.00000000    
   21.3661213       0.00000000    
   21.3827877       0.00000000    
   21.3994541       0.00000000    
   21.4161205       0.00000000    
   21.4327869       0.00000000    
   21.4494534       0.00000000    
   21.4661198       0.00000000    
   21.4827862       0.00000000    
   21.4994526       0.00000000    
   21.5161190       0.00000000    
   21.5327854       0.00000000    
   21.5494518       0.00000000    
   21.5661182       0.00000000    
   21.5827847       0.00000000    
   21.5994511       0.00000000    
   21.6161175       0.00000000    
   21.6327839       0.00000000    
   21.6494503       0.00000000    
   21.6661167       0.00000000    
   21.6827831       0.00000000    
   21.6994495       0.00000000    
   21.7161160       0.00000000    
   21.7327824       0.00000000    
   21.7494488       0.00000000    
   21.7661152       0.00000000    
   21.7827816       0.00000000    
   21.7994480       0.00000000    
   21.8161144       0.00000000    
   21.8327808       0.00000000    
   21.8494473       0.00000000    
   21.8661137       0.00000000    
   21.8827801       0.00000000    
   21.8994465       0.00000000    
   21.9161129       0.00000000    
   21.9327793       0.00000000    
   21.9494457       0.00000000    
   21.9661121       0.00000000    
   21.9827785       0.00000000    
   21.9994450       0.00000000    
   22.0161114       0.00000000    
   22.0327778       0.00000000    
   22.0494442       0.00000000    
   22.0661106       0.00000000    
   22.0827770       0.00000000    
   22.0994434       0.00000000    
   22.1161098       0.00000000    
   22.1327763       0.00000000    
   22.1494427       0.00000000    
   22.1661091       0.00000000    
   22.1827755       0.00000000    
   22.1994419       0.00000000    
   22.2161083       0.00000000    
   22.2327747       0.00000000    
   22.2494411       0.00000000    
   22.2661076       0.00000000    
   22.2827740       0.00000000    
   22.2994404       0.00000000    
   22.3161068       0.00000000    
   22.3327732       0.00000000    
   22.3494396       0.00000000    
   22.3661060       0.00000000    
   22.3827724       0.00000000    
   22.3994389       0.00000000    
   22.4161053       0.00000000    
   22.4327717       0.00000000    
   22.4494381       0.00000000    
   22.4661045       0.00000000    
   22.4827709       0.00000000    
   22.4994373       0.00000000    
   22.5161037       0.00000000    
   22.5327702       0.00000000    
   22.5494366       0.00000000    
   22.5661030       0.00000000    
   22.5827694       0.00000000    
   22.5994358       0.00000000    
   22.6161022       0.00000000    
   22.6327686       0.00000000    
   22.6494350       0.00000000    
   22.6661015       0.00000000    
   22.6827679       0.00000000    
   22.6994343       0.00000000    
   22.7161007       0.00000000    
   22.7327671       0.00000000    
   22.7494335       0.00000000    
   22.7660999       0.00000000    
   22.7827663       0.00000000    
   22.7994328       0.00000000    
   22.8160992       0.00000000    
   22.8327656       0.00000000    
   22.8494320       0.00000000    
   22.8660984       0.00000000    
   22.8827648       0.00000000    
   22.8994312       0.00000000    
   22.9160976       0.00000000    
   22.9327641       0.00000000    
   22.9494305       0.00000000    
   22.9660969       0.00000000    
   22.9827633       0.00000000    
   22.9994297       0.00000000    
   23.0160961       0.00000000    
   23.0327625       0.00000000    
   23.0494289       0.00000000    
   23.0660954       0.00000000    
   23.0827618       0.00000000    
   23.0994282       0.00000000    
   23.1160946       0.00000000    
   23.1327610       0.00000000    
   23.1494274       0.00000000    
   23.1660938       0.00000000    
   23.1827602       0.00000000    
   23.1994267       0.00000000    
   23.2160931       0.00000000    
   23.2327595       0.00000000    
   23.2494259       0.00000000    
   23.2660923       0.00000000    
   23.2827587       0.00000000    
   23.2994251       0.00000000    
   23.3160915       0.00000000    
   23.3327579       0.00000000    
   23.3494244       0.00000000    
   23.3660908       0.00000000    
   23.3827572       0.00000000    
   23.3994236       0.00000000    
   23.4160900       0.00000000    
   23.4327564       0.00000000    
   23.4494228       0.00000000    
   23.4660892       0.00000000    
   23.4827557       0.00000000    
   23.4994221       0.00000000    
   23.5160885       0.00000000    
   23.5327549       0.00000000    
   23.5494213       0.00000000    
   23.5660877       0.00000000    
   23.5827541       0.00000000    
   23.5994205       0.00000000    
   23.6160870       0.00000000    
   23.6327534       0.00000000    
   23.6494198       0.00000000    
   23.6660862       0.00000000    
   23.6827526       0.00000000    
   23.6994190       0.00000000    
   23.7160854       0.00000000    
   23.7327518       0.00000000    
   23.7494183       0.00000000    
   23.7660847       0.00000000    
   23.7827511       0.00000000    
   23.7994175       0.00000000    
   23.8160839       0.00000000    
   23.8327503       0.00000000    
   23.8494167       0.00000000    
   23.8660831       0.00000000    
   23.8827496       0.00000000    
   23.8994160       0.00000000    
   23.9160824       0.00000000    
   23.9327488       0.00000000    
   23.9494152       0.00000000    
   23.9660816       0.00000000    
   23.9827480       0.00000000    
