   0.00000000       0.00000000    
   1.66660007E-02   0.00000000    
   3.33320014E-02   0.00000000    
   4.99980003E-02   0.00000000    
   6.66640028E-02   0.00000000    
   8.33300054E-02   0.00000000    
   9.99960080E-02   0.00000000    
  0.116662011       0.00000000    
  0.133328006       0.00000000    
  0.149994001       0.00000000    
  0.166659996       0.00000000    
  0.183325991       0.00000000    
  0.199991986       0.00000000    
  0.216657981       0.00000000    
  0.233323976       0.00000000    
  0.249989972       0.00000000    
  0.266655982       0.00000000    
  0.283321977       0.00000000    
  0.299987972       0.00000000    
  0.316653967       0.00000000    
  0.333319962       0.00000000    
  0.349985957       0.00000000    
  0.366651952       0.00000000    
  0.383317947       0.00000000    
  0.399983943       0.00000000    
  0.416649938       0.00000000    
  0.433315933       0.00000000    
  0.449981928       0.00000000    
  0.466647923       0.00000000    
  0.483313918       0.00000000    
  0.499979913       0.00000000    
  0.516645908       0.00000000    
  0.533311903       0.00000000    
  0.549977899       0.00000000    
  0.566643894       0.00000000    
  0.583309889       0.00000000    
  0.599975884       0.00000000    
  0.616641879       0.00000000    
  0.633307874       0.00000000    
  0.649973869       0.00000000    
  0.666639864       0.00000000    
  0.683305860       0.00000000    
  0.699971855       0.00000000    
  0.716637850       0.00000000    
  0.733303845       0.00000000    
  0.749969840       0.00000000    
  0.766635835       0.00000000    
  0.783301830       0.00000000    
  0.799967825       0.00000000    
  0.816633821       0.00000000    
  0.833299816       0.00000000    
  0.849965811       0.00000000    
  0.866631806       0.00000000    
  0.883297801       0.00000000    
  0.899963796       0.00000000    
  0.916629791       0.00000000    
  0.933295786       0.00000000    
  0.949961782       0.00000000    
  0.966627777       0.00000000    
  0.983293772       0.00000000    
  0.999959767       0.00000000    
   1.01662576       0.00000000    
   1.03329182       0.00000000    
   1.04995787       0.00000000    
   1.06662393       0.00000000    
   1.08328998       0.00000000    
   1.09995604       0.00000000    
   1.11662209       0.00000000    
   1.13328815       0.00000000    
   1.14995420       0.00000000    
   1.16662025       0.00000000    
   1.18328631       0.00000000    
   1.19995236       0.00000000    
   1.21661842       0.00000000    
   1.23328447       0.00000000    
   1.24995053       0.00000000    
   1.26661658       0.00000000    
   1.28328264       0.00000000    
   1.29994869       0.00000000    
   1.31661475       0.00000000    
   1.33328080       0.00000000    
   1.34994686       0.00000000    
   1.36661291       0.00000000    
   1.38327897       0.00000000    
   1.39994502       0.00000000    
   1.41661108       0.00000000    
   1.43327713       0.00000000    
   1.44994318       0.00000000    
   1.46660924       0.00000000    
   1.48327529       0.00000000    
   1.49994135       0.00000000    
   1.51660740       0.00000000    
   1.53327346       0.00000000    
   1.54993951       0.00000000    
   1.56660557       0.00000000    
   1.58327162       0.00000000    
   1.59993768       0.00000000    
   1.61660373       0.00000000    
   1.63326979       0.00000000    
   1.64993584       0.00000000    
   1.66660190       0.00000000    
   1.68326795       0.00000000    
   1.69993401       0.00000000    
   1.71660006       0.00000000    
   1.73326612       0.00000000    
   1.74993217       0.00000000    
   1.76659822       0.00000000    
   1.78326428       0.00000000    
   1.79993033       0.00000000    
   1.81659639       0.00000000    
   1.83326244       0.00000000    
   1.84992850       0.00000000    
   1.86659455       0.00000000    
   1.88326061       0.00000000    
   1.89992666       0.00000000    
   1.91659272       0.00000000    
   1.93325877       0.00000000    
   1.94992483       0.00000000    
   1.96659088       0.00000000    
   1.98325694       0.00000000    
   1.99992299       0.00000000    
   2.01658893       0.00000000    
   2.03325486       0.00000000    
   2.04992080       0.00000000    
   2.06658673       0.00000000    
   2.08325267       0.00000000    
   2.09991860       0.00000000    
   2.11658454       0.00000000    
   2.13325047       0.00000000    
   2.14991641       0.00000000    
   2.16658235       0.00000000    
   2.18324828       0.00000000    
   2.19991422       0.00000000    
   2.21658015       0.00000000    
   2.23324609       0.00000000    
   2.24991202       0.00000000    
   2.26657796       0.00000000    
   2.28324389       0.00000000    
   2.29990983       0.00000000    
   2.31657577       0.00000000    
   2.33324170       0.00000000    
   2.34990764       0.00000000    
   2.36657357       0.00000000    
   2.38323951       0.00000000    
   2.39990544       0.00000000    
   2.41657138       0.00000000    
   2.43323731       0.00000000    
   2.44990325       0.00000000    
   2.46656919       0.00000000    
   2.48323512       0.00000000    
   2.49990106       0.00000000    
   2.51656699       0.00000000    
   2.53323293       0.00000000    
   2.54989886       0.00000000    
   2.56656480       0.00000000    
   2.58323073       0.00000000    
   2.59989667       0.00000000    
   2.61656260       0.00000000    
   2.63322854       0.00000000    
   2.64989448       0.00000000    
   2.66656041       0.00000000    
   2.68322635       0.00000000    
   2.69989228       0.00000000    
   2.71655822       0.00000000    
   2.73322415       0.00000000    
   2.74989009       0.00000000    
   2.76655602       0.00000000    
   2.78322196       0.00000000    
   2.79988790       0.00000000    
   2.81655383       0.00000000    
   2.83321977       0.00000000    
   2.84988570       0.00000000    
   2.86655164       0.00000000    
   2.88321757       0.00000000    
   2.89988351       0.00000000    
   2.91654944       0.00000000    
   2.93321538       0.00000000    
   2.94988132       0.00000000    
   2.96654725       0.00000000    
   2.98321319       0.00000000    
   2.99987912       0.00000000    
   3.01654506       0.00000000    
   3.03321099       0.00000000    
   3.04987693       0.00000000    
   3.06654286       0.00000000    
   3.08320880       0.00000000    
   3.09987473       0.00000000    
   3.11654067       0.00000000    
   3.13320661       0.00000000    
   3.14987254       0.00000000    
   3.16653848       0.00000000    
   3.18320441       0.00000000    
   3.19987035       0.00000000    
   3.21653628       0.00000000    
   3.23320222       0.00000000    
   3.24986815       0.00000000    
   3.26653409       0.00000000    
   3.28320003       0.00000000    
   3.29986596       0.00000000    
   3.31653190       0.00000000    
   3.33319783       0.00000000    
   3.34986377       0.00000000    
   3.36652970       0.00000000    
   3.38319564       0.00000000    
   3.39986157       0.00000000    
   3.41652751       0.00000000    
   3.43319345       0.00000000    
   3.44985938       0.00000000    
   3.46652532       0.00000000    
   3.48319125       0.00000000    
   3.49985719       0.00000000    
   3.51652312       0.00000000    
   3.53318906       0.00000000    
   3.54985499       0.00000000    
   3.56652093       0.00000000    
   3.58318686       0.00000000    
   3.59985280       0.00000000    
   3.61651874       0.00000000    
   3.63318467       0.00000000    
   3.64985061       0.00000000    
   3.66651654       0.00000000    
   3.68318248       0.00000000    
   3.69984841       0.00000000    
   3.71651435       0.00000000    
   3.73318028       0.00000000    
   3.74984622       0.00000000    
   3.76651216       0.00000000    
   3.78317809       0.00000000    
   3.79984403       0.00000000    
   3.81650996       0.00000000    
   3.83317590       0.00000000    
   3.84984183       0.00000000    
   3.86650777       0.00000000    
   3.88317370       0.00000000    
   3.89983964       0.00000000    
   3.91650558       0.00000000    
   3.93317151       0.00000000    
   3.94983745       0.00000000    
   3.96650338       0.00000000    
   3.98316932       0.00000000    
   3.99983525       0.00000000    
   4.01650143       0.00000000    
   4.03316736       0.00000000    
   4.04983330       0.00000000    
   4.06649923       0.00000000    
   4.08316517       0.00000000    
   4.09983110       0.00000000    
   4.11649704       0.00000000    
   4.13316298       0.00000000    
   4.14982891       0.00000000    
   4.16649485       0.00000000    
   4.18316078       0.00000000    
   4.19982672       0.00000000    
   4.21649265       0.00000000    
   4.23315859       0.00000000    
   4.24982452       0.00000000    
   4.26649046       0.00000000    
   4.28315639       0.00000000    
   4.29982233       0.00000000    
   4.31648827       0.00000000    
   4.33315420       0.00000000    
   4.34982014       0.00000000    
   4.36648607       0.00000000    
   4.38315201       0.00000000    
   4.39981794       0.00000000    
   4.41648388       0.00000000    
   4.43314981       0.00000000    
   4.44981575       0.00000000    
   4.46648169       0.00000000    
   4.48314762       0.00000000    
   4.49981356       0.00000000    
   4.51647949       0.00000000    
   4.53314543       0.00000000    
   4.54981136       0.00000000    
   4.56647730       0.00000000    
   4.58314323       0.00000000    
   4.59980917       0.00000000    
   4.61647511       0.00000000    
   4.63314104       0.00000000    
   4.64980698       0.00000000    
   4.66647291       0.00000000    
   4.68313885       0.00000000    
   4.69980478       0.00000000    
   4.71647072       0.00000000    
   4.73313665       0.00000000    
   4.74980259       0.00000000    
   4.76646852       0.00000000    
   4.78313446       0.00000000    
   4.79980040       0.00000000    
   4.81646633       0.00000000    
   4.83313227       0.00000000    
   4.84979820       0.00000000    
   4.86646414       0.00000000    
   4.88313007       0.00000000    
   4.89979601       0.00000000    
   4.91646194       0.00000000    
   4.93312788       0.00000000    
   4.94979382       0.00000000    
   4.96645975       0.00000000    
   4.98312569       0.00000000    
   4.99979162       0.00000000    
   5.01645756       0.00000000    
   5.03312349       0.00000000    
   5.04978943       0.00000000    
   5.06645536       0.00000000    
   5.08312130       0.00000000    
   5.09978724       0.00000000    
   5.11645317       0.00000000    
   5.13311911       0.00000000    
   5.14978504       0.00000000    
   5.16645098       0.00000000    
   5.18311691       0.00000000    
   5.19978285       0.00000000    
   5.21644878       0.00000000    
   5.23311472       0.00000000    
   5.24978065       0.00000000    
   5.26644659       0.00000000    
   5.28311253       0.00000000    
   5.29977846       0.00000000    
   5.31644440       0.00000000    
   5.33311033       0.00000000    
   5.34977627       0.00000000    
   5.36644220       0.00000000    
   5.38310814       0.00000000    
   5.39977407       0.00000000    
   5.41644001       0.00000000    
   5.43310595       0.00000000    
   5.44977188       0.00000000    
   5.46643782       0.00000000    
   5.48310375       0.00000000    
   5.49976969       0.00000000    
   5.51643562       0.00000000    
   5.53310156       0.00000000    
   5.54976749       0.00000000    
   5.56643343       0.00000000    
   5.58309937       0.00000000    
   5.59976530       0.00000000    
   5.61643124       0.00000000    
   5.63309717       0.00000000    
   5.64976311       0.00000000    
   5.66642904       0.00000000    
   5.68309498       0.00000000    
   5.69976091       0.00000000    
   5.71642685       0.00000000    
   5.73309278       0.00000000    
   5.74975872       0.00000000    
   5.76642466       0.00000000    
   5.78309059       0.00000000    
   5.79975653       0.00000000    
   5.81642246       0.00000000    
   5.83308840       0.00000000    
   5.84975433       0.00000000    
   5.86642027       0.00000000    
   5.88308620       0.00000000    
   5.89975214       0.00000000    
   5.91641808       0.00000000    
   5.93308401       0.00000000    
   5.94974995       0.00000000    
   5.96641588       0.00000000    
   5.98308182       0.00000000    
   5.99974775       0.00000000    
   6.01641369       1.29399997E-21
   6.03307962       1.03099998E-17
   6.04974556       1.25900004E-14
   6.06641150       3.74200020E-12
   6.08307743       5.85499982E-10
   6.09974337       7.88300003E-09
   6.11640930       3.29300001E-08
   6.13307524       8.98100012E-08
   6.14974117       1.83699996E-07
   6.16640711       3.45500013E-07
   6.18307304       6.23199981E-07
   6.19973898       1.07300002E-06
   6.21640491       1.75499997E-06
   6.23307085       2.65900007E-06
   6.24973679       3.86500005E-06
   6.26640272       5.46100000E-06
   6.28306866       7.47900003E-06
   6.29973459       9.99799977E-06
   6.31640053       1.32200003E-05
   6.33306646       1.72399996E-05
   6.34973240       2.21999999E-05
   6.36639833       2.83200006E-05
   6.38306427       3.59600017E-05
   6.39973021       4.43700010E-05
   6.41639614       5.51500016E-05
   6.43306208       6.69299989E-05
   6.44972801       8.20400019E-05
   6.46639395       9.91900015E-05
   6.48305988       1.18099997E-04
   6.49972582       1.40200005E-04
   6.51639175       1.66099999E-04
   6.53305769       1.88799997E-04
   6.54972363       2.19900001E-04
   6.56638956       2.52500002E-04
   6.58305550       2.88599986E-04
   6.59972143       3.23099986E-04
   6.61638737       3.64900014E-04
   6.63305330       4.15699993E-04
   6.64971924       4.68599988E-04
   6.66638517       5.17999986E-04
   6.68305111       5.70999982E-04
   6.69971704       6.27400004E-04
   6.71638298       6.86799991E-04
   6.73304892       7.49400002E-04
   6.74971485       8.14999978E-04
   6.76638079       8.83599976E-04
   6.78304672       9.55099997E-04
   6.79971266       1.03000004E-03
   6.81637859       1.10700005E-03
   6.83304453       1.18699996E-03
   6.84971046       1.27100002E-03
   6.86637640       1.35699997E-03
   6.88304234       1.44699996E-03
   6.89970827       1.53899996E-03
   6.91637421       1.63399999E-03
   6.93304014       1.73300004E-03
   6.94970608       1.83500000E-03
   6.96637201       1.93899998E-03
   6.98303795       2.04799999E-03
   6.99970388       2.15899991E-03
   7.01636982       2.27300008E-03
   7.03303576       2.39100005E-03
   7.04970169       2.51200004E-03
   7.06636763       2.63700006E-03
   7.08303356       2.76500010E-03
   7.09969950       2.89599993E-03
   7.11636543       3.03100003E-03
   7.13303137       3.16999992E-03
   7.14969730       3.31200007E-03
   7.16636324       3.45900003E-03
   7.18302917       3.60800000E-03
   7.19969511       3.76200001E-03
   7.21636105       3.92000005E-03
   7.23302698       4.08100011E-03
   7.24969292       4.24699998E-03
   7.26635885       4.41600010E-03
   7.28302479       4.59000003E-03
   7.29969072       4.76799998E-03
   7.31635666       4.95100021E-03
   7.33302259       5.13699977E-03
   7.34968853       5.32800006E-03
   7.36635447       5.52299991E-03
   7.38302040       5.72300004E-03
   7.39968634       5.92799997E-03
   7.41635227       6.13699993E-03
   7.43301821       6.35100016E-03
   7.44968414       6.57000020E-03
   7.46635008       6.79299980E-03
   7.48301601       7.02100014E-03
   7.49968195       7.25500006E-03
   7.51634789       7.49300001E-03
   7.53301382       7.73600023E-03
   7.54967976       7.98499957E-03
   7.56634569       8.23799986E-03
   7.58301163       8.49699974E-03
   7.59967756       8.76200013E-03
   7.61634350       9.03199986E-03
   7.63300943       9.30699985E-03
   7.64967537       9.58700012E-03
   7.66634130       9.87299997E-03
   7.68300724       1.01699997E-02
   7.69967318       1.04599996E-02
   7.71633911       1.07699996E-02
   7.73300505       1.10799996E-02
   7.74967098       1.13899997E-02
   7.76633692       1.17100002E-02
   7.78300285       1.20400004E-02
   7.79966879       1.23699997E-02
   7.81633472       1.27100004E-02
   7.83300066       1.30500002E-02
   7.84966660       1.33999996E-02
   7.86633253       1.37599995E-02
   7.88299847       1.41300000E-02
   7.89966440       1.44999996E-02
   7.91633034       1.48700001E-02
   7.93299627       1.52500002E-02
   7.94966221       1.56399999E-02
   7.96632814       1.60399992E-02
   7.98299408       1.64400004E-02
   7.99966002       1.68500002E-02
   8.01632595       1.72600001E-02
   8.03299236       1.76800005E-02
   8.04965878       1.81099996E-02
   8.06632519       1.85499992E-02
   8.08299160       1.89900007E-02
   8.09965801       1.94400009E-02
   8.11632442       1.98899992E-02
   8.13299084       2.03499999E-02
   8.14965725       2.08199993E-02
   8.16632366       2.12999992E-02
   8.18299007       2.17799991E-02
   8.19965649       2.22699996E-02
   8.21632290       2.27600001E-02
   8.23298931       2.32699998E-02
   8.24965572       2.37700008E-02
   8.26632214       2.42899992E-02
   8.28298855       2.48199999E-02
   8.29965496       2.53400002E-02
   8.31632137       2.58799996E-02
   8.33298779       2.64299996E-02
   8.34965420       2.69799996E-02
   8.36632061       2.75400002E-02
   8.38298702       2.81000007E-02
   8.39965343       2.86699999E-02
   8.41631985       2.92499997E-02
   8.43298626       2.98400000E-02
   8.44965267       3.04300003E-02
   8.46631908       3.10299993E-02
   8.48298550       3.16400006E-02
   8.49965191       3.22499983E-02
   8.51631832       3.28699984E-02
   8.53298473       3.35000008E-02
   8.54965115       3.41399983E-02
   8.56631756       3.47799994E-02
   8.58298397       3.54200006E-02
   8.59965038       3.60799991E-02
   8.61631680       3.67400013E-02
   8.63298321       3.74099985E-02
   8.64964962       3.80900018E-02
   8.66631603       3.87700014E-02
   8.68298244       3.94599997E-02
   8.69964886       4.01500016E-02
   8.71631527       4.08499986E-02
   8.73298168       4.15600017E-02
   8.74964809       4.22799997E-02
   8.76631451       4.30000015E-02
   8.78298092       4.37299982E-02
   8.79964733       4.44599986E-02
   8.81631374       4.52000014E-02
   8.83298016       4.59499992E-02
   8.84964657       4.67000008E-02
   8.86631298       4.74600010E-02
   8.88297939       4.82299998E-02
   8.89964581       4.89999987E-02
   8.91631222       4.97800000E-02
   8.93297863       5.05700000E-02
   8.94964504       5.13599999E-02
   8.96631145       5.21499999E-02
   8.98297787       5.29499985E-02
   8.99964428       5.37599996E-02
   9.01631069       5.45799993E-02
   9.03297710       5.53999990E-02
   9.04964352       5.62199987E-02
   9.06630993       5.70500009E-02
   9.08297634       5.78900017E-02
   9.09964275       5.87299988E-02
   9.11630917       5.95799983E-02
   9.13297558       6.04300015E-02
   9.14964199       6.12899996E-02
   9.16630840       6.21500015E-02
   9.18297482       6.30199984E-02
   9.19964123       6.38900027E-02
   9.21630764       6.47699982E-02
   9.23297405       6.56500012E-02
   9.24964046       6.65400028E-02
   9.26630688       6.74299970E-02
   9.28297329       6.83299974E-02
   9.29963970       6.92299977E-02
   9.31630611       7.01299980E-02
   9.33297253       7.10399970E-02
   9.34963894       7.19600022E-02
   9.36630535       7.28700012E-02
   9.38297176       7.37999976E-02
   9.39963818       7.47200027E-02
   9.41630459       7.56499991E-02
   9.43297100       7.65900016E-02
   9.44963741       7.75199980E-02
   9.46630383       7.84600005E-02
   9.48297024       7.94100016E-02
   9.49963665       8.03499967E-02
   9.51630306       8.12999979E-02
   9.53296947       8.22599977E-02
   9.54963589       8.32199976E-02
   9.56630230       8.41799974E-02
   9.58296871       8.51299986E-02
   9.59963512       8.61100033E-02
   9.61630154       8.70800018E-02
   9.63296795       8.80500004E-02
   9.64963436       8.90299976E-02
   9.66630077       8.99899974E-02
   9.68296719       9.09800008E-02
   9.69963360       9.19699967E-02
   9.71630001       9.29400027E-02
   9.73296642       9.39199999E-02
   9.74963284       9.49200019E-02
   9.76629925       9.59099978E-02
   9.78296566       9.69000012E-02
   9.79963207       9.78899971E-02
   9.81629848       9.88800004E-02
   9.83296490       9.98800024E-02
   9.84963131      0.100900002    
   9.86629772      0.101800002    
   9.88296413      0.102899998    
   9.89963055      0.103900000    
   9.91629696      0.104800001    
   9.93296337      0.105800003    
   9.94962978      0.106799997    
   9.96629620      0.107900001    
   9.98296261      0.108800001    
   9.99962902      0.109899998    
   10.0162954      0.110900000    
   10.0329618      0.111900002    
   10.0496283      0.112899996    
   10.0662947      0.113899998    
   10.0829611      0.114900000    
   10.0996275      0.115900002    
   10.1162939      0.116899997    
   10.1329603      0.117899999    
   10.1496267      0.118900001    
   10.1662931      0.119800001    
   10.1829596      0.120800003    
   10.1996260      0.121799998    
   10.2162924      0.122800000    
   10.2329588      0.123800002    
   10.2496252      0.124799997    
   10.2662916      0.125799999    
   10.2829580      0.126800001    
   10.2996244      0.127800003    
   10.3162909      0.128700003    
   10.3329573      0.129600003    
   10.3496237      0.130700007    
   10.3662901      0.131699994    
   10.3829565      0.132599995    
   10.3996229      0.133599997    
   10.4162893      0.134599999    
   10.4329557      0.135499999    
   10.4496222      0.136500001    
   10.4662886      0.137400001    
   10.4829550      0.138400003    
   10.4996214      0.139300004    
   10.5162878      0.140300006    
   10.5329542      0.141200006    
   10.5496206      0.142199993    
   10.5662870      0.143099993    
   10.5829535      0.143999994    
   10.5996199      0.144999996    
   10.6162863      0.145799994    
   10.6329527      0.146799996    
   10.6496191      0.147699997    
   10.6662855      0.148599997    
   10.6829519      0.149399996    
   10.6996183      0.150399998    
   10.7162848      0.151299998    
   10.7329512      0.152199998    
   10.7496176      0.153099999    
   10.7662840      0.153999999    
   10.7829504      0.154799998    
   10.7996168      0.155699998    
   10.8162832      0.156599998    
   10.8329496      0.157399997    
   10.8496161      0.158199996    
   10.8662825      0.159099996    
   10.8829489      0.159899995    
   10.8996153      0.160799995    
   10.9162817      0.161599994    
   10.9329481      0.162400007    
   10.9496145      0.163200006    
   10.9662809      0.164000005    
   10.9829473      0.164800003    
   10.9996138      0.165600002    
   11.0162802      0.166199997    
   11.0329466      0.167199999    
   11.0496130      0.167899996    
   11.0662794      0.168699995    
   11.0829458      0.169400007    
   11.0996122      0.170200005    
   11.1162786      0.170900002    
   11.1329451      0.171700001    
   11.1496115      0.172399998    
   11.1662779      0.172999993    
   11.1829443      0.173700005    
   11.1996107      0.174500003    
   11.2162771      0.175200000    
   11.2329435      0.175899997    
   11.2496099      0.176599994    
   11.2662764      0.177300006    
   11.2829428      0.177900001    
   11.2996092      0.178599998    
   11.3162756      0.179199994    
   11.3329420      0.179800004    
   11.3496084      0.180500001    
   11.3662748      0.181099996    
   11.3829412      0.181700006    
   11.3996077      0.182300001    
   11.4162741      0.182899997    
   11.4329405      0.183500007    
   11.4496069      0.184000000    
   11.4662733      0.184599996    
   11.4829397      0.185200006    
   11.4996061      0.185699999    
   11.5162725      0.186199993    
   11.5329390      0.186800003    
   11.5496054      0.187299997    
   11.5662718      0.187800005    
   11.5829382      0.188199997    
   11.5996046      0.188800007    
   11.6162710      0.189199999    
   11.6329374      0.189600006    
   11.6496038      0.190099999    
   11.6662703      0.190599993    
   11.6829367      0.191000000    
   11.6996031      0.191400006    
   11.7162695      0.191900000    
   11.7329359      0.192300007    
   11.7496023      0.192599997    
   11.7662687      0.193000004    
   11.7829351      0.193399996    
   11.7996016      0.193800002    
   11.8162680      0.194100007    
   11.8329344      0.194499999    
   11.8496008      0.194800004    
   11.8662672      0.195099995    
   11.8829336      0.195400000    
   11.8996000      0.195700005    
   11.9162664      0.195999995    
   11.9329329      0.196300000    
   11.9495993      0.196400002    
   11.9662657      0.196799994    
   11.9829321      0.197099999    
   11.9995985      0.197300002    
   12.0162649      0.197400004    
   12.0329313      0.197699994    
   12.0495977      0.197899997    
   12.0662642      0.198100001    
   12.0829306      0.198300004    
   12.0995970      0.198400006    
   12.1162634      0.198599994    
   12.1329298      0.198699996    
   12.1495962      0.198899999    
   12.1662626      0.199000001    
   12.1829290      0.199100003    
   12.1995955      0.199200004    
   12.2162619      0.199300006    
   12.2329283      0.199399993    
   12.2495947      0.199499995    
   12.2662611      0.199499995    
   12.2829275      0.199599996    
   12.2995939      0.199599996    
   12.3162603      0.199599996    
   12.3329268      0.199599996    
   12.3495932      0.199599996    
   12.3662596      0.199599996    
   12.3829260      0.199599996    
   12.3995924      0.199499995    
   12.4162588      0.199499995    
   12.4329252      0.199399993    
   12.4495916      0.199399993    
   12.4662580      0.199300006    
   12.4829245      0.199200004    
   12.4995909      0.199100003    
   12.5162573      0.198899999    
   12.5329237      0.198799998    
   12.5495901      0.198699996    
   12.5662565      0.198500007    
   12.5829229      0.198300004    
   12.5995893      0.198200002    
   12.6162558      0.197999999    
   12.6329222      0.197799996    
   12.6495886      0.197500005    
   12.6662550      0.197400004    
   12.6829214      0.197200000    
   12.6995878      0.196999997    
   12.7162542      0.196600005    
   12.7329206      0.196400002    
   12.7495871      0.196199998    
   12.7662535      0.195899993    
   12.7829199      0.195600003    
   12.7995863      0.195299998    
   12.8162527      0.194999993    
   12.8329191      0.194700003    
   12.8495855      0.194299996    
   12.8662519      0.194000006    
   12.8829184      0.193599999    
   12.8995848      0.193299994    
   12.9162512      0.192900002    
   12.9329176      0.192499995    
   12.9495840      0.192100003    
   12.9662504      0.191699997    
   12.9829168      0.191000000    
   12.9995832      0.190799996    
   13.0162497      0.190400004    
   13.0329161      0.189899996    
   13.0495825      0.189500004    
   13.0662489      0.188999996    
   13.0829153      0.188500002    
   13.0995817      0.187999994    
   13.1162481      0.187500000    
   13.1329145      0.187000006    
   13.1495810      0.186499998    
   13.1662474      0.186000004    
   13.1829138      0.185499996    
   13.1995802      0.184900001    
   13.2162466      0.184300005    
   13.2329130      0.183799997    
   13.2495794      0.183200002    
   13.2662458      0.182600006    
   13.2829123      0.181999996    
   13.2995787      0.181400001    
   13.3162451      0.180800006    
   13.3329115      0.180199996    
   13.3495779      0.179600000    
   13.3662443      0.178900003    
   13.3829107      0.178299993    
   13.3995771      0.177599996    
   13.4162436      0.177000001    
   13.4329100      0.176300004    
   13.4495764      0.175600007    
   13.4662428      0.174899995    
   13.4829092      0.174199998    
   13.4995756      0.173500001    
   13.5162420      0.172800004    
   13.5329084      0.172099993    
   13.5495749      0.171299994    
   13.5662413      0.170599997    
   13.5829077      0.169799998    
   13.5995741      0.169100001    
   13.6162405      0.168400005    
   13.6329069      0.167600006    
   13.6495733      0.166800007    
   13.6662397      0.165999994    
   13.6829062      0.165299997    
   13.6995726      0.164499998    
   13.7162390      0.163599998    
   13.7329054      0.162799999    
   13.7495718      0.162000000    
   13.7662382      0.161200002    
   13.7829046      0.160300002    
   13.7995710      0.159600005    
   13.8162374      0.158700004    
   13.8329039      0.157900006    
   13.8495703      0.157000005    
   13.8662367      0.156200007    
   13.8829031      0.155300006    
   13.8995695      0.154400006    
   13.9162359      0.153500006    
   13.9329023      0.152700007    
   13.9495687      0.151800007    
   13.9662352      0.150900006    
   13.9829016      0.150000006    
   13.9995680      0.149100006    
   14.0162344      0.148200005    
   14.0329008      0.147300005    
   14.0495672      0.146400005    
   14.0662336      0.145500004    
   14.0829000      0.144500002    
   14.0995665      0.143600002    
   14.1162329      0.142700002    
   14.1328993      0.141800001    
   14.1495657      0.140799999    
   14.1662321      0.139899999    
   14.1828985      0.138899997    
   14.1995649      0.137999997    
   14.2162313      0.136999995    
   14.2328978      0.136000007    
   14.2495642      0.135100007    
   14.2662306      0.134100005    
   14.2828970      0.133100003    
   14.2995634      0.131999999    
   14.3162298      0.131200001    
   14.3328962      0.130300000    
   14.3495626      0.129299998    
   14.3662291      0.128299996    
   14.3828955      0.127299994    
   14.3995619      0.126300007    
   14.4162283      0.125400007    
   14.4328947      0.124399997    
   14.4495611      0.123400003    
   14.4662275      0.122400001    
   14.4828939      0.121399999    
   14.4995604      0.120399997    
   14.5162268      0.119400002    
   14.5328932      0.118400000    
   14.5495596      0.117399998    
   14.5662260      0.116400003    
   14.5828924      0.115400001    
   14.5995588      0.114399999    
   14.6162252      0.113399997    
   14.6328917      0.112400003    
   14.6495581      0.111400001    
   14.6662245      0.110399999    
   14.6828909      0.109399997    
   14.6995573      0.108400002    
   14.7162237      0.107400000    
   14.7328901      0.106399998    
   14.7495565      0.105400003    
   14.7662230      0.104400001    
   14.7828894      0.103399999    
   14.7995558      0.102399997    
   14.8162222      0.101400003    
   14.8328886      0.100400001    
   14.8495550       9.94400010E-02
   14.8662214       9.84399989E-02
   14.8828878       9.74299982E-02
   14.8995543       9.64599997E-02
   14.9162207       9.54599977E-02
   14.9328871       9.44800004E-02
   14.9495535       9.34899971E-02
   14.9662199       9.25099999E-02
   14.9828863       9.14999992E-02
   14.9995527       9.05499980E-02
   15.0162191       8.95199999E-02
   15.0328856       8.85900036E-02
   15.0495520       8.76199976E-02
   15.0662184       8.66300017E-02
   15.0828848       8.56800005E-02
   15.0995512       8.47200006E-02
   15.1162176       8.37500021E-02
   15.1328840       8.28000009E-02
   15.1495504       8.18300024E-02
   15.1662169       8.08700025E-02
   15.1828833       7.99399987E-02
   15.1995497       7.89899975E-02
   15.2162161       7.80500025E-02
   15.2328825       7.71100000E-02
   15.2495489       7.61599988E-02
   15.2662153       7.52400011E-02
   15.2828817       7.43099973E-02
   15.2995481       7.33899996E-02
   15.3162146       7.24700019E-02
   15.3328810       7.15499967E-02
   15.3495474       7.06399977E-02
   15.3662138       6.97299987E-02
   15.3828802       6.88299984E-02
   15.3995466       6.79299980E-02
   15.4162130       6.70299977E-02
   15.4328794       6.61400035E-02
   15.4495459       6.52600005E-02
   15.4662123       6.43799976E-02
   15.4828787       6.35000020E-02
   15.4995451       6.26299977E-02
   15.5162115       6.17600009E-02
   15.5328779       6.08999990E-02
   15.5495443       6.00499995E-02
   15.5662107       5.92000000E-02
   15.5828772       5.83599992E-02
   15.5995436       5.75199984E-02
   15.6162100       5.66800013E-02
   15.6328764       5.58499992E-02
   15.6495428       5.50299995E-02
   15.6662092       5.42099997E-02
   15.6828756       5.33999987E-02
   15.6995420       5.26000001E-02
   15.7162085       5.18000014E-02
   15.7328749       5.09999990E-02
   15.7495413       5.02200015E-02
   15.7662077       4.94300015E-02
   15.7828741       4.86599989E-02
   15.7995405       4.78900000E-02
   15.8162069       4.71200012E-02
   15.8328733       4.63699996E-02
   15.8495398       4.56200019E-02
   15.8662062       4.48700003E-02
   15.8828726       4.41399999E-02
   15.8995390       4.34000008E-02
   15.9162054       4.26799990E-02
   15.9328718       4.19600010E-02
   15.9495382       4.12500016E-02
   15.9662046       4.05399986E-02
   15.9828711       3.98400016E-02
   15.9995375       3.91499996E-02
   16.0162029       3.84600013E-02
   16.0328693       3.77800018E-02
   16.0495358       3.71100008E-02
   16.0662022       3.64499986E-02
   16.0828686       3.57900001E-02
   16.0995350       3.51400003E-02
   16.1162014       3.44900005E-02
   16.1328678       3.38499993E-02
   16.1495342       3.32200006E-02
   16.1662006       3.26000005E-02
   16.1828671       3.19800004E-02
   16.1995335       3.13699991E-02
   16.2161999       3.07599995E-02
   16.2328663       3.01699992E-02
   16.2495327       2.95800008E-02
   16.2661991       2.89900005E-02
   16.2828655       2.84199994E-02
   16.2995319       2.78500002E-02
   16.3161983       2.72899996E-02
   16.3328648       2.67299991E-02
   16.3495312       2.61899997E-02
   16.3661976       2.56399997E-02
   16.3828640       2.51100007E-02
   16.3995304       2.45800000E-02
   16.4161968       2.40599997E-02
   16.4328632       2.35500000E-02
   16.4495296       2.30400003E-02
   16.4661961       2.25399993E-02
   16.4828625       2.20500007E-02
   16.4995289       2.15600003E-02
   16.5161953       2.10800003E-02
   16.5328617       2.06099991E-02
   16.5495281       2.01500002E-02
   16.5661945       1.96899995E-02
   16.5828609       1.92399994E-02
   16.5995274       1.87899992E-02
   16.6161938       1.83499996E-02
   16.6328602       1.79200005E-02
   16.6495266       1.75000001E-02
   16.6661930       1.70799997E-02
   16.6828594       1.66699998E-02
   16.6995258       1.62599999E-02
   16.7161922       1.58600006E-02
   16.7328587       1.54700000E-02
   16.7495251       1.50800003E-02
   16.7661915       1.47000002E-02
   16.7828579       1.43299997E-02
   16.7995243       1.39600001E-02
   16.8161907       1.36000002E-02
   16.8328571       1.32499998E-02
   16.8495235       1.29000004E-02
   16.8661900       1.25599997E-02
   16.8828564       1.22199999E-02
   16.8995228       1.18899997E-02
   16.9161892       1.15700001E-02
   16.9328556       1.12500004E-02
   16.9495220       1.09400004E-02
   16.9661884       1.06300004E-02
   16.9828548       1.03300000E-02
   16.9995213       1.00400001E-02
   17.0161877       9.74600017E-03
   17.0328541       9.46199987E-03
   17.0495205       9.18400008E-03
   17.0661869       8.91099963E-03
   17.0828533       8.64399970E-03
   17.0995197       8.38200003E-03
   17.1161861       8.12499970E-03
   17.1328526       7.87399989E-03
   17.1495190       7.62799988E-03
   17.1661854       7.38700014E-03
   17.1828518       7.15100020E-03
   17.1995182       6.92000007E-03
   17.2161846       6.69299997E-03
   17.2328510       6.47199992E-03
   17.2495174       6.25600014E-03
   17.2661839       6.04399992E-03
   17.2828503       5.83699998E-03
   17.2995167       5.63400006E-03
   17.3161831       5.43599995E-03
   17.3328495       5.24300011E-03
   17.3495159       5.05399983E-03
   17.3661823       4.86900005E-03
   17.3828487       4.68900008E-03
   17.3995152       4.51300014E-03
   17.4161816       4.34100023E-03
   17.4328480       4.17299988E-03
   17.4495144       4.00900003E-03
   17.4661808       3.84899997E-03
   17.4828472       3.69399996E-03
   17.4995136       3.54099995E-03
   17.5161800       3.39299999E-03
   17.5328465       3.24900006E-03
   17.5495129       3.10799992E-03
   17.5661793       2.97100004E-03
   17.5828457       2.83699995E-03
   17.5995121       2.70699989E-03
   17.6161785       2.58100010E-03
   17.6328449       2.45800009E-03
   17.6495113       2.33800011E-03
   17.6661777       2.22199992E-03
   17.6828442       2.10899999E-03
   17.6995106       1.99900009E-03
   17.7161770       1.89199997E-03
   17.7328434       1.78900000E-03
   17.7495098       1.68900006E-03
   17.7661762       1.59200002E-03
   17.7828426       1.49699999E-03
   17.7995090       1.40600000E-03
   17.8161755       1.31800002E-03
   17.8328419       1.23299996E-03
   17.8495083       1.15100003E-03
   17.8661747       1.07200001E-03
   17.8828411       9.96000017E-04
   17.8995075       9.22899984E-04
   17.9161739       8.52699974E-04
   17.9328403       7.85499986E-04
   17.9495068       7.21200020E-04
   17.9661732       6.59900019E-04
   17.9828396       6.01799984E-04
   17.9995060       5.46999974E-04
   18.0161724       4.95499989E-04
   18.0328388       4.47900005E-04
   18.0495052       3.91799986E-04
   18.0661716       3.45200009E-04
   18.0828381       3.06900009E-04
   18.0995045       2.75099999E-04
   18.1161709       2.35800006E-04
   18.1328373       2.09100006E-04
   18.1495037       1.77399997E-04
   18.1661701       1.51000000E-04
   18.1828365       1.28100000E-04
   18.1995029       1.07799999E-04
   18.2161694       9.00300001E-05
   18.2328358       7.49399987E-05
   18.2495022       6.22599982E-05
   18.2661686       4.98699992E-05
   18.2828350       4.08300002E-05
   18.2995014       3.22400010E-05
   18.3161678       2.54099996E-05
   18.3328342       1.98800008E-05
   18.3495007       1.53599995E-05
   18.3661671       1.16800002E-05
   18.3828335       8.77599996E-06
   18.3994999       6.52300014E-06
   18.4161663       4.68100006E-06
   18.4328327       3.29699992E-06
   18.4494991       2.20500010E-06
   18.4661655       1.41900000E-06
   18.4828320       8.60700027E-07
   18.4994984       4.88199987E-07
   18.5161648       2.66299992E-07
   18.5328312       1.34399997E-07
   18.5494976       5.90099987E-08
   18.5661640       1.89199998E-08
   18.5828304       3.06199999E-09
   18.5994968       9.15999984E-11
   18.6161633       3.12799997E-13
   18.6328297       5.90799975E-16
   18.6494961       2.40699994E-19
   18.6661625       9.57000000E-25
   18.6828289       0.00000000    
   18.6994953       0.00000000    
   18.7161617       0.00000000    
   18.7328281       0.00000000    
   18.7494946       0.00000000    
   18.7661610       0.00000000    
   18.7828274       0.00000000    
   18.7994938       0.00000000    
   18.8161602       0.00000000    
   18.8328266       0.00000000    
   18.8494930       0.00000000    
   18.8661594       0.00000000    
   18.8828259       0.00000000    
   18.8994923       0.00000000    
   18.9161587       0.00000000    
   18.9328251       0.00000000    
   18.9494915       0.00000000    
   18.9661579       0.00000000    
   18.9828243       0.00000000    
   18.9994907       0.00000000    
   19.0161572       0.00000000    
   19.0328236       0.00000000    
   19.0494900       0.00000000    
   19.0661564       0.00000000    
   19.0828228       0.00000000    
   19.0994892       0.00000000    
   19.1161556       0.00000000    
   19.1328220       0.00000000    
   19.1494884       0.00000000    
   19.1661549       0.00000000    
   19.1828213       0.00000000    
   19.1994877       0.00000000    
   19.2161541       0.00000000    
   19.2328205       0.00000000    
   19.2494869       0.00000000    
   19.2661533       0.00000000    
   19.2828197       0.00000000    
   19.2994862       0.00000000    
   19.3161526       0.00000000    
   19.3328190       0.00000000    
   19.3494854       0.00000000    
   19.3661518       0.00000000    
   19.3828182       0.00000000    
   19.3994846       0.00000000    
   19.4161510       0.00000000    
   19.4328175       0.00000000    
   19.4494839       0.00000000    
   19.4661503       0.00000000    
   19.4828167       0.00000000    
   19.4994831       0.00000000    
   19.5161495       0.00000000    
   19.5328159       0.00000000    
   19.5494823       0.00000000    
   19.5661488       0.00000000    
   19.5828152       0.00000000    
   19.5994816       0.00000000    
   19.6161480       0.00000000    
   19.6328144       0.00000000    
   19.6494808       0.00000000    
   19.6661472       0.00000000    
   19.6828136       0.00000000    
   19.6994801       0.00000000    
   19.7161465       0.00000000    
   19.7328129       0.00000000    
   19.7494793       0.00000000    
   19.7661457       0.00000000    
   19.7828121       0.00000000    
   19.7994785       0.00000000    
   19.8161449       0.00000000    
   19.8328114       0.00000000    
   19.8494778       0.00000000    
   19.8661442       0.00000000    
   19.8828106       0.00000000    
   19.8994770       0.00000000    
   19.9161434       0.00000000    
   19.9328098       0.00000000    
   19.9494762       0.00000000    
   19.9661427       0.00000000    
   19.9828091       0.00000000    
   19.9994755       0.00000000    
   20.0161419       0.00000000    
   20.0328083       0.00000000    
   20.0494747       0.00000000    
   20.0661411       0.00000000    
   20.0828075       0.00000000    
   20.0994740       0.00000000    
   20.1161404       0.00000000    
   20.1328068       0.00000000    
   20.1494732       0.00000000    
   20.1661396       0.00000000    
   20.1828060       0.00000000    
   20.1994724       0.00000000    
   20.2161388       0.00000000    
   20.2328053       0.00000000    
   20.2494717       0.00000000    
   20.2661381       0.00000000    
   20.2828045       0.00000000    
   20.2994709       0.00000000    
   20.3161373       0.00000000    
   20.3328037       0.00000000    
   20.3494701       0.00000000    
   20.3661366       0.00000000    
   20.3828030       0.00000000    
   20.3994694       0.00000000    
   20.4161358       0.00000000    
   20.4328022       0.00000000    
   20.4494686       0.00000000    
   20.4661350       0.00000000    
   20.4828014       0.00000000    
   20.4994678       0.00000000    
   20.5161343       0.00000000    
   20.5328007       0.00000000    
   20.5494671       0.00000000    
   20.5661335       0.00000000    
   20.5827999       0.00000000    
   20.5994663       0.00000000    
   20.6161327       0.00000000    
   20.6327991       0.00000000    
   20.6494656       0.00000000    
   20.6661320       0.00000000    
   20.6827984       0.00000000    
   20.6994648       0.00000000    
   20.7161312       0.00000000    
   20.7327976       0.00000000    
   20.7494640       0.00000000    
   20.7661304       0.00000000    
   20.7827969       0.00000000    
   20.7994633       0.00000000    
   20.8161297       0.00000000    
   20.8327961       0.00000000    
   20.8494625       0.00000000    
   20.8661289       0.00000000    
   20.8827953       0.00000000    
   20.8994617       0.00000000    
   20.9161282       0.00000000    
   20.9327946       0.00000000    
   20.9494610       0.00000000    
   20.9661274       0.00000000    
   20.9827938       0.00000000    
   20.9994602       0.00000000    
   21.0161266       0.00000000    
   21.0327930       0.00000000    
   21.0494595       0.00000000    
   21.0661259       0.00000000    
   21.0827923       0.00000000    
   21.0994587       0.00000000    
   21.1161251       0.00000000    
   21.1327915       0.00000000    
   21.1494579       0.00000000    
   21.1661243       0.00000000    
   21.1827908       0.00000000    
   21.1994572       0.00000000    
   21.2161236       0.00000000    
   21.2327900       0.00000000    
   21.2494564       0.00000000    
   21.2661228       0.00000000    
   21.2827892       0.00000000    
   21.2994556       0.00000000    
   21.3161221       0.00000000    
   21.3327885       0.00000000    
   21.3494549       0.00000000    
   21.3661213       0.00000000    
   21.3827877       0.00000000    
   21.3994541       0.00000000    
   21.4161205       0.00000000    
   21.4327869       0.00000000    
   21.4494534       0.00000000    
   21.4661198       0.00000000    
   21.4827862       0.00000000    
   21.4994526       0.00000000    
   21.5161190       0.00000000    
   21.5327854       0.00000000    
   21.5494518       0.00000000    
   21.5661182       0.00000000    
   21.5827847       0.00000000    
   21.5994511       0.00000000    
   21.6161175       0.00000000    
   21.6327839       0.00000000    
   21.6494503       0.00000000    
   21.6661167       0.00000000    
   21.6827831       0.00000000    
   21.6994495       0.00000000    
   21.7161160       0.00000000    
   21.7327824       0.00000000    
   21.7494488       0.00000000    
   21.7661152       0.00000000    
   21.7827816       0.00000000    
   21.7994480       0.00000000    
   21.8161144       0.00000000    
   21.8327808       0.00000000    
   21.8494473       0.00000000    
   21.8661137       0.00000000    
   21.8827801       0.00000000    
   21.8994465       0.00000000    
   21.9161129       0.00000000    
   21.9327793       0.00000000    
   21.9494457       0.00000000    
   21.9661121       0.00000000    
   21.9827785       0.00000000    
   21.9994450       0.00000000    
   22.0161114       0.00000000    
   22.0327778       0.00000000    
   22.0494442       0.00000000    
   22.0661106       0.00000000    
   22.0827770       0.00000000    
   22.0994434       0.00000000    
   22.1161098       0.00000000    
   22.1327763       0.00000000    
   22.1494427       0.00000000    
   22.1661091       0.00000000    
   22.1827755       0.00000000    
   22.1994419       0.00000000    
   22.2161083       0.00000000    
   22.2327747       0.00000000    
   22.2494411       0.00000000    
   22.2661076       0.00000000    
   22.2827740       0.00000000    
   22.2994404       0.00000000    
   22.3161068       0.00000000    
   22.3327732       0.00000000    
   22.3494396       0.00000000    
   22.3661060       0.00000000    
   22.3827724       0.00000000    
   22.3994389       0.00000000    
   22.4161053       0.00000000    
   22.4327717       0.00000000    
   22.4494381       0.00000000    
   22.4661045       0.00000000    
   22.4827709       0.00000000    
   22.4994373       0.00000000    
   22.5161037       0.00000000    
   22.5327702       0.00000000    
   22.5494366       0.00000000    
   22.5661030       0.00000000    
   22.5827694       0.00000000    
   22.5994358       0.00000000    
   22.6161022       0.00000000    
   22.6327686       0.00000000    
   22.6494350       0.00000000    
   22.6661015       0.00000000    
   22.6827679       0.00000000    
   22.6994343       0.00000000    
   22.7161007       0.00000000    
   22.7327671       0.00000000    
   22.7494335       0.00000000    
   22.7660999       0.00000000    
   22.7827663       0.00000000    
   22.7994328       0.00000000    
   22.8160992       0.00000000    
   22.8327656       0.00000000    
   22.8494320       0.00000000    
   22.8660984       0.00000000    
   22.8827648       0.00000000    
   22.8994312       0.00000000    
   22.9160976       0.00000000    
   22.9327641       0.00000000    
   22.9494305       0.00000000    
   22.9660969       0.00000000    
   22.9827633       0.00000000    
   22.9994297       0.00000000    
   23.0160961       0.00000000    
   23.0327625       0.00000000    
   23.0494289       0.00000000    
   23.0660954       0.00000000    
   23.0827618       0.00000000    
   23.0994282       0.00000000    
   23.1160946       0.00000000    
   23.1327610       0.00000000    
   23.1494274       0.00000000    
   23.1660938       0.00000000    
   23.1827602       0.00000000    
   23.1994267       0.00000000    
   23.2160931       0.00000000    
   23.2327595       0.00000000    
   23.2494259       0.00000000    
   23.2660923       0.00000000    
   23.2827587       0.00000000    
   23.2994251       0.00000000    
   23.3160915       0.00000000    
   23.3327579       0.00000000    
   23.3494244       0.00000000    
   23.3660908       0.00000000    
   23.3827572       0.00000000    
   23.3994236       0.00000000    
   23.4160900       0.00000000    
   23.4327564       0.00000000    
   23.4494228       0.00000000    
   23.4660892       0.00000000    
   23.4827557       0.00000000    
   23.4994221       0.00000000    
   23.5160885       0.00000000    
   23.5327549       0.00000000    
   23.5494213       0.00000000    
   23.5660877       0.00000000    
   23.5827541       0.00000000    
   23.5994205       0.00000000    
   23.6160870       0.00000000    
   23.6327534       0.00000000    
   23.6494198       0.00000000    
   23.6660862       0.00000000    
   23.6827526       0.00000000    
   23.6994190       0.00000000    
   23.7160854       0.00000000    
   23.7327518       0.00000000    
   23.7494183       0.00000000    
   23.7660847       0.00000000    
   23.7827511       0.00000000    
   23.7994175       0.00000000    
   23.8160839       0.00000000    
   23.8327503       0.00000000    
   23.8494167       0.00000000    
   23.8660831       0.00000000    
   23.8827496       0.00000000    
   23.8994160       0.00000000    
   23.9160824       0.00000000    
   23.9327488       0.00000000    
   23.9494152       0.00000000    
   23.9660816       0.00000000    
   23.9827480       0.00000000    
