   0.00000000       0.00000000    
   1.66660007E-02   0.00000000    
   3.33320014E-02   0.00000000    
   4.99980003E-02   0.00000000    
   6.66640028E-02   0.00000000    
   8.33300054E-02   0.00000000    
   9.99960080E-02   0.00000000    
  0.116662011       0.00000000    
  0.133328006       0.00000000    
  0.149994001       0.00000000    
  0.166659996       0.00000000    
  0.183325991       0.00000000    
  0.199991986       0.00000000    
  0.216657981       0.00000000    
  0.233323976       0.00000000    
  0.249989972       0.00000000    
  0.266655982       0.00000000    
  0.283321977       0.00000000    
  0.299987972       0.00000000    
  0.316653967       0.00000000    
  0.333319962       0.00000000    
  0.349985957       0.00000000    
  0.366651952       0.00000000    
  0.383317947       0.00000000    
  0.399983943       0.00000000    
  0.416649938       0.00000000    
  0.433315933       0.00000000    
  0.449981928       0.00000000    
  0.466647923       0.00000000    
  0.483313918       0.00000000    
  0.499979913       0.00000000    
  0.516645908       0.00000000    
  0.533311903       0.00000000    
  0.549977899       0.00000000    
  0.566643894       0.00000000    
  0.583309889       0.00000000    
  0.599975884       0.00000000    
  0.616641879       0.00000000    
  0.633307874       0.00000000    
  0.649973869       0.00000000    
  0.666639864       0.00000000    
  0.683305860       0.00000000    
  0.699971855       0.00000000    
  0.716637850       0.00000000    
  0.733303845       0.00000000    
  0.749969840       0.00000000    
  0.766635835       0.00000000    
  0.783301830       0.00000000    
  0.799967825       0.00000000    
  0.816633821       0.00000000    
  0.833299816       0.00000000    
  0.849965811       0.00000000    
  0.866631806       0.00000000    
  0.883297801       0.00000000    
  0.899963796       0.00000000    
  0.916629791       0.00000000    
  0.933295786       0.00000000    
  0.949961782       0.00000000    
  0.966627777       0.00000000    
  0.983293772       0.00000000    
  0.999959767       0.00000000    
   1.01662576       0.00000000    
   1.03329182       0.00000000    
   1.04995787       0.00000000    
   1.06662393       0.00000000    
   1.08328998       0.00000000    
   1.09995604       0.00000000    
   1.11662209       0.00000000    
   1.13328815       0.00000000    
   1.14995420       0.00000000    
   1.16662025       0.00000000    
   1.18328631       0.00000000    
   1.19995236       0.00000000    
   1.21661842       0.00000000    
   1.23328447       0.00000000    
   1.24995053       0.00000000    
   1.26661658       0.00000000    
   1.28328264       0.00000000    
   1.29994869       0.00000000    
   1.31661475       0.00000000    
   1.33328080       0.00000000    
   1.34994686       0.00000000    
   1.36661291       0.00000000    
   1.38327897       0.00000000    
   1.39994502       0.00000000    
   1.41661108       0.00000000    
   1.43327713       0.00000000    
   1.44994318       0.00000000    
   1.46660924       0.00000000    
   1.48327529       0.00000000    
   1.49994135       0.00000000    
   1.51660740       0.00000000    
   1.53327346       0.00000000    
   1.54993951       0.00000000    
   1.56660557       0.00000000    
   1.58327162       0.00000000    
   1.59993768       0.00000000    
   1.61660373       0.00000000    
   1.63326979       0.00000000    
   1.64993584       0.00000000    
   1.66660190       0.00000000    
   1.68326795       0.00000000    
   1.69993401       0.00000000    
   1.71660006       0.00000000    
   1.73326612       0.00000000    
   1.74993217       0.00000000    
   1.76659822       0.00000000    
   1.78326428       0.00000000    
   1.79993033       0.00000000    
   1.81659639       0.00000000    
   1.83326244       0.00000000    
   1.84992850       0.00000000    
   1.86659455       0.00000000    
   1.88326061       0.00000000    
   1.89992666       0.00000000    
   1.91659272       0.00000000    
   1.93325877       0.00000000    
   1.94992483       0.00000000    
   1.96659088       0.00000000    
   1.98325694       0.00000000    
   1.99992299       0.00000000    
   2.01658893       0.00000000    
   2.03325486       0.00000000    
   2.04992080       0.00000000    
   2.06658673       0.00000000    
   2.08325267       0.00000000    
   2.09991860       0.00000000    
   2.11658454       0.00000000    
   2.13325047       0.00000000    
   2.14991641       0.00000000    
   2.16658235       0.00000000    
   2.18324828       0.00000000    
   2.19991422       0.00000000    
   2.21658015       0.00000000    
   2.23324609       0.00000000    
   2.24991202       0.00000000    
   2.26657796       0.00000000    
   2.28324389       0.00000000    
   2.29990983       0.00000000    
   2.31657577       0.00000000    
   2.33324170       0.00000000    
   2.34990764       0.00000000    
   2.36657357       0.00000000    
   2.38323951       0.00000000    
   2.39990544       0.00000000    
   2.41657138       0.00000000    
   2.43323731       0.00000000    
   2.44990325       0.00000000    
   2.46656919       0.00000000    
   2.48323512       0.00000000    
   2.49990106       0.00000000    
   2.51656699       0.00000000    
   2.53323293       0.00000000    
   2.54989886       0.00000000    
   2.56656480       0.00000000    
   2.58323073       0.00000000    
   2.59989667       0.00000000    
   2.61656260       0.00000000    
   2.63322854       0.00000000    
   2.64989448       0.00000000    
   2.66656041       0.00000000    
   2.68322635       0.00000000    
   2.69989228       0.00000000    
   2.71655822       0.00000000    
   2.73322415       0.00000000    
   2.74989009       0.00000000    
   2.76655602       0.00000000    
   2.78322196       0.00000000    
   2.79988790       0.00000000    
   2.81655383       0.00000000    
   2.83321977       0.00000000    
   2.84988570       0.00000000    
   2.86655164       0.00000000    
   2.88321757       0.00000000    
   2.89988351       0.00000000    
   2.91654944       0.00000000    
   2.93321538       0.00000000    
   2.94988132       0.00000000    
   2.96654725       0.00000000    
   2.98321319       0.00000000    
   2.99987912       0.00000000    
   3.01654506       0.00000000    
   3.03321099       0.00000000    
   3.04987693       0.00000000    
   3.06654286       0.00000000    
   3.08320880       0.00000000    
   3.09987473       0.00000000    
   3.11654067       0.00000000    
   3.13320661       0.00000000    
   3.14987254       0.00000000    
   3.16653848       0.00000000    
   3.18320441       0.00000000    
   3.19987035       0.00000000    
   3.21653628       0.00000000    
   3.23320222       0.00000000    
   3.24986815       0.00000000    
   3.26653409       0.00000000    
   3.28320003       0.00000000    
   3.29986596       0.00000000    
   3.31653190       0.00000000    
   3.33319783       0.00000000    
   3.34986377       0.00000000    
   3.36652970       0.00000000    
   3.38319564       0.00000000    
   3.39986157       0.00000000    
   3.41652751       0.00000000    
   3.43319345       0.00000000    
   3.44985938       0.00000000    
   3.46652532       0.00000000    
   3.48319125       0.00000000    
   3.49985719       0.00000000    
   3.51652312       0.00000000    
   3.53318906       0.00000000    
   3.54985499       0.00000000    
   3.56652093       0.00000000    
   3.58318686       0.00000000    
   3.59985280       0.00000000    
   3.61651874       0.00000000    
   3.63318467       0.00000000    
   3.64985061       0.00000000    
   3.66651654       0.00000000    
   3.68318248       0.00000000    
   3.69984841       0.00000000    
   3.71651435       0.00000000    
   3.73318028       0.00000000    
   3.74984622       0.00000000    
   3.76651216       0.00000000    
   3.78317809       0.00000000    
   3.79984403       0.00000000    
   3.81650996       0.00000000    
   3.83317590       0.00000000    
   3.84984183       0.00000000    
   3.86650777       0.00000000    
   3.88317370       0.00000000    
   3.89983964       0.00000000    
   3.91650558       0.00000000    
   3.93317151       0.00000000    
   3.94983745       0.00000000    
   3.96650338       0.00000000    
   3.98316932       0.00000000    
   3.99983525       0.00000000    
   4.01650143       0.00000000    
   4.03316736       0.00000000    
   4.04983330       0.00000000    
   4.06649923       0.00000000    
   4.08316517       0.00000000    
   4.09983110       0.00000000    
   4.11649704       0.00000000    
   4.13316298       0.00000000    
   4.14982891       0.00000000    
   4.16649485       0.00000000    
   4.18316078       0.00000000    
   4.19982672       0.00000000    
   4.21649265       0.00000000    
   4.23315859       0.00000000    
   4.24982452       0.00000000    
   4.26649046       0.00000000    
   4.28315639       0.00000000    
   4.29982233       0.00000000    
   4.31648827       0.00000000    
   4.33315420       0.00000000    
   4.34982014       0.00000000    
   4.36648607       0.00000000    
   4.38315201       0.00000000    
   4.39981794       0.00000000    
   4.41648388       0.00000000    
   4.43314981       0.00000000    
   4.44981575       0.00000000    
   4.46648169       0.00000000    
   4.48314762       0.00000000    
   4.49981356       0.00000000    
   4.51647949       0.00000000    
   4.53314543       0.00000000    
   4.54981136       0.00000000    
   4.56647730       0.00000000    
   4.58314323       0.00000000    
   4.59980917       0.00000000    
   4.61647511       0.00000000    
   4.63314104       0.00000000    
   4.64980698       0.00000000    
   4.66647291       0.00000000    
   4.68313885       0.00000000    
   4.69980478       0.00000000    
   4.71647072       0.00000000    
   4.73313665       0.00000000    
   4.74980259       0.00000000    
   4.76646852       0.00000000    
   4.78313446       0.00000000    
   4.79980040       0.00000000    
   4.81646633       0.00000000    
   4.83313227       0.00000000    
   4.84979820       0.00000000    
   4.86646414       0.00000000    
   4.88313007       0.00000000    
   4.89979601       0.00000000    
   4.91646194       0.00000000    
   4.93312788       0.00000000    
   4.94979382       0.00000000    
   4.96645975       0.00000000    
   4.98312569       0.00000000    
   4.99979162       0.00000000    
   5.01645756       0.00000000    
   5.03312349       0.00000000    
   5.04978943       0.00000000    
   5.06645536       0.00000000    
   5.08312130       0.00000000    
   5.09978724       0.00000000    
   5.11645317       0.00000000    
   5.13311911       0.00000000    
   5.14978504       0.00000000    
   5.16645098       0.00000000    
   5.18311691       0.00000000    
   5.19978285       0.00000000    
   5.21644878       0.00000000    
   5.23311472       0.00000000    
   5.24978065       0.00000000    
   5.26644659       0.00000000    
   5.28311253       0.00000000    
   5.29977846       0.00000000    
   5.31644440       0.00000000    
   5.33311033       0.00000000    
   5.34977627       0.00000000    
   5.36644220       0.00000000    
   5.38310814       0.00000000    
   5.39977407       0.00000000    
   5.41644001       0.00000000    
   5.43310595       0.00000000    
   5.44977188       0.00000000    
   5.46643782       0.00000000    
   5.48310375       0.00000000    
   5.49976969       0.00000000    
   5.51643562       0.00000000    
   5.53310156       0.00000000    
   5.54976749       0.00000000    
   5.56643343       0.00000000    
   5.58309937       0.00000000    
   5.59976530       0.00000000    
   5.61643124       0.00000000    
   5.63309717       0.00000000    
   5.64976311       0.00000000    
   5.66642904       0.00000000    
   5.68309498       0.00000000    
   5.69976091       0.00000000    
   5.71642685       0.00000000    
   5.73309278       0.00000000    
   5.74975872       0.00000000    
   5.76642466       0.00000000    
   5.78309059       0.00000000    
   5.79975653       0.00000000    
   5.81642246       0.00000000    
   5.83308840       0.00000000    
   5.84975433       0.00000000    
   5.86642027       0.00000000    
   5.88308620       0.00000000    
   5.89975214       0.00000000    
   5.91641808       0.00000000    
   5.93308401       0.00000000    
   5.94974995       0.00000000    
   5.96641588       0.00000000    
   5.98308182       0.00000000    
   5.99974775       0.00000000    
   6.01641369       1.00800003E-20
   6.03307962       7.89000020E-16
   6.04974556       1.78200000E-12
   6.06641150       8.50700010E-10
   6.08307743       2.46799999E-07
   6.09974337       7.97200028E-06
   6.11640930       3.77500000E-05
   6.13307524       1.05500003E-04
   6.14974117       2.11799997E-04
   6.16640711       3.58199992E-04
   6.18307304       5.67200012E-04
   6.19973898       8.63199995E-04
   6.21640491       1.27899996E-03
   6.23307085       1.82600005E-03
   6.24973679       2.55100010E-03
   6.26640272       3.56299989E-03
   6.28306866       4.76300018E-03
   6.29973459       6.34799991E-03
   6.31640053       8.44999962E-03
   6.33306646       1.12199998E-02
   6.34973240       1.45100001E-02
   6.36639833       1.86199993E-02
   6.38306427       2.39499994E-02
   6.39973021       3.09299994E-02
   6.41639614       3.87400016E-02
   6.43306208       4.94700000E-02
   6.44972801       6.10099994E-02
   6.46639395       7.52200037E-02
   6.48305988       9.22800004E-02
   6.49972582      0.112000003    
   6.51639175      0.134499997    
   6.53305769      0.160699993    
   6.54972363      0.192599997    
   6.56638956      0.219600007    
   6.58305550      0.259600013    
   6.59972143      0.291299999    
   6.61638737      0.329899997    
   6.63305330      0.377400011    
   6.64971924      0.434399992    
   6.66638517      0.481700003    
   6.68305111      0.532500029    
   6.69971704      0.586399972    
   6.71638298      0.643000007    
   6.73304892      0.702099979    
   6.74971485      0.763599992    
   6.76638079      0.827400029    
   6.78304672      0.893199980    
   6.79971266      0.960900009    
   6.81637859       1.03100002    
   6.83304453       1.10200000    
   6.84971046       1.17600000    
   6.86637640       1.25100005    
   6.88304234       1.32700002    
   6.89970827       1.40600002    
   6.91637421       1.48599994    
   6.93304014       1.56700003    
   6.94970608       1.64999998    
   6.96637201       1.73399997    
   6.98303795       1.82000005    
   6.99970388       1.90699995    
   7.01636982       1.99600005    
   7.03303576       2.08599997    
   7.04970169       2.17700005    
   7.06636763       2.26999998    
   7.08303356       2.36400008    
   7.09969950       2.45900011    
   7.11636543       2.55500007    
   7.13303137       2.65300012    
   7.14969730       2.75200009    
   7.16636324       2.85299993    
   7.18302917       2.95400000    
   7.19969511       3.05800009    
   7.21636105       3.16199994    
   7.23302698       3.26699996    
   7.24969292       3.37400007    
   7.26635885       3.48200011    
   7.28302479       3.59200001    
   7.29969072       3.70300007    
   7.31635666       3.81500006    
   7.33302259       3.92799997    
   7.34968853       4.04300022    
   7.36635447       4.15899992    
   7.38302040       4.27600002    
   7.39968634       4.39499998    
   7.41635227       4.51499987    
   7.43301821       4.63600016    
   7.44968414       4.75899982    
   7.46635008       4.88299990    
   7.48301601       5.00799990    
   7.49968195       5.13399982    
   7.51634789       5.26200008    
   7.53301382       5.39200020    
   7.54967976       5.52199984    
   7.56634569       5.65399981    
   7.58301163       5.78700018    
   7.59967756       5.92100000    
   7.61634350       6.05700016    
   7.63300943       6.19399977    
   7.64967537       6.33199978    
   7.66634130       6.47200012    
   7.68300724       6.61299992    
   7.69967318       6.75500011    
   7.71633911       6.89799976    
   7.73300505       7.04300022    
   7.74967098       7.18800020    
   7.76633692       7.33500004    
   7.78300285       7.48299980    
   7.79966879       7.63299990    
   7.81633472       7.78299999    
   7.83300066       7.93499994    
   7.84966660       8.08800030    
   7.86633253       8.24199963    
   7.88299847       8.39700031    
   7.89966440       8.55300045    
   7.91633034       8.71000004    
   7.93299627       8.86800003    
   7.94966221       9.02799988    
   7.96632814       9.18799973    
   7.98299408       9.34899998    
   7.99966002       9.51200008    
   8.01632595       9.67500019    
   8.03299236       9.83899975    
   8.04965878       10.0000000    
   8.06632519       10.1700001    
   8.08299160       10.3400002    
   8.09965801       10.5100002    
   8.11632442       10.6700001    
   8.13299084       10.8400002    
   8.14965725       11.0200005    
   8.16632366       11.1899996    
   8.18299007       11.3599997    
   8.19965649       11.5299997    
   8.21632290       11.7100000    
   8.23298931       11.8800001    
   8.24965572       12.0600004    
   8.26632214       12.2299995    
   8.28298855       12.4099998    
   8.29965496       12.5900002    
   8.31632137       12.7600002    
   8.33298779       12.9399996    
   8.34965420       13.1199999    
   8.36632061       13.3000002    
   8.38298702       13.4799995    
   8.39965343       13.6599998    
   8.41631985       13.8400002    
   8.43298626       14.0299997    
   8.44965267       14.2100000    
   8.46631908       14.3900003    
   8.48298550       14.5799999    
   8.49965191       14.7600002    
   8.51631832       14.9399996    
   8.53298473       15.1300001    
   8.54965115       15.3100004    
   8.56631756       15.5000000    
   8.58298397       15.6899996    
   8.59965038       15.8699999    
   8.61631680       16.0599995    
   8.63298321       16.2500000    
   8.64964962       16.4300003    
   8.66631603       16.6200008    
   8.68298244       16.8099995    
   8.69964886       17.0000000    
   8.71631527       17.1800003    
   8.73298168       17.3700008    
   8.74964809       17.5599995    
   8.76631451       17.7500000    
   8.78298092       17.9400005    
   8.79964733       18.1299992    
   8.81631374       18.3199997    
   8.83298016       18.5100002    
   8.84964657       18.7000008    
   8.86631298       18.8899994    
   8.88297939       19.0799999    
   8.89964581       19.2700005    
   8.91631222       19.4599991    
   8.93297863       19.6399994    
   8.94964504       19.8299999    
   8.96631145       20.0200005    
   8.98297787       20.2099991    
   8.99964428       20.3999996    
   9.01631069       20.5900002    
   9.03297710       20.7800007    
   9.04964352       20.9699993    
   9.06630993       21.1599998    
   9.08297634       21.3500004    
   9.09964275       21.5400009    
   9.11630917       21.7299995    
   9.13297558       21.9200001    
   9.14964199       22.1000004    
   9.16630840       22.2900009    
   9.18297482       22.4799995    
   9.19964123       22.6700001    
   9.21630764       22.8600006    
   9.23297405       23.0400009    
   9.24964046       23.2299995    
   9.26630688       23.4200001    
   9.28297329       23.6000004    
   9.29963970       23.7900009    
   9.31630611       23.9799995    
   9.33297253       24.1599998    
   9.34963894       24.3500004    
   9.36630535       24.5300007    
   9.38297176       24.7199993    
   9.39963818       24.8999996    
   9.41630459       25.0799999    
   9.43297100       25.2700005    
   9.44963741       25.4500008    
   9.46630383       25.6299992    
   9.48297024       25.8099995    
   9.49963665       26.0000000    
   9.51630306       26.1800003    
   9.53296947       26.3600006    
   9.54963589       26.5400009    
   9.56630230       26.7199993    
   9.58296871       26.8999996    
   9.59963512       27.0699997    
   9.61630154       27.2500000    
   9.63296795       27.4300003    
   9.64963436       27.6100006    
   9.66630077       27.7800007    
   9.68296719       27.9599991    
   9.69963360       28.1299992    
   9.71630001       28.3099995    
   9.73296642       28.4799995    
   9.74963284       28.6599998    
   9.76629925       28.8299999    
   9.78296566       29.0000000    
   9.79963207       29.1700001    
   9.81629848       29.3400002    
   9.83296490       29.5100002    
   9.84963131       29.6800003    
   9.86629772       29.8500004    
   9.88296413       30.0200005    
   9.89963055       30.1900005    
   9.91629696       30.3500004    
   9.93296337       30.5200005    
   9.94962978       30.6800003    
   9.96629620       30.8500004    
   9.98296261       31.0100002    
   9.99962902       31.1800003    
   10.0162954       31.3400002    
   10.0329618       31.5000000    
   10.0496283       31.6599998    
   10.0662947       31.8199997    
   10.0829611       31.9799995    
   10.0996275       32.1399994    
   10.1162939       32.2900009    
   10.1329603       32.4500008    
   10.1496267       32.6100006    
   10.1662931       32.7599983    
   10.1829596       32.9199982    
   10.1996260       33.0699997    
   10.2162924       33.2200012    
   10.2329588       33.3699989    
   10.2496252       33.5200005    
   10.2662916       33.6699982    
   10.2829580       33.8199997    
   10.2996244       33.9700012    
   10.3162909       34.1199989    
   10.3329573       34.2599983    
   10.3496237       34.4099998    
   10.3662901       34.5499992    
   10.3829565       34.6899986    
   10.3996229       34.8400002    
   10.4162893       34.9799995    
   10.4329557       35.1199989    
   10.4496222       35.2599983    
   10.4662886       35.3899994    
   10.4829550       35.5299988    
   10.4996214       35.6699982    
   10.5162878       35.7999992    
   10.5329542       35.9399986    
   10.5496206       36.0699997    
   10.5662870       36.2000008    
   10.5829535       36.3300018    
   10.5996199       36.4599991    
   10.6162863       36.5900002    
   10.6329527       36.7200012    
   10.6496191       36.8499985    
   10.6662855       36.9700012    
   10.6829519       37.0999985    
   10.6996183       37.2200012    
   10.7162848       37.3499985    
   10.7329512       37.4700012    
   10.7496176       37.5900002    
   10.7662840       37.7099991    
   10.7829504       37.8300018    
   10.7996168       37.9399986    
   10.8162832       38.0600014    
   10.8329496       38.1699982    
   10.8496161       38.2900009    
   10.8662825       38.4000015    
   10.8829489       38.5099983    
   10.8996153       38.6199989    
   10.9162817       38.7299995    
   10.9329481       38.8400002    
   10.9496145       38.9500008    
   10.9662809       39.0600014    
   10.9829473       39.1599998    
   10.9996138       39.2599983    
   11.0162802       39.3699989    
   11.0329466       39.4700012    
   11.0496130       39.5699997    
   11.0662794       39.6699982    
   11.0829458       39.7599983    
   11.0996122       39.8600006    
   11.1162786       39.9599991    
   11.1329451       40.0499992    
   11.1496115       40.1399994    
   11.1662779       40.2400017    
   11.1829443       40.3300018    
   11.1996107       40.4199982    
   11.2162771       40.5000000    
   11.2329435       40.5900002    
   11.2496099       40.6800003    
   11.2662764       40.7599983    
   11.2829428       40.8400002    
   11.2996092       40.9300003    
   11.3162756       41.0099983    
   11.3329420       41.0900002    
   11.3496084       41.1699982    
   11.3662748       41.2400017    
   11.3829412       41.3199997    
   11.3996077       41.3899994    
   11.4162741       41.4700012    
   11.4329405       41.5400009    
   11.4496069       41.6100006    
   11.4662733       41.6800003    
   11.4829397       41.7500000    
   11.4996061       41.8100014    
   11.5162725       41.8800011    
   11.5329390       41.9399986    
   11.5496054       42.0099983    
   11.5662718       42.0699997    
   11.5829382       42.1300011    
   11.5996046       42.1899986    
   11.6162710       42.2500000    
   11.6329374       42.2999992    
   11.6496038       42.3600006    
   11.6662703       42.4099998    
   11.6829367       42.4700012    
   11.6996031       42.5200005    
   11.7162695       42.5699997    
   11.7329359       42.6199989    
   11.7496023       42.6599998    
   11.7662687       42.7099991    
   11.7829351       42.7500000    
   11.7996016       42.7999992    
   11.8162680       42.8400002    
   11.8329344       42.8800011    
   11.8496008       42.9199982    
   11.8662672       42.9599991    
   11.8829336       43.0000000    
   11.8996000       43.0299988    
   11.9162664       43.0699997    
   11.9329329       43.0999985    
   11.9495993       43.1300011    
   11.9662657       43.1599998    
   11.9829321       43.1899986    
   11.9995985       43.2200012    
   12.0162649       43.2500000    
   12.0329313       43.2700005    
   12.0495977       43.2900009    
   12.0662642       43.3199997    
   12.0829306       43.3400002    
   12.0995970       43.3600006    
   12.1162634       43.3800011    
   12.1329298       43.3899994    
   12.1495962       43.4099998    
   12.1662626       43.4199982    
   12.1829290       43.4399986    
   12.1995955       43.4500008    
   12.2162619       43.4599991    
   12.2329283       43.4700012    
   12.2495947       43.4700012    
   12.2662611       43.4799995    
   12.2829275       43.4900017    
   12.2995939       43.4900017    
   12.3162603       43.4900017    
   12.3329268       43.4900017    
   12.3495932       43.4900017    
   12.3662596       43.4900017    
   12.3829260       43.4900017    
   12.3995924       43.4799995    
   12.4162588       43.4799995    
   12.4329252       43.4700012    
   12.4495916       43.4599991    
   12.4662580       43.4500008    
   12.4829245       43.4399986    
   12.4995909       43.4300003    
   12.5162573       43.4099998    
   12.5329237       43.4000015    
   12.5495901       43.3800011    
   12.5662565       43.3600006    
   12.5829229       43.3499985    
   12.5995893       43.3300018    
   12.6162558       43.2999992    
   12.6329222       43.2799988    
   12.6495886       43.2599983    
   12.6662550       43.2299995    
   12.6829214       43.2000008    
   12.6995878       43.1699982    
   12.7162542       43.1399994    
   12.7329206       43.1100006    
   12.7495871       43.0800018    
   12.7662535       43.0499992    
   12.7829199       43.0099983    
   12.7995863       42.9700012    
   12.8162527       42.9399986    
   12.8329191       42.9000015    
   12.8495855       42.8600006    
   12.8662519       42.8199997    
   12.8829184       42.7700005    
   12.8995848       42.7299995    
   12.9162512       42.6800003    
   12.9329176       42.6300011    
   12.9495840       42.5900002    
   12.9662504       42.5400009    
   12.9829168       42.4900017    
   12.9995832       42.4300003    
   13.0162497       42.3800011    
   13.0329161       42.3199997    
   13.0495825       42.2700005    
   13.0662489       42.2099991    
   13.0829153       42.1500015    
   13.0995817       42.0900002    
   13.1162481       42.0299988    
   13.1329145       41.9700012    
   13.1495810       41.9000015    
   13.1662474       41.8400002    
   13.1829138       41.7700005    
   13.1995802       41.7000008    
   13.2162466       41.6399994    
   13.2329130       41.5699997    
   13.2495794       41.4900017    
   13.2662458       41.4199982    
   13.2829123       41.3499985    
   13.2995787       41.2700005    
   13.3162451       41.1899986    
   13.3329115       41.1199989    
   13.3495779       41.0400009    
   13.3662443       40.9599991    
   13.3829107       40.8800011    
   13.3995771       40.7900009    
   13.4162436       40.7099991    
   13.4329100       40.6199989    
   13.4495764       40.5400009    
   13.4662428       40.4500008    
   13.4829092       40.3600006    
   13.4995756       40.2700005    
   13.5162420       40.1800003    
   13.5329084       40.0900002    
   13.5495749       39.9900017    
   13.5662413       39.9000015    
   13.5829077       39.7999992    
   13.5995741       39.7000008    
   13.6162405       39.6100006    
   13.6329069       39.5099983    
   13.6495733       39.4000015    
   13.6662397       39.2999992    
   13.6829062       39.2000008    
   13.6995726       39.0999985    
   13.7162390       38.9900017    
   13.7329054       38.8800011    
   13.7495718       38.7799988    
   13.7662382       38.6699982    
   13.7829046       38.5600014    
   13.7995710       38.4500008    
   13.8162374       38.3300018    
   13.8329039       38.2200012    
   13.8495703       38.0999985    
   13.8662367       37.9900017    
   13.8829031       37.8699989    
   13.8995695       37.7500000    
   13.9162359       37.6300011    
   13.9329023       37.5099983    
   13.9495687       37.3899994    
   13.9662352       37.2700005    
   13.9829016       37.1500015    
   13.9995680       37.0200005    
   14.0162344       36.9000015    
   14.0329008       36.7700005    
   14.0495672       36.6399994    
   14.0662336       36.5099983    
   14.0829000       36.3800011    
   14.0995665       36.2500000    
   14.1162329       36.1199989    
   14.1328993       35.9900017    
   14.1495657       35.8499985    
   14.1662321       35.7200012    
   14.1828985       35.5800018    
   14.1995649       35.4500008    
   14.2162313       35.3100014    
   14.2328978       35.1699982    
   14.2495642       35.0299988    
   14.2662306       34.8899994    
   14.2828970       34.7500000    
   14.2995634       34.6100006    
   14.3162298       34.4599991    
   14.3328962       34.3199997    
   14.3495626       34.1699982    
   14.3662291       34.0299988    
   14.3828955       33.8800011    
   14.3995619       33.7299995    
   14.4162283       33.5800018    
   14.4328947       33.4300003    
   14.4495611       33.2799988    
   14.4662275       33.1300011    
   14.4828939       32.9700012    
   14.4995604       32.8199997    
   14.5162268       32.6699982    
   14.5328932       32.5099983    
   14.5495596       32.3499985    
   14.5662260       32.2000008    
   14.5828924       32.0400009    
   14.5995588       31.8799992    
   14.6162252       31.7199993    
   14.6328917       31.5599995    
   14.6495581       31.3999996    
   14.6662245       31.2399998    
   14.6828909       31.0799999    
   14.6995573       30.9099998    
   14.7162237       30.7500000    
   14.7328901       30.5799999    
   14.7495565       30.4200001    
   14.7662230       30.2500000    
   14.7828894       30.0799999    
   14.7995558       29.9200001    
   14.8162222       29.7500000    
   14.8328886       29.5799999    
   14.8495550       29.4099998    
   14.8662214       29.2399998    
   14.8828878       29.0699997    
   14.8995543       28.8999996    
   14.9162207       28.7199993    
   14.9328871       28.5499992    
   14.9495535       28.3799992    
   14.9662199       28.2000008    
   14.9828863       28.0300007    
   14.9995527       27.8500004    
   15.0162191       27.6700001    
   15.0328856       27.5000000    
   15.0495520       27.3199997    
   15.0662184       27.1399994    
   15.0828848       26.9599991    
   15.0995512       26.7900009    
   15.1162176       26.6100006    
   15.1328840       26.4300003    
   15.1495504       26.2500000    
   15.1662169       26.0599995    
   15.1828833       25.8799992    
   15.1995497       25.7000008    
   15.2162161       25.5200005    
   15.2328825       25.3400002    
   15.2495489       25.1499996    
   15.2662153       24.9699993    
   15.2828817       24.7900009    
   15.2995481       24.6000004    
   15.3162146       24.4200001    
   15.3328810       24.2299995    
   15.3495474       24.0499992    
   15.3662138       23.8600006    
   15.3828802       23.6700001    
   15.3995466       23.4899998    
   15.4162130       23.2999992    
   15.4328794       23.1100006    
   15.4495459       22.9300003    
   15.4662123       22.7399998    
   15.4828787       22.5499992    
   15.4995451       22.3600006    
   15.5162115       22.1800003    
   15.5328779       21.9899998    
   15.5495443       21.7999992    
   15.5662107       21.6100006    
   15.5828772       21.4200001    
   15.5995436       21.2299995    
   15.6162100       21.0400009    
   15.6328764       20.8500004    
   15.6495428       20.6700001    
   15.6662092       20.4799995    
   15.6828756       20.2900009    
   15.6995420       20.1000004    
   15.7162085       19.9099998    
   15.7328749       19.7199993    
   15.7495413       19.5300007    
   15.7662077       19.3400002    
   15.7828741       19.1499996    
   15.7995405       18.9599991    
   15.8162069       18.7700005    
   15.8328733       18.5799999    
   15.8495398       18.3899994    
   15.8662062       18.2000008    
   15.8828726       18.0100002    
   15.8995390       17.8199997    
   15.9162054       17.6299992    
   15.9328718       17.4500008    
   15.9495382       17.2600002    
   15.9662046       17.0699997    
   15.9828711       16.8799992    
   15.9995375       16.6900005    
   16.0162029       16.5000000    
   16.0328693       16.3199997    
   16.0495358       16.1299992    
   16.0662022       15.9399996    
   16.0828686       15.7600002    
   16.0995350       15.5699997    
   16.1162014       15.3900003    
   16.1328678       15.1999998    
   16.1495342       15.0100002    
   16.1662006       14.8299999    
   16.1828671       14.6499996    
   16.1995335       14.4600000    
   16.2161999       14.2799997    
   16.2328663       14.1000004    
   16.2495327       13.9099998    
   16.2661991       13.7299995    
   16.2828655       13.5500002    
   16.2995319       13.3699999    
   16.3161983       13.1899996    
   16.3328648       13.0100002    
   16.3495312       12.8299999    
   16.3661976       12.6499996    
   16.3828640       12.4799995    
   16.3995304       12.3000002    
   16.4161968       12.1199999    
   16.4328632       11.9499998    
   16.4495296       11.7700005    
   16.4661961       11.6000004    
   16.4828625       11.4200001    
   16.4995289       11.2500000    
   16.5161953       11.0799999    
   16.5328617       10.9099998    
   16.5495281       10.7399998    
   16.5661945       10.5699997    
   16.5828609       10.3999996    
   16.5995274       10.2299995    
   16.6161938       10.0699997    
   16.6328602       9.90299988    
   16.6495266       9.73799992    
   16.6661930       9.57400036    
   16.6828594       9.41100025    
   16.6995258       9.24899960    
   16.7161922       9.08899975    
   16.7328587       8.92899990    
   16.7495251       8.77000046    
   16.7661915       8.61299992    
   16.7828579       8.45600033    
   16.7995243       8.30099964    
   16.8161907       8.14599991    
   16.8328571       7.99300003    
   16.8495235       7.84100008    
   16.8661900       7.69000006    
   16.8828564       7.53999996    
   16.8995228       7.39200020    
   16.9161892       7.24399996    
   16.9328556       7.09800005    
   16.9495220       6.95300007    
   16.9661884       6.80900002    
   16.9828548       6.66699982    
   16.9995213       6.52600002    
   17.0161877       6.38500023    
   17.0328541       6.24700022    
   17.0495205       6.10900021    
   17.0661869       5.97300005    
   17.0828533       5.83799982    
   17.0995197       5.70499992    
   17.1161861       5.57200003    
   17.1328526       5.44099998    
   17.1495190       5.31099987    
   17.1661854       5.18300009    
   17.1828518       5.05600023    
   17.1995182       4.92999983    
   17.2161846       4.80600023    
   17.2328510       4.68300009    
   17.2495174       4.56099987    
   17.2661839       4.44000006    
   17.2828503       4.32100010    
   17.2995167       4.20300007    
   17.3161831       4.08699989    
   17.3328495       3.97199988    
   17.3495159       3.85800004    
   17.3661823       3.74499989    
   17.3828487       3.63400006    
   17.3995152       3.52399993    
   17.4161816       3.41499996    
   17.4328480       3.30800009    
   17.4495144       3.20199990    
   17.4661808       3.09699988    
   17.4828472       2.99399996    
   17.4995136       2.89100003    
   17.5161800       2.78999996    
   17.5328465       2.69099998    
   17.5495129       2.59200001    
   17.5661793       2.49499989    
   17.5828457       2.40000010    
   17.5995121       2.30500007    
   17.6161785       2.21199989    
   17.6328449       2.11999989    
   17.6495113       2.02999997    
   17.6661777       1.94099998    
   17.6828442       1.85300004    
   17.6995106       1.76699996    
   17.7161770       1.68200004    
   17.7328434       1.59800005    
   17.7495098       1.51600003    
   17.7661762       1.43599999    
   17.7828426       1.35699999    
   17.7995090       1.27900004    
   17.8161755       1.20400000    
   17.8328419       1.13000000    
   17.8495083       1.05799997    
   17.8661747      0.986999989    
   17.8828411      0.918500006    
   17.8995075      0.851899981    
   17.9161739      0.787400007    
   17.9328403      0.725099981    
   17.9495068      0.665099978    
   17.9661732      0.607400000    
   17.9828396      0.552500010    
   17.9995060      0.500500023    
   18.0161724      0.451799989    
   18.0328388      0.398000002    
   18.0495052      0.346700013    
   18.0661716      0.304899991    
   18.0828381      0.270799994    
   18.0995045      0.233899996    
   18.1161709      0.201700002    
   18.1328373      0.170399994    
   18.1495037      0.147000000    
   18.1661701      0.122500002    
   18.1828365      0.101000004    
   18.1995029       8.28799978E-02
   18.2161694       6.66000023E-02
   18.2328358       5.30200005E-02
   18.2495022       4.26700003E-02
   18.2661686       3.34500000E-02
   18.2828350       2.65800003E-02
   18.2995014       2.05199998E-02
   18.3161678       1.58500001E-02
   18.3328342       1.21900002E-02
   18.3495007       9.31200013E-03
   18.3661671       7.06500001E-03
   18.3828335       5.33699989E-03
   18.3994999       3.97899980E-03
   18.4161663       2.88600009E-03
   18.4328327       2.07699998E-03
   18.4494991       1.46699999E-03
   18.4661655       9.99400043E-04
   18.4828320       6.64699997E-04
   18.4994984       4.26899991E-04
   18.5161648       2.59399996E-04
   18.5328312       1.42399993E-04
   18.5494976       5.85199996E-05
   18.5661640       1.53300007E-05
   18.5828304       1.23200005E-06
   18.5994968       7.25299998E-09
   18.6161633       2.23699999E-11
   18.6328297       1.59799999E-14
   18.6494961       1.61699996E-18
   18.6661625       7.28675201E-44
   18.6828289       0.00000000    
   18.6994953       0.00000000    
   18.7161617       0.00000000    
   18.7328281       0.00000000    
   18.7494946       0.00000000    
   18.7661610       0.00000000    
   18.7828274       0.00000000    
   18.7994938       0.00000000    
   18.8161602       0.00000000    
   18.8328266       0.00000000    
   18.8494930       0.00000000    
   18.8661594       0.00000000    
   18.8828259       0.00000000    
   18.8994923       0.00000000    
   18.9161587       0.00000000    
   18.9328251       0.00000000    
   18.9494915       0.00000000    
   18.9661579       0.00000000    
   18.9828243       0.00000000    
   18.9994907       0.00000000    
   19.0161572       0.00000000    
   19.0328236       0.00000000    
   19.0494900       0.00000000    
   19.0661564       0.00000000    
   19.0828228       0.00000000    
   19.0994892       0.00000000    
   19.1161556       0.00000000    
   19.1328220       0.00000000    
   19.1494884       0.00000000    
   19.1661549       0.00000000    
   19.1828213       0.00000000    
   19.1994877       0.00000000    
   19.2161541       0.00000000    
   19.2328205       0.00000000    
   19.2494869       0.00000000    
   19.2661533       0.00000000    
   19.2828197       0.00000000    
   19.2994862       0.00000000    
   19.3161526       0.00000000    
   19.3328190       0.00000000    
   19.3494854       0.00000000    
   19.3661518       0.00000000    
   19.3828182       0.00000000    
   19.3994846       0.00000000    
   19.4161510       0.00000000    
   19.4328175       0.00000000    
   19.4494839       0.00000000    
   19.4661503       0.00000000    
   19.4828167       0.00000000    
   19.4994831       0.00000000    
   19.5161495       0.00000000    
   19.5328159       0.00000000    
   19.5494823       0.00000000    
   19.5661488       0.00000000    
   19.5828152       0.00000000    
   19.5994816       0.00000000    
   19.6161480       0.00000000    
   19.6328144       0.00000000    
   19.6494808       0.00000000    
   19.6661472       0.00000000    
   19.6828136       0.00000000    
   19.6994801       0.00000000    
   19.7161465       0.00000000    
   19.7328129       0.00000000    
   19.7494793       0.00000000    
   19.7661457       0.00000000    
   19.7828121       0.00000000    
   19.7994785       0.00000000    
   19.8161449       0.00000000    
   19.8328114       0.00000000    
   19.8494778       0.00000000    
   19.8661442       0.00000000    
   19.8828106       0.00000000    
   19.8994770       0.00000000    
   19.9161434       0.00000000    
   19.9328098       0.00000000    
   19.9494762       0.00000000    
   19.9661427       0.00000000    
   19.9828091       0.00000000    
   19.9994755       0.00000000    
   20.0161419       0.00000000    
   20.0328083       0.00000000    
   20.0494747       0.00000000    
   20.0661411       0.00000000    
   20.0828075       0.00000000    
   20.0994740       0.00000000    
   20.1161404       0.00000000    
   20.1328068       0.00000000    
   20.1494732       0.00000000    
   20.1661396       0.00000000    
   20.1828060       0.00000000    
   20.1994724       0.00000000    
   20.2161388       0.00000000    
   20.2328053       0.00000000    
   20.2494717       0.00000000    
   20.2661381       0.00000000    
   20.2828045       0.00000000    
   20.2994709       0.00000000    
   20.3161373       0.00000000    
   20.3328037       0.00000000    
   20.3494701       0.00000000    
   20.3661366       0.00000000    
   20.3828030       0.00000000    
   20.3994694       0.00000000    
   20.4161358       0.00000000    
   20.4328022       0.00000000    
   20.4494686       0.00000000    
   20.4661350       0.00000000    
   20.4828014       0.00000000    
   20.4994678       0.00000000    
   20.5161343       0.00000000    
   20.5328007       0.00000000    
   20.5494671       0.00000000    
   20.5661335       0.00000000    
   20.5827999       0.00000000    
   20.5994663       0.00000000    
   20.6161327       0.00000000    
   20.6327991       0.00000000    
   20.6494656       0.00000000    
   20.6661320       0.00000000    
   20.6827984       0.00000000    
   20.6994648       0.00000000    
   20.7161312       0.00000000    
   20.7327976       0.00000000    
   20.7494640       0.00000000    
   20.7661304       0.00000000    
   20.7827969       0.00000000    
   20.7994633       0.00000000    
   20.8161297       0.00000000    
   20.8327961       0.00000000    
   20.8494625       0.00000000    
   20.8661289       0.00000000    
   20.8827953       0.00000000    
   20.8994617       0.00000000    
   20.9161282       0.00000000    
   20.9327946       0.00000000    
   20.9494610       0.00000000    
   20.9661274       0.00000000    
   20.9827938       0.00000000    
   20.9994602       0.00000000    
   21.0161266       0.00000000    
   21.0327930       0.00000000    
   21.0494595       0.00000000    
   21.0661259       0.00000000    
   21.0827923       0.00000000    
   21.0994587       0.00000000    
   21.1161251       0.00000000    
   21.1327915       0.00000000    
   21.1494579       0.00000000    
   21.1661243       0.00000000    
   21.1827908       0.00000000    
   21.1994572       0.00000000    
   21.2161236       0.00000000    
   21.2327900       0.00000000    
   21.2494564       0.00000000    
   21.2661228       0.00000000    
   21.2827892       0.00000000    
   21.2994556       0.00000000    
   21.3161221       0.00000000    
   21.3327885       0.00000000    
   21.3494549       0.00000000    
   21.3661213       0.00000000    
   21.3827877       0.00000000    
   21.3994541       0.00000000    
   21.4161205       0.00000000    
   21.4327869       0.00000000    
   21.4494534       0.00000000    
   21.4661198       0.00000000    
   21.4827862       0.00000000    
   21.4994526       0.00000000    
   21.5161190       0.00000000    
   21.5327854       0.00000000    
   21.5494518       0.00000000    
   21.5661182       0.00000000    
   21.5827847       0.00000000    
   21.5994511       0.00000000    
   21.6161175       0.00000000    
   21.6327839       0.00000000    
   21.6494503       0.00000000    
   21.6661167       0.00000000    
   21.6827831       0.00000000    
   21.6994495       0.00000000    
   21.7161160       0.00000000    
   21.7327824       0.00000000    
   21.7494488       0.00000000    
   21.7661152       0.00000000    
   21.7827816       0.00000000    
   21.7994480       0.00000000    
   21.8161144       0.00000000    
   21.8327808       0.00000000    
   21.8494473       0.00000000    
   21.8661137       0.00000000    
   21.8827801       0.00000000    
   21.8994465       0.00000000    
   21.9161129       0.00000000    
   21.9327793       0.00000000    
   21.9494457       0.00000000    
   21.9661121       0.00000000    
   21.9827785       0.00000000    
   21.9994450       0.00000000    
   22.0161114       0.00000000    
   22.0327778       0.00000000    
   22.0494442       0.00000000    
   22.0661106       0.00000000    
   22.0827770       0.00000000    
   22.0994434       0.00000000    
   22.1161098       0.00000000    
   22.1327763       0.00000000    
   22.1494427       0.00000000    
   22.1661091       0.00000000    
   22.1827755       0.00000000    
   22.1994419       0.00000000    
   22.2161083       0.00000000    
   22.2327747       0.00000000    
   22.2494411       0.00000000    
   22.2661076       0.00000000    
   22.2827740       0.00000000    
   22.2994404       0.00000000    
   22.3161068       0.00000000    
   22.3327732       0.00000000    
   22.3494396       0.00000000    
   22.3661060       0.00000000    
   22.3827724       0.00000000    
   22.3994389       0.00000000    
   22.4161053       0.00000000    
   22.4327717       0.00000000    
   22.4494381       0.00000000    
   22.4661045       0.00000000    
   22.4827709       0.00000000    
   22.4994373       0.00000000    
   22.5161037       0.00000000    
   22.5327702       0.00000000    
   22.5494366       0.00000000    
   22.5661030       0.00000000    
   22.5827694       0.00000000    
   22.5994358       0.00000000    
   22.6161022       0.00000000    
   22.6327686       0.00000000    
   22.6494350       0.00000000    
   22.6661015       0.00000000    
   22.6827679       0.00000000    
   22.6994343       0.00000000    
   22.7161007       0.00000000    
   22.7327671       0.00000000    
   22.7494335       0.00000000    
   22.7660999       0.00000000    
   22.7827663       0.00000000    
   22.7994328       0.00000000    
   22.8160992       0.00000000    
   22.8327656       0.00000000    
   22.8494320       0.00000000    
   22.8660984       0.00000000    
   22.8827648       0.00000000    
   22.8994312       0.00000000    
   22.9160976       0.00000000    
   22.9327641       0.00000000    
   22.9494305       0.00000000    
   22.9660969       0.00000000    
   22.9827633       0.00000000    
   22.9994297       0.00000000    
   23.0160961       0.00000000    
   23.0327625       0.00000000    
   23.0494289       0.00000000    
   23.0660954       0.00000000    
   23.0827618       0.00000000    
   23.0994282       0.00000000    
   23.1160946       0.00000000    
   23.1327610       0.00000000    
   23.1494274       0.00000000    
   23.1660938       0.00000000    
   23.1827602       0.00000000    
   23.1994267       0.00000000    
   23.2160931       0.00000000    
   23.2327595       0.00000000    
   23.2494259       0.00000000    
   23.2660923       0.00000000    
   23.2827587       0.00000000    
   23.2994251       0.00000000    
   23.3160915       0.00000000    
   23.3327579       0.00000000    
   23.3494244       0.00000000    
   23.3660908       0.00000000    
   23.3827572       0.00000000    
   23.3994236       0.00000000    
   23.4160900       0.00000000    
   23.4327564       0.00000000    
   23.4494228       0.00000000    
   23.4660892       0.00000000    
   23.4827557       0.00000000    
   23.4994221       0.00000000    
   23.5160885       0.00000000    
   23.5327549       0.00000000    
   23.5494213       0.00000000    
   23.5660877       0.00000000    
   23.5827541       0.00000000    
   23.5994205       0.00000000    
   23.6160870       0.00000000    
   23.6327534       0.00000000    
   23.6494198       0.00000000    
   23.6660862       0.00000000    
   23.6827526       0.00000000    
   23.6994190       0.00000000    
   23.7160854       0.00000000    
   23.7327518       0.00000000    
   23.7494183       0.00000000    
   23.7660847       0.00000000    
   23.7827511       0.00000000    
   23.7994175       0.00000000    
   23.8160839       0.00000000    
   23.8327503       0.00000000    
   23.8494167       0.00000000    
   23.8660831       0.00000000    
   23.8827496       0.00000000    
   23.8994160       0.00000000    
   23.9160824       0.00000000    
   23.9327488       0.00000000    
   23.9494152       0.00000000    
   23.9660816       0.00000000    
   23.9827480       0.00000000    
