   0.00000000       0.00000000    
   1.66660007E-02   0.00000000    
   3.33320014E-02   0.00000000    
   4.99980003E-02   0.00000000    
   6.66640028E-02   0.00000000    
   8.33300054E-02   0.00000000    
   9.99960080E-02   0.00000000    
  0.116662011       0.00000000    
  0.133328006       0.00000000    
  0.149994001       0.00000000    
  0.166659996       0.00000000    
  0.183325991       0.00000000    
  0.199991986       0.00000000    
  0.216657981       0.00000000    
  0.233323976       0.00000000    
  0.249989972       0.00000000    
  0.266655982       0.00000000    
  0.283321977       0.00000000    
  0.299987972       0.00000000    
  0.316653967       0.00000000    
  0.333319962       0.00000000    
  0.349985957       0.00000000    
  0.366651952       0.00000000    
  0.383317947       0.00000000    
  0.399983943       0.00000000    
  0.416649938       0.00000000    
  0.433315933       0.00000000    
  0.449981928       0.00000000    
  0.466647923       0.00000000    
  0.483313918       0.00000000    
  0.499979913       0.00000000    
  0.516645908       0.00000000    
  0.533311903       0.00000000    
  0.549977899       0.00000000    
  0.566643894       0.00000000    
  0.583309889       0.00000000    
  0.599975884       0.00000000    
  0.616641879       0.00000000    
  0.633307874       0.00000000    
  0.649973869       0.00000000    
  0.666639864       0.00000000    
  0.683305860       0.00000000    
  0.699971855       0.00000000    
  0.716637850       0.00000000    
  0.733303845       0.00000000    
  0.749969840       0.00000000    
  0.766635835       0.00000000    
  0.783301830       0.00000000    
  0.799967825       0.00000000    
  0.816633821       0.00000000    
  0.833299816       0.00000000    
  0.849965811       0.00000000    
  0.866631806       0.00000000    
  0.883297801       0.00000000    
  0.899963796       0.00000000    
  0.916629791       0.00000000    
  0.933295786       0.00000000    
  0.949961782       0.00000000    
  0.966627777       0.00000000    
  0.983293772       0.00000000    
  0.999959767       0.00000000    
   1.01662576       0.00000000    
   1.03329182       0.00000000    
   1.04995787       0.00000000    
   1.06662393       0.00000000    
   1.08328998       0.00000000    
   1.09995604       0.00000000    
   1.11662209       0.00000000    
   1.13328815       0.00000000    
   1.14995420       0.00000000    
   1.16662025       0.00000000    
   1.18328631       0.00000000    
   1.19995236       0.00000000    
   1.21661842       0.00000000    
   1.23328447       0.00000000    
   1.24995053       0.00000000    
   1.26661658       0.00000000    
   1.28328264       0.00000000    
   1.29994869       0.00000000    
   1.31661475       0.00000000    
   1.33328080       0.00000000    
   1.34994686       0.00000000    
   1.36661291       0.00000000    
   1.38327897       0.00000000    
   1.39994502       0.00000000    
   1.41661108       0.00000000    
   1.43327713       0.00000000    
   1.44994318       0.00000000    
   1.46660924       0.00000000    
   1.48327529       0.00000000    
   1.49994135       0.00000000    
   1.51660740       0.00000000    
   1.53327346       0.00000000    
   1.54993951       0.00000000    
   1.56660557       0.00000000    
   1.58327162       0.00000000    
   1.59993768       0.00000000    
   1.61660373       0.00000000    
   1.63326979       0.00000000    
   1.64993584       0.00000000    
   1.66660190       0.00000000    
   1.68326795       0.00000000    
   1.69993401       0.00000000    
   1.71660006       0.00000000    
   1.73326612       0.00000000    
   1.74993217       0.00000000    
   1.76659822       0.00000000    
   1.78326428       0.00000000    
   1.79993033       0.00000000    
   1.81659639       0.00000000    
   1.83326244       0.00000000    
   1.84992850       0.00000000    
   1.86659455       0.00000000    
   1.88326061       0.00000000    
   1.89992666       0.00000000    
   1.91659272       0.00000000    
   1.93325877       0.00000000    
   1.94992483       0.00000000    
   1.96659088       0.00000000    
   1.98325694       0.00000000    
   1.99992299       0.00000000    
   2.01658893       0.00000000    
   2.03325486       0.00000000    
   2.04992080       0.00000000    
   2.06658673       0.00000000    
   2.08325267       0.00000000    
   2.09991860       0.00000000    
   2.11658454       0.00000000    
   2.13325047       0.00000000    
   2.14991641       0.00000000    
   2.16658235       0.00000000    
   2.18324828       0.00000000    
   2.19991422       0.00000000    
   2.21658015       0.00000000    
   2.23324609       0.00000000    
   2.24991202       0.00000000    
   2.26657796       0.00000000    
   2.28324389       0.00000000    
   2.29990983       0.00000000    
   2.31657577       0.00000000    
   2.33324170       0.00000000    
   2.34990764       0.00000000    
   2.36657357       0.00000000    
   2.38323951       0.00000000    
   2.39990544       0.00000000    
   2.41657138       0.00000000    
   2.43323731       0.00000000    
   2.44990325       0.00000000    
   2.46656919       0.00000000    
   2.48323512       0.00000000    
   2.49990106       0.00000000    
   2.51656699       0.00000000    
   2.53323293       0.00000000    
   2.54989886       0.00000000    
   2.56656480       0.00000000    
   2.58323073       0.00000000    
   2.59989667       0.00000000    
   2.61656260       0.00000000    
   2.63322854       0.00000000    
   2.64989448       0.00000000    
   2.66656041       0.00000000    
   2.68322635       0.00000000    
   2.69989228       0.00000000    
   2.71655822       0.00000000    
   2.73322415       0.00000000    
   2.74989009       0.00000000    
   2.76655602       0.00000000    
   2.78322196       0.00000000    
   2.79988790       0.00000000    
   2.81655383       0.00000000    
   2.83321977       0.00000000    
   2.84988570       0.00000000    
   2.86655164       0.00000000    
   2.88321757       0.00000000    
   2.89988351       0.00000000    
   2.91654944       0.00000000    
   2.93321538       0.00000000    
   2.94988132       0.00000000    
   2.96654725       0.00000000    
   2.98321319       0.00000000    
   2.99987912       0.00000000    
   3.01654506       0.00000000    
   3.03321099       0.00000000    
   3.04987693       0.00000000    
   3.06654286       0.00000000    
   3.08320880       0.00000000    
   3.09987473       0.00000000    
   3.11654067       0.00000000    
   3.13320661       0.00000000    
   3.14987254       0.00000000    
   3.16653848       0.00000000    
   3.18320441       0.00000000    
   3.19987035       0.00000000    
   3.21653628       0.00000000    
   3.23320222       0.00000000    
   3.24986815       0.00000000    
   3.26653409       0.00000000    
   3.28320003       0.00000000    
   3.29986596       0.00000000    
   3.31653190       0.00000000    
   3.33319783       0.00000000    
   3.34986377       0.00000000    
   3.36652970       0.00000000    
   3.38319564       0.00000000    
   3.39986157       0.00000000    
   3.41652751       0.00000000    
   3.43319345       0.00000000    
   3.44985938       0.00000000    
   3.46652532       0.00000000    
   3.48319125       0.00000000    
   3.49985719       0.00000000    
   3.51652312       0.00000000    
   3.53318906       0.00000000    
   3.54985499       0.00000000    
   3.56652093       0.00000000    
   3.58318686       0.00000000    
   3.59985280       0.00000000    
   3.61651874       0.00000000    
   3.63318467       0.00000000    
   3.64985061       0.00000000    
   3.66651654       0.00000000    
   3.68318248       0.00000000    
   3.69984841       0.00000000    
   3.71651435       0.00000000    
   3.73318028       0.00000000    
   3.74984622       0.00000000    
   3.76651216       0.00000000    
   3.78317809       0.00000000    
   3.79984403       0.00000000    
   3.81650996       0.00000000    
   3.83317590       0.00000000    
   3.84984183       0.00000000    
   3.86650777       0.00000000    
   3.88317370       0.00000000    
   3.89983964       0.00000000    
   3.91650558       0.00000000    
   3.93317151       0.00000000    
   3.94983745       0.00000000    
   3.96650338       0.00000000    
   3.98316932       0.00000000    
   3.99983525       0.00000000    
   4.01650143       0.00000000    
   4.03316736       0.00000000    
   4.04983330       0.00000000    
   4.06649923       0.00000000    
   4.08316517       0.00000000    
   4.09983110       0.00000000    
   4.11649704       0.00000000    
   4.13316298       0.00000000    
   4.14982891       0.00000000    
   4.16649485       0.00000000    
   4.18316078       0.00000000    
   4.19982672       0.00000000    
   4.21649265       0.00000000    
   4.23315859       0.00000000    
   4.24982452       0.00000000    
   4.26649046       0.00000000    
   4.28315639       0.00000000    
   4.29982233       0.00000000    
   4.31648827       0.00000000    
   4.33315420       0.00000000    
   4.34982014       0.00000000    
   4.36648607       0.00000000    
   4.38315201       0.00000000    
   4.39981794       0.00000000    
   4.41648388       0.00000000    
   4.43314981       0.00000000    
   4.44981575       0.00000000    
   4.46648169       0.00000000    
   4.48314762       0.00000000    
   4.49981356       0.00000000    
   4.51647949       0.00000000    
   4.53314543       0.00000000    
   4.54981136       0.00000000    
   4.56647730       0.00000000    
   4.58314323       0.00000000    
   4.59980917       0.00000000    
   4.61647511       0.00000000    
   4.63314104       0.00000000    
   4.64980698       0.00000000    
   4.66647291       0.00000000    
   4.68313885       0.00000000    
   4.69980478       0.00000000    
   4.71647072       0.00000000    
   4.73313665       0.00000000    
   4.74980259       0.00000000    
   4.76646852       0.00000000    
   4.78313446       0.00000000    
   4.79980040       0.00000000    
   4.81646633       0.00000000    
   4.83313227       0.00000000    
   4.84979820       0.00000000    
   4.86646414       0.00000000    
   4.88313007       0.00000000    
   4.89979601       0.00000000    
   4.91646194       0.00000000    
   4.93312788       0.00000000    
   4.94979382       0.00000000    
   4.96645975       0.00000000    
   4.98312569       0.00000000    
   4.99979162       0.00000000    
   5.01645756       0.00000000    
   5.03312349       0.00000000    
   5.04978943       0.00000000    
   5.06645536       0.00000000    
   5.08312130       0.00000000    
   5.09978724       0.00000000    
   5.11645317       0.00000000    
   5.13311911       0.00000000    
   5.14978504       0.00000000    
   5.16645098       0.00000000    
   5.18311691       0.00000000    
   5.19978285       0.00000000    
   5.21644878       0.00000000    
   5.23311472       0.00000000    
   5.24978065       0.00000000    
   5.26644659       0.00000000    
   5.28311253       0.00000000    
   5.29977846       0.00000000    
   5.31644440       0.00000000    
   5.33311033       0.00000000    
   5.34977627       0.00000000    
   5.36644220       0.00000000    
   5.38310814       0.00000000    
   5.39977407       0.00000000    
   5.41644001       0.00000000    
   5.43310595       0.00000000    
   5.44977188       0.00000000    
   5.46643782       0.00000000    
   5.48310375       0.00000000    
   5.49976969       0.00000000    
   5.51643562       0.00000000    
   5.53310156       0.00000000    
   5.54976749       0.00000000    
   5.56643343       0.00000000    
   5.58309937       0.00000000    
   5.59976530       0.00000000    
   5.61643124       0.00000000    
   5.63309717       0.00000000    
   5.64976311       0.00000000    
   5.66642904       0.00000000    
   5.68309498       0.00000000    
   5.69976091       0.00000000    
   5.71642685       0.00000000    
   5.73309278       0.00000000    
   5.74975872       0.00000000    
   5.76642466       0.00000000    
   5.78309059       0.00000000    
   5.79975653       0.00000000    
   5.81642246       0.00000000    
   5.83308840       0.00000000    
   5.84975433       0.00000000    
   5.86642027       0.00000000    
   5.88308620       0.00000000    
   5.89975214       0.00000000    
   5.91641808       0.00000000    
   5.93308401       0.00000000    
   5.94974995       0.00000000    
   5.96641588       0.00000000    
   5.98308182       0.00000000    
   5.99974775       0.00000000    
   6.01641369       0.00000000    
   6.03307962       0.00000000    
   6.04974556       0.00000000    
   6.06641150       0.00000000    
   6.08307743       0.00000000    
   6.09974337       0.00000000    
   6.11640930       0.00000000    
   6.13307524       6.33100001E-19
   6.14974117       1.66400002E-13
   6.16640711       1.13199998E-10
   6.18307304       1.64900005E-08
   6.19973898       6.37399978E-07
   6.21640491       1.14699997E-05
   6.23307085       5.07900004E-05
   6.24973679       1.31599998E-04
   6.26640272       2.53900012E-04
   6.28306866       4.31299995E-04
   6.29973459       6.84299972E-04
   6.31640053       1.04100001E-03
   6.33306646       1.53699995E-03
   6.34973240       2.22599995E-03
   6.36639833       3.09900008E-03
   6.38306427       4.28600004E-03
   6.39973021       5.77600021E-03
   6.41639614       7.82600045E-03
   6.43306208       1.02599999E-02
   6.44972801       1.33800004E-02
   6.46639395       1.73700005E-02
   6.48305988       2.24399995E-02
   6.49972582       2.89399996E-02
   6.51639175       3.61599997E-02
   6.53305769       4.59100008E-02
   6.54972363       5.71900010E-02
   6.56638956       7.18099996E-02
   6.58305550       8.76599997E-02
   6.59972143      0.106700003    
   6.61638737      0.129199997    
   6.63305330      0.154899999    
   6.64971924      0.184200004    
   6.66638517      0.218400002    
   6.68305111      0.259600013    
   6.69971704      0.292800009    
   6.71638298      0.344799995    
   6.73304892      0.384499997    
   6.74971485      0.432399988    
   6.76638079      0.490200013    
   6.78304672      0.559599996    
   6.79971266      0.623899996    
   6.81637859      0.688099980    
   6.83304453      0.756099999    
   6.84971046      0.827600002    
   6.86637640      0.902400017    
   6.88304234      0.980000019    
   6.89970827       1.05999994    
   6.91637421       1.14300001    
   6.93304014       1.22899997    
   6.94970608       1.31700003    
   6.96637201       1.40699995    
   6.98303795       1.50000000    
   6.99970388       1.59399998    
   7.01636982       1.69099998    
   7.03303576       1.78999996    
   7.04970169       1.88999999    
   7.06636763       1.99300003    
   7.08303356       2.09699988    
   7.09969950       2.20300007    
   7.11636543       2.31100011    
   7.13303137       2.42100000    
   7.14969730       2.53299999    
   7.16636324       2.64599991    
   7.18302917       2.76099992    
   7.19969511       2.87800002    
   7.21636105       2.99600005    
   7.23302698       3.11700010    
   7.24969292       3.23900008    
   7.26635885       3.36199999    
   7.28302479       3.48799992    
   7.29969072       3.61500001    
   7.31635666       3.74399996    
   7.33302259       3.87400007    
   7.34968853       4.00699997    
   7.36635447       4.13999987    
   7.38302040       4.27600002    
   7.39968634       4.41400003    
   7.41635227       4.55299997    
   7.43301821       4.69399977    
   7.44968414       4.83599997    
   7.46635008       4.98000002    
   7.48301601       5.12599993    
   7.49968195       5.27400017    
   7.51634789       5.42399979    
   7.53301382       5.57499981    
   7.54967976       5.72700024    
   7.56634569       5.88100004    
   7.58301163       6.03700018    
   7.59967756       6.19399977    
   7.61634350       6.35400009    
   7.63300943       6.51399994    
   7.64967537       6.67600012    
   7.66634130       6.84000015    
   7.68300724       7.00500011    
   7.69967318       7.17199993    
   7.71633911       7.34000015    
   7.73300505       7.50899982    
   7.74967098       7.67999983    
   7.76633692       7.85200024    
   7.78300285       8.02600002    
   7.79966879       8.20100021    
   7.81633472       8.37800026    
   7.83300066       8.55500031    
   7.84966660       8.73400021    
   7.86633253       8.91399956    
   7.88299847       9.09500027    
   7.89966440       9.27799988    
   7.91633034       9.46199989    
   7.93299627       9.64599991    
   7.94966221       9.83300018    
   7.96632814       10.0200005    
   7.98299408       10.2100000    
   7.99966002       10.3999996    
   8.01632595       10.5900002    
   8.03299236       10.7799997    
   8.04965878       10.9700003    
   8.06632519       11.1599998    
   8.08299160       11.3599997    
   8.09965801       11.5500002    
   8.11632442       11.7500000    
   8.13299084       11.9499998    
   8.14965725       12.1400003    
   8.16632366       12.3400002    
   8.18299007       12.5400000    
   8.19965649       12.7399998    
   8.21632290       12.9399996    
   8.23298931       13.1400003    
   8.24965572       13.3400002    
   8.26632214       13.5500002    
   8.28298855       13.7500000    
   8.29965496       13.9499998    
   8.31632137       14.1599998    
   8.33298779       14.3599997    
   8.34965420       14.5699997    
   8.36632061       14.7700005    
   8.38298702       14.9799995    
   8.39965343       15.1800003    
   8.41631985       15.3900003    
   8.43298626       15.6000004    
   8.44965267       15.8100004    
   8.46631908       16.0200005    
   8.48298550       16.2199993    
   8.49965191       16.4300003    
   8.51631832       16.6399994    
   8.53298473       16.8500004    
   8.54965115       17.0599995    
   8.56631756       17.2700005    
   8.58298397       17.4799995    
   8.59965038       17.6900005    
   8.61631680       17.8999996    
   8.63298321       18.1100006    
   8.64964962       18.3199997    
   8.66631603       18.5300007    
   8.68298244       18.7500000    
   8.69964886       18.9599991    
   8.71631527       19.1700001    
   8.73298168       19.3799992    
   8.74964809       19.5900002    
   8.76631451       19.7999992    
   8.78298092       20.0100002    
   8.79964733       20.2199993    
   8.81631374       20.4400005    
   8.83298016       20.6499996    
   8.84964657       20.8600006    
   8.86631298       21.0699997    
   8.88297939       21.2800007    
   8.89964581       21.4899998    
   8.91631222       21.7000008    
   8.93297863       21.9099998    
   8.94964504       22.1200008    
   8.96631145       22.3299999    
   8.98297787       22.5400009    
   8.99964428       22.7500000    
   9.01631069       22.9599991    
   9.03297710       23.1700001    
   9.04964352       23.3799992    
   9.06630993       23.5900002    
   9.08297634       23.7999992    
   9.09964275       24.0100002    
   9.11630917       24.2099991    
   9.13297558       24.4200001    
   9.14964199       24.6299992    
   9.16630840       24.8299999    
   9.18297482       25.0400009    
   9.19964123       25.2500000    
   9.21630764       25.4500008    
   9.23297405       25.6599998    
   9.24964046       25.8600006    
   9.26630688       26.0699997    
   9.28297329       26.2700005    
   9.29963970       26.4699993    
   9.31630611       26.6800003    
   9.33297253       26.8799992    
   9.34963894       27.0799999    
   9.36630535       27.2800007    
   9.38297176       27.4799995    
   9.39963818       27.6800003    
   9.41630459       27.8799992    
   9.43297100       28.0799999    
   9.44963741       28.2800007    
   9.46630383       28.4799995    
   9.48297024       28.6800003    
   9.49963665       28.8700008    
   9.51630306       29.0699997    
   9.53296947       29.2700005    
   9.54963589       29.4599991    
   9.56630230       29.6499996    
   9.58296871       29.8500004    
   9.59963512       30.0400009    
   9.61630154       30.2299995    
   9.63296795       30.4300003    
   9.64963436       30.6200008    
   9.66630077       30.8099995    
   9.68296719       31.0000000    
   9.69963360       31.1800003    
   9.71630001       31.3700008    
   9.73296642       31.5599995    
   9.74963284       31.7500000    
   9.76629925       31.9300003    
   9.78296566       32.1199989    
   9.79963207       32.2999992    
   9.81629848       32.4799995    
   9.83296490       32.6699982    
   9.84963131       32.8499985    
   9.86629772       33.0299988    
   9.88296413       33.2099991    
   9.89963055       33.3899994    
   9.91629696       33.5699997    
   9.93296337       33.7500000    
   9.94962978       33.9199982    
   9.96629620       34.0999985    
   9.98296261       34.2700005    
   9.99962902       34.4500008    
   10.0162954       34.6199989    
   10.0329618       34.7900009    
   10.0496283       34.9599991    
   10.0662947       35.1399994    
   10.0829611       35.2999992    
   10.0996275       35.4700012    
   10.1162939       35.6399994    
   10.1329603       35.8100014    
   10.1496267       35.9700012    
   10.1662931       36.1399994    
   10.1829596       36.2999992    
   10.1996260       36.4599991    
   10.2162924       36.6300011    
   10.2329588       36.7900009    
   10.2496252       36.9500008    
   10.2662916       37.1100006    
   10.2829580       37.2599983    
   10.2996244       37.4199982    
   10.3162909       37.5800018    
   10.3329573       37.7299995    
   10.3496237       37.8899994    
   10.3662901       38.0400009    
   10.3829565       38.1899986    
   10.3996229       38.3400002    
   10.4162893       38.4900017    
   10.4329557       38.6399994    
   10.4496222       38.7900009    
   10.4662886       38.9300003    
   10.4829550       39.0800018    
   10.4996214       39.2200012    
   10.5162878       39.3699989    
   10.5329542       39.5099983    
   10.5496206       39.6500015    
   10.5662870       39.7900009    
   10.5829535       39.9300003    
   10.5996199       40.0600014    
   10.6162863       40.2000008    
   10.6329527       40.3400002    
   10.6496191       40.4700012    
   10.6662855       40.5999985    
   10.6829519       40.7299995    
   10.6996183       40.8699989    
   10.7162848       41.0000000    
   10.7329512       41.1199989    
   10.7496176       41.2500000    
   10.7662840       41.3800011    
   10.7829504       41.5000000    
   10.7996168       41.6300011    
   10.8162832       41.7500000    
   10.8329496       41.8699989    
   10.8496161       41.9900017    
   10.8662825       42.1100006    
   10.8829489       42.2299995    
   10.8996153       42.3400002    
   10.9162817       42.4599991    
   10.9329481       42.5699997    
   10.9496145       42.6800003    
   10.9662809       42.7999992    
   10.9829473       42.9099998    
   10.9996138       43.0099983    
   11.0162802       43.1199989    
   11.0329466       43.2299995    
   11.0496130       43.3300018    
   11.0662794       43.4399986    
   11.0829458       43.5400009    
   11.0996122       43.6399994    
   11.1162786       43.7400017    
   11.1329451       43.8400002    
   11.1496115       43.9399986    
   11.1662779       44.0400009    
   11.1829443       44.1300011    
   11.1996107       44.2299995    
   11.2162771       44.3199997    
   11.2329435       44.4099998    
   11.2496099       44.5000000    
   11.2662764       44.5900002    
   11.2829428       44.6800003    
   11.2996092       44.7599983    
   11.3162756       44.8499985    
   11.3329420       44.9300003    
   11.3496084       45.0099983    
   11.3662748       45.0900002    
   11.3829412       45.1699982    
   11.3996077       45.2500000    
   11.4162741       45.3300018    
   11.4329405       45.4000015    
   11.4496069       45.4799995    
   11.4662733       45.5499992    
   11.4829397       45.6199989    
   11.4996061       45.6899986    
   11.5162725       45.7599983    
   11.5329390       45.8300018    
   11.5496054       45.9000015    
   11.5662718       45.9599991    
   11.5829382       46.0299988    
   11.5996046       46.0900002    
   11.6162710       46.1500015    
   11.6329374       46.2099991    
   11.6496038       46.2700005    
   11.6662703       46.3199997    
   11.6829367       46.3800011    
   11.6996031       46.4300003    
   11.7162695       46.4900017    
   11.7329359       46.5400009    
   11.7496023       46.5900002    
   11.7662687       46.6399994    
   11.7829351       46.6800003    
   11.7996016       46.7299995    
   11.8162680       46.7799988    
   11.8329344       46.8199997    
   11.8496008       46.8600006    
   11.8662672       46.9000015    
   11.8829336       46.9399986    
   11.8996000       46.9799995    
   11.9162664       47.0099983    
   11.9329329       47.0499992    
   11.9495993       47.0800018    
   11.9662657       47.1199989    
   11.9829321       47.1500015    
   11.9995985       47.1800003    
   12.0162649       47.2000008    
   12.0329313       47.2299995    
   12.0495977       47.2599983    
   12.0662642       47.2799988    
   12.0829306       47.2999992    
   12.0995970       47.3199997    
   12.1162634       47.3400002    
   12.1329298       47.3600006    
   12.1495962       47.3800011    
   12.1662626       47.3899994    
   12.1829290       47.4099998    
   12.1995955       47.4199982    
   12.2162619       47.4300003    
   12.2329283       47.4399986    
   12.2495947       47.4500008    
   12.2662611       47.4599991    
   12.2829275       47.4700012    
   12.2995939       47.4700012    
   12.3162603       47.4700012    
   12.3329268       47.4700012    
   12.3495932       47.4700012    
   12.3662596       47.4700012    
   12.3829260       47.4700012    
   12.3995924       47.4700012    
   12.4162588       47.4599991    
   12.4329252       47.4599991    
   12.4495916       47.4500008    
   12.4662580       47.4399986    
   12.4829245       47.4300003    
   12.4995909       47.4199982    
   12.5162573       47.4000015    
   12.5329237       47.3899994    
   12.5495901       47.3699989    
   12.5662565       47.3499985    
   12.5829229       47.3300018    
   12.5995893       47.3100014    
   12.6162558       47.2900009    
   12.6329222       47.2700005    
   12.6495886       47.2400017    
   12.6662550       47.2200012    
   12.6829214       47.1899986    
   12.6995878       47.1599998    
   12.7162542       47.1300011    
   12.7329206       47.0999985    
   12.7495871       47.0600014    
   12.7662535       47.0299988    
   12.7829199       46.9900017    
   12.7995863       46.9599991    
   12.8162527       46.9199982    
   12.8329191       46.8800011    
   12.8495855       46.8400002    
   12.8662519       46.7900009    
   12.8829184       46.7500000    
   12.8995848       46.7000008    
   12.9162512       46.6599998    
   12.9329176       46.6100006    
   12.9495840       46.5600014    
   12.9662504       46.5099983    
   12.9829168       46.4599991    
   12.9995832       46.4000015    
   13.0162497       46.3499985    
   13.0329161       46.2900009    
   13.0495825       46.2299995    
   13.0662489       46.1800003    
   13.0829153       46.1100006    
   13.0995817       46.0499992    
   13.1162481       45.9900017    
   13.1329145       45.9199982    
   13.1495810       45.8600006    
   13.1662474       45.7900009    
   13.1829138       45.7200012    
   13.1995802       45.6500015    
   13.2162466       45.5800018    
   13.2329130       45.5099983    
   13.2495794       45.4399986    
   13.2662458       45.3600006    
   13.2829123       45.2900009    
   13.2995787       45.2099991    
   13.3162451       45.1300011    
   13.3329115       45.0499992    
   13.3495779       44.9700012    
   13.3662443       44.8800011    
   13.3829107       44.7999992    
   13.3995771       44.7099991    
   13.4162436       44.6300011    
   13.4329100       44.5400009    
   13.4495764       44.4500008    
   13.4662428       44.3600006    
   13.4829092       44.2700005    
   13.4995756       44.1699982    
   13.5162420       44.0800018    
   13.5329084       43.9799995    
   13.5495749       43.8800011    
   13.5662413       43.7900009    
   13.5829077       43.6899986    
   13.5995741       43.5900002    
   13.6162405       43.4799995    
   13.6329069       43.3800011    
   13.6495733       43.2700005    
   13.6662397       43.1699982    
   13.6829062       43.0600014    
   13.6995726       42.9500008    
   13.7162390       42.8400002    
   13.7329054       42.7299995    
   13.7495718       42.6199989    
   13.7662382       42.5099983    
   13.7829046       42.3899994    
   13.7995710       42.2799988    
   13.8162374       42.1599998    
   13.8329039       42.0400009    
   13.8495703       41.9199982    
   13.8662367       41.7999992    
   13.8829031       41.6800003    
   13.8995695       41.5600014    
   13.9162359       41.4300003    
   13.9329023       41.3100014    
   13.9495687       41.1800003    
   13.9662352       41.0499992    
   13.9829016       40.9199982    
   13.9995680       40.7900009    
   14.0162344       40.6599998    
   14.0329008       40.5299988    
   14.0495672       40.3899994    
   14.0662336       40.2599983    
   14.0829000       40.1199989    
   14.0995665       39.9900017    
   14.1162329       39.8499985    
   14.1328993       39.7099991    
   14.1495657       39.5699997    
   14.1662321       39.4300003    
   14.1828985       39.2799988    
   14.1995649       39.1399994    
   14.2162313       39.0000000    
   14.2328978       38.8499985    
   14.2495642       38.7000008    
   14.2662306       38.5600014    
   14.2828970       38.4099998    
   14.2995634       38.2599983    
   14.3162298       38.0999985    
   14.3328962       37.9500008    
   14.3495626       37.7999992    
   14.3662291       37.6500015    
   14.3828955       37.4900017    
   14.3995619       37.3300018    
   14.4162283       37.1800003    
   14.4328947       37.0200005    
   14.4495611       36.8600006    
   14.4662275       36.7000008    
   14.4828939       36.5400009    
   14.4995604       36.3699989    
   14.5162268       36.2099991    
   14.5328932       36.0499992    
   14.5495596       35.8800011    
   14.5662260       35.7099991    
   14.5828924       35.5499992    
   14.5995588       35.3800011    
   14.6162252       35.2099991    
   14.6328917       35.0400009    
   14.6495581       34.8699989    
   14.6662245       34.7000008    
   14.6828909       34.5200005    
   14.6995573       34.3499985    
   14.7162237       34.1800003    
   14.7328901       34.0000000    
   14.7495565       33.8199997    
   14.7662230       33.6500015    
   14.7828894       33.4700012    
   14.7995558       33.2900009    
   14.8162222       33.1100006    
   14.8328886       32.9300003    
   14.8495550       32.7500000    
   14.8662214       32.5600014    
   14.8828878       32.3800011    
   14.8995543       32.2000008    
   14.9162207       32.0099983    
   14.9328871       31.8299999    
   14.9495535       31.6399994    
   14.9662199       31.4500008    
   14.9828863       31.2700005    
   14.9995527       31.0799999    
   15.0162191       30.8899994    
   15.0328856       30.7000008    
   15.0495520       30.5100002    
   15.0662184       30.3199997    
   15.0828848       30.1299992    
   15.0995512       29.9300003    
   15.1162176       29.7399998    
   15.1328840       29.5499992    
   15.1495504       29.3500004    
   15.1662169       29.1599998    
   15.1828833       28.9599991    
   15.1995497       28.7600002    
   15.2162161       28.5699997    
   15.2328825       28.3700008    
   15.2495489       28.1700001    
   15.2662153       27.9699993    
   15.2828817       27.7700005    
   15.2995481       27.5699997    
   15.3162146       27.3700008    
   15.3328810       27.1700001    
   15.3495474       26.9699993    
   15.3662138       26.7700005    
   15.3828802       26.5599995    
   15.3995466       26.3600006    
   15.4162130       26.1599998    
   15.4328794       25.9500008    
   15.4495459       25.7500000    
   15.4662123       25.5400009    
   15.4828787       25.3400002    
   15.4995451       25.1299992    
   15.5162115       24.9300003    
   15.5328779       24.7199993    
   15.5495443       24.5100002    
   15.5662107       24.2999992    
   15.5828772       24.1000004    
   15.5995436       23.8899994    
   15.6162100       23.6800003    
   15.6328764       23.4699993    
   15.6495428       23.2600002    
   15.6662092       23.0499992    
   15.6828756       22.8500004    
   15.6995420       22.6399994    
   15.7162085       22.4300003    
   15.7328749       22.2199993    
   15.7495413       22.0100002    
   15.7662077       21.7999992    
   15.7828741       21.5799999    
   15.7995405       21.3700008    
   15.8162069       21.1599998    
   15.8328733       20.9500008    
   15.8495398       20.7399998    
   15.8662062       20.5300007    
   15.8828726       20.3199997    
   15.8995390       20.1100006    
   15.9162054       19.8999996    
   15.9328718       19.6800003    
   15.9495382       19.4699993    
   15.9662046       19.2600002    
   15.9828711       19.0499992    
   15.9995375       18.8400002    
   16.0162029       18.6299992    
   16.0328693       18.4200001    
   16.0495358       18.2099991    
   16.0662022       18.0000000    
   16.0828686       17.7800007    
   16.0995350       17.5699997    
   16.1162014       17.3600006    
   16.1328678       17.1499996    
   16.1495342       16.9400005    
   16.1662006       16.7299995    
   16.1828671       16.5300007    
   16.1995335       16.3199997    
   16.2161999       16.1100006    
   16.2328663       15.8999996    
   16.2495327       15.6899996    
   16.2661991       15.4799995    
   16.2828655       15.2799997    
   16.2995319       15.0699997    
   16.3161983       14.8599997    
   16.3328648       14.6599998    
   16.3495312       14.4499998    
   16.3661976       14.2500000    
   16.3828640       14.0400000    
   16.3995304       13.8400002    
   16.4161968       13.6400003    
   16.4328632       13.4300003    
   16.4495296       13.2299995    
   16.4661961       13.0299997    
   16.4828625       12.8299999    
   16.4995289       12.6300001    
   16.5161953       12.4300003    
   16.5328617       12.2299995    
   16.5495281       12.0299997    
   16.5661945       11.8400002    
   16.5828609       11.6400003    
   16.5995274       11.4399996    
   16.6161938       11.2500000    
   16.6328602       11.0600004    
   16.6495266       10.8599997    
   16.6661930       10.6700001    
   16.6828594       10.4799995    
   16.6995258       10.2900000    
   16.7161922       10.1000004    
   16.7328587       9.91600037    
   16.7495251       9.72999954    
   16.7661915       9.54399967    
   16.7828579       9.35999966    
   16.7995243       9.17700005    
   16.8161907       8.99499989    
   16.8328571       8.81400013    
   16.8495235       8.63500023    
   16.8661900       8.45699978    
   16.8828564       8.27999973    
   16.8995228       8.10400009    
   16.9161892       7.92999983    
   16.9328556       7.75699997    
   16.9495220       7.58500004    
   16.9661884       7.41499996    
   16.9828548       7.24700022    
   16.9995213       7.07900000    
   17.0161877       6.91300011    
   17.0328541       6.74900007    
   17.0495205       6.58699989    
   17.0661869       6.42500019    
   17.0828533       6.26599979    
   17.0995197       6.10799980    
   17.1161861       5.95100021    
   17.1328526       5.79600000    
   17.1495190       5.64300013    
   17.1661854       5.49100018    
   17.1828518       5.34100008    
   17.1995182       5.19299984    
   17.2161846       5.04600000    
   17.2328510       4.90100002    
   17.2495174       4.75799990    
   17.2661839       4.61600018    
   17.2828503       4.47599983    
   17.2995167       4.33799982    
   17.3161831       4.20100021    
   17.3328495       4.06699991    
   17.3495159       3.93400002    
   17.3661823       3.80200005    
   17.3828487       3.67300010    
   17.3995152       3.54500008    
   17.4161816       3.41899991    
   17.4328480       3.29399991    
   17.4495144       3.17100000    
   17.4661808       3.04999995    
   17.4828472       2.93099999    
   17.4995136       2.81299996    
   17.5161800       2.69799995    
   17.5328465       2.58400011    
   17.5495129       2.47099996    
   17.5661793       2.36100006    
   17.5828457       2.25200009    
   17.5995121       2.14499998    
   17.6161785       2.03999996    
   17.6328449       1.93599999    
   17.6495113       1.83500004    
   17.6661777       1.73500001    
   17.6828442       1.63800001    
   17.6995106       1.54200006    
   17.7161770       1.44900000    
   17.7328434       1.35699999    
   17.7495098       1.26900005    
   17.7661762       1.18200004    
   17.7828426       1.09800005    
   17.7995090       1.01600003    
   17.8161755      0.937200010    
   17.8328419      0.861199975    
   17.8495083      0.788200021    
   17.8661747      0.718500018    
   17.8828411      0.652599990    
   17.8995075      0.590900004    
   17.9161739      0.520099998    
   17.9328403      0.457300007    
   17.9495068      0.405200005    
   17.9661732      0.361999989    
   17.9828396      0.312799990    
   17.9995060      0.273400009    
   18.0161724      0.232700005    
   18.0328388      0.201299995    
   18.0495052      0.170900002    
   18.0661716      0.142499998    
   18.0828381      0.118400000    
   18.0995045       9.79000032E-02
   18.1161709       7.81899989E-02
   18.1328373       6.33099973E-02
   18.1495037       5.15699983E-02
   18.1661701       4.03399989E-02
   18.1828365       3.18499990E-02
   18.1995029       2.52899993E-02
   18.2161694       1.95899997E-02
   18.2328358       1.51199996E-02
   18.2495022       1.16200000E-02
   18.2661686       8.89100041E-03
   18.2828350       6.61200006E-03
   18.2995014       4.92099999E-03
   18.3161678       3.64700006E-03
   18.3328342       2.59099994E-03
   18.3495007       1.81599997E-03
   18.3661671       1.25900004E-03
   18.3828335       8.47199990E-04
   18.3994999       5.46500029E-04
   18.4161663       3.31499992E-04
   18.4328327       1.80500007E-04
   18.4494991       8.16600004E-05
   18.4661655       2.65700000E-05
   18.4828320       2.94699998E-06
   18.4994984       9.38300033E-08
   18.5161648       1.41400003E-09
   18.5328312       4.26300011E-12
   18.5494976       1.28399999E-15
   18.5661640       0.00000000    
   18.5828304       0.00000000    
   18.5994968       0.00000000    
   18.6161633       0.00000000    
   18.6328297       0.00000000    
   18.6494961       0.00000000    
   18.6661625       0.00000000    
   18.6828289       0.00000000    
   18.6994953       0.00000000    
   18.7161617       0.00000000    
   18.7328281       0.00000000    
   18.7494946       0.00000000    
   18.7661610       0.00000000    
   18.7828274       0.00000000    
   18.7994938       0.00000000    
   18.8161602       0.00000000    
   18.8328266       0.00000000    
   18.8494930       0.00000000    
   18.8661594       0.00000000    
   18.8828259       0.00000000    
   18.8994923       0.00000000    
   18.9161587       0.00000000    
   18.9328251       0.00000000    
   18.9494915       0.00000000    
   18.9661579       0.00000000    
   18.9828243       0.00000000    
   18.9994907       0.00000000    
   19.0161572       0.00000000    
   19.0328236       0.00000000    
   19.0494900       0.00000000    
   19.0661564       0.00000000    
   19.0828228       0.00000000    
   19.0994892       0.00000000    
   19.1161556       0.00000000    
   19.1328220       0.00000000    
   19.1494884       0.00000000    
   19.1661549       0.00000000    
   19.1828213       0.00000000    
   19.1994877       0.00000000    
   19.2161541       0.00000000    
   19.2328205       0.00000000    
   19.2494869       0.00000000    
   19.2661533       0.00000000    
   19.2828197       0.00000000    
   19.2994862       0.00000000    
   19.3161526       0.00000000    
   19.3328190       0.00000000    
   19.3494854       0.00000000    
   19.3661518       0.00000000    
   19.3828182       0.00000000    
   19.3994846       0.00000000    
   19.4161510       0.00000000    
   19.4328175       0.00000000    
   19.4494839       0.00000000    
   19.4661503       0.00000000    
   19.4828167       0.00000000    
   19.4994831       0.00000000    
   19.5161495       0.00000000    
   19.5328159       0.00000000    
   19.5494823       0.00000000    
   19.5661488       0.00000000    
   19.5828152       0.00000000    
   19.5994816       0.00000000    
   19.6161480       0.00000000    
   19.6328144       0.00000000    
   19.6494808       0.00000000    
   19.6661472       0.00000000    
   19.6828136       0.00000000    
   19.6994801       0.00000000    
   19.7161465       0.00000000    
   19.7328129       0.00000000    
   19.7494793       0.00000000    
   19.7661457       0.00000000    
   19.7828121       0.00000000    
   19.7994785       0.00000000    
   19.8161449       0.00000000    
   19.8328114       0.00000000    
   19.8494778       0.00000000    
   19.8661442       0.00000000    
   19.8828106       0.00000000    
   19.8994770       0.00000000    
   19.9161434       0.00000000    
   19.9328098       0.00000000    
   19.9494762       0.00000000    
   19.9661427       0.00000000    
   19.9828091       0.00000000    
   19.9994755       0.00000000    
   20.0161419       0.00000000    
   20.0328083       0.00000000    
   20.0494747       0.00000000    
   20.0661411       0.00000000    
   20.0828075       0.00000000    
   20.0994740       0.00000000    
   20.1161404       0.00000000    
   20.1328068       0.00000000    
   20.1494732       0.00000000    
   20.1661396       0.00000000    
   20.1828060       0.00000000    
   20.1994724       0.00000000    
   20.2161388       0.00000000    
   20.2328053       0.00000000    
   20.2494717       0.00000000    
   20.2661381       0.00000000    
   20.2828045       0.00000000    
   20.2994709       0.00000000    
   20.3161373       0.00000000    
   20.3328037       0.00000000    
   20.3494701       0.00000000    
   20.3661366       0.00000000    
   20.3828030       0.00000000    
   20.3994694       0.00000000    
   20.4161358       0.00000000    
   20.4328022       0.00000000    
   20.4494686       0.00000000    
   20.4661350       0.00000000    
   20.4828014       0.00000000    
   20.4994678       0.00000000    
   20.5161343       0.00000000    
   20.5328007       0.00000000    
   20.5494671       0.00000000    
   20.5661335       0.00000000    
   20.5827999       0.00000000    
   20.5994663       0.00000000    
   20.6161327       0.00000000    
   20.6327991       0.00000000    
   20.6494656       0.00000000    
   20.6661320       0.00000000    
   20.6827984       0.00000000    
   20.6994648       0.00000000    
   20.7161312       0.00000000    
   20.7327976       0.00000000    
   20.7494640       0.00000000    
   20.7661304       0.00000000    
   20.7827969       0.00000000    
   20.7994633       0.00000000    
   20.8161297       0.00000000    
   20.8327961       0.00000000    
   20.8494625       0.00000000    
   20.8661289       0.00000000    
   20.8827953       0.00000000    
   20.8994617       0.00000000    
   20.9161282       0.00000000    
   20.9327946       0.00000000    
   20.9494610       0.00000000    
   20.9661274       0.00000000    
   20.9827938       0.00000000    
   20.9994602       0.00000000    
   21.0161266       0.00000000    
   21.0327930       0.00000000    
   21.0494595       0.00000000    
   21.0661259       0.00000000    
   21.0827923       0.00000000    
   21.0994587       0.00000000    
   21.1161251       0.00000000    
   21.1327915       0.00000000    
   21.1494579       0.00000000    
   21.1661243       0.00000000    
   21.1827908       0.00000000    
   21.1994572       0.00000000    
   21.2161236       0.00000000    
   21.2327900       0.00000000    
   21.2494564       0.00000000    
   21.2661228       0.00000000    
   21.2827892       0.00000000    
   21.2994556       0.00000000    
   21.3161221       0.00000000    
   21.3327885       0.00000000    
   21.3494549       0.00000000    
   21.3661213       0.00000000    
   21.3827877       0.00000000    
   21.3994541       0.00000000    
   21.4161205       0.00000000    
   21.4327869       0.00000000    
   21.4494534       0.00000000    
   21.4661198       0.00000000    
   21.4827862       0.00000000    
   21.4994526       0.00000000    
   21.5161190       0.00000000    
   21.5327854       0.00000000    
   21.5494518       0.00000000    
   21.5661182       0.00000000    
   21.5827847       0.00000000    
   21.5994511       0.00000000    
   21.6161175       0.00000000    
   21.6327839       0.00000000    
   21.6494503       0.00000000    
   21.6661167       0.00000000    
   21.6827831       0.00000000    
   21.6994495       0.00000000    
   21.7161160       0.00000000    
   21.7327824       0.00000000    
   21.7494488       0.00000000    
   21.7661152       0.00000000    
   21.7827816       0.00000000    
   21.7994480       0.00000000    
   21.8161144       0.00000000    
   21.8327808       0.00000000    
   21.8494473       0.00000000    
   21.8661137       0.00000000    
   21.8827801       0.00000000    
   21.8994465       0.00000000    
   21.9161129       0.00000000    
   21.9327793       0.00000000    
   21.9494457       0.00000000    
   21.9661121       0.00000000    
   21.9827785       0.00000000    
   21.9994450       0.00000000    
   22.0161114       0.00000000    
   22.0327778       0.00000000    
   22.0494442       0.00000000    
   22.0661106       0.00000000    
   22.0827770       0.00000000    
   22.0994434       0.00000000    
   22.1161098       0.00000000    
   22.1327763       0.00000000    
   22.1494427       0.00000000    
   22.1661091       0.00000000    
   22.1827755       0.00000000    
   22.1994419       0.00000000    
   22.2161083       0.00000000    
   22.2327747       0.00000000    
   22.2494411       0.00000000    
   22.2661076       0.00000000    
   22.2827740       0.00000000    
   22.2994404       0.00000000    
   22.3161068       0.00000000    
   22.3327732       0.00000000    
   22.3494396       0.00000000    
   22.3661060       0.00000000    
   22.3827724       0.00000000    
   22.3994389       0.00000000    
   22.4161053       0.00000000    
   22.4327717       0.00000000    
   22.4494381       0.00000000    
   22.4661045       0.00000000    
   22.4827709       0.00000000    
   22.4994373       0.00000000    
   22.5161037       0.00000000    
   22.5327702       0.00000000    
   22.5494366       0.00000000    
   22.5661030       0.00000000    
   22.5827694       0.00000000    
   22.5994358       0.00000000    
   22.6161022       0.00000000    
   22.6327686       0.00000000    
   22.6494350       0.00000000    
   22.6661015       0.00000000    
   22.6827679       0.00000000    
   22.6994343       0.00000000    
   22.7161007       0.00000000    
   22.7327671       0.00000000    
   22.7494335       0.00000000    
   22.7660999       0.00000000    
   22.7827663       0.00000000    
   22.7994328       0.00000000    
   22.8160992       0.00000000    
   22.8327656       0.00000000    
   22.8494320       0.00000000    
   22.8660984       0.00000000    
   22.8827648       0.00000000    
   22.8994312       0.00000000    
   22.9160976       0.00000000    
   22.9327641       0.00000000    
   22.9494305       0.00000000    
   22.9660969       0.00000000    
   22.9827633       0.00000000    
   22.9994297       0.00000000    
   23.0160961       0.00000000    
   23.0327625       0.00000000    
   23.0494289       0.00000000    
   23.0660954       0.00000000    
   23.0827618       0.00000000    
   23.0994282       0.00000000    
   23.1160946       0.00000000    
   23.1327610       0.00000000    
   23.1494274       0.00000000    
   23.1660938       0.00000000    
   23.1827602       0.00000000    
   23.1994267       0.00000000    
   23.2160931       0.00000000    
   23.2327595       0.00000000    
   23.2494259       0.00000000    
   23.2660923       0.00000000    
   23.2827587       0.00000000    
   23.2994251       0.00000000    
   23.3160915       0.00000000    
   23.3327579       0.00000000    
   23.3494244       0.00000000    
   23.3660908       0.00000000    
   23.3827572       0.00000000    
   23.3994236       0.00000000    
   23.4160900       0.00000000    
   23.4327564       0.00000000    
   23.4494228       0.00000000    
   23.4660892       0.00000000    
   23.4827557       0.00000000    
   23.4994221       0.00000000    
   23.5160885       0.00000000    
   23.5327549       0.00000000    
   23.5494213       0.00000000    
   23.5660877       0.00000000    
   23.5827541       0.00000000    
   23.5994205       0.00000000    
   23.6160870       0.00000000    
   23.6327534       0.00000000    
   23.6494198       0.00000000    
   23.6660862       0.00000000    
   23.6827526       0.00000000    
   23.6994190       0.00000000    
   23.7160854       0.00000000    
   23.7327518       0.00000000    
   23.7494183       0.00000000    
   23.7660847       0.00000000    
   23.7827511       0.00000000    
   23.7994175       0.00000000    
   23.8160839       0.00000000    
   23.8327503       0.00000000    
   23.8494167       0.00000000    
   23.8660831       0.00000000    
   23.8827496       0.00000000    
   23.8994160       0.00000000    
   23.9160824       0.00000000    
   23.9327488       0.00000000    
   23.9494152       0.00000000    
   23.9660816       0.00000000    
   23.9827480       0.00000000    
