   0.00000000       0.00000000    
   1.66660007E-02   0.00000000    
   3.33320014E-02   0.00000000    
   4.99980003E-02   0.00000000    
   6.66640028E-02   0.00000000    
   8.33300054E-02   0.00000000    
   9.99960080E-02   0.00000000    
  0.116662011       0.00000000    
  0.133328006       0.00000000    
  0.149994001       0.00000000    
  0.166659996       0.00000000    
  0.183325991       0.00000000    
  0.199991986       0.00000000    
  0.216657981       0.00000000    
  0.233323976       0.00000000    
  0.249989972       0.00000000    
  0.266655982       0.00000000    
  0.283321977       0.00000000    
  0.299987972       0.00000000    
  0.316653967       0.00000000    
  0.333319962       0.00000000    
  0.349985957       0.00000000    
  0.366651952       0.00000000    
  0.383317947       0.00000000    
  0.399983943       0.00000000    
  0.416649938       0.00000000    
  0.433315933       0.00000000    
  0.449981928       0.00000000    
  0.466647923       0.00000000    
  0.483313918       0.00000000    
  0.499979913       0.00000000    
  0.516645908       0.00000000    
  0.533311903       0.00000000    
  0.549977899       0.00000000    
  0.566643894       0.00000000    
  0.583309889       0.00000000    
  0.599975884       0.00000000    
  0.616641879       0.00000000    
  0.633307874       0.00000000    
  0.649973869       0.00000000    
  0.666639864       0.00000000    
  0.683305860       0.00000000    
  0.699971855       0.00000000    
  0.716637850       0.00000000    
  0.733303845       0.00000000    
  0.749969840       0.00000000    
  0.766635835       0.00000000    
  0.783301830       0.00000000    
  0.799967825       0.00000000    
  0.816633821       0.00000000    
  0.833299816       0.00000000    
  0.849965811       0.00000000    
  0.866631806       0.00000000    
  0.883297801       0.00000000    
  0.899963796       0.00000000    
  0.916629791       0.00000000    
  0.933295786       0.00000000    
  0.949961782       0.00000000    
  0.966627777       0.00000000    
  0.983293772       0.00000000    
  0.999959767       0.00000000    
   1.01662576       0.00000000    
   1.03329182       0.00000000    
   1.04995787       0.00000000    
   1.06662393       0.00000000    
   1.08328998       0.00000000    
   1.09995604       0.00000000    
   1.11662209       0.00000000    
   1.13328815       0.00000000    
   1.14995420       0.00000000    
   1.16662025       0.00000000    
   1.18328631       0.00000000    
   1.19995236       0.00000000    
   1.21661842       0.00000000    
   1.23328447       0.00000000    
   1.24995053       0.00000000    
   1.26661658       0.00000000    
   1.28328264       0.00000000    
   1.29994869       0.00000000    
   1.31661475       0.00000000    
   1.33328080       0.00000000    
   1.34994686       0.00000000    
   1.36661291       0.00000000    
   1.38327897       0.00000000    
   1.39994502       0.00000000    
   1.41661108       0.00000000    
   1.43327713       0.00000000    
   1.44994318       0.00000000    
   1.46660924       0.00000000    
   1.48327529       0.00000000    
   1.49994135       0.00000000    
   1.51660740       0.00000000    
   1.53327346       0.00000000    
   1.54993951       0.00000000    
   1.56660557       0.00000000    
   1.58327162       0.00000000    
   1.59993768       0.00000000    
   1.61660373       0.00000000    
   1.63326979       0.00000000    
   1.64993584       0.00000000    
   1.66660190       0.00000000    
   1.68326795       0.00000000    
   1.69993401       0.00000000    
   1.71660006       0.00000000    
   1.73326612       0.00000000    
   1.74993217       0.00000000    
   1.76659822       0.00000000    
   1.78326428       0.00000000    
   1.79993033       0.00000000    
   1.81659639       0.00000000    
   1.83326244       0.00000000    
   1.84992850       0.00000000    
   1.86659455       0.00000000    
   1.88326061       0.00000000    
   1.89992666       0.00000000    
   1.91659272       0.00000000    
   1.93325877       0.00000000    
   1.94992483       0.00000000    
   1.96659088       0.00000000    
   1.98325694       0.00000000    
   1.99992299       0.00000000    
   2.01658893       0.00000000    
   2.03325486       0.00000000    
   2.04992080       0.00000000    
   2.06658673       0.00000000    
   2.08325267       0.00000000    
   2.09991860       0.00000000    
   2.11658454       0.00000000    
   2.13325047       0.00000000    
   2.14991641       0.00000000    
   2.16658235       0.00000000    
   2.18324828       0.00000000    
   2.19991422       0.00000000    
   2.21658015       0.00000000    
   2.23324609       0.00000000    
   2.24991202       0.00000000    
   2.26657796       0.00000000    
   2.28324389       0.00000000    
   2.29990983       0.00000000    
   2.31657577       0.00000000    
   2.33324170       0.00000000    
   2.34990764       0.00000000    
   2.36657357       0.00000000    
   2.38323951       0.00000000    
   2.39990544       0.00000000    
   2.41657138       0.00000000    
   2.43323731       0.00000000    
   2.44990325       0.00000000    
   2.46656919       0.00000000    
   2.48323512       0.00000000    
   2.49990106       0.00000000    
   2.51656699       0.00000000    
   2.53323293       0.00000000    
   2.54989886       0.00000000    
   2.56656480       0.00000000    
   2.58323073       0.00000000    
   2.59989667       0.00000000    
   2.61656260       0.00000000    
   2.63322854       0.00000000    
   2.64989448       0.00000000    
   2.66656041       0.00000000    
   2.68322635       0.00000000    
   2.69989228       0.00000000    
   2.71655822       0.00000000    
   2.73322415       0.00000000    
   2.74989009       0.00000000    
   2.76655602       0.00000000    
   2.78322196       0.00000000    
   2.79988790       0.00000000    
   2.81655383       0.00000000    
   2.83321977       0.00000000    
   2.84988570       0.00000000    
   2.86655164       0.00000000    
   2.88321757       0.00000000    
   2.89988351       0.00000000    
   2.91654944       0.00000000    
   2.93321538       0.00000000    
   2.94988132       0.00000000    
   2.96654725       0.00000000    
   2.98321319       0.00000000    
   2.99987912       0.00000000    
   3.01654506       0.00000000    
   3.03321099       0.00000000    
   3.04987693       0.00000000    
   3.06654286       0.00000000    
   3.08320880       0.00000000    
   3.09987473       0.00000000    
   3.11654067       0.00000000    
   3.13320661       0.00000000    
   3.14987254       0.00000000    
   3.16653848       0.00000000    
   3.18320441       0.00000000    
   3.19987035       0.00000000    
   3.21653628       0.00000000    
   3.23320222       0.00000000    
   3.24986815       0.00000000    
   3.26653409       0.00000000    
   3.28320003       0.00000000    
   3.29986596       0.00000000    
   3.31653190       0.00000000    
   3.33319783       0.00000000    
   3.34986377       0.00000000    
   3.36652970       0.00000000    
   3.38319564       0.00000000    
   3.39986157       0.00000000    
   3.41652751       0.00000000    
   3.43319345       0.00000000    
   3.44985938       0.00000000    
   3.46652532       0.00000000    
   3.48319125       0.00000000    
   3.49985719       0.00000000    
   3.51652312       0.00000000    
   3.53318906       0.00000000    
   3.54985499       0.00000000    
   3.56652093       0.00000000    
   3.58318686       0.00000000    
   3.59985280       0.00000000    
   3.61651874       0.00000000    
   3.63318467       0.00000000    
   3.64985061       0.00000000    
   3.66651654       0.00000000    
   3.68318248       0.00000000    
   3.69984841       0.00000000    
   3.71651435       0.00000000    
   3.73318028       0.00000000    
   3.74984622       0.00000000    
   3.76651216       0.00000000    
   3.78317809       0.00000000    
   3.79984403       0.00000000    
   3.81650996       0.00000000    
   3.83317590       0.00000000    
   3.84984183       0.00000000    
   3.86650777       0.00000000    
   3.88317370       0.00000000    
   3.89983964       0.00000000    
   3.91650558       0.00000000    
   3.93317151       0.00000000    
   3.94983745       0.00000000    
   3.96650338       0.00000000    
   3.98316932       0.00000000    
   3.99983525       0.00000000    
   4.01650143       0.00000000    
   4.03316736       0.00000000    
   4.04983330       0.00000000    
   4.06649923       0.00000000    
   4.08316517       0.00000000    
   4.09983110       0.00000000    
   4.11649704       0.00000000    
   4.13316298       0.00000000    
   4.14982891       0.00000000    
   4.16649485       0.00000000    
   4.18316078       0.00000000    
   4.19982672       0.00000000    
   4.21649265       0.00000000    
   4.23315859       0.00000000    
   4.24982452       0.00000000    
   4.26649046       0.00000000    
   4.28315639       0.00000000    
   4.29982233       0.00000000    
   4.31648827       0.00000000    
   4.33315420       0.00000000    
   4.34982014       0.00000000    
   4.36648607       0.00000000    
   4.38315201       0.00000000    
   4.39981794       0.00000000    
   4.41648388       0.00000000    
   4.43314981       0.00000000    
   4.44981575       0.00000000    
   4.46648169       0.00000000    
   4.48314762       0.00000000    
   4.49981356       0.00000000    
   4.51647949       0.00000000    
   4.53314543       0.00000000    
   4.54981136       0.00000000    
   4.56647730       0.00000000    
   4.58314323       0.00000000    
   4.59980917       0.00000000    
   4.61647511       0.00000000    
   4.63314104       0.00000000    
   4.64980698       0.00000000    
   4.66647291       0.00000000    
   4.68313885       0.00000000    
   4.69980478       0.00000000    
   4.71647072       0.00000000    
   4.73313665       0.00000000    
   4.74980259       0.00000000    
   4.76646852       0.00000000    
   4.78313446       0.00000000    
   4.79980040       0.00000000    
   4.81646633       0.00000000    
   4.83313227       0.00000000    
   4.84979820       0.00000000    
   4.86646414       0.00000000    
   4.88313007       0.00000000    
   4.89979601       0.00000000    
   4.91646194       0.00000000    
   4.93312788       0.00000000    
   4.94979382       0.00000000    
   4.96645975       0.00000000    
   4.98312569       0.00000000    
   4.99979162       0.00000000    
   5.01645756       0.00000000    
   5.03312349       0.00000000    
   5.04978943       0.00000000    
   5.06645536       0.00000000    
   5.08312130       0.00000000    
   5.09978724       0.00000000    
   5.11645317       0.00000000    
   5.13311911       0.00000000    
   5.14978504       0.00000000    
   5.16645098       0.00000000    
   5.18311691       0.00000000    
   5.19978285       0.00000000    
   5.21644878       0.00000000    
   5.23311472       0.00000000    
   5.24978065       0.00000000    
   5.26644659       0.00000000    
   5.28311253       0.00000000    
   5.29977846       0.00000000    
   5.31644440       0.00000000    
   5.33311033       0.00000000    
   5.34977627       0.00000000    
   5.36644220       0.00000000    
   5.38310814       0.00000000    
   5.39977407       0.00000000    
   5.41644001       0.00000000    
   5.43310595       0.00000000    
   5.44977188       0.00000000    
   5.46643782       0.00000000    
   5.48310375       0.00000000    
   5.49976969       0.00000000    
   5.51643562       0.00000000    
   5.53310156       0.00000000    
   5.54976749       0.00000000    
   5.56643343       0.00000000    
   5.58309937       0.00000000    
   5.59976530       0.00000000    
   5.61643124       0.00000000    
   5.63309717       0.00000000    
   5.64976311       0.00000000    
   5.66642904       0.00000000    
   5.68309498       0.00000000    
   5.69976091       0.00000000    
   5.71642685       0.00000000    
   5.73309278       0.00000000    
   5.74975872       0.00000000    
   5.76642466       0.00000000    
   5.78309059       0.00000000    
   5.79975653       0.00000000    
   5.81642246       0.00000000    
   5.83308840       0.00000000    
   5.84975433       0.00000000    
   5.86642027       0.00000000    
   5.88308620       0.00000000    
   5.89975214       0.00000000    
   5.91641808       0.00000000    
   5.93308401       0.00000000    
   5.94974995       0.00000000    
   5.96641588       0.00000000    
   5.98308182       0.00000000    
   5.99974775       0.00000000    
   6.01641369       0.00000000    
   6.03307962       0.00000000    
   6.04974556       0.00000000    
   6.06641150       0.00000000    
   6.08307743       0.00000000    
   6.09974337       0.00000000    
   6.11640930       0.00000000    
   6.13307524       0.00000000    
   6.14974117       0.00000000    
   6.16640711       0.00000000    
   6.18307304       0.00000000    
   6.19973898       0.00000000    
   6.21640491       0.00000000    
   6.23307085       0.00000000    
   6.24973679       0.00000000    
   6.26640272       0.00000000    
   6.28306866       0.00000000    
   6.29973459       0.00000000    
   6.31640053       0.00000000    
   6.33306646       0.00000000    
   6.34973240       0.00000000    
   6.36639833       1.47200006E-22
   6.38306427       7.15300001E-16
   6.39973021       1.27900002E-12
   6.41639614       4.75600004E-10
   6.43306208       4.88500014E-08
   6.44972801       3.07799996E-06
   6.46639395       2.29100006E-05
   6.48305988       7.29800013E-05
   6.49972582       1.60600001E-04
   6.51639175       2.86800001E-04
   6.53305769       4.63000004E-04
   6.54972363       7.07499974E-04
   6.56638956       1.04799995E-03
   6.58305550       1.52199995E-03
   6.59972143       2.11800006E-03
   6.61638737       2.94200005E-03
   6.63305330       3.95100005E-03
   6.64971924       5.30399987E-03
   6.66638517       7.03899981E-03
   6.68305111       9.16200038E-03
   6.69971704       1.18699996E-02
   6.71638298       1.53200002E-02
   6.73304892       1.93900000E-02
   6.74971485       2.45099999E-02
   6.76638079       3.12700011E-02
   6.78304672       3.87800001E-02
   6.79971266       4.90299985E-02
   6.81637859       5.99300005E-02
   6.83304453       7.32899979E-02
   6.84971046       8.93500000E-02
   6.86637640      0.108000003    
   6.88304234      0.129099995    
   6.89970827      0.153099999    
   6.91637421      0.181400001    
   6.93304014      0.216000006    
   6.94970608      0.242599994    
   6.96637201      0.286500007    
   6.98303795      0.318300009    
   6.99970388      0.356200010    
   7.01636982      0.402099997    
   7.03303576      0.457500011    
   7.04970169      0.514100015    
   7.06636763      0.565800011    
   7.08303356      0.620700002    
   7.09969950      0.678600013    
   7.11636543      0.739300013    
   7.13303137      0.802299976    
   7.14969730      0.867699981    
   7.16636324      0.935199976    
   7.18302917       1.00500000    
   7.19969511       1.07599998    
   7.21636105       1.14999998    
   7.23302698       1.22500002    
   7.24969292       1.30200005    
   7.26635885       1.38000000    
   7.28302479       1.46099997    
   7.29969072       1.54299998    
   7.31635666       1.62600005    
   7.33302259       1.71099997    
   7.34968853       1.79700005    
   7.36635447       1.88499999    
   7.38302040       1.97399998    
   7.39968634       2.06500006    
   7.41635227       2.15700006    
   7.43301821       2.25000000    
   7.44968414       2.34500003    
   7.46635008       2.44000006    
   7.48301601       2.53699994    
   7.49968195       2.63599992    
   7.51634789       2.73499990    
   7.53301382       2.83599997    
   7.54967976       2.93799996    
   7.56634569       3.04099989    
   7.58301163       3.14599991    
   7.59967756       3.25200009    
   7.61634350       3.35899997    
   7.63300943       3.46700001    
   7.64967537       3.57699990    
   7.66634130       3.68700004    
   7.68300724       3.79999995    
   7.69967318       3.91300011    
   7.71633911       4.02699995    
   7.73300505       4.14300013    
   7.74967098       4.26000023    
   7.76633692       4.37799978    
   7.78300285       4.49800014    
   7.79966879       4.61899996    
   7.81633472       4.74100018    
   7.83300066       4.86399984    
   7.84966660       4.98799992    
   7.86633253       5.11399984    
   7.88299847       5.24100018    
   7.89966440       5.36899996    
   7.91633034       5.49800014    
   7.93299627       5.62799978    
   7.94966221       5.76000023    
   7.96632814       5.89300013    
   7.98299408       6.02699995    
   7.99966002       6.16200018    
   8.01632595       6.29799986    
   8.03299236       6.43599987    
   8.04965878       6.57499981    
   8.06632519       6.71500015    
   8.08299160       6.85599995    
   8.09965801       6.99800014    
   8.11632442       7.13999987    
   8.13299084       7.28499985    
   8.14965725       7.42999983    
   8.16632366       7.57600021    
   8.18299007       7.72399998    
   8.19965649       7.87200022    
   8.21632290       8.02099991    
   8.23298931       8.17199993    
   8.24965572       8.32299995    
   8.26632214       8.47500038    
   8.28298855       8.62800026    
   8.29965496       8.78199959    
   8.31632137       8.93700027    
   8.33298779       9.09300041    
   8.34965420       9.25000000    
   8.36632061       9.40799999    
   8.38298702       9.56599998    
   8.39965343       9.72500038    
   8.41631985       9.88500023    
   8.43298626       10.0500002    
   8.44965267       10.2100000    
   8.46631908       10.3699999    
   8.48298550       10.5299997    
   8.49965191       10.6999998    
   8.51631832       10.8599997    
   8.53298473       11.0299997    
   8.54965115       11.1899996    
   8.56631756       11.3599997    
   8.58298397       11.5299997    
   8.59965038       11.6899996    
   8.61631680       11.8599997    
   8.63298321       12.0299997    
   8.64964962       12.1999998    
   8.66631603       12.3699999    
   8.68298244       12.5400000    
   8.69964886       12.7100000    
   8.71631527       12.8800001    
   8.73298168       13.0500002    
   8.74964809       13.2299995    
   8.76631451       13.3999996    
   8.78298092       13.5699997    
   8.79964733       13.7399998    
   8.81631374       13.9200001    
   8.83298016       14.0900002    
   8.84964657       14.2700005    
   8.86631298       14.4399996    
   8.88297939       14.6199999    
   8.89964581       14.7900000    
   8.91631222       14.9700003    
   8.93297863       15.1400003    
   8.94964504       15.3199997    
   8.96631145       15.4899998    
   8.98297787       15.6700001    
   8.99964428       15.8500004    
   9.01631069       16.0200005    
   9.03297710       16.2000008    
   9.04964352       16.3799992    
   9.06630993       16.5499992    
   9.08297634       16.7299995    
   9.09964275       16.9099998    
   9.11630917       17.0799999    
   9.13297558       17.2600002    
   9.14964199       17.4400005    
   9.16630840       17.6200008    
   9.18297482       17.7900009    
   9.19964123       17.9699993    
   9.21630764       18.1499996    
   9.23297405       18.3199997    
   9.24964046       18.5000000    
   9.26630688       18.6800003    
   9.28297329       18.8600006    
   9.29963970       19.0300007    
   9.31630611       19.2099991    
   9.33297253       19.3799992    
   9.34963894       19.5599995    
   9.36630535       19.7399998    
   9.38297176       19.9099998    
   9.39963818       20.0900002    
   9.41630459       20.2600002    
   9.43297100       20.4400005    
   9.44963741       20.6100006    
   9.46630383       20.7900009    
   9.48297024       20.9599991    
   9.49963665       21.1399994    
   9.51630306       21.3099995    
   9.53296947       21.4799995    
   9.54963589       21.6599998    
   9.56630230       21.8299999    
   9.58296871       22.0000000    
   9.59963512       22.1800003    
   9.61630154       22.3500004    
   9.63296795       22.5200005    
   9.64963436       22.6900005    
   9.66630077       22.8600006    
   9.68296719       23.0300007    
   9.69963360       23.2000008    
   9.71630001       23.3700008    
   9.73296642       23.5400009    
   9.74963284       23.7099991    
   9.76629925       23.8700008    
   9.78296566       24.0400009    
   9.79963207       24.2099991    
   9.81629848       24.3700008    
   9.83296490       24.5400009    
   9.84963131       24.7099991    
   9.86629772       24.8700008    
   9.88296413       25.0400009    
   9.89963055       25.2000008    
   9.91629696       25.3600006    
   9.93296337       25.5200005    
   9.94962978       25.6900005    
   9.96629620       25.8500004    
   9.98296261       26.0100002    
   9.99962902       26.1700001    
   10.0162954       26.3299999    
   10.0329618       26.4899998    
   10.0496283       26.6499996    
   10.0662947       26.7999992    
   10.0829611       26.9599991    
   10.0996275       27.1200008    
   10.1162939       27.2700005    
   10.1329603       27.4300003    
   10.1496267       27.5799999    
   10.1662931       27.7299995    
   10.1829596       27.8899994    
   10.1996260       28.0400009    
   10.2162924       28.1900005    
   10.2329588       28.3400002    
   10.2496252       28.4899998    
   10.2662916       28.6399994    
   10.2829580       28.7900009    
   10.2996244       28.9300003    
   10.3162909       29.0799999    
   10.3329573       29.2299995    
   10.3496237       29.3700008    
   10.3662901       29.5100002    
   10.3829565       29.6599998    
   10.3996229       29.7999992    
   10.4162893       29.9400005    
   10.4329557       30.0799999    
   10.4496222       30.2199993    
   10.4662886       30.3600006    
   10.4829550       30.5000000    
   10.4996214       30.6399994    
   10.5162878       30.7700005    
   10.5329542       30.9099998    
   10.5496206       31.0400009    
   10.5662870       31.1800003    
   10.5829535       31.3099995    
   10.5996199       31.4400005    
   10.6162863       31.5699997    
   10.6329527       31.7000008    
   10.6496191       31.8299999    
   10.6662855       31.9599991    
   10.6829519       32.0900002    
   10.6996183       32.2099991    
   10.7162848       32.3400002    
   10.7329512       32.4599991    
   10.7496176       32.5800018    
   10.7662840       32.7099991    
   10.7829504       32.8300018    
   10.7996168       32.9500008    
   10.8162832       33.0699997    
   10.8329496       33.1800003    
   10.8496161       33.2999992    
   10.8662825       33.4199982    
   10.8829489       33.5299988    
   10.8996153       33.6500015    
   10.9162817       33.7599983    
   10.9329481       33.8699989    
   10.9496145       33.9799995    
   10.9662809       34.0900002    
   10.9829473       34.2000008    
   10.9996138       34.3100014    
   11.0162802       34.4199982    
   11.0329466       34.5200005    
   11.0496130       34.6300011    
   11.0662794       34.7299995    
   11.0829458       34.8300018    
   11.0996122       34.9300003    
   11.1162786       35.0299988    
   11.1329451       35.1300011    
   11.1496115       35.2299995    
   11.1662779       35.3300018    
   11.1829443       35.4199982    
   11.1996107       35.5200005    
   11.2162771       35.6100006    
   11.2329435       35.7099991    
   11.2496099       35.7999992    
   11.2662764       35.8899994    
   11.2829428       35.9799995    
   11.2996092       36.0600014    
   11.3162756       36.1500015    
   11.3329420       36.2400017    
   11.3496084       36.3199997    
   11.3662748       36.4000015    
   11.3829412       36.4900017    
   11.3996077       36.5699997    
   11.4162741       36.6500015    
   11.4329405       36.7299995    
   11.4496069       36.7999992    
   11.4662733       36.8800011    
   11.4829397       36.9500008    
   11.4996061       37.0299988    
   11.5162725       37.0999985    
   11.5329390       37.1699982    
   11.5496054       37.2400017    
   11.5662718       37.3100014    
   11.5829382       37.3800011    
   11.5996046       37.4500008    
   11.6162710       37.5099983    
   11.6329374       37.5800018    
   11.6496038       37.6399994    
   11.6662703       37.7000008    
   11.6829367       37.7599983    
   11.6996031       37.8199997    
   11.7162695       37.8800011    
   11.7329359       37.9399986    
   11.7496023       37.9900017    
   11.7662687       38.0499992    
   11.7829351       38.0999985    
   11.7996016       38.1500015    
   11.8162680       38.2000008    
   11.8329344       38.2500000    
   11.8496008       38.2999992    
   11.8662672       38.3499985    
   11.8829336       38.3899994    
   11.8996000       38.4399986    
   11.9162664       38.4799995    
   11.9329329       38.5200005    
   11.9495993       38.5600014    
   11.9662657       38.5999985    
   11.9829321       38.6399994    
   11.9995985       38.6800003    
   12.0162649       38.7099991    
   12.0329313       38.7500000    
   12.0495977       38.7799988    
   12.0662642       38.8100014    
   12.0829306       38.8400002    
   12.0995970       38.8699989    
   12.1162634       38.9000015    
   12.1329298       38.9300003    
   12.1495962       38.9500008    
   12.1662626       38.9799995    
   12.1829290       39.0000000    
   12.1995955       39.0200005    
   12.2162619       39.0400009    
   12.2329283       39.0600014    
   12.2495947       39.0800018    
   12.2662611       39.0999985    
   12.2829275       39.1100006    
   12.2995939       39.1300011    
   12.3162603       39.1399994    
   12.3329268       39.1500015    
   12.3495932       39.1599998    
   12.3662596       39.1699982    
   12.3829260       39.1800003    
   12.3995924       39.1899986    
   12.4162588       39.1899986    
   12.4329252       39.1899986    
   12.4495916       39.2000008    
   12.4662580       39.2000008    
   12.4829245       39.2000008    
   12.4995909       39.2000008    
   12.5162573       39.1899986    
   12.5329237       39.1899986    
   12.5495901       39.1899986    
   12.5662565       39.1800003    
   12.5829229       39.1699982    
   12.5995893       39.1599998    
   12.6162558       39.1500015    
   12.6329222       39.1399994    
   12.6495886       39.1300011    
   12.6662550       39.1100006    
   12.6829214       39.0999985    
   12.6995878       39.0800018    
   12.7162542       39.0600014    
   12.7329206       39.0400009    
   12.7495871       39.0200005    
   12.7662535       39.0000000    
   12.7829199       38.9799995    
   12.7995863       38.9599991    
   12.8162527       38.9300003    
   12.8329191       38.9000015    
   12.8495855       38.8699989    
   12.8662519       38.8499985    
   12.8829184       38.8199997    
   12.8995848       38.7799988    
   12.9162512       38.7500000    
   12.9329176       38.7200012    
   12.9495840       38.6800003    
   12.9662504       38.6399994    
   12.9829168       38.5999985    
   12.9995832       38.5699997    
   13.0162497       38.5200005    
   13.0329161       38.4799995    
   13.0495825       38.4399986    
   13.0662489       38.3899994    
   13.0829153       38.3499985    
   13.0995817       38.2999992    
   13.1162481       38.2500000    
   13.1329145       38.2000008    
   13.1495810       38.1500015    
   13.1662474       38.0999985    
   13.1829138       38.0499992    
   13.1995802       37.9900017    
   13.2162466       37.9399986    
   13.2329130       37.8800011    
   13.2495794       37.8199997    
   13.2662458       37.7599983    
   13.2829123       37.7000008    
   13.2995787       37.6399994    
   13.3162451       37.5800018    
   13.3329115       37.5099983    
   13.3495779       37.4500008    
   13.3662443       37.3800011    
   13.3829107       37.3100014    
   13.3995771       37.2500000    
   13.4162436       37.1800003    
   13.4329100       37.0999985    
   13.4495764       37.0299988    
   13.4662428       36.9599991    
   13.4829092       36.8800011    
   13.4995756       36.8100014    
   13.5162420       36.7299995    
   13.5329084       36.6500015    
   13.5495749       36.5699997    
   13.5662413       36.4900017    
   13.5829077       36.4099998    
   13.5995741       36.3300018    
   13.6162405       36.2400017    
   13.6329069       36.1500015    
   13.6495733       36.0699997    
   13.6662397       35.9799995    
   13.6829062       35.8899994    
   13.6995726       35.7999992    
   13.7162390       35.7099991    
   13.7329054       35.6199989    
   13.7495718       35.5200005    
   13.7662382       35.4300003    
   13.7829046       35.3300018    
   13.7995710       35.2400017    
   13.8162374       35.1399994    
   13.8329039       35.0400009    
   13.8495703       34.9399986    
   13.8662367       34.8400002    
   13.8829031       34.7400017    
   13.8995695       34.6300011    
   13.9162359       34.5299988    
   13.9329023       34.4199982    
   13.9495687       34.3199997    
   13.9662352       34.2099991    
   13.9829016       34.0999985    
   13.9995680       33.9900017    
   14.0162344       33.8800011    
   14.0329008       33.7700005    
   14.0495672       33.6500015    
   14.0662336       33.5400009    
   14.0829000       33.4199982    
   14.0995665       33.3100014    
   14.1162329       33.1899986    
   14.1328993       33.0699997    
   14.1495657       32.9500008    
   14.1662321       32.8300018    
   14.1828985       32.7099991    
   14.1995649       32.5900002    
   14.2162313       32.4700012    
   14.2328978       32.3400002    
   14.2495642       32.2200012    
   14.2662306       32.0900002    
   14.2828970       31.9599991    
   14.2995634       31.8400002    
   14.3162298       31.7099991    
   14.3328962       31.5799999    
   14.3495626       31.4500008    
   14.3662291       31.3199997    
   14.3828955       31.1800003    
   14.3995619       31.0499992    
   14.4162283       30.9099998    
   14.4328947       30.7800007    
   14.4495611       30.6399994    
   14.4662275       30.5100002    
   14.4828939       30.3700008    
   14.4995604       30.2299995    
   14.5162268       30.0900002    
   14.5328932       29.9500008    
   14.5495596       29.8099995    
   14.5662260       29.6700001    
   14.5828924       29.5200005    
   14.5995588       29.3799992    
   14.6162252       29.2299995    
   14.6328917       29.0900002    
   14.6495581       28.9400005    
   14.6662245       28.7900009    
   14.6828909       28.6499996    
   14.6995573       28.5000000    
   14.7162237       28.3500004    
   14.7328901       28.2000008    
   14.7495565       28.0499992    
   14.7662230       27.8899994    
   14.7828894       27.7399998    
   14.7995558       27.5900002    
   14.8162222       27.4300003    
   14.8328886       27.2800007    
   14.8495550       27.1200008    
   14.8662214       26.9699993    
   14.8828878       26.8099995    
   14.8995543       26.6499996    
   14.9162207       26.5000000    
   14.9328871       26.3400002    
   14.9495535       26.1800003    
   14.9662199       26.0200005    
   14.9828863       25.8600006    
   14.9995527       25.7000008    
   15.0162191       25.5300007    
   15.0328856       25.3700008    
   15.0495520       25.2099991    
   15.0662184       25.0400009    
   15.0828848       24.8799992    
   15.0995512       24.7199993    
   15.1162176       24.5499992    
   15.1328840       24.3799992    
   15.1495504       24.2199993    
   15.1662169       24.0499992    
   15.1828833       23.8799992    
   15.1995497       23.7199993    
   15.2162161       23.5499992    
   15.2328825       23.3799992    
   15.2495489       23.2099991    
   15.2662153       23.0400009    
   15.2828817       22.8700008    
   15.2995481       22.7000008    
   15.3162146       22.5300007    
   15.3328810       22.3600006    
   15.3495474       22.1800003    
   15.3662138       22.0100002    
   15.3828802       21.8400002    
   15.3995466       21.6700001    
   15.4162130       21.4899998    
   15.4328794       21.3199997    
   15.4495459       21.1499996    
   15.4662123       20.9699993    
   15.4828787       20.7999992    
   15.4995451       20.6200008    
   15.5162115       20.4500008    
   15.5328779       20.2700005    
   15.5495443       20.1000004    
   15.5662107       19.9200001    
   15.5828772       19.7500000    
   15.5995436       19.5699997    
   15.6162100       19.3899994    
   15.6328764       19.2199993    
   15.6495428       19.0400009    
   15.6662092       18.8700008    
   15.6828756       18.6900005    
   15.6995420       18.5100002    
   15.7162085       18.3299999    
   15.7328749       18.1599998    
   15.7495413       17.9799995    
   15.7662077       17.7999992    
   15.7828741       17.6299992    
   15.7995405       17.4500008    
   15.8162069       17.2700005    
   15.8328733       17.1000004    
   15.8495398       16.9200001    
   15.8662062       16.7399998    
   15.8828726       16.5599995    
   15.8995390       16.3899994    
   15.9162054       16.2099991    
   15.9328718       16.0300007    
   15.9495382       15.8599997    
   15.9662046       15.6800003    
   15.9828711       15.5000000    
   15.9995375       15.3299999    
   16.0162029       15.1499996    
   16.0328693       14.9799995    
   16.0495358       14.8000002    
   16.0662022       14.6300001    
   16.0828686       14.4499998    
   16.0995350       14.2799997    
   16.1162014       14.1000004    
   16.1328678       13.9300003    
   16.1495342       13.7500000    
   16.1662006       13.5799999    
   16.1828671       13.4099998    
   16.1995335       13.2399998    
   16.2161999       13.0600004    
   16.2328663       12.8900003    
   16.2495327       12.7200003    
   16.2661991       12.5500002    
   16.2828655       12.3800001    
   16.2995319       12.2100000    
   16.3161983       12.0400000    
   16.3328648       11.8699999    
   16.3495312       11.6999998    
   16.3661976       11.5400000    
   16.3828640       11.3699999    
   16.3995304       11.1999998    
   16.4161968       11.0400000    
   16.4328632       10.8699999    
   16.4495296       10.7100000    
   16.4661961       10.5400000    
   16.4828625       10.3800001    
   16.4995289       10.2200003    
   16.5161953       10.0600004    
   16.5328617       9.89500046    
   16.5495281       9.73499966    
   16.5661945       9.57600021    
   16.5828609       9.41699982    
   16.5995274       9.26000023    
   16.6161938       9.10299969    
   16.6328602       8.94699955    
   16.6495266       8.79199982    
   16.6661930       8.63799953    
   16.6828594       8.48400021    
   16.6995258       8.33199978    
   16.7161922       8.18099976    
   16.7328587       8.02999973    
   16.7495251       7.88100004    
   16.7661915       7.73299980    
   16.7828579       7.58500004    
   16.7995243       7.43900013    
   16.8161907       7.29400015    
   16.8328571       7.14900017    
   16.8495235       7.00600004    
   16.8661900       6.86399984    
   16.8828564       6.72300005    
   16.8995228       6.58300018    
   16.9161892       6.44500017    
   16.9328556       6.30700016    
   16.9495220       6.17100000    
   16.9661884       6.03499985    
   16.9828548       5.90100002    
   16.9995213       5.76800013    
   17.0161877       5.63700008    
   17.0328541       5.50600004    
   17.0495205       5.37699986    
   17.0661869       5.24900007    
   17.0828533       5.12200022    
   17.0995197       4.99599981    
   17.1161861       4.87099981    
   17.1328526       4.74800014    
   17.1495190       4.62599993    
   17.1661854       4.50500011    
   17.1828518       4.38600016    
   17.1995182       4.26700020    
   17.2161846       4.15000010    
   17.2328510       4.03499985    
   17.2495174       3.92000008    
   17.2661839       3.80699992    
   17.2828503       3.69499993    
   17.2995167       3.58400011    
   17.3161831       3.47399998    
   17.3328495       3.36599994    
   17.3495159       3.25900006    
   17.3661823       3.15300012    
   17.3828487       3.04800010    
   17.3995152       2.94499993    
   17.4161816       2.84299994    
   17.4328480       2.74200010    
   17.4495144       2.64199996    
   17.4661808       2.54299998    
   17.4828472       2.44600010    
   17.4995136       2.35100007    
   17.5161800       2.25600004    
   17.5328465       2.16300011    
   17.5495129       2.07100010    
   17.5661793       1.98000002    
   17.5828457       1.89100003    
   17.5995121       1.80299997    
   17.6161785       1.71700001    
   17.6328449       1.63199997    
   17.6495113       1.54799998    
   17.6661777       1.46599996    
   17.6828442       1.38600004    
   17.6995106       1.30700004    
   17.7161770       1.23000002    
   17.7328434       1.15499997    
   17.7495098       1.08099997    
   17.7661762       1.00899994    
   17.7828426      0.939700007    
   17.7995090      0.871999979    
   17.8161755      0.806500018    
   17.8328419      0.743300021    
   17.8495083      0.682600021    
   17.8661747      0.624499977    
   17.8828411      0.569299996    
   17.8995075      0.517400026    
   17.9161739      0.461600006    
   17.9328403      0.405400008    
   17.9495068      0.358999997    
   17.9661732      0.320600003    
   17.9828396      0.288500011    
   17.9995060      0.244700000    
   18.0161724      0.217500001    
   18.0328388      0.182999998    
   18.0495052      0.154799998    
   18.0661716      0.130799994    
   18.0828381      0.109800003    
   18.0995045       9.07799974E-02
   18.1161709       7.43099973E-02
   18.1328373       6.06600009E-02
   18.1495037       4.95700017E-02
   18.1661701       3.94200012E-02
   18.1828365       3.16400006E-02
   18.1995029       2.49000005E-02
   18.2161694       1.99800003E-02
   18.2328358       1.55100003E-02
   18.2495022       1.20299999E-02
   18.2661686       9.28699970E-03
   18.2828350       7.13599985E-03
   18.2995014       5.45200007E-03
   18.3161678       4.03500022E-03
   18.3328342       2.99299997E-03
   18.3495007       2.18400010E-03
   18.3661671       1.55000004E-03
   18.3828335       1.07400003E-03
   18.3994999       7.32099987E-04
   18.4161663       4.86000004E-04
   18.4328327       3.03200010E-04
   18.4494991       1.71599997E-04
   18.4661655       7.80400005E-05
   18.4828320       2.48600008E-05
   18.4994984       3.83399993E-06
   18.5161648       6.84799986E-08
   18.5328312       7.01500025E-10
   18.5494976       1.93000000E-12
   18.5661640       1.27500005E-15
   18.5828304       2.04400005E-21
   18.5994968       0.00000000    
   18.6161633       0.00000000    
   18.6328297       0.00000000    
   18.6494961       0.00000000    
   18.6661625       0.00000000    
   18.6828289       0.00000000    
   18.6994953       0.00000000    
   18.7161617       0.00000000    
   18.7328281       0.00000000    
   18.7494946       0.00000000    
   18.7661610       0.00000000    
   18.7828274       0.00000000    
   18.7994938       0.00000000    
   18.8161602       0.00000000    
   18.8328266       0.00000000    
   18.8494930       0.00000000    
   18.8661594       0.00000000    
   18.8828259       0.00000000    
   18.8994923       0.00000000    
   18.9161587       0.00000000    
   18.9328251       0.00000000    
   18.9494915       0.00000000    
   18.9661579       0.00000000    
   18.9828243       0.00000000    
   18.9994907       0.00000000    
   19.0161572       0.00000000    
   19.0328236       0.00000000    
   19.0494900       0.00000000    
   19.0661564       0.00000000    
   19.0828228       0.00000000    
   19.0994892       0.00000000    
   19.1161556       0.00000000    
   19.1328220       0.00000000    
   19.1494884       0.00000000    
   19.1661549       0.00000000    
   19.1828213       0.00000000    
   19.1994877       0.00000000    
   19.2161541       0.00000000    
   19.2328205       0.00000000    
   19.2494869       0.00000000    
   19.2661533       0.00000000    
   19.2828197       0.00000000    
   19.2994862       0.00000000    
   19.3161526       0.00000000    
   19.3328190       0.00000000    
   19.3494854       0.00000000    
   19.3661518       0.00000000    
   19.3828182       0.00000000    
   19.3994846       0.00000000    
   19.4161510       0.00000000    
   19.4328175       0.00000000    
   19.4494839       0.00000000    
   19.4661503       0.00000000    
   19.4828167       0.00000000    
   19.4994831       0.00000000    
   19.5161495       0.00000000    
   19.5328159       0.00000000    
   19.5494823       0.00000000    
   19.5661488       0.00000000    
   19.5828152       0.00000000    
   19.5994816       0.00000000    
   19.6161480       0.00000000    
   19.6328144       0.00000000    
   19.6494808       0.00000000    
   19.6661472       0.00000000    
   19.6828136       0.00000000    
   19.6994801       0.00000000    
   19.7161465       0.00000000    
   19.7328129       0.00000000    
   19.7494793       0.00000000    
   19.7661457       0.00000000    
   19.7828121       0.00000000    
   19.7994785       0.00000000    
   19.8161449       0.00000000    
   19.8328114       0.00000000    
   19.8494778       0.00000000    
   19.8661442       0.00000000    
   19.8828106       0.00000000    
   19.8994770       0.00000000    
   19.9161434       0.00000000    
   19.9328098       0.00000000    
   19.9494762       0.00000000    
   19.9661427       0.00000000    
   19.9828091       0.00000000    
   19.9994755       0.00000000    
   20.0161419       0.00000000    
   20.0328083       0.00000000    
   20.0494747       0.00000000    
   20.0661411       0.00000000    
   20.0828075       0.00000000    
   20.0994740       0.00000000    
   20.1161404       0.00000000    
   20.1328068       0.00000000    
   20.1494732       0.00000000    
   20.1661396       0.00000000    
   20.1828060       0.00000000    
   20.1994724       0.00000000    
   20.2161388       0.00000000    
   20.2328053       0.00000000    
   20.2494717       0.00000000    
   20.2661381       0.00000000    
   20.2828045       0.00000000    
   20.2994709       0.00000000    
   20.3161373       0.00000000    
   20.3328037       0.00000000    
   20.3494701       0.00000000    
   20.3661366       0.00000000    
   20.3828030       0.00000000    
   20.3994694       0.00000000    
   20.4161358       0.00000000    
   20.4328022       0.00000000    
   20.4494686       0.00000000    
   20.4661350       0.00000000    
   20.4828014       0.00000000    
   20.4994678       0.00000000    
   20.5161343       0.00000000    
   20.5328007       0.00000000    
   20.5494671       0.00000000    
   20.5661335       0.00000000    
   20.5827999       0.00000000    
   20.5994663       0.00000000    
   20.6161327       0.00000000    
   20.6327991       0.00000000    
   20.6494656       0.00000000    
   20.6661320       0.00000000    
   20.6827984       0.00000000    
   20.6994648       0.00000000    
   20.7161312       0.00000000    
   20.7327976       0.00000000    
   20.7494640       0.00000000    
   20.7661304       0.00000000    
   20.7827969       0.00000000    
   20.7994633       0.00000000    
   20.8161297       0.00000000    
   20.8327961       0.00000000    
   20.8494625       0.00000000    
   20.8661289       0.00000000    
   20.8827953       0.00000000    
   20.8994617       0.00000000    
   20.9161282       0.00000000    
   20.9327946       0.00000000    
   20.9494610       0.00000000    
   20.9661274       0.00000000    
   20.9827938       0.00000000    
   20.9994602       0.00000000    
   21.0161266       0.00000000    
   21.0327930       0.00000000    
   21.0494595       0.00000000    
   21.0661259       0.00000000    
   21.0827923       0.00000000    
   21.0994587       0.00000000    
   21.1161251       0.00000000    
   21.1327915       0.00000000    
   21.1494579       0.00000000    
   21.1661243       0.00000000    
   21.1827908       0.00000000    
   21.1994572       0.00000000    
   21.2161236       0.00000000    
   21.2327900       0.00000000    
   21.2494564       0.00000000    
   21.2661228       0.00000000    
   21.2827892       0.00000000    
   21.2994556       0.00000000    
   21.3161221       0.00000000    
   21.3327885       0.00000000    
   21.3494549       0.00000000    
   21.3661213       0.00000000    
   21.3827877       0.00000000    
   21.3994541       0.00000000    
   21.4161205       0.00000000    
   21.4327869       0.00000000    
   21.4494534       0.00000000    
   21.4661198       0.00000000    
   21.4827862       0.00000000    
   21.4994526       0.00000000    
   21.5161190       0.00000000    
   21.5327854       0.00000000    
   21.5494518       0.00000000    
   21.5661182       0.00000000    
   21.5827847       0.00000000    
   21.5994511       0.00000000    
   21.6161175       0.00000000    
   21.6327839       0.00000000    
   21.6494503       0.00000000    
   21.6661167       0.00000000    
   21.6827831       0.00000000    
   21.6994495       0.00000000    
   21.7161160       0.00000000    
   21.7327824       0.00000000    
   21.7494488       0.00000000    
   21.7661152       0.00000000    
   21.7827816       0.00000000    
   21.7994480       0.00000000    
   21.8161144       0.00000000    
   21.8327808       0.00000000    
   21.8494473       0.00000000    
   21.8661137       0.00000000    
   21.8827801       0.00000000    
   21.8994465       0.00000000    
   21.9161129       0.00000000    
   21.9327793       0.00000000    
   21.9494457       0.00000000    
   21.9661121       0.00000000    
   21.9827785       0.00000000    
   21.9994450       0.00000000    
   22.0161114       0.00000000    
   22.0327778       0.00000000    
   22.0494442       0.00000000    
   22.0661106       0.00000000    
   22.0827770       0.00000000    
   22.0994434       0.00000000    
   22.1161098       0.00000000    
   22.1327763       0.00000000    
   22.1494427       0.00000000    
   22.1661091       0.00000000    
   22.1827755       0.00000000    
   22.1994419       0.00000000    
   22.2161083       0.00000000    
   22.2327747       0.00000000    
   22.2494411       0.00000000    
   22.2661076       0.00000000    
   22.2827740       0.00000000    
   22.2994404       0.00000000    
   22.3161068       0.00000000    
   22.3327732       0.00000000    
   22.3494396       0.00000000    
   22.3661060       0.00000000    
   22.3827724       0.00000000    
   22.3994389       0.00000000    
   22.4161053       0.00000000    
   22.4327717       0.00000000    
   22.4494381       0.00000000    
   22.4661045       0.00000000    
   22.4827709       0.00000000    
   22.4994373       0.00000000    
   22.5161037       0.00000000    
   22.5327702       0.00000000    
   22.5494366       0.00000000    
   22.5661030       0.00000000    
   22.5827694       0.00000000    
   22.5994358       0.00000000    
   22.6161022       0.00000000    
   22.6327686       0.00000000    
   22.6494350       0.00000000    
   22.6661015       0.00000000    
   22.6827679       0.00000000    
   22.6994343       0.00000000    
   22.7161007       0.00000000    
   22.7327671       0.00000000    
   22.7494335       0.00000000    
   22.7660999       0.00000000    
   22.7827663       0.00000000    
   22.7994328       0.00000000    
   22.8160992       0.00000000    
   22.8327656       0.00000000    
   22.8494320       0.00000000    
   22.8660984       0.00000000    
   22.8827648       0.00000000    
   22.8994312       0.00000000    
   22.9160976       0.00000000    
   22.9327641       0.00000000    
   22.9494305       0.00000000    
   22.9660969       0.00000000    
   22.9827633       0.00000000    
   22.9994297       0.00000000    
   23.0160961       0.00000000    
   23.0327625       0.00000000    
   23.0494289       0.00000000    
   23.0660954       0.00000000    
   23.0827618       0.00000000    
   23.0994282       0.00000000    
   23.1160946       0.00000000    
   23.1327610       0.00000000    
   23.1494274       0.00000000    
   23.1660938       0.00000000    
   23.1827602       0.00000000    
   23.1994267       0.00000000    
   23.2160931       0.00000000    
   23.2327595       0.00000000    
   23.2494259       0.00000000    
   23.2660923       0.00000000    
   23.2827587       0.00000000    
   23.2994251       0.00000000    
   23.3160915       0.00000000    
   23.3327579       0.00000000    
   23.3494244       0.00000000    
   23.3660908       0.00000000    
   23.3827572       0.00000000    
   23.3994236       0.00000000    
   23.4160900       0.00000000    
   23.4327564       0.00000000    
   23.4494228       0.00000000    
   23.4660892       0.00000000    
   23.4827557       0.00000000    
   23.4994221       0.00000000    
   23.5160885       0.00000000    
   23.5327549       0.00000000    
   23.5494213       0.00000000    
   23.5660877       0.00000000    
   23.5827541       0.00000000    
   23.5994205       0.00000000    
   23.6160870       0.00000000    
   23.6327534       0.00000000    
   23.6494198       0.00000000    
   23.6660862       0.00000000    
   23.6827526       0.00000000    
   23.6994190       0.00000000    
   23.7160854       0.00000000    
   23.7327518       0.00000000    
   23.7494183       0.00000000    
   23.7660847       0.00000000    
   23.7827511       0.00000000    
   23.7994175       0.00000000    
   23.8160839       0.00000000    
   23.8327503       0.00000000    
   23.8494167       0.00000000    
   23.8660831       0.00000000    
   23.8827496       0.00000000    
   23.8994160       0.00000000    
   23.9160824       0.00000000    
   23.9327488       0.00000000    
   23.9494152       0.00000000    
   23.9660816       0.00000000    
   23.9827480       0.00000000    
