   0.00000000       0.00000000    
   1.66660007E-02   0.00000000    
   3.33320014E-02   0.00000000    
   4.99980003E-02   0.00000000    
   6.66640028E-02   0.00000000    
   8.33300054E-02   0.00000000    
   9.99960080E-02   0.00000000    
  0.116662011       0.00000000    
  0.133328006       0.00000000    
  0.149994001       0.00000000    
  0.166659996       0.00000000    
  0.183325991       0.00000000    
  0.199991986       0.00000000    
  0.216657981       0.00000000    
  0.233323976       0.00000000    
  0.249989972       0.00000000    
  0.266655982       0.00000000    
  0.283321977       0.00000000    
  0.299987972       0.00000000    
  0.316653967       0.00000000    
  0.333319962       0.00000000    
  0.349985957       0.00000000    
  0.366651952       0.00000000    
  0.383317947       0.00000000    
  0.399983943       0.00000000    
  0.416649938       0.00000000    
  0.433315933       0.00000000    
  0.449981928       0.00000000    
  0.466647923       0.00000000    
  0.483313918       0.00000000    
  0.499979913       0.00000000    
  0.516645908       0.00000000    
  0.533311903       0.00000000    
  0.549977899       0.00000000    
  0.566643894       0.00000000    
  0.583309889       0.00000000    
  0.599975884       0.00000000    
  0.616641879       0.00000000    
  0.633307874       0.00000000    
  0.649973869       0.00000000    
  0.666639864       0.00000000    
  0.683305860       0.00000000    
  0.699971855       0.00000000    
  0.716637850       0.00000000    
  0.733303845       0.00000000    
  0.749969840       0.00000000    
  0.766635835       0.00000000    
  0.783301830       0.00000000    
  0.799967825       0.00000000    
  0.816633821       0.00000000    
  0.833299816       0.00000000    
  0.849965811       0.00000000    
  0.866631806       0.00000000    
  0.883297801       0.00000000    
  0.899963796       0.00000000    
  0.916629791       0.00000000    
  0.933295786       0.00000000    
  0.949961782       0.00000000    
  0.966627777       0.00000000    
  0.983293772       0.00000000    
  0.999959767       0.00000000    
   1.01662576       0.00000000    
   1.03329182       0.00000000    
   1.04995787       0.00000000    
   1.06662393       0.00000000    
   1.08328998       0.00000000    
   1.09995604       0.00000000    
   1.11662209       0.00000000    
   1.13328815       0.00000000    
   1.14995420       0.00000000    
   1.16662025       0.00000000    
   1.18328631       0.00000000    
   1.19995236       0.00000000    
   1.21661842       0.00000000    
   1.23328447       0.00000000    
   1.24995053       0.00000000    
   1.26661658       0.00000000    
   1.28328264       0.00000000    
   1.29994869       0.00000000    
   1.31661475       0.00000000    
   1.33328080       0.00000000    
   1.34994686       0.00000000    
   1.36661291       0.00000000    
   1.38327897       0.00000000    
   1.39994502       0.00000000    
   1.41661108       0.00000000    
   1.43327713       0.00000000    
   1.44994318       0.00000000    
   1.46660924       0.00000000    
   1.48327529       0.00000000    
   1.49994135       0.00000000    
   1.51660740       0.00000000    
   1.53327346       0.00000000    
   1.54993951       0.00000000    
   1.56660557       0.00000000    
   1.58327162       0.00000000    
   1.59993768       0.00000000    
   1.61660373       0.00000000    
   1.63326979       0.00000000    
   1.64993584       0.00000000    
   1.66660190       0.00000000    
   1.68326795       0.00000000    
   1.69993401       0.00000000    
   1.71660006       0.00000000    
   1.73326612       0.00000000    
   1.74993217       0.00000000    
   1.76659822       0.00000000    
   1.78326428       0.00000000    
   1.79993033       0.00000000    
   1.81659639       0.00000000    
   1.83326244       0.00000000    
   1.84992850       0.00000000    
   1.86659455       0.00000000    
   1.88326061       0.00000000    
   1.89992666       0.00000000    
   1.91659272       0.00000000    
   1.93325877       0.00000000    
   1.94992483       0.00000000    
   1.96659088       0.00000000    
   1.98325694       0.00000000    
   1.99992299       0.00000000    
   2.01658893       0.00000000    
   2.03325486       0.00000000    
   2.04992080       0.00000000    
   2.06658673       0.00000000    
   2.08325267       0.00000000    
   2.09991860       0.00000000    
   2.11658454       0.00000000    
   2.13325047       0.00000000    
   2.14991641       0.00000000    
   2.16658235       0.00000000    
   2.18324828       0.00000000    
   2.19991422       0.00000000    
   2.21658015       0.00000000    
   2.23324609       0.00000000    
   2.24991202       0.00000000    
   2.26657796       0.00000000    
   2.28324389       0.00000000    
   2.29990983       0.00000000    
   2.31657577       0.00000000    
   2.33324170       0.00000000    
   2.34990764       0.00000000    
   2.36657357       0.00000000    
   2.38323951       0.00000000    
   2.39990544       0.00000000    
   2.41657138       0.00000000    
   2.43323731       0.00000000    
   2.44990325       0.00000000    
   2.46656919       0.00000000    
   2.48323512       0.00000000    
   2.49990106       0.00000000    
   2.51656699       0.00000000    
   2.53323293       0.00000000    
   2.54989886       0.00000000    
   2.56656480       0.00000000    
   2.58323073       0.00000000    
   2.59989667       0.00000000    
   2.61656260       0.00000000    
   2.63322854       0.00000000    
   2.64989448       0.00000000    
   2.66656041       0.00000000    
   2.68322635       0.00000000    
   2.69989228       0.00000000    
   2.71655822       0.00000000    
   2.73322415       0.00000000    
   2.74989009       0.00000000    
   2.76655602       0.00000000    
   2.78322196       0.00000000    
   2.79988790       0.00000000    
   2.81655383       0.00000000    
   2.83321977       0.00000000    
   2.84988570       0.00000000    
   2.86655164       0.00000000    
   2.88321757       0.00000000    
   2.89988351       0.00000000    
   2.91654944       0.00000000    
   2.93321538       0.00000000    
   2.94988132       0.00000000    
   2.96654725       0.00000000    
   2.98321319       0.00000000    
   2.99987912       0.00000000    
   3.01654506       0.00000000    
   3.03321099       0.00000000    
   3.04987693       0.00000000    
   3.06654286       0.00000000    
   3.08320880       0.00000000    
   3.09987473       0.00000000    
   3.11654067       0.00000000    
   3.13320661       0.00000000    
   3.14987254       0.00000000    
   3.16653848       0.00000000    
   3.18320441       0.00000000    
   3.19987035       0.00000000    
   3.21653628       0.00000000    
   3.23320222       0.00000000    
   3.24986815       0.00000000    
   3.26653409       0.00000000    
   3.28320003       0.00000000    
   3.29986596       0.00000000    
   3.31653190       0.00000000    
   3.33319783       0.00000000    
   3.34986377       0.00000000    
   3.36652970       0.00000000    
   3.38319564       0.00000000    
   3.39986157       0.00000000    
   3.41652751       0.00000000    
   3.43319345       0.00000000    
   3.44985938       0.00000000    
   3.46652532       0.00000000    
   3.48319125       0.00000000    
   3.49985719       0.00000000    
   3.51652312       0.00000000    
   3.53318906       0.00000000    
   3.54985499       0.00000000    
   3.56652093       0.00000000    
   3.58318686       0.00000000    
   3.59985280       0.00000000    
   3.61651874       0.00000000    
   3.63318467       0.00000000    
   3.64985061       0.00000000    
   3.66651654       0.00000000    
   3.68318248       0.00000000    
   3.69984841       0.00000000    
   3.71651435       0.00000000    
   3.73318028       0.00000000    
   3.74984622       0.00000000    
   3.76651216       0.00000000    
   3.78317809       0.00000000    
   3.79984403       0.00000000    
   3.81650996       0.00000000    
   3.83317590       0.00000000    
   3.84984183       0.00000000    
   3.86650777       0.00000000    
   3.88317370       0.00000000    
   3.89983964       0.00000000    
   3.91650558       0.00000000    
   3.93317151       0.00000000    
   3.94983745       0.00000000    
   3.96650338       0.00000000    
   3.98316932       0.00000000    
   3.99983525       0.00000000    
   4.01650143       0.00000000    
   4.03316736       0.00000000    
   4.04983330       0.00000000    
   4.06649923       0.00000000    
   4.08316517       0.00000000    
   4.09983110       0.00000000    
   4.11649704       0.00000000    
   4.13316298       0.00000000    
   4.14982891       0.00000000    
   4.16649485       0.00000000    
   4.18316078       0.00000000    
   4.19982672       0.00000000    
   4.21649265       0.00000000    
   4.23315859       0.00000000    
   4.24982452       0.00000000    
   4.26649046       0.00000000    
   4.28315639       0.00000000    
   4.29982233       0.00000000    
   4.31648827       0.00000000    
   4.33315420       0.00000000    
   4.34982014       0.00000000    
   4.36648607       0.00000000    
   4.38315201       0.00000000    
   4.39981794       0.00000000    
   4.41648388       0.00000000    
   4.43314981       0.00000000    
   4.44981575       0.00000000    
   4.46648169       0.00000000    
   4.48314762       0.00000000    
   4.49981356       0.00000000    
   4.51647949       0.00000000    
   4.53314543       0.00000000    
   4.54981136       0.00000000    
   4.56647730       0.00000000    
   4.58314323       0.00000000    
   4.59980917       0.00000000    
   4.61647511       0.00000000    
   4.63314104       0.00000000    
   4.64980698       0.00000000    
   4.66647291       0.00000000    
   4.68313885       0.00000000    
   4.69980478       0.00000000    
   4.71647072       0.00000000    
   4.73313665       0.00000000    
   4.74980259       0.00000000    
   4.76646852       0.00000000    
   4.78313446       0.00000000    
   4.79980040       0.00000000    
   4.81646633       0.00000000    
   4.83313227       0.00000000    
   4.84979820       0.00000000    
   4.86646414       0.00000000    
   4.88313007       0.00000000    
   4.89979601       0.00000000    
   4.91646194       0.00000000    
   4.93312788       0.00000000    
   4.94979382       0.00000000    
   4.96645975       0.00000000    
   4.98312569       0.00000000    
   4.99979162       0.00000000    
   5.01645756       0.00000000    
   5.03312349       0.00000000    
   5.04978943       0.00000000    
   5.06645536       0.00000000    
   5.08312130       0.00000000    
   5.09978724       0.00000000    
   5.11645317       0.00000000    
   5.13311911       0.00000000    
   5.14978504       0.00000000    
   5.16645098       0.00000000    
   5.18311691       0.00000000    
   5.19978285       0.00000000    
   5.21644878       0.00000000    
   5.23311472       0.00000000    
   5.24978065       0.00000000    
   5.26644659       0.00000000    
   5.28311253       0.00000000    
   5.29977846       0.00000000    
   5.31644440       0.00000000    
   5.33311033       0.00000000    
   5.34977627       0.00000000    
   5.36644220       0.00000000    
   5.38310814       0.00000000    
   5.39977407       0.00000000    
   5.41644001       0.00000000    
   5.43310595       0.00000000    
   5.44977188       0.00000000    
   5.46643782       0.00000000    
   5.48310375       0.00000000    
   5.49976969       0.00000000    
   5.51643562       0.00000000    
   5.53310156       0.00000000    
   5.54976749       0.00000000    
   5.56643343       0.00000000    
   5.58309937       0.00000000    
   5.59976530       0.00000000    
   5.61643124       0.00000000    
   5.63309717       0.00000000    
   5.64976311       0.00000000    
   5.66642904       0.00000000    
   5.68309498       0.00000000    
   5.69976091       0.00000000    
   5.71642685       0.00000000    
   5.73309278       0.00000000    
   5.74975872       0.00000000    
   5.76642466       0.00000000    
   5.78309059       0.00000000    
   5.79975653       0.00000000    
   5.81642246       0.00000000    
   5.83308840       0.00000000    
   5.84975433       0.00000000    
   5.86642027       0.00000000    
   5.88308620       0.00000000    
   5.89975214       0.00000000    
   5.91641808       0.00000000    
   5.93308401       0.00000000    
   5.94974995       0.00000000    
   5.96641588       0.00000000    
   5.98308182       0.00000000    
   5.99974775       0.00000000    
   6.01641369       0.00000000    
   6.03307962       0.00000000    
   6.04974556       0.00000000    
   6.06641150       0.00000000    
   6.08307743       0.00000000    
   6.09974337       0.00000000    
   6.11640930       0.00000000    
   6.13307524       0.00000000    
   6.14974117       0.00000000    
   6.16640711       0.00000000    
   6.18307304       0.00000000    
   6.19973898       0.00000000    
   6.21640491       0.00000000    
   6.23307085       0.00000000    
   6.24973679       0.00000000    
   6.26640272       0.00000000    
   6.28306866       0.00000000    
   6.29973459       0.00000000    
   6.31640053       0.00000000    
   6.33306646       0.00000000    
   6.34973240       0.00000000    
   6.36639833       0.00000000    
   6.38306427       0.00000000    
   6.39973021       0.00000000    
   6.41639614       0.00000000    
   6.43306208       0.00000000    
   6.44972801       0.00000000    
   6.46639395       7.81000001E-23
   6.48305988       1.53400004E-18
   6.49972582       1.58800001E-15
   6.51639175       4.84400009E-13
   6.53305769       7.51999990E-11
   6.54972363       2.75399992E-09
   6.56638956       1.57300004E-08
   6.58305550       5.06900015E-08
   6.59972143       1.16499997E-07
   6.61638737       2.25199997E-07
   6.63305330       4.02399991E-07
   6.64971924       6.95100027E-07
   6.66638517       1.15900002E-06
   6.68305111       1.85700003E-06
   6.69971704       2.72800003E-06
   6.71638298       3.96499991E-06
   6.73304892       5.42299995E-06
   6.74971485       7.30000011E-06
   6.76638079       9.69800021E-06
   6.78304672       1.27000003E-05
   6.79971266       1.63599998E-05
   6.81637859       2.08500005E-05
   6.83304453       2.63999991E-05
   6.84971046       3.33200005E-05
   6.86637640       4.05999999E-05
   6.88304234       5.04300006E-05
   6.89970827       6.05800014E-05
   6.91637421       7.30100001E-05
   6.93304014       8.90399970E-05
   6.94970608       1.05500003E-04
   6.96637201       1.24600003E-04
   6.98303795       1.46699997E-04
   6.99970388       1.66900005E-04
   7.01636982       1.92899999E-04
   7.03303576       2.24799995E-04
   7.04970169       2.51799996E-04
   7.06636763       2.91500008E-04
   7.08303356       3.22400010E-04
   7.09969950       3.59400001E-04
   7.11636543       4.03599988E-04
   7.13303137       4.56600013E-04
   7.14969730       5.06700017E-04
   7.16636324       5.55999984E-04
   7.18302917       6.08499977E-04
   7.19969511       6.64199993E-04
   7.21636105       7.22699973E-04
   7.23302698       7.84099975E-04
   7.24969292       8.48199998E-04
   7.26635885       9.14899982E-04
   7.28302479       9.84400045E-04
   7.29969072       1.05700002E-03
   7.31635666       1.13200000E-03
   7.33302259       1.20900001E-03
   7.34968853       1.29000004E-03
   7.36635447       1.37199997E-03
   7.38302040       1.45800004E-03
   7.39968634       1.54700002E-03
   7.41635227       1.63800002E-03
   7.43301821       1.73200003E-03
   7.44968414       1.82799995E-03
   7.46635008       1.92800001E-03
   7.48301601       2.03000009E-03
   7.49968195       2.13599997E-03
   7.51634789       2.24400009E-03
   7.53301382       2.35500000E-03
   7.54967976       2.46899994E-03
   7.56634569       2.58599990E-03
   7.58301163       2.70600012E-03
   7.59967756       2.82899989E-03
   7.61634350       2.95499992E-03
   7.63300943       3.08499997E-03
   7.64967537       3.21700005E-03
   7.66634130       3.35299992E-03
   7.68300724       3.49200005E-03
   7.69967318       3.63399996E-03
   7.71633911       3.77999991E-03
   7.73300505       3.92899988E-03
   7.74967098       4.08199988E-03
   7.76633692       4.23800014E-03
   7.78300285       4.39700019E-03
   7.79966879       4.55999980E-03
   7.81633472       4.72699990E-03
   7.83300066       4.89699980E-03
   7.84966660       5.07199997E-03
   7.86633253       5.24999993E-03
   7.88299847       5.43100014E-03
   7.89966440       5.61700016E-03
   7.91633034       5.80599997E-03
   7.93299627       5.99899981E-03
   7.94966221       6.19699992E-03
   7.96632814       6.39799982E-03
   7.98299408       6.60399999E-03
   7.99966002       6.81299996E-03
   8.01632595       7.02599995E-03
   8.03299236       7.24400021E-03
   8.04965878       7.46699981E-03
   8.06632519       7.69300014E-03
   8.08299160       7.92399980E-03
   8.09965801       8.15900043E-03
   8.11632442       8.39800015E-03
   8.13299084       8.64200015E-03
   8.14965725       8.89000017E-03
   8.16632366       9.14399978E-03
   8.18299007       9.40100010E-03
   8.19965649       9.66299977E-03
   8.21632290       9.92900040E-03
   8.23298931       1.02000004E-02
   8.24965572       1.04799997E-02
   8.26632214       1.07600000E-02
   8.28298855       1.10400002E-02
   8.29965496       1.13300001E-02
   8.31632137       1.16299996E-02
   8.33298779       1.19300000E-02
   8.34965420       1.22300005E-02
   8.36632061       1.25399996E-02
   8.38298702       1.28600001E-02
   8.39965343       1.31799998E-02
   8.41631985       1.35000004E-02
   8.43298626       1.38299996E-02
   8.44965267       1.41700003E-02
   8.46631908       1.45100001E-02
   8.48298550       1.48499999E-02
   8.49965191       1.52000003E-02
   8.51631832       1.55600002E-02
   8.53298473       1.59200002E-02
   8.54965115       1.62899997E-02
   8.56631756       1.66599993E-02
   8.58298397       1.70300007E-02
   8.59965038       1.74100008E-02
   8.61631680       1.77999996E-02
   8.63298321       1.81900002E-02
   8.64964962       1.85899995E-02
   8.66631603       1.89900007E-02
   8.68298244       1.94000006E-02
   8.69964886       1.98100004E-02
   8.71631527       2.02300008E-02
   8.73298168       2.06499994E-02
   8.74964809       2.10800003E-02
   8.76631451       2.15099994E-02
   8.78298092       2.19500009E-02
   8.79964733       2.23999992E-02
   8.81631374       2.28499994E-02
   8.83298016       2.32999995E-02
   8.84964657       2.37600002E-02
   8.86631298       2.42199991E-02
   8.88297939       2.46900003E-02
   8.89964581       2.51700003E-02
   8.91631222       2.56500002E-02
   8.93297863       2.61400007E-02
   8.94964504       2.66299993E-02
   8.96631145       2.71199998E-02
   8.98297787       2.76200008E-02
   8.99964428       2.81300005E-02
   9.01631069       2.86400001E-02
   9.03297710       2.91600004E-02
   9.04964352       2.96800006E-02
   9.06630993       3.02099995E-02
   9.08297634       3.07400003E-02
   9.09964275       3.12799998E-02
   9.11630917       3.18199992E-02
   9.13297558       3.23599987E-02
   9.14964199       3.29100005E-02
   9.16630840       3.34700011E-02
   9.18297482       3.40300016E-02
   9.19964123       3.46000008E-02
   9.21630764       3.51700000E-02
   9.23297405       3.57399993E-02
   9.24964046       3.63200009E-02
   9.26630688       3.69100012E-02
   9.28297329       3.74899991E-02
   9.29963970       3.80900018E-02
   9.31630611       3.86900008E-02
   9.33297253       3.92899998E-02
   9.34963894       3.98899987E-02
   9.36630535       4.05099988E-02
   9.38297176       4.11200002E-02
   9.39963818       4.17400002E-02
   9.41630459       4.23600003E-02
   9.43297100       4.29899991E-02
   9.44963741       4.36200015E-02
   9.46630383       4.42599989E-02
   9.48297024       4.49000001E-02
   9.49963665       4.55400012E-02
   9.51630306       4.61900011E-02
   9.53296947       4.68400009E-02
   9.54963589       4.74999994E-02
   9.56630230       4.81499992E-02
   9.58296871       4.88200001E-02
   9.59963512       4.94799986E-02
   9.61630154       5.01499996E-02
   9.63296795       5.08200005E-02
   9.64963436       5.15000001E-02
   9.66630077       5.21799996E-02
   9.68296719       5.28599992E-02
   9.69963360       5.35500012E-02
   9.71630001       5.42300008E-02
   9.73296642       5.49300015E-02
   9.74963284       5.56199998E-02
   9.76629925       5.63200004E-02
   9.78296566       5.70200011E-02
   9.79963207       5.77200018E-02
   9.81629848       5.84300011E-02
   9.83296490       5.91300018E-02
   9.84963131       5.98400012E-02
   9.86629772       6.05599992E-02
   9.88296413       6.12699986E-02
   9.89963055       6.19900003E-02
   9.91629696       6.27100021E-02
   9.93296337       6.34299964E-02
   9.94962978       6.41499981E-02
   9.96629620       6.48799986E-02
   9.98296261       6.56099990E-02
   9.99962902       6.63300008E-02
   10.0162954       6.70600012E-02
   10.0329618       6.77900016E-02
   10.0496283       6.85300007E-02
   10.0662947       6.92600012E-02
   10.0829611       7.00000003E-02
   10.0996275       7.07300007E-02
   10.1162939       7.14699998E-02
   10.1329603       7.22099990E-02
   10.1496267       7.29499981E-02
   10.1662931       7.36899972E-02
   10.1829596       7.44299963E-02
   10.1996260       7.51800016E-02
   10.2162924       7.59200007E-02
   10.2329588       7.66599998E-02
   10.2496252       7.74099976E-02
   10.2662916       7.81499967E-02
   10.2829580       7.88900033E-02
   10.2996244       7.96400011E-02
   10.3162909       8.03800002E-02
   10.3329573       8.11199993E-02
   10.3496237       8.18699971E-02
   10.3662901       8.26100037E-02
   10.3829565       8.33500028E-02
   10.3996229       8.41000006E-02
   10.4162893       8.48300010E-02
   10.4329557       8.55799988E-02
   10.4496222       8.63299966E-02
   10.4662886       8.70599970E-02
   10.4829550       8.78000036E-02
   10.4996214       8.85400027E-02
   10.5162878       8.92700031E-02
   10.5329542       9.00100023E-02
   10.5496206       9.07500014E-02
   10.5662870       9.14700031E-02
   10.5829535       9.22100022E-02
   10.5996199       9.29199979E-02
   10.6162863       9.36399996E-02
   10.6329527       9.43700001E-02
   10.6496191       9.51199979E-02
   10.6662855       9.58399996E-02
   10.6829519       9.65600014E-02
   10.6996183       9.72400010E-02
   10.7162848       9.79899988E-02
   10.7329512       9.87100005E-02
   10.7496176       9.94200036E-02
   10.7662840      0.100100003    
   10.7829504      0.100800000    
   10.7996168      0.101499997    
   10.8162832      0.102200001    
   10.8329496      0.102899998    
   10.8496161      0.103600003    
   10.8662825      0.104300000    
   10.8829489      0.104999997    
   10.8996153      0.105700001    
   10.9162817      0.106399998    
   10.9329481      0.107000001    
   10.9496145      0.107699998    
   10.9662809      0.108400002    
   10.9829473      0.109099999    
   10.9996138      0.109700002    
   11.0162802      0.110399999    
   11.0329466      0.111000001    
   11.0496130      0.111699998    
   11.0662794      0.112300001    
   11.0829458      0.112999998    
   11.0996122      0.113600001    
   11.1162786      0.114100002    
   11.1329451      0.114900000    
   11.1496115      0.115500003    
   11.1662779      0.116099998    
   11.1829443      0.116700001    
   11.1996107      0.117299996    
   11.2162771      0.117899999    
   11.2329435      0.118500002    
   11.2496099      0.119099997    
   11.2662764      0.119700000    
   11.2829428      0.120300002    
   11.2996092      0.120800003    
   11.3162756      0.121399999    
   11.3329420      0.122000001    
   11.3496084      0.122599997    
   11.3662748      0.123099998    
   11.3829412      0.123700000    
   11.3996077      0.124200001    
   11.4162741      0.124700002    
   11.4329405      0.125300005    
   11.4496069      0.125799999    
   11.4662733      0.126300007    
   11.4829397      0.126800001    
   11.4996061      0.127299994    
   11.5162725      0.127800003    
   11.5329390      0.128299996    
   11.5496054      0.128800005    
   11.5662718      0.129299998    
   11.5829382      0.129800007    
   11.5996046      0.130199999    
   11.6162710      0.130700007    
   11.6329374      0.131200001    
   11.6496038      0.131600007    
   11.6662703      0.131999999    
   11.6829367      0.132499993    
   11.6996031      0.132900000    
   11.7162695      0.133300006    
   11.7329359      0.133699998    
   11.7496023      0.134100005    
   11.7662687      0.134499997    
   11.7829351      0.134900004    
   11.7996016      0.135299996    
   11.8162680      0.135700002    
   11.8329344      0.136000007    
   11.8496008      0.136299998    
   11.8662672      0.136700004    
   11.8829336      0.137099996    
   11.8996000      0.137400001    
   11.9162664      0.137700006    
   11.9329329      0.137999997    
   11.9495993      0.138300002    
   11.9662657      0.138699993    
   11.9829321      0.138999999    
   11.9995985      0.139300004    
   12.0162649      0.139500007    
   12.0329313      0.139799997    
   12.0495977      0.140100002    
   12.0662642      0.140300006    
   12.0829306      0.140400007    
   12.0995970      0.140799999    
   12.1162634      0.141000003    
   12.1329298      0.141299993    
   12.1495962      0.141499996    
   12.1662626      0.141700000    
   12.1829290      0.141900003    
   12.1995955      0.142100006    
   12.2162619      0.142199993    
   12.2329283      0.142399997    
   12.2495947      0.142600000    
   12.2662611      0.142700002    
   12.2829275      0.142900005    
   12.2995939      0.143000007    
   12.3162603      0.143099993    
   12.3329268      0.143299997    
   12.3495932      0.143399999    
   12.3662596      0.143500000    
   12.3829260      0.143500000    
   12.3995924      0.143600002    
   12.4162588      0.143700004    
   12.4329252      0.143800005    
   12.4495916      0.143900007    
   12.4662580      0.143900007    
   12.4829245      0.143999994    
   12.4995909      0.143999994    
   12.5162573      0.143999994    
   12.5329237      0.143999994    
   12.5495901      0.143999994    
   12.5662565      0.143999994    
   12.5829229      0.143999994    
   12.5995893      0.143999994    
   12.6162558      0.143999994    
   12.6329222      0.143900007    
   12.6495886      0.143900007    
   12.6662550      0.143800005    
   12.6829214      0.143800005    
   12.6995878      0.143700004    
   12.7162542      0.143600002    
   12.7329206      0.143500000    
   12.7495871      0.143399999    
   12.7662535      0.143299997    
   12.7829199      0.143199995    
   12.7995863      0.143099993    
   12.8162527      0.143000007    
   12.8329191      0.142800003    
   12.8495855      0.142700002    
   12.8662519      0.142499998    
   12.8829184      0.142299995    
   12.8995848      0.142199993    
   12.9162512      0.142000005    
   12.9329176      0.141700000    
   12.9495840      0.141599998    
   12.9662504      0.141399994    
   12.9829168      0.141200006    
   12.9995832      0.140900001    
   13.0162497      0.140699998    
   13.0329161      0.140400007    
   13.0495825      0.140200004    
   13.0662489      0.140000001    
   13.0829153      0.139699996    
   13.0995817      0.139400005    
   13.1162481      0.139100000    
   13.1329145      0.138799995    
   13.1495810      0.138500005    
   13.1662474      0.138200000    
   13.1829138      0.137899995    
   13.1995802      0.137600005    
   13.2162466      0.137300000    
   13.2329130      0.136899993    
   13.2495794      0.136600003    
   13.2662458      0.136199996    
   13.2829123      0.135900006    
   13.2995787      0.135499999    
   13.3162451      0.135100007    
   13.3329115      0.134700000    
   13.3495779      0.134399995    
   13.3662443      0.134000003    
   13.3829107      0.133499995    
   13.3995771      0.133100003    
   13.4162436      0.132699996    
   13.4329100      0.132300004    
   13.4495764      0.131799996    
   13.4662428      0.131400004    
   13.4829092      0.130999997    
   13.4995756      0.130500004    
   13.5162420      0.129999995    
   13.5329084      0.129600003    
   13.5495749      0.129099995    
   13.5662413      0.128600001    
   13.5829077      0.128099993    
   13.5995741      0.127599999    
   13.6162405      0.127100006    
   13.6329069      0.126599997    
   13.6495733      0.126100004    
   13.6662397      0.125599995    
   13.6829062      0.125100002    
   13.6995726      0.124499999    
   13.7162390      0.123999998    
   13.7329054      0.123400003    
   13.7495718      0.122900002    
   13.7662382      0.122299999    
   13.7829046      0.121699996    
   13.7995710      0.121200003    
   13.8162374      0.120600000    
   13.8329039      0.119999997    
   13.8495703      0.119499996    
   13.8662367      0.118900001    
   13.8829031      0.118299998    
   13.8995695      0.117700003    
   13.9162359      0.117100000    
   13.9329023      0.116400003    
   13.9495687      0.115800001    
   13.9662352      0.115199998    
   13.9829016      0.114600003    
   13.9995680      0.113899998    
   14.0162344      0.113300003    
   14.0329008      0.112700000    
   14.0495672      0.112000003    
   14.0662336      0.111400001    
   14.0829000      0.110699996    
   14.0995665      0.110100001    
   14.1162329      0.109399997    
   14.1328993      0.108700000    
   14.1495657      0.108099997    
   14.1662321      0.107400000    
   14.1828985      0.106700003    
   14.1995649      0.106100000    
   14.2162313      0.105400003    
   14.2328978      0.104699999    
   14.2495642      0.104000002    
   14.2662306      0.103299998    
   14.2828970      0.102600001    
   14.2995634      0.101899996    
   14.3162298      0.101199999    
   14.3328962      0.100500003    
   14.3495626       9.97999981E-02
   14.3662291       9.91199985E-02
   14.3828955       9.83799994E-02
   14.3995619       9.76900011E-02
   14.4162283       9.69699994E-02
   14.4328947       9.62599963E-02
   14.4495611       9.55199972E-02
   14.4662275       9.48100016E-02
   14.4828939       9.40899998E-02
   14.4995604       9.33599994E-02
   14.5162268       9.26299989E-02
   14.5328932       9.18999985E-02
   14.5495596       9.11699980E-02
   14.5662260       9.04299989E-02
   14.5828924       8.96999985E-02
   14.5995588       8.89699981E-02
   14.6162252       8.82200003E-02
   14.6328917       8.74899998E-02
   14.6495581       8.67400020E-02
   14.6662245       8.60100016E-02
   14.6828909       8.52700025E-02
   14.6995573       8.45300034E-02
   14.7162237       8.37799981E-02
   14.7328901       8.30399990E-02
   14.7495565       8.22999999E-02
   14.7662230       8.15500021E-02
   14.7828894       8.08100030E-02
   14.7995558       8.00699964E-02
   14.8162222       7.93199986E-02
   14.8328886       7.85799995E-02
   14.8495550       7.78400004E-02
   14.8662214       7.70900026E-02
   14.8828878       7.63500035E-02
   14.8995543       7.56099969E-02
   14.9162207       7.48599991E-02
   14.9328871       7.41200000E-02
   14.9495535       7.33800009E-02
   14.9662199       7.26400018E-02
   14.9828863       7.19000027E-02
   14.9995527       7.11600035E-02
   15.0162191       7.04199970E-02
   15.0328856       6.96899965E-02
   15.0495520       6.89499974E-02
   15.0662184       6.82199970E-02
   15.0828848       6.74899966E-02
   15.0995512       6.67499974E-02
   15.1162176       6.60300031E-02
   15.1328840       6.53000027E-02
   15.1495504       6.45700023E-02
   15.1662169       6.38500005E-02
   15.1828833       6.31200001E-02
   15.1995497       6.23999983E-02
   15.2162161       6.16899990E-02
   15.2328825       6.09700009E-02
   15.2495489       6.02600016E-02
   15.2662153       5.95399998E-02
   15.2828817       5.88399991E-02
   15.2995481       5.81299998E-02
   15.3162146       5.74200004E-02
   15.3328810       5.67199998E-02
   15.3495474       5.60199991E-02
   15.3662138       5.53300008E-02
   15.3828802       5.46300001E-02
   15.3995466       5.39399981E-02
   15.4162130       5.32599986E-02
   15.4328794       5.25700003E-02
   15.4495459       5.18900007E-02
   15.4662123       5.12100011E-02
   15.4828787       5.05400002E-02
   15.4995451       4.98699993E-02
   15.5162115       4.91999984E-02
   15.5328779       4.85399999E-02
   15.5495443       4.78800014E-02
   15.5662107       4.72199991E-02
   15.5828772       4.65699993E-02
   15.5995436       4.59199995E-02
   15.6162100       4.52699997E-02
   15.6328764       4.46299985E-02
   15.6495428       4.39900011E-02
   15.6662092       4.33599986E-02
   15.6828756       4.27299999E-02
   15.6995420       4.21000011E-02
   15.7162085       4.14800011E-02
   15.7328749       4.08600010E-02
   15.7495413       4.02499996E-02
   15.7662077       3.96399982E-02
   15.7828741       3.90300006E-02
   15.7995405       3.84300016E-02
   15.8162069       3.78400013E-02
   15.8328733       3.72500010E-02
   15.8495398       3.66600007E-02
   15.8662062       3.60799991E-02
   15.8828726       3.55000012E-02
   15.8995390       3.49299982E-02
   15.9162054       3.43599990E-02
   15.9328718       3.37899998E-02
   15.9495382       3.32400016E-02
   15.9662046       3.26800011E-02
   15.9828711       3.21299993E-02
   15.9995375       3.15899998E-02
   16.0162029       3.10500003E-02
   16.0328693       3.05100009E-02
   16.0495358       2.99900007E-02
   16.0662022       2.94599999E-02
   16.0828686       2.89399996E-02
   16.0995350       2.84299999E-02
   16.1162014       2.79200003E-02
   16.1328678       2.74100006E-02
   16.1495342       2.69099995E-02
   16.1662006       2.64199991E-02
   16.1828671       2.59300005E-02
   16.1995335       2.54500005E-02
   16.2161999       2.49700006E-02
   16.2328663       2.44999994E-02
   16.2495327       2.40300000E-02
   16.2661991       2.35699993E-02
   16.2828655       2.31100004E-02
   16.2995319       2.26600002E-02
   16.3161983       2.22100001E-02
   16.3328648       2.17700005E-02
   16.3495312       2.13300008E-02
   16.3661976       2.08999999E-02
   16.3828640       2.04700008E-02
   16.3995304       2.00500004E-02
   16.4161968       1.96400005E-02
   16.4328632       1.92200001E-02
   16.4495296       1.88200008E-02
   16.4661961       1.84199996E-02
   16.4828625       1.80300009E-02
   16.4995289       1.76400002E-02
   16.5161953       1.72499996E-02
   16.5328617       1.68699995E-02
   16.5495281       1.64999999E-02
   16.5661945       1.61300004E-02
   16.5828609       1.57699995E-02
   16.5995274       1.54100005E-02
   16.6161938       1.50600001E-02
   16.6328602       1.47099998E-02
   16.6495266       1.43600004E-02
   16.6661930       1.40300002E-02
   16.6828594       1.36900004E-02
   16.6995258       1.33699998E-02
   16.7161922       1.30399996E-02
   16.7328587       1.27299996E-02
   16.7495251       1.24100000E-02
   16.7661915       1.21099995E-02
   16.7828579       1.18000004E-02
   16.7995243       1.15000000E-02
   16.8161907       1.12100001E-02
   16.8328571       1.09200003E-02
   16.8495235       1.06400000E-02
   16.8661900       1.03599997E-02
   16.8828564       1.00900000E-02
   16.8995228       9.81699955E-03
   16.9161892       9.55200009E-03
   16.9328556       9.29199997E-03
   16.9495220       9.03700013E-03
   16.9661884       8.78600031E-03
   16.9828548       8.53899959E-03
   16.9995213       8.29700008E-03
   17.0161877       8.05999991E-03
   17.0328541       7.82600045E-03
   17.0495205       7.59699987E-03
   17.0661869       7.37300003E-03
   17.0828533       7.15199998E-03
   17.0995197       6.93600019E-03
   17.1161861       6.72500022E-03
   17.1328526       6.51700003E-03
   17.1495190       6.31299987E-03
   17.1661854       6.11300021E-03
   17.1828518       5.91799989E-03
   17.1995182       5.72599983E-03
   17.2161846       5.53799979E-03
   17.2328510       5.35399979E-03
   17.2495174       5.17399982E-03
   17.2661839       4.99799987E-03
   17.2828503       4.82500019E-03
   17.2995167       4.65699984E-03
   17.3161831       4.49200021E-03
   17.3328495       4.32999991E-03
   17.3495159       4.17200010E-03
   17.3661823       4.01700009E-03
   17.3828487       3.86600010E-03
   17.3995152       3.71899991E-03
   17.4161816       3.57399997E-03
   17.4328480       3.43300006E-03
   17.4495144       3.29499994E-03
   17.4661808       3.16100009E-03
   17.4828472       3.03000002E-03
   17.4995136       2.90199998E-03
   17.5161800       2.77699996E-03
   17.5328465       2.65499996E-03
   17.5495129       2.53599999E-03
   17.5661793       2.42000003E-03
   17.5828457       2.30800011E-03
   17.5995121       2.19799997E-03
   17.6161785       2.09100009E-03
   17.6328449       1.98700000E-03
   17.6495113       1.88600004E-03
   17.6661777       1.78699999E-03
   17.6828442       1.69199996E-03
   17.6995106       1.59899995E-03
   17.7161770       1.50899997E-03
   17.7328434       1.42200000E-03
   17.7495098       1.33700005E-03
   17.7661762       1.25600002E-03
   17.7828426       1.17599999E-03
   17.7995090       1.09999999E-03
   17.8161755       1.02600001E-03
   17.8328419       9.54899995E-04
   17.8495083       8.86499998E-04
   17.8661747       8.21000023E-04
   17.8828411       7.58000009E-04
   17.8995075       6.97900017E-04
   17.9161739       6.40499988E-04
   17.9328403       5.86099981E-04
   17.9495068       5.34799998E-04
   17.9661732       4.87100013E-04
   17.9828396       4.33200010E-04
   17.9995060       3.84000014E-04
   18.0161724       3.43099993E-04
   18.0328388       3.08699993E-04
   18.0495052       2.75700004E-04
   18.0661716       2.39400004E-04
   18.0828381       2.10200000E-04
   18.0995045       1.83600001E-04
   18.1161709       1.57000002E-04
   18.1328373       1.34300004E-04
   18.1495037       1.14299997E-04
   18.1661701       9.65900035E-05
   18.1828365       8.12099970E-05
   18.1995029       6.80700032E-05
   18.2161694       5.62700006E-05
   18.2328358       4.57999995E-05
   18.2495022       3.78500008E-05
   18.2661686       3.00800002E-05
   18.2828350       2.38899993E-05
   18.2995014       1.89300008E-05
   18.3161678       1.49300004E-05
   18.3328342       1.15100001E-05
   18.3495007       8.66200025E-06
   18.3661671       6.44800002E-06
   18.3828335       4.74499984E-06
   18.3994999       3.42799990E-06
   18.4161663       2.31900003E-06
   18.4328327       1.53600001E-06
   18.4494991       9.48399986E-07
   18.4661655       5.55399993E-07
   18.4828320       3.14400012E-07
   18.4994984       1.70600003E-07
   18.5161648       8.39900025E-08
   18.5328312       3.29199992E-08
   18.5494976       8.64099992E-09
   18.5661640       8.22300006E-10
   18.5828304       8.50000018E-12
   18.5994968       5.27599984E-14
   18.6161633       1.05299999E-16
   18.6328297       4.44799992E-20
   18.6494961       5.07300001E-27
   18.6661625       0.00000000    
   18.6828289       0.00000000    
   18.6994953       0.00000000    
   18.7161617       0.00000000    
   18.7328281       0.00000000    
   18.7494946       0.00000000    
   18.7661610       0.00000000    
   18.7828274       0.00000000    
   18.7994938       0.00000000    
   18.8161602       0.00000000    
   18.8328266       0.00000000    
   18.8494930       0.00000000    
   18.8661594       0.00000000    
   18.8828259       0.00000000    
   18.8994923       0.00000000    
   18.9161587       0.00000000    
   18.9328251       0.00000000    
   18.9494915       0.00000000    
   18.9661579       0.00000000    
   18.9828243       0.00000000    
   18.9994907       0.00000000    
   19.0161572       0.00000000    
   19.0328236       0.00000000    
   19.0494900       0.00000000    
   19.0661564       0.00000000    
   19.0828228       0.00000000    
   19.0994892       0.00000000    
   19.1161556       0.00000000    
   19.1328220       0.00000000    
   19.1494884       0.00000000    
   19.1661549       0.00000000    
   19.1828213       0.00000000    
   19.1994877       0.00000000    
   19.2161541       0.00000000    
   19.2328205       0.00000000    
   19.2494869       0.00000000    
   19.2661533       0.00000000    
   19.2828197       0.00000000    
   19.2994862       0.00000000    
   19.3161526       0.00000000    
   19.3328190       0.00000000    
   19.3494854       0.00000000    
   19.3661518       0.00000000    
   19.3828182       0.00000000    
   19.3994846       0.00000000    
   19.4161510       0.00000000    
   19.4328175       0.00000000    
   19.4494839       0.00000000    
   19.4661503       0.00000000    
   19.4828167       0.00000000    
   19.4994831       0.00000000    
   19.5161495       0.00000000    
   19.5328159       0.00000000    
   19.5494823       0.00000000    
   19.5661488       0.00000000    
   19.5828152       0.00000000    
   19.5994816       0.00000000    
   19.6161480       0.00000000    
   19.6328144       0.00000000    
   19.6494808       0.00000000    
   19.6661472       0.00000000    
   19.6828136       0.00000000    
   19.6994801       0.00000000    
   19.7161465       0.00000000    
   19.7328129       0.00000000    
   19.7494793       0.00000000    
   19.7661457       0.00000000    
   19.7828121       0.00000000    
   19.7994785       0.00000000    
   19.8161449       0.00000000    
   19.8328114       0.00000000    
   19.8494778       0.00000000    
   19.8661442       0.00000000    
   19.8828106       0.00000000    
   19.8994770       0.00000000    
   19.9161434       0.00000000    
   19.9328098       0.00000000    
   19.9494762       0.00000000    
   19.9661427       0.00000000    
   19.9828091       0.00000000    
   19.9994755       0.00000000    
   20.0161419       0.00000000    
   20.0328083       0.00000000    
   20.0494747       0.00000000    
   20.0661411       0.00000000    
   20.0828075       0.00000000    
   20.0994740       0.00000000    
   20.1161404       0.00000000    
   20.1328068       0.00000000    
   20.1494732       0.00000000    
   20.1661396       0.00000000    
   20.1828060       0.00000000    
   20.1994724       0.00000000    
   20.2161388       0.00000000    
   20.2328053       0.00000000    
   20.2494717       0.00000000    
   20.2661381       0.00000000    
   20.2828045       0.00000000    
   20.2994709       0.00000000    
   20.3161373       0.00000000    
   20.3328037       0.00000000    
   20.3494701       0.00000000    
   20.3661366       0.00000000    
   20.3828030       0.00000000    
   20.3994694       0.00000000    
   20.4161358       0.00000000    
   20.4328022       0.00000000    
   20.4494686       0.00000000    
   20.4661350       0.00000000    
   20.4828014       0.00000000    
   20.4994678       0.00000000    
   20.5161343       0.00000000    
   20.5328007       0.00000000    
   20.5494671       0.00000000    
   20.5661335       0.00000000    
   20.5827999       0.00000000    
   20.5994663       0.00000000    
   20.6161327       0.00000000    
   20.6327991       0.00000000    
   20.6494656       0.00000000    
   20.6661320       0.00000000    
   20.6827984       0.00000000    
   20.6994648       0.00000000    
   20.7161312       0.00000000    
   20.7327976       0.00000000    
   20.7494640       0.00000000    
   20.7661304       0.00000000    
   20.7827969       0.00000000    
   20.7994633       0.00000000    
   20.8161297       0.00000000    
   20.8327961       0.00000000    
   20.8494625       0.00000000    
   20.8661289       0.00000000    
   20.8827953       0.00000000    
   20.8994617       0.00000000    
   20.9161282       0.00000000    
   20.9327946       0.00000000    
   20.9494610       0.00000000    
   20.9661274       0.00000000    
   20.9827938       0.00000000    
   20.9994602       0.00000000    
   21.0161266       0.00000000    
   21.0327930       0.00000000    
   21.0494595       0.00000000    
   21.0661259       0.00000000    
   21.0827923       0.00000000    
   21.0994587       0.00000000    
   21.1161251       0.00000000    
   21.1327915       0.00000000    
   21.1494579       0.00000000    
   21.1661243       0.00000000    
   21.1827908       0.00000000    
   21.1994572       0.00000000    
   21.2161236       0.00000000    
   21.2327900       0.00000000    
   21.2494564       0.00000000    
   21.2661228       0.00000000    
   21.2827892       0.00000000    
   21.2994556       0.00000000    
   21.3161221       0.00000000    
   21.3327885       0.00000000    
   21.3494549       0.00000000    
   21.3661213       0.00000000    
   21.3827877       0.00000000    
   21.3994541       0.00000000    
   21.4161205       0.00000000    
   21.4327869       0.00000000    
   21.4494534       0.00000000    
   21.4661198       0.00000000    
   21.4827862       0.00000000    
   21.4994526       0.00000000    
   21.5161190       0.00000000    
   21.5327854       0.00000000    
   21.5494518       0.00000000    
   21.5661182       0.00000000    
   21.5827847       0.00000000    
   21.5994511       0.00000000    
   21.6161175       0.00000000    
   21.6327839       0.00000000    
   21.6494503       0.00000000    
   21.6661167       0.00000000    
   21.6827831       0.00000000    
   21.6994495       0.00000000    
   21.7161160       0.00000000    
   21.7327824       0.00000000    
   21.7494488       0.00000000    
   21.7661152       0.00000000    
   21.7827816       0.00000000    
   21.7994480       0.00000000    
   21.8161144       0.00000000    
   21.8327808       0.00000000    
   21.8494473       0.00000000    
   21.8661137       0.00000000    
   21.8827801       0.00000000    
   21.8994465       0.00000000    
   21.9161129       0.00000000    
   21.9327793       0.00000000    
   21.9494457       0.00000000    
   21.9661121       0.00000000    
   21.9827785       0.00000000    
   21.9994450       0.00000000    
   22.0161114       0.00000000    
   22.0327778       0.00000000    
   22.0494442       0.00000000    
   22.0661106       0.00000000    
   22.0827770       0.00000000    
   22.0994434       0.00000000    
   22.1161098       0.00000000    
   22.1327763       0.00000000    
   22.1494427       0.00000000    
   22.1661091       0.00000000    
   22.1827755       0.00000000    
   22.1994419       0.00000000    
   22.2161083       0.00000000    
   22.2327747       0.00000000    
   22.2494411       0.00000000    
   22.2661076       0.00000000    
   22.2827740       0.00000000    
   22.2994404       0.00000000    
   22.3161068       0.00000000    
   22.3327732       0.00000000    
   22.3494396       0.00000000    
   22.3661060       0.00000000    
   22.3827724       0.00000000    
   22.3994389       0.00000000    
   22.4161053       0.00000000    
   22.4327717       0.00000000    
   22.4494381       0.00000000    
   22.4661045       0.00000000    
   22.4827709       0.00000000    
   22.4994373       0.00000000    
   22.5161037       0.00000000    
   22.5327702       0.00000000    
   22.5494366       0.00000000    
   22.5661030       0.00000000    
   22.5827694       0.00000000    
   22.5994358       0.00000000    
   22.6161022       0.00000000    
   22.6327686       0.00000000    
   22.6494350       0.00000000    
   22.6661015       0.00000000    
   22.6827679       0.00000000    
   22.6994343       0.00000000    
   22.7161007       0.00000000    
   22.7327671       0.00000000    
   22.7494335       0.00000000    
   22.7660999       0.00000000    
   22.7827663       0.00000000    
   22.7994328       0.00000000    
   22.8160992       0.00000000    
   22.8327656       0.00000000    
   22.8494320       0.00000000    
   22.8660984       0.00000000    
   22.8827648       0.00000000    
   22.8994312       0.00000000    
   22.9160976       0.00000000    
   22.9327641       0.00000000    
   22.9494305       0.00000000    
   22.9660969       0.00000000    
   22.9827633       0.00000000    
   22.9994297       0.00000000    
   23.0160961       0.00000000    
   23.0327625       0.00000000    
   23.0494289       0.00000000    
   23.0660954       0.00000000    
   23.0827618       0.00000000    
   23.0994282       0.00000000    
   23.1160946       0.00000000    
   23.1327610       0.00000000    
   23.1494274       0.00000000    
   23.1660938       0.00000000    
   23.1827602       0.00000000    
   23.1994267       0.00000000    
   23.2160931       0.00000000    
   23.2327595       0.00000000    
   23.2494259       0.00000000    
   23.2660923       0.00000000    
   23.2827587       0.00000000    
   23.2994251       0.00000000    
   23.3160915       0.00000000    
   23.3327579       0.00000000    
   23.3494244       0.00000000    
   23.3660908       0.00000000    
   23.3827572       0.00000000    
   23.3994236       0.00000000    
   23.4160900       0.00000000    
   23.4327564       0.00000000    
   23.4494228       0.00000000    
   23.4660892       0.00000000    
   23.4827557       0.00000000    
   23.4994221       0.00000000    
   23.5160885       0.00000000    
   23.5327549       0.00000000    
   23.5494213       0.00000000    
   23.5660877       0.00000000    
   23.5827541       0.00000000    
   23.5994205       0.00000000    
   23.6160870       0.00000000    
   23.6327534       0.00000000    
   23.6494198       0.00000000    
   23.6660862       0.00000000    
   23.6827526       0.00000000    
   23.6994190       0.00000000    
   23.7160854       0.00000000    
   23.7327518       0.00000000    
   23.7494183       0.00000000    
   23.7660847       0.00000000    
   23.7827511       0.00000000    
   23.7994175       0.00000000    
   23.8160839       0.00000000    
   23.8327503       0.00000000    
   23.8494167       0.00000000    
   23.8660831       0.00000000    
   23.8827496       0.00000000    
   23.8994160       0.00000000    
   23.9160824       0.00000000    
   23.9327488       0.00000000    
   23.9494152       0.00000000    
   23.9660816       0.00000000    
   23.9827480       0.00000000    
