   0.00000000       0.00000000    
   1.66660007E-02   0.00000000    
   3.33320014E-02   0.00000000    
   4.99980003E-02   0.00000000    
   6.66640028E-02   0.00000000    
   8.33300054E-02   0.00000000    
   9.99960080E-02   0.00000000    
  0.116662011       0.00000000    
  0.133328006       0.00000000    
  0.149994001       0.00000000    
  0.166659996       0.00000000    
  0.183325991       0.00000000    
  0.199991986       0.00000000    
  0.216657981       0.00000000    
  0.233323976       0.00000000    
  0.249989972       0.00000000    
  0.266655982       0.00000000    
  0.283321977       0.00000000    
  0.299987972       0.00000000    
  0.316653967       0.00000000    
  0.333319962       0.00000000    
  0.349985957       0.00000000    
  0.366651952       0.00000000    
  0.383317947       0.00000000    
  0.399983943       0.00000000    
  0.416649938       0.00000000    
  0.433315933       0.00000000    
  0.449981928       0.00000000    
  0.466647923       0.00000000    
  0.483313918       0.00000000    
  0.499979913       0.00000000    
  0.516645908       0.00000000    
  0.533311903       0.00000000    
  0.549977899       0.00000000    
  0.566643894       0.00000000    
  0.583309889       0.00000000    
  0.599975884       0.00000000    
  0.616641879       0.00000000    
  0.633307874       0.00000000    
  0.649973869       0.00000000    
  0.666639864       0.00000000    
  0.683305860       0.00000000    
  0.699971855       0.00000000    
  0.716637850       0.00000000    
  0.733303845       0.00000000    
  0.749969840       0.00000000    
  0.766635835       0.00000000    
  0.783301830       0.00000000    
  0.799967825       0.00000000    
  0.816633821       0.00000000    
  0.833299816       0.00000000    
  0.849965811       0.00000000    
  0.866631806       0.00000000    
  0.883297801       0.00000000    
  0.899963796       0.00000000    
  0.916629791       0.00000000    
  0.933295786       0.00000000    
  0.949961782       0.00000000    
  0.966627777       0.00000000    
  0.983293772       0.00000000    
  0.999959767       0.00000000    
   1.01662576       0.00000000    
   1.03329182       0.00000000    
   1.04995787       0.00000000    
   1.06662393       0.00000000    
   1.08328998       0.00000000    
   1.09995604       0.00000000    
   1.11662209       0.00000000    
   1.13328815       0.00000000    
   1.14995420       0.00000000    
   1.16662025       0.00000000    
   1.18328631       0.00000000    
   1.19995236       0.00000000    
   1.21661842       0.00000000    
   1.23328447       0.00000000    
   1.24995053       0.00000000    
   1.26661658       0.00000000    
   1.28328264       0.00000000    
   1.29994869       0.00000000    
   1.31661475       0.00000000    
   1.33328080       0.00000000    
   1.34994686       0.00000000    
   1.36661291       0.00000000    
   1.38327897       0.00000000    
   1.39994502       0.00000000    
   1.41661108       0.00000000    
   1.43327713       0.00000000    
   1.44994318       0.00000000    
   1.46660924       0.00000000    
   1.48327529       0.00000000    
   1.49994135       0.00000000    
   1.51660740       0.00000000    
   1.53327346       0.00000000    
   1.54993951       0.00000000    
   1.56660557       0.00000000    
   1.58327162       0.00000000    
   1.59993768       0.00000000    
   1.61660373       0.00000000    
   1.63326979       0.00000000    
   1.64993584       0.00000000    
   1.66660190       0.00000000    
   1.68326795       0.00000000    
   1.69993401       0.00000000    
   1.71660006       0.00000000    
   1.73326612       0.00000000    
   1.74993217       0.00000000    
   1.76659822       0.00000000    
   1.78326428       0.00000000    
   1.79993033       0.00000000    
   1.81659639       0.00000000    
   1.83326244       0.00000000    
   1.84992850       0.00000000    
   1.86659455       0.00000000    
   1.88326061       0.00000000    
   1.89992666       0.00000000    
   1.91659272       0.00000000    
   1.93325877       0.00000000    
   1.94992483       0.00000000    
   1.96659088       0.00000000    
   1.98325694       0.00000000    
   1.99992299       0.00000000    
   2.01658893       0.00000000    
   2.03325486       0.00000000    
   2.04992080       0.00000000    
   2.06658673       0.00000000    
   2.08325267       0.00000000    
   2.09991860       0.00000000    
   2.11658454       0.00000000    
   2.13325047       0.00000000    
   2.14991641       0.00000000    
   2.16658235       0.00000000    
   2.18324828       0.00000000    
   2.19991422       0.00000000    
   2.21658015       0.00000000    
   2.23324609       0.00000000    
   2.24991202       0.00000000    
   2.26657796       0.00000000    
   2.28324389       0.00000000    
   2.29990983       0.00000000    
   2.31657577       0.00000000    
   2.33324170       0.00000000    
   2.34990764       0.00000000    
   2.36657357       0.00000000    
   2.38323951       0.00000000    
   2.39990544       0.00000000    
   2.41657138       0.00000000    
   2.43323731       0.00000000    
   2.44990325       0.00000000    
   2.46656919       0.00000000    
   2.48323512       0.00000000    
   2.49990106       0.00000000    
   2.51656699       0.00000000    
   2.53323293       0.00000000    
   2.54989886       0.00000000    
   2.56656480       0.00000000    
   2.58323073       0.00000000    
   2.59989667       0.00000000    
   2.61656260       0.00000000    
   2.63322854       0.00000000    
   2.64989448       0.00000000    
   2.66656041       0.00000000    
   2.68322635       0.00000000    
   2.69989228       0.00000000    
   2.71655822       0.00000000    
   2.73322415       0.00000000    
   2.74989009       0.00000000    
   2.76655602       0.00000000    
   2.78322196       0.00000000    
   2.79988790       0.00000000    
   2.81655383       0.00000000    
   2.83321977       0.00000000    
   2.84988570       0.00000000    
   2.86655164       0.00000000    
   2.88321757       0.00000000    
   2.89988351       0.00000000    
   2.91654944       0.00000000    
   2.93321538       0.00000000    
   2.94988132       0.00000000    
   2.96654725       0.00000000    
   2.98321319       0.00000000    
   2.99987912       0.00000000    
   3.01654506       0.00000000    
   3.03321099       0.00000000    
   3.04987693       0.00000000    
   3.06654286       0.00000000    
   3.08320880       0.00000000    
   3.09987473       0.00000000    
   3.11654067       0.00000000    
   3.13320661       0.00000000    
   3.14987254       0.00000000    
   3.16653848       0.00000000    
   3.18320441       0.00000000    
   3.19987035       0.00000000    
   3.21653628       0.00000000    
   3.23320222       0.00000000    
   3.24986815       0.00000000    
   3.26653409       0.00000000    
   3.28320003       0.00000000    
   3.29986596       0.00000000    
   3.31653190       0.00000000    
   3.33319783       0.00000000    
   3.34986377       0.00000000    
   3.36652970       0.00000000    
   3.38319564       0.00000000    
   3.39986157       0.00000000    
   3.41652751       0.00000000    
   3.43319345       0.00000000    
   3.44985938       0.00000000    
   3.46652532       0.00000000    
   3.48319125       0.00000000    
   3.49985719       0.00000000    
   3.51652312       0.00000000    
   3.53318906       0.00000000    
   3.54985499       0.00000000    
   3.56652093       0.00000000    
   3.58318686       0.00000000    
   3.59985280       0.00000000    
   3.61651874       0.00000000    
   3.63318467       0.00000000    
   3.64985061       0.00000000    
   3.66651654       0.00000000    
   3.68318248       0.00000000    
   3.69984841       0.00000000    
   3.71651435       0.00000000    
   3.73318028       0.00000000    
   3.74984622       0.00000000    
   3.76651216       0.00000000    
   3.78317809       0.00000000    
   3.79984403       0.00000000    
   3.81650996       0.00000000    
   3.83317590       0.00000000    
   3.84984183       0.00000000    
   3.86650777       0.00000000    
   3.88317370       0.00000000    
   3.89983964       0.00000000    
   3.91650558       0.00000000    
   3.93317151       0.00000000    
   3.94983745       0.00000000    
   3.96650338       0.00000000    
   3.98316932       0.00000000    
   3.99983525       0.00000000    
   4.01650143       0.00000000    
   4.03316736       0.00000000    
   4.04983330       0.00000000    
   4.06649923       0.00000000    
   4.08316517       0.00000000    
   4.09983110       0.00000000    
   4.11649704       0.00000000    
   4.13316298       0.00000000    
   4.14982891       0.00000000    
   4.16649485       0.00000000    
   4.18316078       0.00000000    
   4.19982672       0.00000000    
   4.21649265       0.00000000    
   4.23315859       0.00000000    
   4.24982452       0.00000000    
   4.26649046       0.00000000    
   4.28315639       0.00000000    
   4.29982233       0.00000000    
   4.31648827       0.00000000    
   4.33315420       0.00000000    
   4.34982014       0.00000000    
   4.36648607       0.00000000    
   4.38315201       0.00000000    
   4.39981794       0.00000000    
   4.41648388       0.00000000    
   4.43314981       0.00000000    
   4.44981575       0.00000000    
   4.46648169       0.00000000    
   4.48314762       0.00000000    
   4.49981356       0.00000000    
   4.51647949       0.00000000    
   4.53314543       0.00000000    
   4.54981136       0.00000000    
   4.56647730       0.00000000    
   4.58314323       0.00000000    
   4.59980917       0.00000000    
   4.61647511       0.00000000    
   4.63314104       0.00000000    
   4.64980698       0.00000000    
   4.66647291       0.00000000    
   4.68313885       0.00000000    
   4.69980478       0.00000000    
   4.71647072       0.00000000    
   4.73313665       0.00000000    
   4.74980259       0.00000000    
   4.76646852       0.00000000    
   4.78313446       0.00000000    
   4.79980040       0.00000000    
   4.81646633       0.00000000    
   4.83313227       0.00000000    
   4.84979820       0.00000000    
   4.86646414       0.00000000    
   4.88313007       0.00000000    
   4.89979601       0.00000000    
   4.91646194       0.00000000    
   4.93312788       0.00000000    
   4.94979382       0.00000000    
   4.96645975       0.00000000    
   4.98312569       0.00000000    
   4.99979162       0.00000000    
   5.01645756       0.00000000    
   5.03312349       0.00000000    
   5.04978943       0.00000000    
   5.06645536       0.00000000    
   5.08312130       0.00000000    
   5.09978724       0.00000000    
   5.11645317       0.00000000    
   5.13311911       0.00000000    
   5.14978504       0.00000000    
   5.16645098       0.00000000    
   5.18311691       0.00000000    
   5.19978285       0.00000000    
   5.21644878       0.00000000    
   5.23311472       0.00000000    
   5.24978065       0.00000000    
   5.26644659       0.00000000    
   5.28311253       0.00000000    
   5.29977846       0.00000000    
   5.31644440       0.00000000    
   5.33311033       0.00000000    
   5.34977627       0.00000000    
   5.36644220       0.00000000    
   5.38310814       0.00000000    
   5.39977407       0.00000000    
   5.41644001       4.28600002E-24
   5.43310595       5.09300015E-19
   5.44977188       6.25700009E-16
   5.46643782       2.07700000E-13
   5.48310375       2.83299998E-11
   5.49976969       1.49000001E-09
   5.51643562       1.08600000E-08
   5.53310156       3.84799996E-08
   5.54976749       9.35299980E-08
   5.56643343       1.82500003E-07
   5.58309937       3.30599988E-07
   5.59976530       5.65200025E-07
   5.61643124       9.38100015E-07
   5.63309717       1.50599999E-06
   5.64976311       2.27900000E-06
   5.66642904       3.29299996E-06
   5.68309498       4.58000022E-06
   5.69976091       6.32999991E-06
   5.71642685       8.39400036E-06
   5.73309278       1.10100000E-05
   5.74975872       1.42800000E-05
   5.76642466       1.83699995E-05
   5.78309059       2.34599993E-05
   5.79975653       2.89899999E-05
   5.81642246       3.61999992E-05
   5.83308840       4.45799997E-05
   5.84975433       5.46099982E-05
   5.86642027       6.57499986E-05
   5.88308620       7.93200015E-05
   5.89975214       9.64299979E-05
   5.91641808       1.14199996E-04
   5.93308401       1.33299996E-04
   5.94974995       1.53899993E-04
   5.96641588       1.78600007E-04
   5.98308182       2.08600002E-04
   5.99974775       2.34799998E-04
   6.01641369       2.72000005E-04
   6.03307962       3.02100001E-04
   6.04974556       3.38399987E-04
   6.06641150       3.81999998E-04
   6.08307743       4.34699992E-04
   6.09974337       4.80299990E-04
   6.11640930       5.28500008E-04
   6.13307524       5.79899992E-04
   6.14974117       6.34399999E-04
   6.16640711       6.91800029E-04
   6.18307304       7.52100023E-04
   6.19973898       8.15099978E-04
   6.21640491       8.81000014E-04
   6.23307085       9.49600013E-04
   6.24973679       1.02099997E-03
   6.26640272       1.09499996E-03
   6.28306866       1.17199996E-03
   6.29973459       1.25199999E-03
   6.31640053       1.33500004E-03
   6.33306646       1.42099999E-03
   6.34973240       1.50899997E-03
   6.36639833       1.59999996E-03
   6.38306427       1.69499998E-03
   6.39973021       1.79200002E-03
   6.41639614       1.89299998E-03
   6.43306208       1.99600006E-03
   6.44972801       2.10299995E-03
   6.46639395       2.21300009E-03
   6.48305988       2.32600002E-03
   6.49972582       2.44199997E-03
   6.51639175       2.56199995E-03
   6.53305769       2.68499996E-03
   6.54972363       2.81099998E-03
   6.56638956       2.94100004E-03
   6.58305550       3.07499990E-03
   6.59972143       3.21200001E-03
   6.61638737       3.35299992E-03
   6.63305330       3.49700009E-03
   6.64971924       3.64600006E-03
   6.66638517       3.79800005E-03
   6.68305111       3.95399984E-03
   6.69971704       4.11400013E-03
   6.71638298       4.27900022E-03
   6.73304892       4.44700010E-03
   6.74971485       4.61999979E-03
   6.76638079       4.79699997E-03
   6.78304672       4.97800019E-03
   6.79971266       5.16400021E-03
   6.81637859       5.35500003E-03
   6.83304453       5.54999989E-03
   6.84971046       5.74899977E-03
   6.86637640       5.95400017E-03
   6.88304234       6.16300013E-03
   6.89970827       6.37699990E-03
   6.91637421       6.59599993E-03
   6.93304014       6.82100002E-03
   6.94970608       7.05000013E-03
   6.96637201       7.28400005E-03
   6.98303795       7.52400002E-03
   6.99970388       7.76899979E-03
   7.01636982       8.01999960E-03
   7.03303576       8.27599969E-03
   7.04970169       8.53800029E-03
   7.06636763       8.80500022E-03
   7.08303356       9.07799974E-03
   7.09969950       9.35699977E-03
   7.11636543       9.64200031E-03
   7.13303137       9.93300043E-03
   7.14969730       1.02300001E-02
   7.16636324       1.05299996E-02
   7.18302917       1.08399997E-02
   7.19969511       1.11600002E-02
   7.21636105       1.14799999E-02
   7.23302698       1.18100001E-02
   7.24969292       1.21400002E-02
   7.26635885       1.24800000E-02
   7.28302479       1.28300004E-02
   7.29969072       1.31900003E-02
   7.31635666       1.35500003E-02
   7.33302259       1.39100002E-02
   7.34968853       1.42900003E-02
   7.36635447       1.46700004E-02
   7.38302040       1.50600001E-02
   7.39968634       1.54600004E-02
   7.41635227       1.58600006E-02
   7.43301821       1.62700005E-02
   7.44968414       1.66900009E-02
   7.46635008       1.71099994E-02
   7.48301601       1.75500009E-02
   7.49968195       1.79900005E-02
   7.51634789       1.84300002E-02
   7.53301382       1.88900009E-02
   7.54967976       1.93499997E-02
   7.56634569       1.98199991E-02
   7.58301163       2.03000009E-02
   7.59967756       2.07800008E-02
   7.61634350       2.12800000E-02
   7.63300943       2.17799991E-02
   7.64967537       2.22900007E-02
   7.66634130       2.28100009E-02
   7.68300724       2.33299993E-02
   7.69967318       2.38700006E-02
   7.71633911       2.44100001E-02
   7.73300505       2.49600001E-02
   7.74967098       2.55200006E-02
   7.76633692       2.60799993E-02
   7.78300285       2.66600009E-02
   7.79966879       2.72400007E-02
   7.81633472       2.78299991E-02
   7.83300066       2.84299999E-02
   7.84966660       2.90399995E-02
   7.86633253       2.96500009E-02
   7.88299847       3.02799996E-02
   7.89966440       3.09100002E-02
   7.91633034       3.15500014E-02
   7.93299627       3.22099999E-02
   7.94966221       3.28599997E-02
   7.96632814       3.35300006E-02
   7.98299408       3.42100002E-02
   7.99966002       3.48899998E-02
   8.01632595       3.55800018E-02
   8.03299236       3.62900011E-02
   8.04965878       3.70000005E-02
   8.06632519       3.77199985E-02
   8.08299160       3.84400003E-02
   8.09965801       3.91799994E-02
   8.11632442       3.99199985E-02
   8.13299084       4.06799987E-02
   8.14965725       4.14399989E-02
   8.16632366       4.22100015E-02
   8.18299007       4.29899991E-02
   8.19965649       4.37799990E-02
   8.21632290       4.45800014E-02
   8.23298931       4.53800000E-02
   8.24965572       4.61999997E-02
   8.26632214       4.70199995E-02
   8.28298855       4.78500016E-02
   8.29965496       4.86899987E-02
   8.31632137       4.95399982E-02
   8.33298779       5.03900014E-02
   8.34965420       5.12599982E-02
   8.36632061       5.21299988E-02
   8.38298702       5.30200005E-02
   8.39965343       5.39099984E-02
   8.41631985       5.48099987E-02
   8.43298626       5.57200015E-02
   8.44965267       5.66300005E-02
   8.46631908       5.75600006E-02
   8.48298550       5.84900007E-02
   8.49965191       5.94299994E-02
   8.51631832       6.03800006E-02
   8.53298473       6.13400005E-02
   8.54965115       6.23000003E-02
   8.56631756       6.32800013E-02
   8.58298397       6.42599985E-02
   8.59965038       6.52500018E-02
   8.61631680       6.62499964E-02
   8.63298321       6.72499985E-02
   8.64964962       6.82699978E-02
   8.66631603       6.92899972E-02
   8.68298244       7.03200027E-02
   8.69964886       7.13500008E-02
   8.71631527       7.24000037E-02
   8.73298168       7.34499991E-02
   8.74964809       7.45100006E-02
   8.76631451       7.55800009E-02
   8.78298092       7.66500011E-02
   8.79964733       7.77300000E-02
   8.81631374       7.88199976E-02
   8.83298016       7.99200013E-02
   8.84964657       8.10199976E-02
   8.86631298       8.21399987E-02
   8.88297939       8.32500011E-02
   8.89964581       8.43800008E-02
   8.91631222       8.55000019E-02
   8.93297863       8.66499990E-02
   8.94964504       8.77899975E-02
   8.96631145       8.89500007E-02
   8.98297787       9.01099965E-02
   8.99964428       9.12699997E-02
   9.01631069       9.24300030E-02
   9.03297710       9.36200023E-02
   9.04964352       9.48000029E-02
   9.06630993       9.60000008E-02
   9.08297634       9.71900001E-02
   9.09964275       9.83899981E-02
   9.11630917       9.96000022E-02
   9.13297558      0.100800000    
   9.14964199      0.101999998    
   9.16630840      0.103299998    
   9.18297482      0.104500003    
   9.19964123      0.105700001    
   9.21630764      0.107000001    
   9.23297405      0.108199999    
   9.24964046      0.109499998    
   9.26630688      0.110699996    
   9.28297329      0.112000003    
   9.29963970      0.113200001    
   9.31630611      0.114500001    
   9.33297253      0.115800001    
   9.34963894      0.117100000    
   9.36630535      0.118299998    
   9.38297176      0.119599998    
   9.39963818      0.120999999    
   9.41630459      0.122199997    
   9.43297100      0.123499997    
   9.44963741      0.124799997    
   9.46630383      0.126100004    
   9.48297024      0.127499998    
   9.49963665      0.128800005    
   9.51630306      0.130099997    
   9.53296947      0.131400004    
   9.54963589      0.132799998    
   9.56630230      0.134100005    
   9.58296871      0.135399997    
   9.59963512      0.136800006    
   9.61630154      0.138099998    
   9.63296795      0.139400005    
   9.64963436      0.140799999    
   9.66630077      0.142100006    
   9.68296719      0.143500000    
   9.69963360      0.144800007    
   9.71630001      0.146100000    
   9.73296642      0.147499993    
   9.74963284      0.148800001    
   9.76629925      0.150199994    
   9.78296566      0.151600003    
   9.79963207      0.152899995    
   9.81629848      0.154300004    
   9.83296490      0.155699998    
   9.84963131      0.157000005    
   9.86629772      0.158299997    
   9.88296413      0.159799993    
   9.89963055      0.161100000    
   9.91629696      0.162499994    
   9.93296337      0.163900003    
   9.94962978      0.165199995    
   9.96629620      0.166600004    
   9.98296261      0.167999998    
   9.99962902      0.169300005    
   10.0162954      0.170699999    
   10.0329618      0.172000006    
   10.0496283      0.173400000    
   10.0662947      0.174799994    
   10.0829611      0.176100001    
   10.0996275      0.177499995    
   10.1162939      0.178900003    
   10.1329603      0.180199996    
   10.1496267      0.181600004    
   10.1662931      0.182899997    
   10.1829596      0.184300005    
   10.1996260      0.185599998    
   10.2162924      0.187000006    
   10.2329588      0.188299999    
   10.2496252      0.189700007    
   10.2662916      0.191000000    
   10.2829580      0.192399994    
   10.2996244      0.193700001    
   10.3162909      0.194999993    
   10.3329573      0.196400002    
   10.3496237      0.197699994    
   10.3662901      0.199000001    
   10.3829565      0.200399995    
   10.3996229      0.201700002    
   10.4162893      0.202999994    
   10.4329557      0.204300001    
   10.4496222      0.205599993    
   10.4662886      0.206699997    
   10.4829550      0.208199993    
   10.4996214      0.209500000    
   10.5162878      0.210800007    
   10.5329542      0.212099999    
   10.5496206      0.213400006    
   10.5662870      0.214699998    
   10.5829535      0.215900004    
   10.5996199      0.217199996    
   10.6162863      0.218400002    
   10.6329527      0.219699994    
   10.6496191      0.221000001    
   10.6662855      0.222200006    
   10.6829519      0.223499998    
   10.6996183      0.224700004    
   10.7162848      0.225899994    
   10.7329512      0.227100000    
   10.7496176      0.228400007    
   10.7662840      0.229599997    
   10.7829504      0.230800003    
   10.7996168      0.231999993    
   10.8162832      0.233199999    
   10.8329496      0.234400004    
   10.8496161      0.235499993    
   10.8662825      0.236699998    
   10.8829489      0.237900004    
   10.8996153      0.238800004    
   10.9162817      0.240199998    
   10.9329481      0.241300002    
   10.9496145      0.242400005    
   10.9662809      0.243399993    
   10.9829473      0.244700000    
   10.9996138      0.245800003    
   11.0162802      0.246900007    
   11.0329466      0.247899994    
   11.0496130      0.249100000    
   11.0662794      0.250099987    
   11.0829458      0.251199991    
   11.0996122      0.252299994    
   11.1162786      0.253300011    
   11.1329451      0.254400015    
   11.1496115      0.255400002    
   11.1662779      0.256399989    
   11.1829443      0.257499993    
   11.1996107      0.258500010    
   11.2162771      0.259499997    
   11.2329435      0.260500014    
   11.2496099      0.261400014    
   11.2662764      0.262400001    
   11.2829428      0.263300002    
   11.2996092      0.264299989    
   11.3162756      0.265199989    
   11.3329420      0.266200006    
   11.3496084      0.267100006    
   11.3662748      0.268000007    
   11.3829412      0.268900007    
   11.3996077      0.269800007    
   11.4162741      0.270700008    
   11.4329405      0.271499991    
   11.4496069      0.272399992    
   11.4662733      0.273200005    
   11.4829397      0.274100006    
   11.4996061      0.274899989    
   11.5162725      0.275500000    
   11.5329390      0.276499987    
   11.5496054      0.277200013    
   11.5662718      0.277999997    
   11.5829382      0.278800011    
   11.5996046      0.279599994    
   11.6162710      0.280299991    
   11.6329374      0.280999988    
   11.6496038      0.281800002    
   11.6662703      0.282499999    
   11.6829367      0.283199996    
   11.6996031      0.283800006    
   11.7162695      0.284500003    
   11.7329359      0.285200000    
   11.7496023      0.285800010    
   11.7662687      0.286399990    
   11.7829351      0.287099987    
   11.7996016      0.287699997    
   11.8162680      0.288199991    
   11.8329344      0.288899988    
   11.8496008      0.289400011    
   11.8662672      0.289999992    
   11.8829336      0.290499985    
   11.8996000      0.290899992    
   11.9162664      0.291599989    
   11.9329329      0.292100012    
   11.9495993      0.292600006    
   11.9662657      0.293099999    
   11.9829321      0.293300003    
   11.9995985      0.294000000    
   12.0162649      0.294400007    
   12.0329313      0.294900000    
   12.0495977      0.295100003    
   12.0662642      0.295599997    
   12.0829306      0.296000004    
   12.0995970      0.296499997    
   12.1162634      0.296700001    
   12.1329298      0.297100008    
   12.1495962      0.297399998    
   12.1662626      0.297699988    
   12.1829290      0.298000008    
   12.1995955      0.298099995    
   12.2162619      0.298599988    
   12.2329283      0.298999995    
   12.2495947      0.299199998    
   12.2662611      0.299499989    
   12.2829275      0.299699992    
   12.2995939      0.299899995    
   12.3162603      0.300099999    
   12.3329268      0.300300002    
   12.3495932      0.300399989    
   12.3662596      0.300599992    
   12.3829260      0.300700009    
   12.3995924      0.300900012    
   12.4162588      0.300999999    
   12.4329252      0.301099986    
   12.4495916      0.301200002    
   12.4662580      0.301299989    
   12.4829245      0.301299989    
   12.4995909      0.301400006    
   12.5162573      0.301400006    
   12.5329237      0.301400006    
   12.5495901      0.301400006    
   12.5662565      0.301400006    
   12.5829229      0.301400006    
   12.5995893      0.301400006    
   12.6162558      0.301299989    
   12.6329222      0.301299989    
   12.6495886      0.301200002    
   12.6662550      0.301099986    
   12.6829214      0.300999999    
   12.6995878      0.300799996    
   12.7162542      0.300700009    
   12.7329206      0.300500005    
   12.7495871      0.300399989    
   12.7662535      0.300199986    
   12.7829199      0.300000012    
   12.7995863      0.299800009    
   12.8162527      0.299600005    
   12.8329191      0.299400002    
   12.8495855      0.299100012    
   12.8662519      0.298900008    
   12.8829184      0.298400015    
   12.8995848      0.298099995    
   12.9162512      0.298000008    
   12.9329176      0.297600001    
   12.9495840      0.297399998    
   12.9662504      0.296900004    
   12.9829168      0.296700001    
   12.9995832      0.296299994    
   13.0162497      0.295899987    
   13.0329161      0.295399994    
   13.0495825      0.295100003    
   13.0662489      0.294699997    
   13.0829153      0.294299990    
   13.0995817      0.293700010    
   13.1162481      0.293300003    
   13.1329145      0.292899996    
   13.1495810      0.292400002    
   13.1662474      0.291900009    
   13.1829138      0.291299999    
   13.1995802      0.290800005    
   13.2162466      0.290399998    
   13.2329130      0.289799988    
   13.2495794      0.289200008    
   13.2662458      0.288700014    
   13.2829123      0.287999988    
   13.2995787      0.287499994    
   13.3162451      0.286900014    
   13.3329115      0.286199987    
   13.3495779      0.285600007    
   13.3662443      0.284999996    
   13.3829107      0.284299999    
   13.3995771      0.283600003    
   13.4162436      0.282900006    
   13.4329100      0.282200009    
   13.4495764      0.281500012    
   13.4662428      0.280800015    
   13.4829092      0.280099988    
   13.4995756      0.279300004    
   13.5162420      0.278600007    
   13.5329084      0.277399987    
   13.5495749      0.276699990    
   13.5662413      0.276199996    
   13.5829077      0.275400013    
   13.5995741      0.274500012    
   13.6162405      0.273799986    
   13.6329069      0.272899985    
   13.6495733      0.272100002    
   13.6662397      0.271200001    
   13.6829062      0.270399988    
   13.6995726      0.269499987    
   13.7162390      0.268599987    
   13.7329054      0.267699987    
   13.7495718      0.266799986    
   13.7662382      0.265799999    
   13.7829046      0.264899999    
   13.7995710      0.263999999    
   13.8162374      0.263000011    
   13.8329039      0.262100011    
   13.8495703      0.261099994    
   13.8662367      0.260100007    
   13.8829031      0.259099990    
   13.8995695      0.258100003    
   13.9162359      0.257099986    
   13.9329023      0.256099999    
   13.9495687      0.255100012    
   13.9662352      0.254000008    
   13.9829016      0.252900004    
   13.9995680      0.251899987    
   14.0162344      0.250800014    
   14.0329008      0.249300003    
   14.0495672      0.248699993    
   14.0662336      0.247500002    
   14.0829000      0.246500000    
   14.0995665      0.245399997    
   14.1162329      0.244299993    
   14.1328993      0.243200004    
   14.1495657      0.241999999    
   14.1662321      0.240899995    
   14.1828985      0.239800006    
   14.1995649      0.238600001    
   14.2162313      0.237499997    
   14.2328978      0.236300007    
   14.2495642      0.235100001    
   14.2662306      0.233999997    
   14.2828970      0.232800007    
   14.2995634      0.231600001    
   14.3162298      0.230399996    
   14.3328962      0.229200006    
   14.3495626      0.228000000    
   14.3662291      0.226699993    
   14.3828955      0.225500003    
   14.3995619      0.224299997    
   14.4162283      0.223100007    
   14.4328947      0.221799999    
   14.4495611      0.220599994    
   14.4662275      0.219300002    
   14.4828939      0.217999995    
   14.4995604      0.216800004    
   14.5162268      0.215499997    
   14.5328932      0.214200005    
   14.5495596      0.212899998    
   14.5662260      0.211600006    
   14.5828924      0.210400000    
   14.5995588      0.209099993    
   14.6162252      0.207800001    
   14.6328917      0.206400007    
   14.6495581      0.205200002    
   14.6662245      0.203899994    
   14.6828909      0.202600002    
   14.6995573      0.201199993    
   14.7162237      0.199900001    
   14.7328901      0.198599994    
   14.7495565      0.197200000    
   14.7662230      0.195899993    
   14.7828894      0.194600001    
   14.7995558      0.193299994    
   14.8162222      0.191900000    
   14.8328886      0.190599993    
   14.8495550      0.189300001    
   14.8662214      0.187900007    
   14.8828878      0.186600000    
   14.8995543      0.185200006    
   14.9162207      0.183899999    
   14.9328871      0.182500005    
   14.9495535      0.181099996    
   14.9662199      0.179700002    
   14.9828863      0.178399995    
   14.9995527      0.177100003    
   15.0162191      0.175699994    
   15.0328856      0.174300000    
   15.0495520      0.172999993    
   15.0662184      0.171599999    
   15.0828848      0.170200005    
   15.0995512      0.168899998    
   15.1162176      0.167500004    
   15.1328840      0.166199997    
   15.1495504      0.164800003    
   15.1662169      0.163399994    
   15.1828833      0.162100002    
   15.1995497      0.160699993    
   15.2162161      0.159299999    
   15.2328825      0.158000007    
   15.2495489      0.156599998    
   15.2662153      0.155300006    
   15.2828817      0.153899997    
   15.2995481      0.152500004    
   15.3162146      0.151199996    
   15.3328810      0.149800003    
   15.3495474      0.148399994    
   15.3662138      0.147100002    
   15.3828802      0.145799994    
   15.3995466      0.144400001    
   15.4162130      0.143099993    
   15.4328794      0.141700000    
   15.4495459      0.140400007    
   15.4662123      0.138999999    
   15.4828787      0.137700006    
   15.4995451      0.136299998    
   15.5162115      0.135000005    
   15.5328779      0.133699998    
   15.5495443      0.132400006    
   15.5662107      0.130999997    
   15.5828772      0.129700005    
   15.5995436      0.128399998    
   15.6162100      0.127100006    
   15.6328764      0.125799999    
   15.6495428      0.124499999    
   15.6662092      0.123199999    
   15.6828756      0.121900000    
   15.6995420      0.120600000    
   15.7162085      0.119300000    
   15.7328749      0.118000001    
   15.7495413      0.116700001    
   15.7662077      0.115400001    
   15.7828741      0.114100002    
   15.7995405      0.112899996    
   15.8162069      0.111599997    
   15.8328733      0.110399999    
   15.8495398      0.109099999    
   15.8662062      0.107900001    
   15.8828726      0.106600001    
   15.8995390      0.105400003    
   15.9162054      0.104099996    
   15.9328718      0.102899998    
   15.9495382      0.101700000    
   15.9662046      0.100500003    
   15.9828711       9.92500037E-02
   15.9995375       9.80499983E-02
   16.0162029       9.68500003E-02
   16.0328693       9.56500024E-02
   16.0495358       9.44600031E-02
   16.0662022       9.32800025E-02
   16.0828686       9.21100006E-02
   16.0995350       9.09399986E-02
   16.1162014       8.97699967E-02
   16.1328678       8.86100009E-02
   16.1495342       8.74599963E-02
   16.1662006       8.63199979E-02
   16.1828671       8.51899981E-02
   16.1995335       8.40499997E-02
   16.2161999       8.29399973E-02
   16.2328663       8.18200037E-02
   16.2495327       8.07100013E-02
   16.2661991       7.96099976E-02
   16.2828655       7.85100013E-02
   16.2995319       7.74300024E-02
   16.3161983       7.63500035E-02
   16.3328648       7.52800032E-02
   16.3495312       7.42100030E-02
   16.3661976       7.31600001E-02
   16.3828640       7.21099973E-02
   16.3995304       7.10700005E-02
   16.4161968       7.00299963E-02
   16.4328632       6.89999983E-02
   16.4495296       6.79899976E-02
   16.4661961       6.69799969E-02
   16.4828625       6.59700036E-02
   16.4995289       6.49800003E-02
   16.5161953       6.39899969E-02
   16.5328617       6.30099997E-02
   16.5495281       6.20400012E-02
   16.5661945       6.10800013E-02
   16.5828609       6.01200014E-02
   16.5995274       5.91799989E-02
   16.6161938       5.82400002E-02
   16.6328602       5.73100001E-02
   16.6495266       5.63899986E-02
   16.6661930       5.54700010E-02
   16.6828594       5.45700006E-02
   16.6995258       5.36700003E-02
   16.7161922       5.27799986E-02
   16.7328587       5.18999994E-02
   16.7495251       5.10299988E-02
   16.7661915       5.01700006E-02
   16.7828579       4.93099988E-02
   16.7995243       4.84700017E-02
   16.8161907       4.76300009E-02
   16.8328571       4.67999987E-02
   16.8495235       4.59799990E-02
   16.8661900       4.51700017E-02
   16.8828564       4.43699993E-02
   16.8995228       4.35700007E-02
   16.9161892       4.27899994E-02
   16.9328556       4.20100018E-02
   16.9495220       4.12399992E-02
   16.9661884       4.04900014E-02
   16.9828548       3.97300012E-02
   16.9995213       3.89899984E-02
   17.0161877       3.82600017E-02
   17.0328541       3.75300013E-02
   17.0495205       3.68199982E-02
   17.0661869       3.61099988E-02
   17.0828533       3.54099981E-02
   17.0995197       3.47199999E-02
   17.1161861       3.40400003E-02
   17.1328526       3.33600007E-02
   17.1495190       3.26999985E-02
   17.1661854       3.20400000E-02
   17.1828518       3.13999988E-02
   17.1995182       3.07599995E-02
   17.2161846       3.01300008E-02
   17.2328510       2.95000002E-02
   17.2495174       2.88900007E-02
   17.2661839       2.82799993E-02
   17.2828503       2.76900008E-02
   17.2995167       2.71000005E-02
   17.3161831       2.65200008E-02
   17.3328495       2.59499997E-02
   17.3495159       2.53800005E-02
   17.3661823       2.48300005E-02
   17.3828487       2.42800005E-02
   17.3995152       2.37399992E-02
   17.4161816       2.32100002E-02
   17.4328480       2.26900000E-02
   17.4495144       2.21699998E-02
   17.4661808       2.16600001E-02
   17.4828472       2.11599991E-02
   17.4995136       2.06700005E-02
   17.5161800       2.01900005E-02
   17.5328465       1.97100006E-02
   17.5495129       1.92399994E-02
   17.5661793       1.87800005E-02
   17.5828457       1.83300003E-02
   17.5995121       1.78900007E-02
   17.6161785       1.74499992E-02
   17.6328449       1.70200001E-02
   17.6495113       1.65899992E-02
   17.6661777       1.61799993E-02
   17.6828442       1.57699995E-02
   17.6995106       1.53700002E-02
   17.7161770       1.49699999E-02
   17.7328434       1.45899998E-02
   17.7495098       1.42099997E-02
   17.7661762       1.38299996E-02
   17.7828426       1.34699997E-02
   17.7995090       1.31099997E-02
   17.8161755       1.27600003E-02
   17.8328419       1.24100000E-02
   17.8495083       1.20700002E-02
   17.8661747       1.17400000E-02
   17.8828411       1.14099998E-02
   17.8995075       1.10900002E-02
   17.9161739       1.07800001E-02
   17.9328403       1.04700001E-02
   17.9495068       1.01699997E-02
   17.9661732       9.87299997E-03
   17.9828396       9.58300009E-03
   17.9995060       9.30000003E-03
   18.0161724       9.02200025E-03
   18.0328388       8.75100028E-03
   18.0495052       8.48499965E-03
   18.0661716       8.22500046E-03
   18.0828381       7.96999969E-03
   18.0995045       7.72099989E-03
   18.1161709       7.47699989E-03
   18.1328373       7.23800017E-03
   18.1495037       7.00500002E-03
   18.1661701       6.77700015E-03
   18.1828365       6.55400008E-03
   18.1995029       6.33599982E-03
   18.2161694       6.12299982E-03
   18.2328358       5.91500010E-03
   18.2495022       5.71200019E-03
   18.2661686       5.51299984E-03
   18.2828350       5.31900022E-03
   18.2995014       5.12999995E-03
   18.3161678       4.94500017E-03
   18.3328342       4.76500019E-03
   18.3495007       4.58800001E-03
   18.3661671       4.41699987E-03
   18.3828335       4.24899999E-03
   18.3994999       4.08599991E-03
   18.4161663       3.92600009E-03
   18.4328327       3.77100008E-03
   18.4494991       3.62000009E-03
   18.4661655       3.47199989E-03
   18.4828320       3.32799996E-03
   18.4994984       3.18800006E-03
   18.5161648       3.05199996E-03
   18.5328312       2.91900011E-03
   18.5494976       2.79000006E-03
   18.5661640       2.66400003E-03
   18.5828304       2.54200003E-03
   18.5994968       2.42300006E-03
   18.6161633       2.30700010E-03
   18.6328297       2.19499995E-03
   18.6494961       2.08600005E-03
   18.6661625       1.97999994E-03
   18.6828289       1.87699997E-03
   18.6994953       1.77700003E-03
   18.7161617       1.67999999E-03
   18.7328281       1.58599997E-03
   18.7494946       1.49499997E-03
   18.7661610       1.40800001E-03
   18.7828274       1.32200005E-03
   18.7994938       1.24000001E-03
   18.8161602       1.16099999E-03
   18.8328266       1.08399999E-03
   18.8494930       1.01100001E-03
   18.8661594       9.39699996E-04
   18.8828259       8.71600001E-04
   18.8994923       8.06300028E-04
   18.9161587       7.43600016E-04
   18.9328251       6.83800026E-04
   18.9494915       6.26900000E-04
   18.9661579       5.72899997E-04
   18.9828243       5.21900016E-04
   18.9994907       4.74300003E-04
   19.0161572       4.27299994E-04
   19.0328236       3.76000011E-04
   19.0494900       3.33400007E-04
   19.0661564       2.98100000E-04
   19.0828228       2.68600008E-04
   19.0994892       2.31099999E-04
   19.1161556       2.05999997E-04
   19.1328220       1.75900001E-04
   19.1494884       1.51000000E-04
   19.1661549       1.29599997E-04
   19.1828213       1.10499997E-04
   19.1994877       9.29200032E-05
   19.2161541       7.75099979E-05
   19.2328205       6.45300024E-05
   19.2494869       5.37400010E-05
   19.2661533       4.34499998E-05
   19.2828197       3.55900011E-05
   19.2994862       2.83400004E-05
   19.3161526       2.26299999E-05
   19.3328190       1.80499992E-05
   19.3494854       1.40200000E-05
   19.3661518       1.08000004E-05
   19.3828182       8.23299979E-06
   19.3994846       6.07299989E-06
   19.4161510       4.44999978E-06
   19.4328175       3.21500011E-06
   19.4494839       2.18900004E-06
   19.4661503       1.46399998E-06
   19.4828167       9.03999990E-07
   19.4994831       5.36599998E-07
   19.5161495       3.08799997E-07
   19.5328159       1.70700005E-07
   19.5494823       8.59599965E-08
   19.5661488       3.50399993E-08
   19.5828152       9.80500037E-09
   19.5994816       1.28400002E-09
   19.6161480       1.78900002E-11
   19.6328144       1.53200003E-13
   19.6494808       3.94400007E-16
   19.6661472       3.15100005E-19
   19.6828136       1.74100004E-24
   19.6994801       0.00000000    
   19.7161465       0.00000000    
   19.7328129       0.00000000    
   19.7494793       0.00000000    
   19.7661457       0.00000000    
   19.7828121       0.00000000    
   19.7994785       0.00000000    
   19.8161449       0.00000000    
   19.8328114       0.00000000    
   19.8494778       0.00000000    
   19.8661442       0.00000000    
   19.8828106       0.00000000    
   19.8994770       0.00000000    
   19.9161434       0.00000000    
   19.9328098       0.00000000    
   19.9494762       0.00000000    
   19.9661427       0.00000000    
   19.9828091       0.00000000    
   19.9994755       0.00000000    
   20.0161419       0.00000000    
   20.0328083       0.00000000    
   20.0494747       0.00000000    
   20.0661411       0.00000000    
   20.0828075       0.00000000    
   20.0994740       0.00000000    
   20.1161404       0.00000000    
   20.1328068       0.00000000    
   20.1494732       0.00000000    
   20.1661396       0.00000000    
   20.1828060       0.00000000    
   20.1994724       0.00000000    
   20.2161388       0.00000000    
   20.2328053       0.00000000    
   20.2494717       0.00000000    
   20.2661381       0.00000000    
   20.2828045       0.00000000    
   20.2994709       0.00000000    
   20.3161373       0.00000000    
   20.3328037       0.00000000    
   20.3494701       0.00000000    
   20.3661366       0.00000000    
   20.3828030       0.00000000    
   20.3994694       0.00000000    
   20.4161358       0.00000000    
   20.4328022       0.00000000    
   20.4494686       0.00000000    
   20.4661350       0.00000000    
   20.4828014       0.00000000    
   20.4994678       0.00000000    
   20.5161343       0.00000000    
   20.5328007       0.00000000    
   20.5494671       0.00000000    
   20.5661335       0.00000000    
   20.5827999       0.00000000    
   20.5994663       0.00000000    
   20.6161327       0.00000000    
   20.6327991       0.00000000    
   20.6494656       0.00000000    
   20.6661320       0.00000000    
   20.6827984       0.00000000    
   20.6994648       0.00000000    
   20.7161312       0.00000000    
   20.7327976       0.00000000    
   20.7494640       0.00000000    
   20.7661304       0.00000000    
   20.7827969       0.00000000    
   20.7994633       0.00000000    
   20.8161297       0.00000000    
   20.8327961       0.00000000    
   20.8494625       0.00000000    
   20.8661289       0.00000000    
   20.8827953       0.00000000    
   20.8994617       0.00000000    
   20.9161282       0.00000000    
   20.9327946       0.00000000    
   20.9494610       0.00000000    
   20.9661274       0.00000000    
   20.9827938       0.00000000    
   20.9994602       0.00000000    
   21.0161266       0.00000000    
   21.0327930       0.00000000    
   21.0494595       0.00000000    
   21.0661259       0.00000000    
   21.0827923       0.00000000    
   21.0994587       0.00000000    
   21.1161251       0.00000000    
   21.1327915       0.00000000    
   21.1494579       0.00000000    
   21.1661243       0.00000000    
   21.1827908       0.00000000    
   21.1994572       0.00000000    
   21.2161236       0.00000000    
   21.2327900       0.00000000    
   21.2494564       0.00000000    
   21.2661228       0.00000000    
   21.2827892       0.00000000    
   21.2994556       0.00000000    
   21.3161221       0.00000000    
   21.3327885       0.00000000    
   21.3494549       0.00000000    
   21.3661213       0.00000000    
   21.3827877       0.00000000    
   21.3994541       0.00000000    
   21.4161205       0.00000000    
   21.4327869       0.00000000    
   21.4494534       0.00000000    
   21.4661198       0.00000000    
   21.4827862       0.00000000    
   21.4994526       0.00000000    
   21.5161190       0.00000000    
   21.5327854       0.00000000    
   21.5494518       0.00000000    
   21.5661182       0.00000000    
   21.5827847       0.00000000    
   21.5994511       0.00000000    
   21.6161175       0.00000000    
   21.6327839       0.00000000    
   21.6494503       0.00000000    
   21.6661167       0.00000000    
   21.6827831       0.00000000    
   21.6994495       0.00000000    
   21.7161160       0.00000000    
   21.7327824       0.00000000    
   21.7494488       0.00000000    
   21.7661152       0.00000000    
   21.7827816       0.00000000    
   21.7994480       0.00000000    
   21.8161144       0.00000000    
   21.8327808       0.00000000    
   21.8494473       0.00000000    
   21.8661137       0.00000000    
   21.8827801       0.00000000    
   21.8994465       0.00000000    
   21.9161129       0.00000000    
   21.9327793       0.00000000    
   21.9494457       0.00000000    
   21.9661121       0.00000000    
   21.9827785       0.00000000    
   21.9994450       0.00000000    
   22.0161114       0.00000000    
   22.0327778       0.00000000    
   22.0494442       0.00000000    
   22.0661106       0.00000000    
   22.0827770       0.00000000    
   22.0994434       0.00000000    
   22.1161098       0.00000000    
   22.1327763       0.00000000    
   22.1494427       0.00000000    
   22.1661091       0.00000000    
   22.1827755       0.00000000    
   22.1994419       0.00000000    
   22.2161083       0.00000000    
   22.2327747       0.00000000    
   22.2494411       0.00000000    
   22.2661076       0.00000000    
   22.2827740       0.00000000    
   22.2994404       0.00000000    
   22.3161068       0.00000000    
   22.3327732       0.00000000    
   22.3494396       0.00000000    
   22.3661060       0.00000000    
   22.3827724       0.00000000    
   22.3994389       0.00000000    
   22.4161053       0.00000000    
   22.4327717       0.00000000    
   22.4494381       0.00000000    
   22.4661045       0.00000000    
   22.4827709       0.00000000    
   22.4994373       0.00000000    
   22.5161037       0.00000000    
   22.5327702       0.00000000    
   22.5494366       0.00000000    
   22.5661030       0.00000000    
   22.5827694       0.00000000    
   22.5994358       0.00000000    
   22.6161022       0.00000000    
   22.6327686       0.00000000    
   22.6494350       0.00000000    
   22.6661015       0.00000000    
   22.6827679       0.00000000    
   22.6994343       0.00000000    
   22.7161007       0.00000000    
   22.7327671       0.00000000    
   22.7494335       0.00000000    
   22.7660999       0.00000000    
   22.7827663       0.00000000    
   22.7994328       0.00000000    
   22.8160992       0.00000000    
   22.8327656       0.00000000    
   22.8494320       0.00000000    
   22.8660984       0.00000000    
   22.8827648       0.00000000    
   22.8994312       0.00000000    
   22.9160976       0.00000000    
   22.9327641       0.00000000    
   22.9494305       0.00000000    
   22.9660969       0.00000000    
   22.9827633       0.00000000    
   22.9994297       0.00000000    
   23.0160961       0.00000000    
   23.0327625       0.00000000    
   23.0494289       0.00000000    
   23.0660954       0.00000000    
   23.0827618       0.00000000    
   23.0994282       0.00000000    
   23.1160946       0.00000000    
   23.1327610       0.00000000    
   23.1494274       0.00000000    
   23.1660938       0.00000000    
   23.1827602       0.00000000    
   23.1994267       0.00000000    
   23.2160931       0.00000000    
   23.2327595       0.00000000    
   23.2494259       0.00000000    
   23.2660923       0.00000000    
   23.2827587       0.00000000    
   23.2994251       0.00000000    
   23.3160915       0.00000000    
   23.3327579       0.00000000    
   23.3494244       0.00000000    
   23.3660908       0.00000000    
   23.3827572       0.00000000    
   23.3994236       0.00000000    
   23.4160900       0.00000000    
   23.4327564       0.00000000    
   23.4494228       0.00000000    
   23.4660892       0.00000000    
   23.4827557       0.00000000    
   23.4994221       0.00000000    
   23.5160885       0.00000000    
   23.5327549       0.00000000    
   23.5494213       0.00000000    
   23.5660877       0.00000000    
   23.5827541       0.00000000    
   23.5994205       0.00000000    
   23.6160870       0.00000000    
   23.6327534       0.00000000    
   23.6494198       0.00000000    
   23.6660862       0.00000000    
   23.6827526       0.00000000    
   23.6994190       0.00000000    
   23.7160854       0.00000000    
   23.7327518       0.00000000    
   23.7494183       0.00000000    
   23.7660847       0.00000000    
   23.7827511       0.00000000    
   23.7994175       0.00000000    
   23.8160839       0.00000000    
   23.8327503       0.00000000    
   23.8494167       0.00000000    
   23.8660831       0.00000000    
   23.8827496       0.00000000    
   23.8994160       0.00000000    
   23.9160824       0.00000000    
   23.9327488       0.00000000    
   23.9494152       0.00000000    
   23.9660816       0.00000000    
   23.9827480       0.00000000    
