   0.00000000       0.00000000    
   1.66660007E-02   0.00000000    
   3.33320014E-02   0.00000000    
   4.99980003E-02   0.00000000    
   6.66640028E-02   0.00000000    
   8.33300054E-02   0.00000000    
   9.99960080E-02   0.00000000    
  0.116662011       0.00000000    
  0.133328006       0.00000000    
  0.149994001       0.00000000    
  0.166659996       0.00000000    
  0.183325991       0.00000000    
  0.199991986       0.00000000    
  0.216657981       0.00000000    
  0.233323976       0.00000000    
  0.249989972       0.00000000    
  0.266655982       0.00000000    
  0.283321977       0.00000000    
  0.299987972       0.00000000    
  0.316653967       0.00000000    
  0.333319962       0.00000000    
  0.349985957       0.00000000    
  0.366651952       0.00000000    
  0.383317947       0.00000000    
  0.399983943       0.00000000    
  0.416649938       0.00000000    
  0.433315933       0.00000000    
  0.449981928       0.00000000    
  0.466647923       0.00000000    
  0.483313918       0.00000000    
  0.499979913       0.00000000    
  0.516645908       0.00000000    
  0.533311903       0.00000000    
  0.549977899       0.00000000    
  0.566643894       0.00000000    
  0.583309889       0.00000000    
  0.599975884       0.00000000    
  0.616641879       0.00000000    
  0.633307874       0.00000000    
  0.649973869       0.00000000    
  0.666639864       0.00000000    
  0.683305860       0.00000000    
  0.699971855       0.00000000    
  0.716637850       0.00000000    
  0.733303845       0.00000000    
  0.749969840       0.00000000    
  0.766635835       0.00000000    
  0.783301830       0.00000000    
  0.799967825       0.00000000    
  0.816633821       0.00000000    
  0.833299816       0.00000000    
  0.849965811       0.00000000    
  0.866631806       0.00000000    
  0.883297801       0.00000000    
  0.899963796       0.00000000    
  0.916629791       0.00000000    
  0.933295786       0.00000000    
  0.949961782       0.00000000    
  0.966627777       0.00000000    
  0.983293772       0.00000000    
  0.999959767       0.00000000    
   1.01662576       0.00000000    
   1.03329182       0.00000000    
   1.04995787       0.00000000    
   1.06662393       0.00000000    
   1.08328998       0.00000000    
   1.09995604       0.00000000    
   1.11662209       0.00000000    
   1.13328815       0.00000000    
   1.14995420       0.00000000    
   1.16662025       0.00000000    
   1.18328631       0.00000000    
   1.19995236       0.00000000    
   1.21661842       0.00000000    
   1.23328447       0.00000000    
   1.24995053       0.00000000    
   1.26661658       0.00000000    
   1.28328264       0.00000000    
   1.29994869       0.00000000    
   1.31661475       0.00000000    
   1.33328080       0.00000000    
   1.34994686       0.00000000    
   1.36661291       0.00000000    
   1.38327897       0.00000000    
   1.39994502       0.00000000    
   1.41661108       0.00000000    
   1.43327713       0.00000000    
   1.44994318       0.00000000    
   1.46660924       0.00000000    
   1.48327529       0.00000000    
   1.49994135       0.00000000    
   1.51660740       0.00000000    
   1.53327346       0.00000000    
   1.54993951       0.00000000    
   1.56660557       0.00000000    
   1.58327162       0.00000000    
   1.59993768       0.00000000    
   1.61660373       0.00000000    
   1.63326979       0.00000000    
   1.64993584       0.00000000    
   1.66660190       0.00000000    
   1.68326795       0.00000000    
   1.69993401       0.00000000    
   1.71660006       0.00000000    
   1.73326612       0.00000000    
   1.74993217       0.00000000    
   1.76659822       0.00000000    
   1.78326428       0.00000000    
   1.79993033       0.00000000    
   1.81659639       0.00000000    
   1.83326244       0.00000000    
   1.84992850       0.00000000    
   1.86659455       0.00000000    
   1.88326061       0.00000000    
   1.89992666       0.00000000    
   1.91659272       0.00000000    
   1.93325877       0.00000000    
   1.94992483       0.00000000    
   1.96659088       0.00000000    
   1.98325694       0.00000000    
   1.99992299       0.00000000    
   2.01658893       0.00000000    
   2.03325486       0.00000000    
   2.04992080       0.00000000    
   2.06658673       0.00000000    
   2.08325267       0.00000000    
   2.09991860       0.00000000    
   2.11658454       0.00000000    
   2.13325047       0.00000000    
   2.14991641       0.00000000    
   2.16658235       0.00000000    
   2.18324828       0.00000000    
   2.19991422       0.00000000    
   2.21658015       0.00000000    
   2.23324609       0.00000000    
   2.24991202       0.00000000    
   2.26657796       0.00000000    
   2.28324389       0.00000000    
   2.29990983       0.00000000    
   2.31657577       0.00000000    
   2.33324170       0.00000000    
   2.34990764       0.00000000    
   2.36657357       0.00000000    
   2.38323951       0.00000000    
   2.39990544       0.00000000    
   2.41657138       0.00000000    
   2.43323731       0.00000000    
   2.44990325       0.00000000    
   2.46656919       0.00000000    
   2.48323512       0.00000000    
   2.49990106       0.00000000    
   2.51656699       0.00000000    
   2.53323293       0.00000000    
   2.54989886       0.00000000    
   2.56656480       0.00000000    
   2.58323073       0.00000000    
   2.59989667       0.00000000    
   2.61656260       0.00000000    
   2.63322854       0.00000000    
   2.64989448       0.00000000    
   2.66656041       0.00000000    
   2.68322635       0.00000000    
   2.69989228       0.00000000    
   2.71655822       0.00000000    
   2.73322415       0.00000000    
   2.74989009       0.00000000    
   2.76655602       0.00000000    
   2.78322196       0.00000000    
   2.79988790       0.00000000    
   2.81655383       0.00000000    
   2.83321977       0.00000000    
   2.84988570       0.00000000    
   2.86655164       0.00000000    
   2.88321757       0.00000000    
   2.89988351       0.00000000    
   2.91654944       0.00000000    
   2.93321538       0.00000000    
   2.94988132       0.00000000    
   2.96654725       0.00000000    
   2.98321319       0.00000000    
   2.99987912       0.00000000    
   3.01654506       0.00000000    
   3.03321099       0.00000000    
   3.04987693       0.00000000    
   3.06654286       0.00000000    
   3.08320880       0.00000000    
   3.09987473       0.00000000    
   3.11654067       0.00000000    
   3.13320661       0.00000000    
   3.14987254       0.00000000    
   3.16653848       0.00000000    
   3.18320441       0.00000000    
   3.19987035       0.00000000    
   3.21653628       0.00000000    
   3.23320222       0.00000000    
   3.24986815       0.00000000    
   3.26653409       0.00000000    
   3.28320003       0.00000000    
   3.29986596       0.00000000    
   3.31653190       0.00000000    
   3.33319783       0.00000000    
   3.34986377       0.00000000    
   3.36652970       0.00000000    
   3.38319564       0.00000000    
   3.39986157       0.00000000    
   3.41652751       0.00000000    
   3.43319345       0.00000000    
   3.44985938       0.00000000    
   3.46652532       0.00000000    
   3.48319125       0.00000000    
   3.49985719       0.00000000    
   3.51652312       0.00000000    
   3.53318906       0.00000000    
   3.54985499       0.00000000    
   3.56652093       0.00000000    
   3.58318686       0.00000000    
   3.59985280       0.00000000    
   3.61651874       0.00000000    
   3.63318467       0.00000000    
   3.64985061       0.00000000    
   3.66651654       0.00000000    
   3.68318248       0.00000000    
   3.69984841       0.00000000    
   3.71651435       0.00000000    
   3.73318028       0.00000000    
   3.74984622       0.00000000    
   3.76651216       0.00000000    
   3.78317809       0.00000000    
   3.79984403       0.00000000    
   3.81650996       0.00000000    
   3.83317590       0.00000000    
   3.84984183       0.00000000    
   3.86650777       0.00000000    
   3.88317370       0.00000000    
   3.89983964       0.00000000    
   3.91650558       0.00000000    
   3.93317151       0.00000000    
   3.94983745       0.00000000    
   3.96650338       0.00000000    
   3.98316932       0.00000000    
   3.99983525       0.00000000    
   4.01650143       0.00000000    
   4.03316736       0.00000000    
   4.04983330       0.00000000    
   4.06649923       0.00000000    
   4.08316517       0.00000000    
   4.09983110       0.00000000    
   4.11649704       0.00000000    
   4.13316298       0.00000000    
   4.14982891       0.00000000    
   4.16649485       0.00000000    
   4.18316078       0.00000000    
   4.19982672       0.00000000    
   4.21649265       0.00000000    
   4.23315859       0.00000000    
   4.24982452       0.00000000    
   4.26649046       0.00000000    
   4.28315639       0.00000000    
   4.29982233       0.00000000    
   4.31648827       0.00000000    
   4.33315420       0.00000000    
   4.34982014       0.00000000    
   4.36648607       0.00000000    
   4.38315201       0.00000000    
   4.39981794       0.00000000    
   4.41648388       0.00000000    
   4.43314981       0.00000000    
   4.44981575       0.00000000    
   4.46648169       0.00000000    
   4.48314762       0.00000000    
   4.49981356       0.00000000    
   4.51647949       0.00000000    
   4.53314543       0.00000000    
   4.54981136       0.00000000    
   4.56647730       0.00000000    
   4.58314323       0.00000000    
   4.59980917       0.00000000    
   4.61647511       0.00000000    
   4.63314104       0.00000000    
   4.64980698       0.00000000    
   4.66647291       0.00000000    
   4.68313885       0.00000000    
   4.69980478       0.00000000    
   4.71647072       0.00000000    
   4.73313665       0.00000000    
   4.74980259       0.00000000    
   4.76646852       0.00000000    
   4.78313446       0.00000000    
   4.79980040       0.00000000    
   4.81646633       0.00000000    
   4.83313227       0.00000000    
   4.84979820       0.00000000    
   4.86646414       0.00000000    
   4.88313007       0.00000000    
   4.89979601       0.00000000    
   4.91646194       0.00000000    
   4.93312788       0.00000000    
   4.94979382       0.00000000    
   4.96645975       0.00000000    
   4.98312569       0.00000000    
   4.99979162       0.00000000    
   5.01645756       0.00000000    
   5.03312349       0.00000000    
   5.04978943       0.00000000    
   5.06645536       0.00000000    
   5.08312130       0.00000000    
   5.09978724       0.00000000    
   5.11645317       0.00000000    
   5.13311911       0.00000000    
   5.14978504       0.00000000    
   5.16645098       0.00000000    
   5.18311691       0.00000000    
   5.19978285       0.00000000    
   5.21644878       0.00000000    
   5.23311472       0.00000000    
   5.24978065       0.00000000    
   5.26644659       0.00000000    
   5.28311253       0.00000000    
   5.29977846       0.00000000    
   5.31644440       0.00000000    
   5.33311033       0.00000000    
   5.34977627       0.00000000    
   5.36644220       8.19999971E-12
   5.38310814       2.33699993E-09
   5.39977407       1.62399999E-07
   5.41644001       2.77200002E-06
   5.43310595       1.71699994E-05
   5.44977188       5.62499990E-05
   5.46643782       1.32100002E-04
   5.48310375       2.53000006E-04
   5.49976969       4.26999992E-04
   5.51643562       6.77799981E-04
   5.53310156       1.03499996E-03
   5.54976749       1.51400000E-03
   5.56643343       2.16799998E-03
   5.58309937       3.07599991E-03
   5.59976530       4.22299979E-03
   5.61643124       5.77600021E-03
   5.63309717       7.68300006E-03
   5.64976311       1.01899998E-02
   5.66642904       1.35100000E-02
   5.68309498       1.75199993E-02
   5.69976091       2.26099994E-02
   5.71642685       2.88500004E-02
   5.73309278       3.62700000E-02
   5.74975872       4.58500013E-02
   5.76642466       5.81099987E-02
   5.78309059       7.11200014E-02
   5.79975653       8.91299993E-02
   5.81642246      0.107600003    
   5.83308840      0.129600003    
   5.84975433      0.155300006    
   5.86642027      0.185000002    
   5.88308620      0.218300000    
   5.89975214      0.256000012    
   5.91641808      0.299600005    
   5.93308401      0.347499996    
   5.94974995      0.392600000    
   5.96641588      0.457399994    
   5.98308182      0.506399989    
   5.99974775      0.564100027    
   6.01641369      0.632099986    
   6.03307962      0.712100029    
   6.04974556      0.794000030    
   6.06641150      0.870800018    
   6.08307743      0.952099979    
   6.09974337       1.03799999    
   6.11640930       1.12699997    
   6.13307524       1.22000003    
   6.14974117       1.31599998    
   6.16640711       1.41499996    
   6.18307304       1.51699996    
   6.19973898       1.62300003    
   6.21640491       1.73099995    
   6.23307085       1.84300005    
   6.24973679       1.95700002    
   6.26640272       2.07399988    
   6.28306866       2.19400001    
   6.29973459       2.31699991    
   6.31640053       2.44199991    
   6.33306646       2.57100010    
   6.34973240       2.70199990    
   6.36639833       2.83599997    
   6.38306427       2.97199988    
   6.39973021       3.11199999    
   6.41639614       3.25399995    
   6.43306208       3.39899993    
   6.44972801       3.54699993    
   6.46639395       3.69700003    
   6.48305988       3.85100007    
   6.49972582       4.00600004    
   6.51639175       4.16499996    
   6.53305769       4.32600021    
   6.54972363       4.48999977    
   6.56638956       4.65700006    
   6.58305550       4.82600021    
   6.59972143       4.99700022    
   6.61638737       5.17199993    
   6.63305330       5.34800005    
   6.64971924       5.52699995    
   6.66638517       5.70900011    
   6.68305111       5.89200020    
   6.69971704       6.07800007    
   6.71638298       6.26700020    
   6.73304892       6.45699978    
   6.74971485       6.65000010    
   6.76638079       6.84499979    
   6.78304672       7.04199982    
   6.79971266       7.24100018    
   6.81637859       7.44199991    
   6.83304453       7.64499998    
   6.84971046       7.84999990    
   6.86637640       8.05700016    
   6.88304234       8.26599979    
   6.89970827       8.47599983    
   6.91637421       8.68900013    
   6.93304014       8.90200043    
   6.94970608       9.11800003    
   6.96637201       9.33500004    
   6.98303795       9.55399990    
   6.99970388       9.77499962    
   7.01636982       9.99699974    
   7.03303576       10.2200003    
   7.04970169       10.4399996    
   7.06636763       10.6700001    
   7.08303356       10.8999996    
   7.09969950       11.1300001    
   7.11636543       11.3599997    
   7.13303137       11.5900002    
   7.14969730       11.8199997    
   7.16636324       12.0600004    
   7.18302917       12.2900000    
   7.19969511       12.5299997    
   7.21636105       12.7600002    
   7.23302698       13.0000000    
   7.24969292       13.2399998    
   7.26635885       13.4799995    
   7.28302479       13.7200003    
   7.29969072       13.9600000    
   7.31635666       14.2100000    
   7.33302259       14.4499998    
   7.34968853       14.6999998    
   7.36635447       14.9399996    
   7.38302040       15.1899996    
   7.39968634       15.4399996    
   7.41635227       15.6800003    
   7.43301821       15.9300003    
   7.44968414       16.1800003    
   7.46635008       16.4300003    
   7.48301601       16.6800003    
   7.49968195       16.9300003    
   7.51634789       17.1800003    
   7.53301382       17.4400005    
   7.54967976       17.6900005    
   7.56634569       17.9400005    
   7.58301163       18.2000008    
   7.59967756       18.4500008    
   7.61634350       18.7000008    
   7.63300943       18.9599991    
   7.64967537       19.2199993    
   7.66634130       19.4699993    
   7.68300724       19.7299995    
   7.69967318       19.9799995    
   7.71633911       20.2399998    
   7.73300505       20.5000000    
   7.74967098       20.7600002    
   7.76633692       21.0100002    
   7.78300285       21.2700005    
   7.79966879       21.5300007    
   7.81633472       21.7900009    
   7.83300066       22.0499992    
   7.84966660       22.3099995    
   7.86633253       22.5699997    
   7.88299847       22.8199997    
   7.89966440       23.0799999    
   7.91633034       23.3400002    
   7.93299627       23.6000004    
   7.94966221       23.8600006    
   7.96632814       24.1200008    
   7.98299408       24.3799992    
   7.99966002       24.6399994    
   8.01632595       24.8999996    
   8.03299236       25.1599998    
   8.04965878       25.4200001    
   8.06632519       25.6800003    
   8.08299160       25.9400005    
   8.09965801       26.2000008    
   8.11632442       26.4599991    
   8.13299084       26.7199993    
   8.14965725       26.9799995    
   8.16632366       27.2399998    
   8.18299007       27.5000000    
   8.19965649       27.7600002    
   8.21632290       28.0200005    
   8.23298931       28.2800007    
   8.24965572       28.5300007    
   8.26632214       28.7900009    
   8.28298855       29.0499992    
   8.29965496       29.3099995    
   8.31632137       29.5699997    
   8.33298779       29.8299999    
   8.34965420       30.0799999    
   8.36632061       30.3400002    
   8.38298702       30.6000004    
   8.39965343       30.8500004    
   8.41631985       31.1100006    
   8.43298626       31.3700008    
   8.44965267       31.6200008    
   8.46631908       31.8799992    
   8.48298550       32.1300011    
   8.49965191       32.3899994    
   8.51631832       32.6399994    
   8.53298473       32.9000015    
   8.54965115       33.1500015    
   8.56631756       33.4000015    
   8.58298397       33.6599998    
   8.59965038       33.9099998    
   8.61631680       34.1599998    
   8.63298321       34.4099998    
   8.64964962       34.6599998    
   8.66631603       34.9099998    
   8.68298244       35.1599998    
   8.69964886       35.4099998    
   8.71631527       35.6599998    
   8.73298168       35.9099998    
   8.74964809       36.1599998    
   8.76631451       36.4099998    
   8.78298092       36.6599998    
   8.79964733       36.9000015    
   8.81631374       37.1500015    
   8.83298016       37.4000015    
   8.84964657       37.6399994    
   8.86631298       37.8899994    
   8.88297939       38.1300011    
   8.89964581       38.3800011    
   8.91631222       38.6199989    
   8.93297863       38.8600006    
   8.94964504       39.0999985    
   8.96631145       39.3400002    
   8.98297787       39.5900002    
   8.99964428       39.8300018    
   9.01631069       40.0699997    
   9.03297710       40.2999992    
   9.04964352       40.5400009    
   9.06630993       40.7799988    
   9.08297634       41.0200005    
   9.09964275       41.2500000    
   9.11630917       41.4900017    
   9.13297558       41.7299995    
   9.14964199       41.9599991    
   9.16630840       42.1899986    
   9.18297482       42.4300003    
   9.19964123       42.6599998    
   9.21630764       42.8899994    
   9.23297405       43.1199989    
   9.24964046       43.3499985    
   9.26630688       43.5800018    
   9.28297329       43.8100014    
   9.29963970       44.0400009    
   9.31630611       44.2599983    
   9.33297253       44.4900017    
   9.34963894       44.7200012    
   9.36630535       44.9399986    
   9.38297176       45.1699982    
   9.39963818       45.3899994    
   9.41630459       45.6100006    
   9.43297100       45.8300018    
   9.44963741       46.0499992    
   9.46630383       46.2700005    
   9.48297024       46.4900017    
   9.49963665       46.7099991    
   9.51630306       46.9300003    
   9.53296947       47.1500015    
   9.54963589       47.3600006    
   9.56630230       47.5800018    
   9.58296871       47.7900009    
   9.59963512       48.0099983    
   9.61630154       48.2200012    
   9.63296795       48.4300003    
   9.64963436       48.6399994    
   9.66630077       48.8499985    
   9.68296719       49.0600014    
   9.69963360       49.2700005    
   9.71630001       49.4799995    
   9.73296642       49.6800003    
   9.74963284       49.8899994    
   9.76629925       50.0900002    
   9.78296566       50.2999992    
   9.79963207       50.5000000    
   9.81629848       50.7000008    
   9.83296490       50.9000015    
   9.84963131       51.0999985    
   9.86629772       51.2999992    
   9.88296413       51.5000000    
   9.89963055       51.6899986    
   9.91629696       51.8899994    
   9.93296337       52.0900002    
   9.94962978       52.2799988    
   9.96629620       52.4700012    
   9.98296261       52.6699982    
   9.99962902       52.8600006    
   10.0162954       53.0499992    
   10.0329618       53.2400017    
   10.0496283       53.4199982    
   10.0662947       53.6100006    
   10.0829611       53.7999992    
   10.0996275       53.9799995    
   10.1162939       54.1699982    
   10.1329603       54.3499985    
   10.1496267       54.5299988    
   10.1662931       54.7099991    
   10.1829596       54.8899994    
   10.1996260       55.0699997    
   10.2162924       55.2500000    
   10.2329588       55.4300003    
   10.2496252       55.5999985    
   10.2662916       55.7799988    
   10.2829580       55.9500008    
   10.2996244       56.1199989    
   10.3162909       56.2900009    
   10.3329573       56.4599991    
   10.3496237       56.6300011    
   10.3662901       56.7999992    
   10.3829565       56.9700012    
   10.3996229       57.1300011    
   10.4162893       57.2999992    
   10.4329557       57.4599991    
   10.4496222       57.6300011    
   10.4662886       57.7900009    
   10.4829550       57.9500008    
   10.4996214       58.1100006    
   10.5162878       58.2700005    
   10.5329542       58.4199982    
   10.5496206       58.5800018    
   10.5662870       58.7299995    
   10.5829535       58.8899994    
   10.5996199       59.0400009    
   10.6162863       59.1899986    
   10.6329527       59.3400002    
   10.6496191       59.4900017    
   10.6662855       59.6399994    
   10.6829519       59.7799988    
   10.6996183       59.9300003    
   10.7162848       60.0699997    
   10.7329512       60.2200012    
   10.7496176       60.3600006    
   10.7662840       60.5000000    
   10.7829504       60.6399994    
   10.7996168       60.7799988    
   10.8162832       60.9199982    
   10.8329496       61.0499992    
   10.8496161       61.1899986    
   10.8662825       61.3199997    
   10.8829489       61.4500008    
   10.8996153       61.5800018    
   10.9162817       61.7099991    
   10.9329481       61.8400002    
   10.9496145       61.9700012    
   10.9662809       62.0999985    
   10.9829473       62.2200012    
   10.9996138       62.3400002    
   11.0162802       62.4700012    
   11.0329466       62.5900002    
   11.0496130       62.7099991    
   11.0662794       62.8300018    
   11.0829458       62.9500008    
   11.0996122       63.0600014    
   11.1162786       63.1800003    
   11.1329451       63.2900009    
   11.1496115       63.4000015    
   11.1662779       63.5200005    
   11.1829443       63.6300011    
   11.1996107       63.7299995    
   11.2162771       63.8400002    
   11.2329435       63.9500008    
   11.2496099       64.0500031    
   11.2662764       64.1600037    
   11.2829428       64.2600021    
   11.2996092       64.3600006    
   11.3162756       64.4599991    
   11.3329420       64.5599976    
   11.3496084       64.6600037    
   11.3662748       64.7500000    
   11.3829412       64.8499985    
   11.3996077       64.9400024    
   11.4162741       65.0299988    
   11.4329405       65.1299973    
   11.4496069       65.2200012    
   11.4662733       65.3000031    
   11.4829397       65.3899994    
   11.4996061       65.4800034    
   11.5162725       65.5599976    
   11.5329390       65.6399994    
   11.5496054       65.7300034    
   11.5662718       65.8099976    
   11.5829382       65.8899994    
   11.5996046       65.9599991    
   11.6162710       66.0400009    
   11.6329374       66.1200027    
   11.6496038       66.1900024    
   11.6662703       66.2600021    
   11.6829367       66.3300018    
   11.6996031       66.4000015    
   11.7162695       66.4700012    
   11.7329359       66.5400009    
   11.7496023       66.6100006    
   11.7662687       66.6699982    
   11.7829351       66.7399979    
   11.7996016       66.8000031    
   11.8162680       66.8600006    
   11.8329344       66.9199982    
   11.8496008       66.9800034    
   11.8662672       67.0299988    
   11.8829336       67.0899963    
   11.8996000       67.1399994    
   11.9162664       67.1900024    
   11.9329329       67.2500000    
   11.9495993       67.3000031    
   11.9662657       67.3399963    
   11.9829321       67.3899994    
   11.9995985       67.4400024    
   12.0162649       67.4800034    
   12.0329313       67.5299988    
   12.0495977       67.5699997    
   12.0662642       67.6100006    
   12.0829306       67.6500015    
   12.0995970       67.6800003    
   12.1162634       67.7200012    
   12.1329298       67.7600021    
   12.1495962       67.7900009    
   12.1662626       67.8199997    
   12.1829290       67.8499985    
   12.1995955       67.8799973    
   12.2162619       67.9100037    
   12.2329283       67.9400024    
   12.2495947       67.9599991    
   12.2662611       67.9899979    
   12.2829275       68.0100021    
   12.2995939       68.0299988    
   12.3162603       68.0500031    
   12.3329268       68.0699997    
   12.3495932       68.0899963    
   12.3662596       68.1100006    
   12.3829260       68.1200027    
   12.3995924       68.1399994    
   12.4162588       68.1500015    
   12.4329252       68.1600037    
   12.4495916       68.1699982    
   12.4662580       68.1800003    
   12.4829245       68.1800003    
   12.4995909       68.1900024    
   12.5162573       68.1900024    
   12.5329237       68.1900024    
   12.5495901       68.1999969    
   12.5662565       68.1900024    
   12.5829229       68.1900024    
   12.5995893       68.1900024    
   12.6162558       68.1900024    
   12.6329222       68.1800003    
   12.6495886       68.1699982    
   12.6662550       68.1600037    
   12.6829214       68.1500015    
   12.6995878       68.1399994    
   12.7162542       68.1299973    
   12.7329206       68.1200027    
   12.7495871       68.0999985    
   12.7662535       68.0899963    
   12.7829199       68.0699997    
   12.7995863       68.0500031    
   12.8162527       68.0299988    
   12.8329191       68.0000000    
   12.8495855       67.9800034    
   12.8662519       67.9599991    
   12.8829184       67.9300003    
   12.8995848       67.9000015    
   12.9162512       67.8700027    
   12.9329176       67.8399963    
   12.9495840       67.8099976    
   12.9662504       67.7799988    
   12.9829168       67.7500000    
   12.9995832       67.7099991    
   13.0162497       67.6699982    
   13.0329161       67.6299973    
   13.0495825       67.5899963    
   13.0662489       67.5500031    
   13.0829153       67.5100021    
   13.0995817       67.4700012    
   13.1162481       67.4199982    
   13.1329145       67.3799973    
   13.1495810       67.3300018    
   13.1662474       67.2799988    
   13.1829138       67.2300034    
   13.1995802       67.1800003    
   13.2162466       67.1200027    
   13.2329130       67.0699997    
   13.2495794       67.0100021    
   13.2662458       66.9599991    
   13.2829123       66.9000015    
   13.2995787       66.8399963    
   13.3162451       66.7799988    
   13.3329115       66.7099991    
   13.3495779       66.6500015    
   13.3662443       66.5800018    
   13.3829107       66.5199966    
   13.3995771       66.4499969    
   13.4162436       66.3799973    
   13.4329100       66.3099976    
   13.4495764       66.2399979    
   13.4662428       66.1699982    
   13.4829092       66.0899963    
   13.4995756       66.0199966    
   13.5162420       65.9400024    
   13.5329084       65.8600006    
   13.5495749       65.7799988    
   13.5662413       65.6999969    
   13.5829077       65.6200027    
   13.5995741       65.5299988    
   13.6162405       65.4499969    
   13.6329069       65.3600006    
   13.6495733       65.2699966    
   13.6662397       65.1900024    
   13.6829062       65.0899963    
   13.6995726       65.0000000    
   13.7162390       64.9100037    
   13.7329054       64.8199997    
   13.7495718       64.7200012    
   13.7662382       64.6200027    
   13.7829046       64.5299988    
   13.7995710       64.4300003    
   13.8162374       64.3300018    
   13.8329039       64.2300034    
   13.8495703       64.1200027    
   13.8662367       64.0199966    
   13.8829031       63.9099998    
   13.8995695       63.8100014    
   13.9162359       63.7000008    
   13.9329023       63.5900002    
   13.9495687       63.4799995    
   13.9662352       63.3699989    
   13.9829016       63.2500000    
   13.9995680       63.1399994    
   14.0162344       63.0200005    
   14.0329008       62.9099998    
   14.0495672       62.7900009    
   14.0662336       62.6699982    
   14.0829000       62.5499992    
   14.0995665       62.4300003    
   14.1162329       62.2999992    
   14.1328993       62.1800003    
   14.1495657       62.0499992    
   14.1662321       61.9300003    
   14.1828985       61.7999992    
   14.1995649       61.6699982    
   14.2162313       61.5400009    
   14.2328978       61.4099998    
   14.2495642       61.2700005    
   14.2662306       61.1399994    
   14.2828970       61.0099983    
   14.2995634       60.8699989    
   14.3162298       60.7299995    
   14.3328962       60.5900002    
   14.3495626       60.4500008    
   14.3662291       60.3100014    
   14.3828955       60.1699982    
   14.3995619       60.0299988    
   14.4162283       59.8800011    
   14.4328947       59.7400017    
   14.4495611       59.5900002    
   14.4662275       59.4399986    
   14.4828939       59.2900009    
   14.4995604       59.1399994    
   14.5162268       58.9900017    
   14.5328932       58.8300018    
   14.5495596       58.6800003    
   14.5662260       58.5299988    
   14.5828924       58.3699989    
   14.5995588       58.2099991    
   14.6162252       58.0499992    
   14.6328917       57.9000015    
   14.6495581       57.7299995    
   14.6662245       57.5699997    
   14.6828909       57.4099998    
   14.6995573       57.2500000    
   14.7162237       57.0800018    
   14.7328901       56.9099998    
   14.7495565       56.7500000    
   14.7662230       56.5800018    
   14.7828894       56.4099998    
   14.7995558       56.2400017    
   14.8162222       56.0699997    
   14.8328886       55.8899994    
   14.8495550       55.7200012    
   14.8662214       55.5400009    
   14.8828878       55.3699989    
   14.8995543       55.1899986    
   14.9162207       55.0099983    
   14.9328871       54.8300018    
   14.9495535       54.6500015    
   14.9662199       54.4700012    
   14.9828863       54.2900009    
   14.9995527       54.1100006    
   15.0162191       53.9199982    
   15.0328856       53.7400017    
   15.0495520       53.5499992    
   15.0662184       53.3600006    
   15.0828848       53.1800003    
   15.0995512       52.9900017    
   15.1162176       52.7999992    
   15.1328840       52.5999985    
   15.1495504       52.4099998    
   15.1662169       52.2200012    
   15.1828833       52.0200005    
   15.1995497       51.8300018    
   15.2162161       51.6300011    
   15.2328825       51.4300003    
   15.2495489       51.2400017    
   15.2662153       51.0400009    
   15.2828817       50.8400002    
   15.2995481       50.6399994    
   15.3162146       50.4300003    
   15.3328810       50.2299995    
   15.3495474       50.0299988    
   15.3662138       49.8199997    
   15.3828802       49.6199989    
   15.3995466       49.4099998    
   15.4162130       49.2000008    
   15.4328794       48.9900017    
   15.4495459       48.7799988    
   15.4662123       48.5800018    
   15.4828787       48.3600006    
   15.4995451       48.1500015    
   15.5162115       47.9399986    
   15.5328779       47.7299995    
   15.5495443       47.5099983    
   15.5662107       47.2900009    
   15.5828772       47.0800018    
   15.5995436       46.8600006    
   15.6162100       46.6399994    
   15.6328764       46.4300003    
   15.6495428       46.2099991    
   15.6662092       45.9900017    
   15.6828756       45.7700005    
   15.6995420       45.5400009    
   15.7162085       45.3199997    
   15.7328749       45.0999985    
   15.7495413       44.8699989    
   15.7662077       44.6500015    
   15.7828741       44.4199982    
   15.7995405       44.2000008    
   15.8162069       43.9700012    
   15.8328733       43.7400017    
   15.8495398       43.5099983    
   15.8662062       43.2799988    
   15.8828726       43.0499992    
   15.8995390       42.8199997    
   15.9162054       42.5900002    
   15.9328718       42.3600006    
   15.9495382       42.1199989    
   15.9662046       41.8899994    
   15.9828711       41.6500015    
   15.9995375       41.4199982    
   16.0162029       41.1800003    
   16.0328693       40.9500008    
   16.0495358       40.7099991    
   16.0662022       40.4700012    
   16.0828686       40.2299995    
   16.0995350       39.9900017    
   16.1162014       39.7500000    
   16.1328678       39.5099983    
   16.1495342       39.2700005    
   16.1662006       39.0299988    
   16.1828671       38.7900009    
   16.1995335       38.5499992    
   16.2161999       38.2999992    
   16.2328663       38.0600014    
   16.2495327       37.8199997    
   16.2661991       37.5699997    
   16.2828655       37.3300018    
   16.2995319       37.0800018    
   16.3161983       36.8300018    
   16.3328648       36.5900002    
   16.3495312       36.3400002    
   16.3661976       36.0900002    
   16.3828640       35.8400002    
   16.3995304       35.5900002    
   16.4161968       35.3400002    
   16.4328632       35.0900002    
   16.4495296       34.8400002    
   16.4661961       34.5900002    
   16.4828625       34.3400002    
   16.4995289       34.0900002    
   16.5161953       33.8400002    
   16.5328617       33.5800018    
   16.5495281       33.3300018    
   16.5661945       33.0800018    
   16.5828609       32.8199997    
   16.5995274       32.5699997    
   16.6161938       32.3199997    
   16.6328602       32.0600014    
   16.6495266       31.8099995    
   16.6661930       31.5499992    
   16.6828594       31.2900009    
   16.6995258       31.0400009    
   16.7161922       30.7800007    
   16.7328587       30.5300007    
   16.7495251       30.2700005    
   16.7661915       30.0100002    
   16.7828579       29.7500000    
   16.7995243       29.5000000    
   16.8161907       29.2399998    
   16.8328571       28.9799995    
   16.8495235       28.7199993    
   16.8661900       28.4599991    
   16.8828564       28.2099991    
   16.8995228       27.9500008    
   16.9161892       27.6900005    
   16.9328556       27.4300003    
   16.9495220       27.1700001    
   16.9661884       26.9099998    
   16.9828548       26.6499996    
   16.9995213       26.3899994    
   17.0161877       26.1299992    
   17.0328541       25.8700008    
   17.0495205       25.6100006    
   17.0661869       25.3500004    
   17.0828533       25.0900002    
   17.0995197       24.8299999    
   17.1161861       24.5699997    
   17.1328526       24.3099995    
   17.1495190       24.0499992    
   17.1661854       23.7999992    
   17.1828518       23.5400009    
   17.1995182       23.2800007    
   17.2161846       23.0200005    
   17.2328510       22.7600002    
   17.2495174       22.5000000    
   17.2661839       22.2399998    
   17.2828503       21.9799995    
   17.2995167       21.7199993    
   17.3161831       21.4599991    
   17.3328495       21.2099991    
   17.3495159       20.9500008    
   17.3661823       20.6900005    
   17.3828487       20.4300003    
   17.3995152       20.1800003    
   17.4161816       19.9200001    
   17.4328480       19.6599998    
   17.4495144       19.4099998    
   17.4661808       19.1499996    
   17.4828472       18.8999996    
   17.4995136       18.6399994    
   17.5161800       18.3899994    
   17.5328465       18.1299992    
   17.5495129       17.8799992    
   17.5661793       17.6299992    
   17.5828457       17.3700008    
   17.5995121       17.1200008    
   17.6161785       16.8700008    
   17.6328449       16.6200008    
   17.6495113       16.3700008    
   17.6661777       16.1200008    
   17.6828442       15.8699999    
   17.6995106       15.6199999    
   17.7161770       15.3800001    
   17.7328434       15.1300001    
   17.7495098       14.8800001    
   17.7661762       14.6400003    
   17.7828426       14.3900003    
   17.7995090       14.1499996    
   17.8161755       13.9099998    
   17.8328419       13.6700001    
   17.8495083       13.4300003    
   17.8661747       13.1899996    
   17.8828411       12.9499998    
   17.8995075       12.7100000    
   17.9161739       12.4700003    
   17.9328403       12.2399998    
   17.9495068       12.0000000    
   17.9661732       11.7700005    
   17.9828396       11.5400000    
   17.9995060       11.3100004    
   18.0161724       11.0799999    
   18.0328388       10.8500004    
   18.0495052       10.6199999    
   18.0661716       10.3999996    
   18.0828381       10.1700001    
   18.0995045       9.94799995    
   18.1161709       9.72700024    
   18.1328373       9.50699997    
   18.1495037       9.28899956    
   18.1661701       9.07199955    
   18.1828365       8.85700035    
   18.1995029       8.64400005    
   18.2161694       8.43200016    
   18.2328358       8.22200012    
   18.2495022       8.01399994    
   18.2661686       7.80800009    
   18.2828350       7.60300016    
   18.2995014       7.40100002    
   18.3161678       7.19999981    
   18.3328342       7.00199986    
   18.3495007       6.80600023    
   18.3661671       6.61100006    
   18.3828335       6.41900015    
   18.3994999       6.22900009    
   18.4161663       6.04099989    
   18.4328327       5.85599995    
   18.4494991       5.67299986    
   18.4661655       5.49200010    
   18.4828320       5.31400013    
   18.4994984       5.13800001    
   18.5161648       4.96400023    
   18.5328312       4.79300022    
   18.5494976       4.62500000    
   18.5661640       4.45900011    
   18.5828304       4.29600000    
   18.5994968       4.13500023    
   18.6161633       3.97700000    
   18.6328297       3.82200003    
   18.6494961       3.67000008    
   18.6661625       3.51999998    
   18.6828289       3.37299991    
   18.6994953       3.22799993    
   18.7161617       3.08699989    
   18.7328281       2.94799995    
   18.7494946       2.81200004    
   18.7661610       2.67899990    
   18.7828274       2.54800010    
   18.7994938       2.42000008    
   18.8161602       2.29600000    
   18.8328266       2.17300010    
   18.8494930       2.05399990    
   18.8661594       1.93799996    
   18.8828259       1.82400000    
   18.8994923       1.71300006    
   18.9161587       1.60500002    
   18.9328251       1.50000000    
   18.9494915       1.39900005    
   18.9661579       1.29999995    
   18.9828243       1.20400000    
   18.9994907       1.11199999    
   19.0161572       1.02400005    
   19.0328236      0.939100027    
   19.0494900      0.858500004    
   19.0661564      0.782500029    
   19.0828228      0.699100018    
   19.0994892      0.621100008    
   19.1161556      0.554799974    
   19.1328220      0.498499990    
   19.1494884      0.442999989    
   19.1661549      0.385899991    
   19.1828213      0.337000012    
   19.1994877      0.294600010    
   19.2161541      0.251100004    
   19.2328205      0.213599995    
   19.2494869      0.180600002    
   19.2661533      0.151800007    
   19.2828197      0.126699999    
   19.2994862      0.105400003    
   19.3161526       8.52300003E-02
   19.3328190       6.93899989E-02
   19.3494854       5.57099991E-02
   19.3661518       4.47600000E-02
   19.3828182       3.52099985E-02
   19.3994846       2.76699997E-02
   19.4161510       2.16400009E-02
   19.4328175       1.67800002E-02
   19.4494839       1.28899999E-02
   19.4661503       9.83399991E-03
   19.4828167       7.45799998E-03
   19.4994831       5.58499992E-03
   19.5161495       4.06999979E-03
   19.5328159       2.96700001E-03
   19.5494823       2.09300010E-03
   19.5661488       1.44400005E-03
   19.5828152       9.75599978E-04
   19.5994816       6.40099985E-04
   19.6161480       4.00799996E-04
   19.6328144       2.33400002E-04
   19.6494808       1.21099998E-04
   19.6661472       5.13300001E-05
   19.6828136       1.49099997E-05
   19.6994801       2.17000002E-06
   19.7161465       1.23199996E-07
   19.7328129       1.47000001E-09
   19.7494793       3.58400007E-12
   19.7661457       0.00000000    
   19.7828121       0.00000000    
   19.7994785       0.00000000    
   19.8161449       0.00000000    
   19.8328114       0.00000000    
   19.8494778       0.00000000    
   19.8661442       0.00000000    
   19.8828106       0.00000000    
   19.8994770       0.00000000    
   19.9161434       0.00000000    
   19.9328098       0.00000000    
   19.9494762       0.00000000    
   19.9661427       0.00000000    
   19.9828091       0.00000000    
   19.9994755       0.00000000    
   20.0161419       0.00000000    
   20.0328083       0.00000000    
   20.0494747       0.00000000    
   20.0661411       0.00000000    
   20.0828075       0.00000000    
   20.0994740       0.00000000    
   20.1161404       0.00000000    
   20.1328068       0.00000000    
   20.1494732       0.00000000    
   20.1661396       0.00000000    
   20.1828060       0.00000000    
   20.1994724       0.00000000    
   20.2161388       0.00000000    
   20.2328053       0.00000000    
   20.2494717       0.00000000    
   20.2661381       0.00000000    
   20.2828045       0.00000000    
   20.2994709       0.00000000    
   20.3161373       0.00000000    
   20.3328037       0.00000000    
   20.3494701       0.00000000    
   20.3661366       0.00000000    
   20.3828030       0.00000000    
   20.3994694       0.00000000    
   20.4161358       0.00000000    
   20.4328022       0.00000000    
   20.4494686       0.00000000    
   20.4661350       0.00000000    
   20.4828014       0.00000000    
   20.4994678       0.00000000    
   20.5161343       0.00000000    
   20.5328007       0.00000000    
   20.5494671       0.00000000    
   20.5661335       0.00000000    
   20.5827999       0.00000000    
   20.5994663       0.00000000    
   20.6161327       0.00000000    
   20.6327991       0.00000000    
   20.6494656       0.00000000    
   20.6661320       0.00000000    
   20.6827984       0.00000000    
   20.6994648       0.00000000    
   20.7161312       0.00000000    
   20.7327976       0.00000000    
   20.7494640       0.00000000    
   20.7661304       0.00000000    
   20.7827969       0.00000000    
   20.7994633       0.00000000    
   20.8161297       0.00000000    
   20.8327961       0.00000000    
   20.8494625       0.00000000    
   20.8661289       0.00000000    
   20.8827953       0.00000000    
   20.8994617       0.00000000    
   20.9161282       0.00000000    
   20.9327946       0.00000000    
   20.9494610       0.00000000    
   20.9661274       0.00000000    
   20.9827938       0.00000000    
   20.9994602       0.00000000    
   21.0161266       0.00000000    
   21.0327930       0.00000000    
   21.0494595       0.00000000    
   21.0661259       0.00000000    
   21.0827923       0.00000000    
   21.0994587       0.00000000    
   21.1161251       0.00000000    
   21.1327915       0.00000000    
   21.1494579       0.00000000    
   21.1661243       0.00000000    
   21.1827908       0.00000000    
   21.1994572       0.00000000    
   21.2161236       0.00000000    
   21.2327900       0.00000000    
   21.2494564       0.00000000    
   21.2661228       0.00000000    
   21.2827892       0.00000000    
   21.2994556       0.00000000    
   21.3161221       0.00000000    
   21.3327885       0.00000000    
   21.3494549       0.00000000    
   21.3661213       0.00000000    
   21.3827877       0.00000000    
   21.3994541       0.00000000    
   21.4161205       0.00000000    
   21.4327869       0.00000000    
   21.4494534       0.00000000    
   21.4661198       0.00000000    
   21.4827862       0.00000000    
   21.4994526       0.00000000    
   21.5161190       0.00000000    
   21.5327854       0.00000000    
   21.5494518       0.00000000    
   21.5661182       0.00000000    
   21.5827847       0.00000000    
   21.5994511       0.00000000    
   21.6161175       0.00000000    
   21.6327839       0.00000000    
   21.6494503       0.00000000    
   21.6661167       0.00000000    
   21.6827831       0.00000000    
   21.6994495       0.00000000    
   21.7161160       0.00000000    
   21.7327824       0.00000000    
   21.7494488       0.00000000    
   21.7661152       0.00000000    
   21.7827816       0.00000000    
   21.7994480       0.00000000    
   21.8161144       0.00000000    
   21.8327808       0.00000000    
   21.8494473       0.00000000    
   21.8661137       0.00000000    
   21.8827801       0.00000000    
   21.8994465       0.00000000    
   21.9161129       0.00000000    
   21.9327793       0.00000000    
   21.9494457       0.00000000    
   21.9661121       0.00000000    
   21.9827785       0.00000000    
   21.9994450       0.00000000    
   22.0161114       0.00000000    
   22.0327778       0.00000000    
   22.0494442       0.00000000    
   22.0661106       0.00000000    
   22.0827770       0.00000000    
   22.0994434       0.00000000    
   22.1161098       0.00000000    
   22.1327763       0.00000000    
   22.1494427       0.00000000    
   22.1661091       0.00000000    
   22.1827755       0.00000000    
   22.1994419       0.00000000    
   22.2161083       0.00000000    
   22.2327747       0.00000000    
   22.2494411       0.00000000    
   22.2661076       0.00000000    
   22.2827740       0.00000000    
   22.2994404       0.00000000    
   22.3161068       0.00000000    
   22.3327732       0.00000000    
   22.3494396       0.00000000    
   22.3661060       0.00000000    
   22.3827724       0.00000000    
   22.3994389       0.00000000    
   22.4161053       0.00000000    
   22.4327717       0.00000000    
   22.4494381       0.00000000    
   22.4661045       0.00000000    
   22.4827709       0.00000000    
   22.4994373       0.00000000    
   22.5161037       0.00000000    
   22.5327702       0.00000000    
   22.5494366       0.00000000    
   22.5661030       0.00000000    
   22.5827694       0.00000000    
   22.5994358       0.00000000    
   22.6161022       0.00000000    
   22.6327686       0.00000000    
   22.6494350       0.00000000    
   22.6661015       0.00000000    
   22.6827679       0.00000000    
   22.6994343       0.00000000    
   22.7161007       0.00000000    
   22.7327671       0.00000000    
   22.7494335       0.00000000    
   22.7660999       0.00000000    
   22.7827663       0.00000000    
   22.7994328       0.00000000    
   22.8160992       0.00000000    
   22.8327656       0.00000000    
   22.8494320       0.00000000    
   22.8660984       0.00000000    
   22.8827648       0.00000000    
   22.8994312       0.00000000    
   22.9160976       0.00000000    
   22.9327641       0.00000000    
   22.9494305       0.00000000    
   22.9660969       0.00000000    
   22.9827633       0.00000000    
   22.9994297       0.00000000    
   23.0160961       0.00000000    
   23.0327625       0.00000000    
   23.0494289       0.00000000    
   23.0660954       0.00000000    
   23.0827618       0.00000000    
   23.0994282       0.00000000    
   23.1160946       0.00000000    
   23.1327610       0.00000000    
   23.1494274       0.00000000    
   23.1660938       0.00000000    
   23.1827602       0.00000000    
   23.1994267       0.00000000    
   23.2160931       0.00000000    
   23.2327595       0.00000000    
   23.2494259       0.00000000    
   23.2660923       0.00000000    
   23.2827587       0.00000000    
   23.2994251       0.00000000    
   23.3160915       0.00000000    
   23.3327579       0.00000000    
   23.3494244       0.00000000    
   23.3660908       0.00000000    
   23.3827572       0.00000000    
   23.3994236       0.00000000    
   23.4160900       0.00000000    
   23.4327564       0.00000000    
   23.4494228       0.00000000    
   23.4660892       0.00000000    
   23.4827557       0.00000000    
   23.4994221       0.00000000    
   23.5160885       0.00000000    
   23.5327549       0.00000000    
   23.5494213       0.00000000    
   23.5660877       0.00000000    
   23.5827541       0.00000000    
   23.5994205       0.00000000    
   23.6160870       0.00000000    
   23.6327534       0.00000000    
   23.6494198       0.00000000    
   23.6660862       0.00000000    
   23.6827526       0.00000000    
   23.6994190       0.00000000    
   23.7160854       0.00000000    
   23.7327518       0.00000000    
   23.7494183       0.00000000    
   23.7660847       0.00000000    
   23.7827511       0.00000000    
   23.7994175       0.00000000    
   23.8160839       0.00000000    
   23.8327503       0.00000000    
   23.8494167       0.00000000    
   23.8660831       0.00000000    
   23.8827496       0.00000000    
   23.8994160       0.00000000    
   23.9160824       0.00000000    
   23.9327488       0.00000000    
   23.9494152       0.00000000    
   23.9660816       0.00000000    
   23.9827480       0.00000000    
