   0.00000000       0.00000000    
   1.66660007E-02   0.00000000    
   3.33320014E-02   0.00000000    
   4.99980003E-02   0.00000000    
   6.66640028E-02   0.00000000    
   8.33300054E-02   0.00000000    
   9.99960080E-02   0.00000000    
  0.116662011       0.00000000    
  0.133328006       0.00000000    
  0.149994001       0.00000000    
  0.166659996       0.00000000    
  0.183325991       0.00000000    
  0.199991986       0.00000000    
  0.216657981       0.00000000    
  0.233323976       0.00000000    
  0.249989972       0.00000000    
  0.266655982       0.00000000    
  0.283321977       0.00000000    
  0.299987972       0.00000000    
  0.316653967       0.00000000    
  0.333319962       0.00000000    
  0.349985957       0.00000000    
  0.366651952       0.00000000    
  0.383317947       0.00000000    
  0.399983943       0.00000000    
  0.416649938       0.00000000    
  0.433315933       0.00000000    
  0.449981928       0.00000000    
  0.466647923       0.00000000    
  0.483313918       0.00000000    
  0.499979913       0.00000000    
  0.516645908       0.00000000    
  0.533311903       0.00000000    
  0.549977899       0.00000000    
  0.566643894       0.00000000    
  0.583309889       0.00000000    
  0.599975884       0.00000000    
  0.616641879       0.00000000    
  0.633307874       0.00000000    
  0.649973869       0.00000000    
  0.666639864       0.00000000    
  0.683305860       0.00000000    
  0.699971855       0.00000000    
  0.716637850       0.00000000    
  0.733303845       0.00000000    
  0.749969840       0.00000000    
  0.766635835       0.00000000    
  0.783301830       0.00000000    
  0.799967825       0.00000000    
  0.816633821       0.00000000    
  0.833299816       0.00000000    
  0.849965811       0.00000000    
  0.866631806       0.00000000    
  0.883297801       0.00000000    
  0.899963796       0.00000000    
  0.916629791       0.00000000    
  0.933295786       0.00000000    
  0.949961782       0.00000000    
  0.966627777       0.00000000    
  0.983293772       0.00000000    
  0.999959767       0.00000000    
   1.01662576       0.00000000    
   1.03329182       0.00000000    
   1.04995787       0.00000000    
   1.06662393       0.00000000    
   1.08328998       0.00000000    
   1.09995604       0.00000000    
   1.11662209       0.00000000    
   1.13328815       0.00000000    
   1.14995420       0.00000000    
   1.16662025       0.00000000    
   1.18328631       0.00000000    
   1.19995236       0.00000000    
   1.21661842       0.00000000    
   1.23328447       0.00000000    
   1.24995053       0.00000000    
   1.26661658       0.00000000    
   1.28328264       0.00000000    
   1.29994869       0.00000000    
   1.31661475       0.00000000    
   1.33328080       0.00000000    
   1.34994686       0.00000000    
   1.36661291       0.00000000    
   1.38327897       0.00000000    
   1.39994502       0.00000000    
   1.41661108       0.00000000    
   1.43327713       0.00000000    
   1.44994318       0.00000000    
   1.46660924       0.00000000    
   1.48327529       0.00000000    
   1.49994135       0.00000000    
   1.51660740       0.00000000    
   1.53327346       0.00000000    
   1.54993951       0.00000000    
   1.56660557       0.00000000    
   1.58327162       0.00000000    
   1.59993768       0.00000000    
   1.61660373       0.00000000    
   1.63326979       0.00000000    
   1.64993584       0.00000000    
   1.66660190       0.00000000    
   1.68326795       0.00000000    
   1.69993401       0.00000000    
   1.71660006       0.00000000    
   1.73326612       0.00000000    
   1.74993217       0.00000000    
   1.76659822       0.00000000    
   1.78326428       0.00000000    
   1.79993033       0.00000000    
   1.81659639       0.00000000    
   1.83326244       0.00000000    
   1.84992850       0.00000000    
   1.86659455       0.00000000    
   1.88326061       0.00000000    
   1.89992666       0.00000000    
   1.91659272       0.00000000    
   1.93325877       0.00000000    
   1.94992483       0.00000000    
   1.96659088       0.00000000    
   1.98325694       0.00000000    
   1.99992299       0.00000000    
   2.01658893       0.00000000    
   2.03325486       0.00000000    
   2.04992080       0.00000000    
   2.06658673       0.00000000    
   2.08325267       0.00000000    
   2.09991860       0.00000000    
   2.11658454       0.00000000    
   2.13325047       0.00000000    
   2.14991641       0.00000000    
   2.16658235       0.00000000    
   2.18324828       0.00000000    
   2.19991422       0.00000000    
   2.21658015       0.00000000    
   2.23324609       0.00000000    
   2.24991202       0.00000000    
   2.26657796       0.00000000    
   2.28324389       0.00000000    
   2.29990983       0.00000000    
   2.31657577       0.00000000    
   2.33324170       0.00000000    
   2.34990764       0.00000000    
   2.36657357       0.00000000    
   2.38323951       0.00000000    
   2.39990544       0.00000000    
   2.41657138       0.00000000    
   2.43323731       0.00000000    
   2.44990325       0.00000000    
   2.46656919       0.00000000    
   2.48323512       0.00000000    
   2.49990106       0.00000000    
   2.51656699       0.00000000    
   2.53323293       0.00000000    
   2.54989886       0.00000000    
   2.56656480       0.00000000    
   2.58323073       0.00000000    
   2.59989667       0.00000000    
   2.61656260       0.00000000    
   2.63322854       0.00000000    
   2.64989448       0.00000000    
   2.66656041       0.00000000    
   2.68322635       0.00000000    
   2.69989228       0.00000000    
   2.71655822       0.00000000    
   2.73322415       0.00000000    
   2.74989009       0.00000000    
   2.76655602       0.00000000    
   2.78322196       0.00000000    
   2.79988790       0.00000000    
   2.81655383       0.00000000    
   2.83321977       0.00000000    
   2.84988570       0.00000000    
   2.86655164       0.00000000    
   2.88321757       0.00000000    
   2.89988351       0.00000000    
   2.91654944       0.00000000    
   2.93321538       0.00000000    
   2.94988132       0.00000000    
   2.96654725       0.00000000    
   2.98321319       0.00000000    
   2.99987912       0.00000000    
   3.01654506       0.00000000    
   3.03321099       0.00000000    
   3.04987693       0.00000000    
   3.06654286       0.00000000    
   3.08320880       0.00000000    
   3.09987473       0.00000000    
   3.11654067       0.00000000    
   3.13320661       0.00000000    
   3.14987254       0.00000000    
   3.16653848       0.00000000    
   3.18320441       0.00000000    
   3.19987035       0.00000000    
   3.21653628       0.00000000    
   3.23320222       0.00000000    
   3.24986815       0.00000000    
   3.26653409       0.00000000    
   3.28320003       0.00000000    
   3.29986596       0.00000000    
   3.31653190       0.00000000    
   3.33319783       0.00000000    
   3.34986377       0.00000000    
   3.36652970       0.00000000    
   3.38319564       0.00000000    
   3.39986157       0.00000000    
   3.41652751       0.00000000    
   3.43319345       0.00000000    
   3.44985938       0.00000000    
   3.46652532       0.00000000    
   3.48319125       0.00000000    
   3.49985719       0.00000000    
   3.51652312       0.00000000    
   3.53318906       0.00000000    
   3.54985499       0.00000000    
   3.56652093       0.00000000    
   3.58318686       0.00000000    
   3.59985280       0.00000000    
   3.61651874       0.00000000    
   3.63318467       0.00000000    
   3.64985061       0.00000000    
   3.66651654       0.00000000    
   3.68318248       0.00000000    
   3.69984841       0.00000000    
   3.71651435       0.00000000    
   3.73318028       0.00000000    
   3.74984622       0.00000000    
   3.76651216       0.00000000    
   3.78317809       0.00000000    
   3.79984403       0.00000000    
   3.81650996       0.00000000    
   3.83317590       0.00000000    
   3.84984183       0.00000000    
   3.86650777       0.00000000    
   3.88317370       0.00000000    
   3.89983964       0.00000000    
   3.91650558       0.00000000    
   3.93317151       0.00000000    
   3.94983745       0.00000000    
   3.96650338       0.00000000    
   3.98316932       0.00000000    
   3.99983525       0.00000000    
   4.01650143       0.00000000    
   4.03316736       0.00000000    
   4.04983330       0.00000000    
   4.06649923       0.00000000    
   4.08316517       0.00000000    
   4.09983110       0.00000000    
   4.11649704       0.00000000    
   4.13316298       0.00000000    
   4.14982891       0.00000000    
   4.16649485       0.00000000    
   4.18316078       0.00000000    
   4.19982672       0.00000000    
   4.21649265       0.00000000    
   4.23315859       0.00000000    
   4.24982452       0.00000000    
   4.26649046       0.00000000    
   4.28315639       0.00000000    
   4.29982233       0.00000000    
   4.31648827       0.00000000    
   4.33315420       0.00000000    
   4.34982014       0.00000000    
   4.36648607       0.00000000    
   4.38315201       0.00000000    
   4.39981794       0.00000000    
   4.41648388       0.00000000    
   4.43314981       0.00000000    
   4.44981575       0.00000000    
   4.46648169       0.00000000    
   4.48314762       0.00000000    
   4.49981356       0.00000000    
   4.51647949       0.00000000    
   4.53314543       0.00000000    
   4.54981136       0.00000000    
   4.56647730       0.00000000    
   4.58314323       0.00000000    
   4.59980917       0.00000000    
   4.61647511       0.00000000    
   4.63314104       0.00000000    
   4.64980698       0.00000000    
   4.66647291       0.00000000    
   4.68313885       0.00000000    
   4.69980478       0.00000000    
   4.71647072       0.00000000    
   4.73313665       0.00000000    
   4.74980259       0.00000000    
   4.76646852       0.00000000    
   4.78313446       0.00000000    
   4.79980040       0.00000000    
   4.81646633       0.00000000    
   4.83313227       0.00000000    
   4.84979820       0.00000000    
   4.86646414       0.00000000    
   4.88313007       0.00000000    
   4.89979601       0.00000000    
   4.91646194       0.00000000    
   4.93312788       0.00000000    
   4.94979382       0.00000000    
   4.96645975       0.00000000    
   4.98312569       0.00000000    
   4.99979162       0.00000000    
   5.01645756       0.00000000    
   5.03312349       0.00000000    
   5.04978943       0.00000000    
   5.06645536       0.00000000    
   5.08312130       0.00000000    
   5.09978724       0.00000000    
   5.11645317       0.00000000    
   5.13311911       0.00000000    
   5.14978504       0.00000000    
   5.16645098       0.00000000    
   5.18311691       0.00000000    
   5.19978285       0.00000000    
   5.21644878       0.00000000    
   5.23311472       0.00000000    
   5.24978065       0.00000000    
   5.26644659       0.00000000    
   5.28311253       0.00000000    
   5.29977846       0.00000000    
   5.31644440       0.00000000    
   5.33311033       1.94099999E-20
   5.34977627       1.78299999E-16
   5.36644220       5.40899994E-14
   5.38310814       5.85999999E-12
   5.39977407       1.80599993E-10
   5.41644001       3.31700001E-09
   5.43310595       1.80599997E-08
   5.44977188       5.07499998E-08
   5.46643782       1.10099997E-07
   5.48310375       2.05800006E-07
   5.49976969       3.59900014E-07
   5.51643562       5.99899977E-07
   5.53310156       9.76300043E-07
   5.54976749       1.55600003E-06
   5.56643343       2.33400010E-06
   5.58309937       3.41600003E-06
   5.59976530       4.72900001E-06
   5.61643124       6.44600004E-06
   5.63309717       8.71599968E-06
   5.64976311       1.14200002E-05
   5.66642904       1.48099998E-05
   5.68309498       1.90200008E-05
   5.69976091       2.37500008E-05
   5.71642685       2.97600000E-05
   5.73309278       3.73199982E-05
   5.74975872       4.54799992E-05
   5.76642466       5.61199995E-05
   5.78309059       6.73100003E-05
   5.79975653       8.09100020E-05
   5.81642246       9.82900019E-05
   5.83308840       1.16000003E-04
   5.84975433       1.36500006E-04
   5.86642027       1.60099997E-04
   5.88308620       1.81700001E-04
   5.89975214       2.09499995E-04
   5.91641808       2.43300005E-04
   5.93308401       2.72100006E-04
   5.94974995       3.14000004E-04
   5.96641588       3.47199995E-04
   5.98308182       3.86600004E-04
   5.99974775       4.33700014E-04
   6.01641369       4.89600003E-04
   6.03307962       5.42599999E-04
   6.04974556       5.95299993E-04
   6.06641150       6.51600014E-04
   6.08307743       7.11100001E-04
   6.09974337       7.73800013E-04
   6.11640930       8.39599990E-04
   6.13307524       9.08399990E-04
   6.14974117       9.80200013E-04
   6.16640711       1.05500000E-03
   6.18307304       1.13300001E-03
   6.19973898       1.21400005E-03
   6.21640491       1.29799999E-03
   6.23307085       1.38499995E-03
   6.24973679       1.47500006E-03
   6.26640272       1.56799995E-03
   6.28306866       1.66399998E-03
   6.29973459       1.76400004E-03
   6.31640053       1.86600001E-03
   6.33306646       1.97200011E-03
   6.34973240       2.08200002E-03
   6.36639833       2.19399994E-03
   6.38306427       2.30999989E-03
   6.39973021       2.43000011E-03
   6.41639614       2.55300011E-03
   6.43306208       2.67999992E-03
   6.44972801       2.81099998E-03
   6.46639395       2.94500007E-03
   6.48305988       3.08299996E-03
   6.49972582       3.22500011E-03
   6.51639175       3.37100006E-03
   6.53305769       3.52000003E-03
   6.54972363       3.67400004E-03
   6.56638956       3.83300008E-03
   6.58305550       3.99499992E-03
   6.59972143       4.16200003E-03
   6.61638737       4.33300016E-03
   6.63305330       4.50799987E-03
   6.64971924       4.68900008E-03
   6.66638517       4.87300009E-03
   6.68305111       5.06300014E-03
   6.69971704       5.25700022E-03
   6.71638298       5.45699988E-03
   6.73304892       5.66100003E-03
   6.74971485       5.86999999E-03
   6.76638079       6.08500000E-03
   6.78304672       6.30400004E-03
   6.79971266       6.52900012E-03
   6.81637859       6.75900001E-03
   6.83304453       6.99499995E-03
   6.84971046       7.23600015E-03
   6.86637640       7.48299994E-03
   6.88304234       7.73600023E-03
   6.89970827       7.99399987E-03
   6.91637421       8.25900026E-03
   6.93304014       8.52899998E-03
   6.94970608       8.80500022E-03
   6.96637201       9.08700004E-03
   6.98303795       9.37599968E-03
   6.99970388       9.66999959E-03
   7.01636982       9.97199956E-03
   7.03303576       1.02800000E-02
   7.04970169       1.05900001E-02
   7.06636763       1.09099997E-02
   7.08303356       1.12399999E-02
   7.09969950       1.15700001E-02
   7.11636543       1.19200004E-02
   7.13303137       1.22600002E-02
   7.14969730       1.26200002E-02
   7.16636324       1.29800001E-02
   7.18302917       1.33499997E-02
   7.19969511       1.37200002E-02
   7.21636105       1.41099999E-02
   7.23302698       1.44999996E-02
   7.24969292       1.48900002E-02
   7.26635885       1.53000001E-02
   7.28302479       1.57099999E-02
   7.29969072       1.61300004E-02
   7.31635666       1.65599994E-02
   7.33302259       1.70000009E-02
   7.34968853       1.74400005E-02
   7.36635447       1.78900007E-02
   7.38302040       1.83499996E-02
   7.39968634       1.88200008E-02
   7.41635227       1.92900002E-02
   7.43301821       1.97700001E-02
   7.44968414       2.02600006E-02
   7.46635008       2.07599998E-02
   7.48301601       2.12699994E-02
   7.49968195       2.17899997E-02
   7.51634789       2.23099999E-02
   7.53301382       2.28400007E-02
   7.54967976       2.33800001E-02
   7.56634569       2.39300001E-02
   7.58301163       2.44900007E-02
   7.59967756       2.50499994E-02
   7.61634350       2.56299991E-02
   7.63300943       2.62100007E-02
   7.64967537       2.67999992E-02
   7.66634130       2.74000000E-02
   7.68300724       2.80099995E-02
   7.69967318       2.86299996E-02
   7.71633911       2.92499997E-02
   7.73300505       2.98900008E-02
   7.74967098       3.05300001E-02
   7.76633692       3.11900005E-02
   7.78300285       3.18499990E-02
   7.79966879       3.25199999E-02
   7.81633472       3.31999995E-02
   7.83300066       3.38799991E-02
   7.84966660       3.45799997E-02
   7.86633253       3.52899991E-02
   7.88299847       3.59999985E-02
   7.89966440       3.67299989E-02
   7.91633034       3.74599993E-02
   7.93299627       3.81999984E-02
   7.94966221       3.89500000E-02
   7.96632814       3.97100002E-02
   7.98299408       4.04799990E-02
   7.99966002       4.12600003E-02
   8.01632595       4.20500003E-02
   8.03299236       4.28400002E-02
   8.04965878       4.36500013E-02
   8.06632519       4.44599986E-02
   8.08299160       4.52799983E-02
   8.09965801       4.61199991E-02
   8.11632442       4.69599999E-02
   8.13299084       4.78099994E-02
   8.14965725       4.86700013E-02
   8.16632366       4.95299995E-02
   8.18299007       5.04099987E-02
   8.19965649       5.13000004E-02
   8.21632290       5.21899983E-02
   8.23298931       5.30899987E-02
   8.24965572       5.40100001E-02
   8.26632214       5.49300015E-02
   8.28298855       5.58600016E-02
   8.29965496       5.68000004E-02
   8.31632137       5.77399991E-02
   8.33298779       5.86999990E-02
   8.34965420       5.96700013E-02
   8.36632061       6.06399998E-02
   8.38298702       6.16200007E-02
   8.39965343       6.26100004E-02
   8.41631985       6.36100024E-02
   8.43298626       6.46200031E-02
   8.44965267       6.56400025E-02
   8.46631908       6.66600019E-02
   8.48298550       6.76999986E-02
   8.49965191       6.87400028E-02
   8.51631832       6.97899982E-02
   8.53298473       7.08499998E-02
   8.54965115       7.19100013E-02
   8.56631756       7.29900002E-02
   8.58298397       7.40699992E-02
   8.59965038       7.51599967E-02
   8.61631680       7.62600005E-02
   8.63298321       7.73599967E-02
   8.64964962       7.84799978E-02
   8.66631603       7.95999989E-02
   8.68298244       8.07299986E-02
   8.69964886       8.18699971E-02
   8.71631527       8.30100030E-02
   8.73298168       8.41600001E-02
   8.74964809       8.53200033E-02
   8.76631451       8.64799991E-02
   8.78298092       8.76699984E-02
   8.79964733       8.88400003E-02
   8.81631374       9.00399983E-02
   8.83298016       9.12400037E-02
   8.84964657       9.24400017E-02
   8.86631298       9.36300009E-02
   8.88297939       9.48500037E-02
   8.89964581       9.60799977E-02
   8.91631222       9.73199978E-02
   8.93297863       9.85599980E-02
   8.94964504       9.98099968E-02
   8.96631145      0.101000004    
   8.98297787      0.102300003    
   8.99964428      0.103600003    
   9.01631069      0.104800001    
   9.03297710      0.106100000    
   9.04964352      0.107400000    
   9.06630993      0.108700000    
   9.08297634      0.109999999    
   9.09964275      0.111299999    
   9.11630917      0.112599999    
   9.13297558      0.113899998    
   9.14964199      0.115199998    
   9.16630840      0.116499998    
   9.18297482      0.117799997    
   9.19964123      0.119199999    
   9.21630764      0.120399997    
   9.23297405      0.121900000    
   9.24964046      0.123199999    
   9.26630688      0.124600001    
   9.28297329      0.125900000    
   9.29963970      0.127299994    
   9.31630611      0.128600001    
   9.33297253      0.129999995    
   9.34963894      0.131400004    
   9.36630535      0.132799998    
   9.38297176      0.134100005    
   9.39963818      0.135499999    
   9.41630459      0.136899993    
   9.43297100      0.138300002    
   9.44963741      0.139699996    
   9.46630383      0.141100004    
   9.48297024      0.142499998    
   9.49963665      0.143900007    
   9.51630306      0.145300001    
   9.53296947      0.146699995    
   9.54963589      0.148100004    
   9.56630230      0.149599999    
   9.58296871      0.150999993    
   9.59963512      0.152400002    
   9.61630154      0.153799996    
   9.63296795      0.155300006    
   9.64963436      0.156700000    
   9.66630077      0.158099994    
   9.68296719      0.159600005    
   9.69963360      0.160999998    
   9.71630001      0.162400007    
   9.73296642      0.163900003    
   9.74963284      0.165299997    
   9.76629925      0.166700006    
   9.78296566      0.168200001    
   9.79963207      0.169599995    
   9.81629848      0.171100006    
   9.83296490      0.172499999    
   9.84963131      0.173999995    
   9.86629772      0.175400004    
   9.88296413      0.176799998    
   9.89963055      0.178299993    
   9.91629696      0.179700002    
   9.93296337      0.181199998    
   9.94962978      0.182500005    
   9.96629620      0.184000000    
   9.98296261      0.185499996    
   9.99962902      0.187000006    
   10.0162954      0.188299999    
   10.0329618      0.189799994    
   10.0496283      0.191300005    
   10.0662947      0.192699999    
   10.0829611      0.194100007    
   10.0996275      0.195600003    
   10.1162939      0.196999997    
   10.1329603      0.198500007    
   10.1496267      0.199900001    
   10.1662931      0.201299995    
   10.1829596      0.202800006    
   10.1996260      0.204099998    
   10.2162924      0.205599993    
   10.2329588      0.207000002    
   10.2496252      0.208499998    
   10.2662916      0.209900007    
   10.2829580      0.211300001    
   10.2996244      0.212699994    
   10.3162909      0.214100003    
   10.3329573      0.215499997    
   10.3496237      0.216900006    
   10.3662901      0.218199998    
   10.3829565      0.219699994    
   10.3996229      0.221100003    
   10.4162893      0.222499996    
   10.4329557      0.223700002    
   10.4496222      0.225199997    
   10.4662886      0.226500005    
   10.4829550      0.228000000    
   10.4996214      0.229100004    
   10.5162878      0.230599999    
   10.5329542      0.231999993    
   10.5496206      0.233400002    
   10.5662870      0.234699994    
   10.5829535      0.236000001    
   10.5996199      0.237399995    
   10.6162863      0.238700002    
   10.6329527      0.240099996    
   10.6496191      0.241400003    
   10.6662855      0.242699996    
   10.6829519      0.243900001    
   10.6996183      0.245299995    
   10.7162848      0.246600002    
   10.7329512      0.247899994    
   10.7496176      0.249100000    
   10.7662840      0.250400007    
   10.7829504      0.251700014    
   10.7996168      0.252799988    
   10.8162832      0.254200011    
   10.8329496      0.255400002    
   10.8496161      0.256700009    
   10.8662825      0.257900000    
   10.8829489      0.259000003    
   10.8996153      0.260300010    
   10.9162817      0.261500001    
   10.9329481      0.262699991    
   10.9496145      0.263900012    
   10.9662809      0.265100002    
   10.9829473      0.266299993    
   10.9996138      0.267399997    
   11.0162802      0.268599987    
   11.0329466      0.269800007    
   11.0496130      0.270799994    
   11.0662794      0.272000015    
   11.0829458      0.273099989    
   11.0996122      0.273999989    
   11.1162786      0.275400013    
   11.1329451      0.276499987    
   11.1496115      0.277599990    
   11.1662779      0.278699994    
   11.1829443      0.279700011    
   11.1996107      0.280800015    
   11.2162771      0.281800002    
   11.2329435      0.282900006    
   11.2496099      0.283899993    
   11.2662764      0.284900010    
   11.2829428      0.285899997    
   11.2996092      0.286900014    
   11.3162756      0.287900001    
   11.3329420      0.288899988    
   11.3496084      0.289900005    
   11.3662748      0.290600002    
   11.3829412      0.291799992    
   11.3996077      0.292699993    
   11.4162741      0.293599993    
   11.4329405      0.294499993    
   11.4496069      0.295399994    
   11.4662733      0.296299994    
   11.4829397      0.297199994    
   11.4996061      0.298099995    
   11.5162725      0.298900008    
   11.5329390      0.299800009    
   11.5496054      0.300599992    
   11.5662718      0.301299989    
   11.5829382      0.302300006    
   11.5996046      0.303099990    
   11.6162710      0.303799987    
   11.6329374      0.304600000    
   11.6496038      0.305400014    
   11.6662703      0.306100011    
   11.6829367      0.306899995    
   11.6996031      0.307599992    
   11.7162695      0.308299989    
   11.7329359      0.308999985    
   11.7496023      0.309700012    
   11.7662687      0.310400009    
   11.7829351      0.311100006    
   11.7996016      0.311699986    
   11.8162680      0.312299997    
   11.8329344      0.312999994    
   11.8496008      0.313600004    
   11.8662672      0.314200014    
   11.8829336      0.314799994    
   11.8996000      0.315299988    
   11.9162664      0.315800011    
   11.9329329      0.316199988    
   11.9495993      0.316700011    
   11.9662657      0.317499995    
   11.9829321      0.317999989    
   11.9995985      0.318500012    
   12.0162649      0.319000006    
   12.0329313      0.319499999    
   12.0495977      0.319900006    
   12.0662642      0.320400000    
   12.0829306      0.320800006    
   12.0995970      0.320600003    
   12.1162634      0.321500003    
   12.1329298      0.321999997    
   12.1495962      0.322299987    
   12.1662626      0.322499990    
   12.1829290      0.322899997    
   12.1995955      0.323300004    
   12.2162619      0.323500007    
   12.2329283      0.324000001    
   12.2495947      0.324299991    
   12.2662611      0.324600011    
   12.2829275      0.324800014    
   12.2995939      0.325100005    
   12.3162603      0.325300008    
   12.3329268      0.325500011    
   12.3495932      0.325700015    
   12.3662596      0.325899988    
   12.3829260      0.326099992    
   12.3995924      0.326200008    
   12.4162588      0.326400012    
   12.4329252      0.326499999    
   12.4495916      0.326599985    
   12.4662580      0.326599985    
   12.4829245      0.326799989    
   12.4995909      0.326900005    
   12.5162573      0.326900005    
   12.5329237      0.326999992    
   12.5495901      0.326999992    
   12.5662565      0.327100009    
   12.5829229      0.327100009    
   12.5995893      0.327100009    
   12.6162558      0.326999992    
   12.6329222      0.326999992    
   12.6495886      0.326900005    
   12.6662550      0.326799989    
   12.6829214      0.326700002    
   12.6995878      0.326599985    
   12.7162542      0.326499999    
   12.7329206      0.326400012    
   12.7495871      0.326299995    
   12.7662535      0.326200008    
   12.7829199      0.326000005    
   12.7995863      0.325899988    
   12.8162527      0.325700015    
   12.8329191      0.325500011    
   12.8495855      0.325199991    
   12.8662519      0.324999988    
   12.8829184      0.324800014    
   12.8995848      0.324499995    
   12.9162512      0.324200004    
   12.9329176      0.323799998    
   12.9495840      0.323399991    
   12.9662504      0.323199987    
   12.9829168      0.322800010    
   12.9995832      0.322499990    
   13.0162497      0.322200000    
   13.0329161      0.321900010    
   13.0495825      0.321200013    
   13.0662489      0.320699990    
   13.0829153      0.320699990    
   13.0995817      0.320199996    
   13.1162481      0.319799989    
   13.1329145      0.319299996    
   13.1495810      0.318800002    
   13.1662474      0.318300009    
   13.1829138      0.317900002    
   13.1995802      0.317299992    
   13.2162466      0.316500008    
   13.2329130      0.316000015    
   13.2495794      0.315699995    
   13.2662458      0.315200001    
   13.2829123      0.314599991    
   13.2995787      0.314000010    
   13.3162451      0.313400000    
   13.3329115      0.312799990    
   13.3495779      0.312099993    
   13.3662443      0.311500013    
   13.3829107      0.310799986    
   13.3995771      0.310200006    
   13.4162436      0.309500009    
   13.4329100      0.308800012    
   13.4495764      0.308099985    
   13.4662428      0.307399988    
   13.4829092      0.306600004    
   13.4995756      0.305900007    
   13.5162420      0.305200011    
   13.5329084      0.304399997    
   13.5495749      0.303600013    
   13.5662413      0.302800000    
   13.5829077      0.301999986    
   13.5995741      0.301099986    
   13.6162405      0.300399989    
   13.6329069      0.299499989    
   13.6495733      0.298700005    
   13.6662397      0.297800004    
   13.6829062      0.296900004    
   13.6995726      0.296099991    
   13.7162390      0.295199990    
   13.7329054      0.294299990    
   13.7495718      0.293300003    
   13.7662382      0.292400002    
   13.7829046      0.291500002    
   13.7995710      0.290499985    
   13.8162374      0.289600015    
   13.8329039      0.288599998    
   13.8495703      0.287600011    
   13.8662367      0.286599994    
   13.8829031      0.285400003    
   13.8995695      0.284599990    
   13.9162359      0.283600003    
   13.9329023      0.282599986    
   13.9495687      0.281500012    
   13.9662352      0.280499995    
   13.9829016      0.279399991    
   13.9995680      0.278299987    
   14.0162344      0.277200013    
   14.0329008      0.276199996    
   14.0495672      0.275000006    
   14.0662336      0.273900002    
   14.0829000      0.272799999    
   14.0995665      0.271699995    
   14.1162329      0.270300001    
   14.1328993      0.269400001    
   14.1495657      0.268299997    
   14.1662321      0.267100006    
   14.1828985      0.265899986    
   14.1995649      0.264800012    
   14.2162313      0.263599992    
   14.2328978      0.262100011    
   14.2495642      0.261200011    
   14.2662306      0.259799987    
   14.2828970      0.258700013    
   14.2995634      0.257499993    
   14.3162298      0.256300002    
   14.3328962      0.254999995    
   14.3495626      0.253800005    
   14.3662291      0.252600014    
   14.3828955      0.251300007    
   14.3995619      0.250000000    
   14.4162283      0.248699993    
   14.4328947      0.247500002    
   14.4495611      0.246199995    
   14.4662275      0.244900003    
   14.4828939      0.243499994    
   14.4995604      0.242300004    
   14.5162268      0.240999997    
   14.5328932      0.239600003    
   14.5495596      0.238299996    
   14.5662260      0.237000003    
   14.5828924      0.235699996    
   14.5995588      0.234300002    
   14.6162252      0.232999995    
   14.6328917      0.231500000    
   14.6495581      0.230299994    
   14.6662245      0.228900000    
   14.6828909      0.227500007    
   14.6995573      0.226099998    
   14.7162237      0.224800006    
   14.7328901      0.223399997    
   14.7495565      0.222000003    
   14.7662230      0.220699996    
   14.7828894      0.219300002    
   14.7995558      0.217899993    
   14.8162222      0.216499999    
   14.8328886      0.215000004    
   14.8495550      0.213699996    
   14.8662214      0.212300003    
   14.8828878      0.210899994    
   14.8995543      0.209399998    
   14.9162207      0.208000004    
   14.9328871      0.206599995    
   14.9495535      0.205200002    
   14.9662199      0.203799993    
   14.9828863      0.202299997    
   14.9995527      0.200900003    
   15.0162191      0.199499995    
   15.0328856      0.197899997    
   15.0495520      0.196600005    
   15.0662184      0.195099995    
   15.0828848      0.193700001    
   15.0995512      0.192300007    
   15.1162176      0.190899998    
   15.1328840      0.189400002    
   15.1495504      0.187999994    
   15.1662169      0.186499998    
   15.1828833      0.185100004    
   15.1995497      0.183599994    
   15.2162161      0.182200000    
   15.2328825      0.180800006    
   15.2495489      0.179299995    
   15.2662153      0.177900001    
   15.2828817      0.176300004    
   15.2995481      0.174999997    
   15.3162146      0.173500001    
   15.3328810      0.172000006    
   15.3495474      0.170499995    
   15.3662138      0.169200003    
   15.3828802      0.167799994    
   15.3995466      0.166299999    
   15.4162130      0.164900005    
   15.4328794      0.163399994    
   15.4495459      0.162000000    
   15.4662123      0.160600007    
   15.4828787      0.159099996    
   15.4995451      0.157700002    
   15.5162115      0.156299993    
   15.5328779      0.154799998    
   15.5495443      0.153400004    
   15.5662107      0.151999995    
   15.5828772      0.150600001    
   15.5995436      0.149100006    
   15.6162100      0.147699997    
   15.6328764      0.146300003    
   15.6495428      0.144899994    
   15.6662092      0.143500000    
   15.6828756      0.142100006    
   15.6995420      0.140699998    
   15.7162085      0.139300004    
   15.7328749      0.137899995    
   15.7495413      0.136500001    
   15.7662077      0.135100007    
   15.7828741      0.133800000    
   15.7995405      0.132300004    
   15.8162069      0.130999997    
   15.8328733      0.129600003    
   15.8495398      0.128199995    
   15.8662062      0.126900002    
   15.8828726      0.125499994    
   15.8995390      0.124200001    
   15.9162054      0.122800000    
   15.9328718      0.121500000    
   15.9495382      0.120099999    
   15.9662046      0.118799999    
   15.9828711      0.117500000    
   15.9995375      0.116200000    
   16.0162029      0.114799999    
   16.0328693      0.113499999    
   16.0495358      0.112199999    
   16.0662022      0.110900000    
   16.0828686      0.109600000    
   16.0995350      0.108300000    
   16.1162014      0.107000001    
   16.1328678      0.105800003    
   16.1495342      0.104500003    
   16.1662006      0.103200004    
   16.1828671      0.101999998    
   16.1995335      0.100699998    
   16.2161999       9.94499996E-02
   16.2328663       9.82099995E-02
   16.2495327       9.69299972E-02
   16.2661991       9.57399979E-02
   16.2828655       9.45300013E-02
   16.2995319       9.32699963E-02
   16.3161983       9.21000019E-02
   16.3328648       9.08999965E-02
   16.3495312       8.97099972E-02
   16.3661976       8.85199979E-02
   16.3828640       8.73399973E-02
   16.3995304       8.61599967E-02
   16.4161968       8.50000009E-02
   16.4328632       8.38399976E-02
   16.4495296       8.26900005E-02
   16.4661961       8.15500021E-02
   16.4828625       8.04200023E-02
   16.4995289       7.92900026E-02
   16.5161953       7.81700015E-02
   16.5328617       7.70599991E-02
   16.5495281       7.59499967E-02
   16.5661945       7.48599991E-02
   16.5828609       7.37700015E-02
   16.5995274       7.26900026E-02
   16.6161938       7.16200024E-02
   16.6328602       7.05500022E-02
   16.6495266       6.94999993E-02
   16.6661930       6.84499964E-02
   16.6828594       6.74099997E-02
   16.6995258       6.63800016E-02
   16.7161922       6.53600022E-02
   16.7328587       6.43500015E-02
   16.7495251       6.33400008E-02
   16.7661915       6.23399988E-02
   16.7828579       6.13600016E-02
   16.7995243       6.03800006E-02
   16.8161907       5.93999997E-02
   16.8328571       5.84399998E-02
   16.8495235       5.74899986E-02
   16.8661900       5.65400012E-02
   16.8828564       5.56100011E-02
   16.8995228       5.46800010E-02
   16.9161892       5.37599996E-02
   16.9328556       5.28500006E-02
   16.9495220       5.19500002E-02
   16.9661884       5.10599986E-02
   16.9828548       5.01799993E-02
   16.9995213       4.93000001E-02
   17.0161877       4.84399982E-02
   17.0328541       4.75800000E-02
   17.0495205       4.67300005E-02
   17.0661869       4.58999984E-02
   17.0828533       4.50700000E-02
   17.0995197       4.42500003E-02
   17.1161861       4.34300005E-02
   17.1328526       4.26299982E-02
   17.1495190       4.18399982E-02
   17.1661854       4.10499983E-02
   17.1828518       4.02799994E-02
   17.1995182       3.95100005E-02
   17.2161846       3.87599990E-02
   17.2328510       3.80100012E-02
   17.2495174       3.72699983E-02
   17.2661839       3.65400016E-02
   17.2828503       3.58199999E-02
   17.2995167       3.51000018E-02
   17.3161831       3.44000012E-02
   17.3328495       3.37099992E-02
   17.3495159       3.30200009E-02
   17.3661823       3.23400013E-02
   17.3828487       3.16799991E-02
   17.3995152       3.10200006E-02
   17.4161816       3.03700007E-02
   17.4328480       2.97299996E-02
   17.4495144       2.90900003E-02
   17.4661808       2.84700003E-02
   17.4828472       2.78500002E-02
   17.4995136       2.72499993E-02
   17.5161800       2.66500004E-02
   17.5328465       2.60600001E-02
   17.5495129       2.54800003E-02
   17.5661793       2.49099992E-02
   17.5828457       2.43500005E-02
   17.5995121       2.37900000E-02
   17.6161785       2.32500006E-02
   17.6328449       2.27099992E-02
   17.6495113       2.21800003E-02
   17.6661777       2.16600001E-02
   17.6828442       2.11399999E-02
   17.6995106       2.06400007E-02
   17.7161770       2.01399997E-02
   17.7328434       1.96499992E-02
   17.7495098       1.91699993E-02
   17.7661762       1.86999999E-02
   17.7828426       1.82399992E-02
   17.7995090       1.77800003E-02
   17.8161755       1.73300002E-02
   17.8328419       1.68900006E-02
   17.8495083       1.64599996E-02
   17.8661747       1.60300005E-02
   17.8828411       1.56100001E-02
   17.8995075       1.52000003E-02
   17.9161739       1.48000000E-02
   17.9328403       1.43999998E-02
   17.9495068       1.40100000E-02
   17.9661732       1.36299999E-02
   17.9828396       1.32600004E-02
   17.9995060       1.28899999E-02
   18.0161724       1.25299999E-02
   18.0328388       1.21799996E-02
   18.0495052       1.18300002E-02
   18.0661716       1.15000000E-02
   18.0828381       1.11600002E-02
   18.0995045       1.08399997E-02
   18.1161709       1.05200000E-02
   18.1328373       1.02100000E-02
   18.1495037       9.90100019E-03
   18.1661701       9.60099977E-03
   18.1828365       9.30800010E-03
   18.1995029       9.02100001E-03
   18.2161694       8.74000043E-03
   18.2328358       8.46599974E-03
   18.2495022       8.19700025E-03
   18.2661686       7.93499965E-03
   18.2828350       7.67799979E-03
   18.2995014       7.42600020E-03
   18.3161678       7.18099996E-03
   18.3328342       6.94100000E-03
   18.3495007       6.70700008E-03
   18.3661671       6.47799997E-03
   18.3828335       6.25400012E-03
   18.3994999       6.03599986E-03
   18.4161663       5.82299987E-03
   18.4328327       5.61500015E-03
   18.4494991       5.41200023E-03
   18.4661655       5.21400012E-03
   18.4828320       5.02099982E-03
   18.4994984       4.83200001E-03
   18.5161648       4.64899978E-03
   18.5328312       4.47000004E-03
   18.5494976       4.29499988E-03
   18.5661640       4.12499998E-03
   18.5828304       3.95900011E-03
   18.5994968       3.79800005E-03
   18.6161633       3.64100002E-03
   18.6328297       3.48800002E-03
   18.6494961       3.33900005E-03
   18.6661625       3.19400011E-03
   18.6828289       3.05299996E-03
   18.6994953       2.91600008E-03
   18.7161617       2.78300000E-03
   18.7328281       2.65299994E-03
   18.7494946       2.52699992E-03
   18.7661610       2.40499992E-03
   18.7828274       2.28599994E-03
   18.7994938       2.17100000E-03
   18.8161602       2.05900008E-03
   18.8328266       1.94999995E-03
   18.8494930       1.84499996E-03
   18.8661594       1.74300000E-03
   18.8828259       1.64399995E-03
   18.8994923       1.54900004E-03
   18.9161587       1.45600003E-03
   18.9328251       1.36700005E-03
   18.9494915       1.27999997E-03
   18.9661579       1.19700003E-03
   18.9828243       1.11700001E-03
   18.9994907       1.04000000E-03
   19.0161572       9.65700019E-04
   19.0328236       8.94500001E-04
   19.0494900       8.26400006E-04
   19.0661564       7.61299976E-04
   19.0828228       6.99300028E-04
   19.0994892       6.40399987E-04
   19.1161556       5.84899972E-04
   19.1328220       5.32899983E-04
   19.1494884       4.78100003E-04
   19.1661549       4.23999998E-04
   19.1828213       3.78600002E-04
   19.1994877       3.40500002E-04
   19.2161541       3.08399991E-04
   19.2328205       2.65899987E-04
   19.2494869       2.38799999E-04
   19.2661533       2.04900003E-04
   19.2828197       1.76700007E-04
   19.2994862       1.52599998E-04
   19.3161526       1.31099994E-04
   19.3328190       1.11200003E-04
   19.3494854       9.34600030E-05
   19.3661518       7.82499992E-05
   19.3828182       6.54399992E-05
   19.3994846       5.40200017E-05
   19.4161510       4.39600008E-05
   19.4328175       3.57499994E-05
   19.4494839       2.88200008E-05
   19.4661503       2.28000008E-05
   19.4828167       1.79399995E-05
   19.4994831       1.39900003E-05
   19.5161495       1.07699998E-05
   19.5328159       8.17799992E-06
   19.5494823       6.13000020E-06
   19.5661488       4.52499989E-06
   19.5828152       3.18899993E-06
   19.5994816       2.19699996E-06
   19.6161480       1.43299997E-06
   19.6328144       9.14499992E-07
   19.6494808       5.49700019E-07
   19.6661472       3.23899997E-07
   19.6828136       1.84599998E-07
   19.6994801       9.69600009E-08
   19.7161465       4.27400018E-08
   19.7328129       1.40600003E-08
   19.7494793       2.38199993E-09
   19.7661457       1.14600003E-10
   19.7828121       2.86100007E-12
   19.7994785       2.65700005E-14
   19.8161449       5.63200015E-17
   19.8328114       1.49700001E-21
   19.8494778       0.00000000    
   19.8661442       0.00000000    
   19.8828106       0.00000000    
   19.8994770       0.00000000    
   19.9161434       0.00000000    
   19.9328098       0.00000000    
   19.9494762       0.00000000    
   19.9661427       0.00000000    
   19.9828091       0.00000000    
   19.9994755       0.00000000    
   20.0161419       0.00000000    
   20.0328083       0.00000000    
   20.0494747       0.00000000    
   20.0661411       0.00000000    
   20.0828075       0.00000000    
   20.0994740       0.00000000    
   20.1161404       0.00000000    
   20.1328068       0.00000000    
   20.1494732       0.00000000    
   20.1661396       0.00000000    
   20.1828060       0.00000000    
   20.1994724       0.00000000    
   20.2161388       0.00000000    
   20.2328053       0.00000000    
   20.2494717       0.00000000    
   20.2661381       0.00000000    
   20.2828045       0.00000000    
   20.2994709       0.00000000    
   20.3161373       0.00000000    
   20.3328037       0.00000000    
   20.3494701       0.00000000    
   20.3661366       0.00000000    
   20.3828030       0.00000000    
   20.3994694       0.00000000    
   20.4161358       0.00000000    
   20.4328022       0.00000000    
   20.4494686       0.00000000    
   20.4661350       0.00000000    
   20.4828014       0.00000000    
   20.4994678       0.00000000    
   20.5161343       0.00000000    
   20.5328007       0.00000000    
   20.5494671       0.00000000    
   20.5661335       0.00000000    
   20.5827999       0.00000000    
   20.5994663       0.00000000    
   20.6161327       0.00000000    
   20.6327991       0.00000000    
   20.6494656       0.00000000    
   20.6661320       0.00000000    
   20.6827984       0.00000000    
   20.6994648       0.00000000    
   20.7161312       0.00000000    
   20.7327976       0.00000000    
   20.7494640       0.00000000    
   20.7661304       0.00000000    
   20.7827969       0.00000000    
   20.7994633       0.00000000    
   20.8161297       0.00000000    
   20.8327961       0.00000000    
   20.8494625       0.00000000    
   20.8661289       0.00000000    
   20.8827953       0.00000000    
   20.8994617       0.00000000    
   20.9161282       0.00000000    
   20.9327946       0.00000000    
   20.9494610       0.00000000    
   20.9661274       0.00000000    
   20.9827938       0.00000000    
   20.9994602       0.00000000    
   21.0161266       0.00000000    
   21.0327930       0.00000000    
   21.0494595       0.00000000    
   21.0661259       0.00000000    
   21.0827923       0.00000000    
   21.0994587       0.00000000    
   21.1161251       0.00000000    
   21.1327915       0.00000000    
   21.1494579       0.00000000    
   21.1661243       0.00000000    
   21.1827908       0.00000000    
   21.1994572       0.00000000    
   21.2161236       0.00000000    
   21.2327900       0.00000000    
   21.2494564       0.00000000    
   21.2661228       0.00000000    
   21.2827892       0.00000000    
   21.2994556       0.00000000    
   21.3161221       0.00000000    
   21.3327885       0.00000000    
   21.3494549       0.00000000    
   21.3661213       0.00000000    
   21.3827877       0.00000000    
   21.3994541       0.00000000    
   21.4161205       0.00000000    
   21.4327869       0.00000000    
   21.4494534       0.00000000    
   21.4661198       0.00000000    
   21.4827862       0.00000000    
   21.4994526       0.00000000    
   21.5161190       0.00000000    
   21.5327854       0.00000000    
   21.5494518       0.00000000    
   21.5661182       0.00000000    
   21.5827847       0.00000000    
   21.5994511       0.00000000    
   21.6161175       0.00000000    
   21.6327839       0.00000000    
   21.6494503       0.00000000    
   21.6661167       0.00000000    
   21.6827831       0.00000000    
   21.6994495       0.00000000    
   21.7161160       0.00000000    
   21.7327824       0.00000000    
   21.7494488       0.00000000    
   21.7661152       0.00000000    
   21.7827816       0.00000000    
   21.7994480       0.00000000    
   21.8161144       0.00000000    
   21.8327808       0.00000000    
   21.8494473       0.00000000    
   21.8661137       0.00000000    
   21.8827801       0.00000000    
   21.8994465       0.00000000    
   21.9161129       0.00000000    
   21.9327793       0.00000000    
   21.9494457       0.00000000    
   21.9661121       0.00000000    
   21.9827785       0.00000000    
   21.9994450       0.00000000    
   22.0161114       0.00000000    
   22.0327778       0.00000000    
   22.0494442       0.00000000    
   22.0661106       0.00000000    
   22.0827770       0.00000000    
   22.0994434       0.00000000    
   22.1161098       0.00000000    
   22.1327763       0.00000000    
   22.1494427       0.00000000    
   22.1661091       0.00000000    
   22.1827755       0.00000000    
   22.1994419       0.00000000    
   22.2161083       0.00000000    
   22.2327747       0.00000000    
   22.2494411       0.00000000    
   22.2661076       0.00000000    
   22.2827740       0.00000000    
   22.2994404       0.00000000    
   22.3161068       0.00000000    
   22.3327732       0.00000000    
   22.3494396       0.00000000    
   22.3661060       0.00000000    
   22.3827724       0.00000000    
   22.3994389       0.00000000    
   22.4161053       0.00000000    
   22.4327717       0.00000000    
   22.4494381       0.00000000    
   22.4661045       0.00000000    
   22.4827709       0.00000000    
   22.4994373       0.00000000    
   22.5161037       0.00000000    
   22.5327702       0.00000000    
   22.5494366       0.00000000    
   22.5661030       0.00000000    
   22.5827694       0.00000000    
   22.5994358       0.00000000    
   22.6161022       0.00000000    
   22.6327686       0.00000000    
   22.6494350       0.00000000    
   22.6661015       0.00000000    
   22.6827679       0.00000000    
   22.6994343       0.00000000    
   22.7161007       0.00000000    
   22.7327671       0.00000000    
   22.7494335       0.00000000    
   22.7660999       0.00000000    
   22.7827663       0.00000000    
   22.7994328       0.00000000    
   22.8160992       0.00000000    
   22.8327656       0.00000000    
   22.8494320       0.00000000    
   22.8660984       0.00000000    
   22.8827648       0.00000000    
   22.8994312       0.00000000    
   22.9160976       0.00000000    
   22.9327641       0.00000000    
   22.9494305       0.00000000    
   22.9660969       0.00000000    
   22.9827633       0.00000000    
   22.9994297       0.00000000    
   23.0160961       0.00000000    
   23.0327625       0.00000000    
   23.0494289       0.00000000    
   23.0660954       0.00000000    
   23.0827618       0.00000000    
   23.0994282       0.00000000    
   23.1160946       0.00000000    
   23.1327610       0.00000000    
   23.1494274       0.00000000    
   23.1660938       0.00000000    
   23.1827602       0.00000000    
   23.1994267       0.00000000    
   23.2160931       0.00000000    
   23.2327595       0.00000000    
   23.2494259       0.00000000    
   23.2660923       0.00000000    
   23.2827587       0.00000000    
   23.2994251       0.00000000    
   23.3160915       0.00000000    
   23.3327579       0.00000000    
   23.3494244       0.00000000    
   23.3660908       0.00000000    
   23.3827572       0.00000000    
   23.3994236       0.00000000    
   23.4160900       0.00000000    
   23.4327564       0.00000000    
   23.4494228       0.00000000    
   23.4660892       0.00000000    
   23.4827557       0.00000000    
   23.4994221       0.00000000    
   23.5160885       0.00000000    
   23.5327549       0.00000000    
   23.5494213       0.00000000    
   23.5660877       0.00000000    
   23.5827541       0.00000000    
   23.5994205       0.00000000    
   23.6160870       0.00000000    
   23.6327534       0.00000000    
   23.6494198       0.00000000    
   23.6660862       0.00000000    
   23.6827526       0.00000000    
   23.6994190       0.00000000    
   23.7160854       0.00000000    
   23.7327518       0.00000000    
   23.7494183       0.00000000    
   23.7660847       0.00000000    
   23.7827511       0.00000000    
   23.7994175       0.00000000    
   23.8160839       0.00000000    
   23.8327503       0.00000000    
   23.8494167       0.00000000    
   23.8660831       0.00000000    
   23.8827496       0.00000000    
   23.8994160       0.00000000    
   23.9160824       0.00000000    
   23.9327488       0.00000000    
   23.9494152       0.00000000    
   23.9660816       0.00000000    
   23.9827480       0.00000000    
