   0.00000000       0.00000000    
   1.66660007E-02   0.00000000    
   3.33320014E-02   0.00000000    
   4.99980003E-02   0.00000000    
   6.66640028E-02   0.00000000    
   8.33300054E-02   0.00000000    
   9.99960080E-02   0.00000000    
  0.116662011       0.00000000    
  0.133328006       0.00000000    
  0.149994001       0.00000000    
  0.166659996       0.00000000    
  0.183325991       0.00000000    
  0.199991986       0.00000000    
  0.216657981       0.00000000    
  0.233323976       0.00000000    
  0.249989972       0.00000000    
  0.266655982       0.00000000    
  0.283321977       0.00000000    
  0.299987972       0.00000000    
  0.316653967       0.00000000    
  0.333319962       0.00000000    
  0.349985957       0.00000000    
  0.366651952       0.00000000    
  0.383317947       0.00000000    
  0.399983943       0.00000000    
  0.416649938       0.00000000    
  0.433315933       0.00000000    
  0.449981928       0.00000000    
  0.466647923       0.00000000    
  0.483313918       0.00000000    
  0.499979913       0.00000000    
  0.516645908       0.00000000    
  0.533311903       0.00000000    
  0.549977899       0.00000000    
  0.566643894       0.00000000    
  0.583309889       0.00000000    
  0.599975884       0.00000000    
  0.616641879       0.00000000    
  0.633307874       0.00000000    
  0.649973869       0.00000000    
  0.666639864       0.00000000    
  0.683305860       0.00000000    
  0.699971855       0.00000000    
  0.716637850       0.00000000    
  0.733303845       0.00000000    
  0.749969840       0.00000000    
  0.766635835       0.00000000    
  0.783301830       0.00000000    
  0.799967825       0.00000000    
  0.816633821       0.00000000    
  0.833299816       0.00000000    
  0.849965811       0.00000000    
  0.866631806       0.00000000    
  0.883297801       0.00000000    
  0.899963796       0.00000000    
  0.916629791       0.00000000    
  0.933295786       0.00000000    
  0.949961782       0.00000000    
  0.966627777       0.00000000    
  0.983293772       0.00000000    
  0.999959767       0.00000000    
   1.01662576       0.00000000    
   1.03329182       0.00000000    
   1.04995787       0.00000000    
   1.06662393       0.00000000    
   1.08328998       0.00000000    
   1.09995604       0.00000000    
   1.11662209       0.00000000    
   1.13328815       0.00000000    
   1.14995420       0.00000000    
   1.16662025       0.00000000    
   1.18328631       0.00000000    
   1.19995236       0.00000000    
   1.21661842       0.00000000    
   1.23328447       0.00000000    
   1.24995053       0.00000000    
   1.26661658       0.00000000    
   1.28328264       0.00000000    
   1.29994869       0.00000000    
   1.31661475       0.00000000    
   1.33328080       0.00000000    
   1.34994686       0.00000000    
   1.36661291       0.00000000    
   1.38327897       0.00000000    
   1.39994502       0.00000000    
   1.41661108       0.00000000    
   1.43327713       0.00000000    
   1.44994318       0.00000000    
   1.46660924       0.00000000    
   1.48327529       0.00000000    
   1.49994135       0.00000000    
   1.51660740       0.00000000    
   1.53327346       0.00000000    
   1.54993951       0.00000000    
   1.56660557       0.00000000    
   1.58327162       0.00000000    
   1.59993768       0.00000000    
   1.61660373       0.00000000    
   1.63326979       0.00000000    
   1.64993584       0.00000000    
   1.66660190       0.00000000    
   1.68326795       0.00000000    
   1.69993401       0.00000000    
   1.71660006       0.00000000    
   1.73326612       0.00000000    
   1.74993217       0.00000000    
   1.76659822       0.00000000    
   1.78326428       0.00000000    
   1.79993033       0.00000000    
   1.81659639       0.00000000    
   1.83326244       0.00000000    
   1.84992850       0.00000000    
   1.86659455       0.00000000    
   1.88326061       0.00000000    
   1.89992666       0.00000000    
   1.91659272       0.00000000    
   1.93325877       0.00000000    
   1.94992483       0.00000000    
   1.96659088       0.00000000    
   1.98325694       0.00000000    
   1.99992299       0.00000000    
   2.01658893       0.00000000    
   2.03325486       0.00000000    
   2.04992080       0.00000000    
   2.06658673       0.00000000    
   2.08325267       0.00000000    
   2.09991860       0.00000000    
   2.11658454       0.00000000    
   2.13325047       0.00000000    
   2.14991641       0.00000000    
   2.16658235       0.00000000    
   2.18324828       0.00000000    
   2.19991422       0.00000000    
   2.21658015       0.00000000    
   2.23324609       0.00000000    
   2.24991202       0.00000000    
   2.26657796       0.00000000    
   2.28324389       0.00000000    
   2.29990983       0.00000000    
   2.31657577       0.00000000    
   2.33324170       0.00000000    
   2.34990764       0.00000000    
   2.36657357       0.00000000    
   2.38323951       0.00000000    
   2.39990544       0.00000000    
   2.41657138       0.00000000    
   2.43323731       0.00000000    
   2.44990325       0.00000000    
   2.46656919       0.00000000    
   2.48323512       0.00000000    
   2.49990106       0.00000000    
   2.51656699       0.00000000    
   2.53323293       0.00000000    
   2.54989886       0.00000000    
   2.56656480       0.00000000    
   2.58323073       0.00000000    
   2.59989667       0.00000000    
   2.61656260       0.00000000    
   2.63322854       0.00000000    
   2.64989448       0.00000000    
   2.66656041       0.00000000    
   2.68322635       0.00000000    
   2.69989228       0.00000000    
   2.71655822       0.00000000    
   2.73322415       0.00000000    
   2.74989009       0.00000000    
   2.76655602       0.00000000    
   2.78322196       0.00000000    
   2.79988790       0.00000000    
   2.81655383       0.00000000    
   2.83321977       0.00000000    
   2.84988570       0.00000000    
   2.86655164       0.00000000    
   2.88321757       0.00000000    
   2.89988351       0.00000000    
   2.91654944       0.00000000    
   2.93321538       0.00000000    
   2.94988132       0.00000000    
   2.96654725       0.00000000    
   2.98321319       0.00000000    
   2.99987912       0.00000000    
   3.01654506       0.00000000    
   3.03321099       0.00000000    
   3.04987693       0.00000000    
   3.06654286       0.00000000    
   3.08320880       0.00000000    
   3.09987473       0.00000000    
   3.11654067       0.00000000    
   3.13320661       0.00000000    
   3.14987254       0.00000000    
   3.16653848       0.00000000    
   3.18320441       0.00000000    
   3.19987035       0.00000000    
   3.21653628       0.00000000    
   3.23320222       0.00000000    
   3.24986815       0.00000000    
   3.26653409       0.00000000    
   3.28320003       0.00000000    
   3.29986596       0.00000000    
   3.31653190       0.00000000    
   3.33319783       0.00000000    
   3.34986377       0.00000000    
   3.36652970       0.00000000    
   3.38319564       0.00000000    
   3.39986157       0.00000000    
   3.41652751       0.00000000    
   3.43319345       0.00000000    
   3.44985938       0.00000000    
   3.46652532       0.00000000    
   3.48319125       0.00000000    
   3.49985719       0.00000000    
   3.51652312       0.00000000    
   3.53318906       0.00000000    
   3.54985499       0.00000000    
   3.56652093       0.00000000    
   3.58318686       0.00000000    
   3.59985280       0.00000000    
   3.61651874       0.00000000    
   3.63318467       0.00000000    
   3.64985061       0.00000000    
   3.66651654       0.00000000    
   3.68318248       0.00000000    
   3.69984841       0.00000000    
   3.71651435       0.00000000    
   3.73318028       0.00000000    
   3.74984622       0.00000000    
   3.76651216       0.00000000    
   3.78317809       0.00000000    
   3.79984403       0.00000000    
   3.81650996       0.00000000    
   3.83317590       0.00000000    
   3.84984183       0.00000000    
   3.86650777       0.00000000    
   3.88317370       0.00000000    
   3.89983964       0.00000000    
   3.91650558       0.00000000    
   3.93317151       0.00000000    
   3.94983745       0.00000000    
   3.96650338       0.00000000    
   3.98316932       0.00000000    
   3.99983525       0.00000000    
   4.01650143       0.00000000    
   4.03316736       0.00000000    
   4.04983330       0.00000000    
   4.06649923       0.00000000    
   4.08316517       0.00000000    
   4.09983110       0.00000000    
   4.11649704       0.00000000    
   4.13316298       0.00000000    
   4.14982891       0.00000000    
   4.16649485       0.00000000    
   4.18316078       0.00000000    
   4.19982672       0.00000000    
   4.21649265       0.00000000    
   4.23315859       0.00000000    
   4.24982452       0.00000000    
   4.26649046       0.00000000    
   4.28315639       0.00000000    
   4.29982233       0.00000000    
   4.31648827       0.00000000    
   4.33315420       0.00000000    
   4.34982014       0.00000000    
   4.36648607       0.00000000    
   4.38315201       0.00000000    
   4.39981794       0.00000000    
   4.41648388       0.00000000    
   4.43314981       0.00000000    
   4.44981575       0.00000000    
   4.46648169       0.00000000    
   4.48314762       0.00000000    
   4.49981356       0.00000000    
   4.51647949       0.00000000    
   4.53314543       0.00000000    
   4.54981136       0.00000000    
   4.56647730       0.00000000    
   4.58314323       0.00000000    
   4.59980917       0.00000000    
   4.61647511       0.00000000    
   4.63314104       0.00000000    
   4.64980698       0.00000000    
   4.66647291       0.00000000    
   4.68313885       0.00000000    
   4.69980478       0.00000000    
   4.71647072       0.00000000    
   4.73313665       0.00000000    
   4.74980259       0.00000000    
   4.76646852       0.00000000    
   4.78313446       0.00000000    
   4.79980040       0.00000000    
   4.81646633       0.00000000    
   4.83313227       0.00000000    
   4.84979820       0.00000000    
   4.86646414       0.00000000    
   4.88313007       0.00000000    
   4.89979601       0.00000000    
   4.91646194       0.00000000    
   4.93312788       0.00000000    
   4.94979382       0.00000000    
   4.96645975       0.00000000    
   4.98312569       0.00000000    
   4.99979162       0.00000000    
   5.01645756       0.00000000    
   5.03312349       0.00000000    
   5.04978943       0.00000000    
   5.06645536       0.00000000    
   5.08312130       0.00000000    
   5.09978724       0.00000000    
   5.11645317       0.00000000    
   5.13311911       0.00000000    
   5.14978504       0.00000000    
   5.16645098       0.00000000    
   5.18311691       0.00000000    
   5.19978285       0.00000000    
   5.21644878       0.00000000    
   5.23311472       0.00000000    
   5.24978065       0.00000000    
   5.26644659       0.00000000    
   5.28311253       0.00000000    
   5.29977846       0.00000000    
   5.31644440       0.00000000    
   5.33311033       0.00000000    
   5.34977627       0.00000000    
   5.36644220       0.00000000    
   5.38310814       0.00000000    
   5.39977407       0.00000000    
   5.41644001       0.00000000    
   5.43310595       0.00000000    
   5.44977188       0.00000000    
   5.46643782       0.00000000    
   5.48310375       0.00000000    
   5.49976969       0.00000000    
   5.51643562       0.00000000    
   5.53310156       0.00000000    
   5.54976749       0.00000000    
   5.56643343       0.00000000    
   5.58309937       0.00000000    
   5.59976530       0.00000000    
   5.61643124       0.00000000    
   5.63309717       0.00000000    
   5.64976311       0.00000000    
   5.66642904       0.00000000    
   5.68309498       0.00000000    
   5.69976091       0.00000000    
   5.71642685       0.00000000    
   5.73309278       0.00000000    
   5.74975872       0.00000000    
   5.76642466       0.00000000    
   5.78309059       0.00000000    
   5.79975653       0.00000000    
   5.81642246       0.00000000    
   5.83308840       0.00000000    
   5.84975433       0.00000000    
   5.86642027       0.00000000    
   5.88308620       0.00000000    
   5.89975214       0.00000000    
   5.91641808       0.00000000    
   5.93308401       0.00000000    
   5.94974995       0.00000000    
   5.96641588       0.00000000    
   5.98308182       0.00000000    
   5.99974775       0.00000000    
   6.01641369       0.00000000    
   6.03307962       0.00000000    
   6.04974556       0.00000000    
   6.06641150       0.00000000    
   6.08307743       0.00000000    
   6.09974337       0.00000000    
   6.11640930       0.00000000    
   6.13307524       0.00000000    
   6.14974117       0.00000000    
   6.16640711       0.00000000    
   6.18307304       0.00000000    
   6.19973898       0.00000000    
   6.21640491       0.00000000    
   6.23307085       0.00000000    
   6.24973679       0.00000000    
   6.26640272       0.00000000    
   6.28306866       0.00000000    
   6.29973459       0.00000000    
   6.31640053       0.00000000    
   6.33306646       0.00000000    
   6.34973240       0.00000000    
   6.36639833       0.00000000    
   6.38306427       0.00000000    
   6.39973021       0.00000000    
   6.41639614       0.00000000    
   6.43306208       0.00000000    
   6.44972801       0.00000000    
   6.46639395       0.00000000    
   6.48305988       0.00000000    
   6.49972582       0.00000000    
   6.51639175       0.00000000    
   6.53305769       0.00000000    
   6.54972363       0.00000000    
   6.56638956       0.00000000    
   6.58305550       0.00000000    
   6.59972143       6.49400017E-33
   6.61638737       5.90799981E-24
   6.63305330       8.59400008E-20
   6.64971924       3.04199998E-16
   6.66638517       2.98600012E-13
   6.68305111       2.05400003E-10
   6.69971704       3.54099994E-09
   6.71638298       1.93199998E-08
   6.73304892       5.98699970E-08
   6.74971485       1.29699998E-07
   6.76638079       2.50200003E-07
   6.78304672       4.57200002E-07
   6.79971266       7.74400007E-07
   6.81637859       1.26400005E-06
   6.83304453       1.97400004E-06
   6.84971046       2.82900010E-06
   6.86637640       4.02300020E-06
   6.88304234       5.46199999E-06
   6.89970827       7.27199995E-06
   6.91637421       9.56399981E-06
   6.93304014       1.24300004E-05
   6.94970608       1.59699994E-05
   6.96637201       2.03700001E-05
   6.98303795       2.56300009E-05
   6.99970388       3.15500001E-05
   7.01636982       3.94800009E-05
   7.03303576       4.75699999E-05
   7.04970169       5.75199992E-05
   7.06636763       7.04900012E-05
   7.08303356       8.40299981E-05
   7.09969950       9.96200033E-05
   7.11636543       1.17900003E-04
   7.13303137       1.35199996E-04
   7.14969730       1.56599999E-04
   7.16636324       1.83199998E-04
   7.18302917       2.06500001E-04
   7.19969511       2.39500005E-04
   7.21636105       2.66199990E-04
   7.23302698       2.98100000E-04
   7.24969292       3.36700003E-04
   7.26635885       3.83300008E-04
   7.28302479       4.24200000E-04
   7.29969072       4.66700003E-04
   7.31635666       5.11899998E-04
   7.33302259       5.59700013E-04
   7.34968853       6.10099989E-04
   7.36635447       6.62799983E-04
   7.38302040       7.17899995E-04
   7.39968634       7.75400025E-04
   7.41635227       8.35200015E-04
   7.43301821       8.97300022E-04
   7.44968414       9.61799989E-04
   7.46635008       1.02900004E-03
   7.48301601       1.09799998E-03
   7.49968195       1.16900005E-03
   7.51634789       1.24300004E-03
   7.53301382       1.31900003E-03
   7.54967976       1.39700004E-03
   7.56634569       1.47799996E-03
   7.58301163       1.56100001E-03
   7.59967756       1.64699997E-03
   7.61634350       1.73500006E-03
   7.63300943       1.82500004E-03
   7.64967537       1.91800005E-03
   7.66634130       2.01299996E-03
   7.68300724       2.11100001E-03
   7.69967318       2.21200008E-03
   7.71633911       2.31499993E-03
   7.73300505       2.42100004E-03
   7.74967098       2.52899993E-03
   7.76633692       2.64000008E-03
   7.78300285       2.75400002E-03
   7.79966879       2.86999997E-03
   7.81633472       2.98899994E-03
   7.83300066       3.11099994E-03
   7.84966660       3.23599996E-03
   7.86633253       3.36400000E-03
   7.88299847       3.49500007E-03
   7.89966440       3.62799992E-03
   7.91633034       3.76500003E-03
   7.93299627       3.90399992E-03
   7.94966221       4.04699985E-03
   7.96632814       4.19300003E-03
   7.98299408       4.34200000E-03
   7.99966002       4.49400023E-03
   8.01632595       4.64899978E-03
   8.03299236       4.80700005E-03
   8.04965878       4.96899989E-03
   8.06632519       5.13399998E-03
   8.08299160       5.30199986E-03
   8.09965801       5.47399977E-03
   8.11632442       5.64899994E-03
   8.13299084       5.82800014E-03
   8.14965725       6.01000013E-03
   8.16632366       6.19600015E-03
   8.18299007       6.38499996E-03
   8.19965649       6.57799980E-03
   8.21632290       6.77500013E-03
   8.23298931       6.97499979E-03
   8.24965572       7.17899995E-03
   8.26632214       7.38700014E-03
   8.28298855       7.59800011E-03
   8.29965496       7.81300012E-03
   8.31632137       8.03299993E-03
   8.33298779       8.25599954E-03
   8.34965420       8.48300010E-03
   8.36632061       8.71399976E-03
   8.38298702       8.94900039E-03
   8.39965343       9.18800011E-03
   8.41631985       9.43099987E-03
   8.43298626       9.67799965E-03
   8.44965267       9.92999971E-03
   8.46631908       1.01899998E-02
   8.48298550       1.04499999E-02
   8.49965191       1.07100001E-02
   8.51631832       1.09799998E-02
   8.53298473       1.12500004E-02
   8.54965115       1.15299998E-02
   8.56631756       1.18100001E-02
   8.58298397       1.20900003E-02
   8.59965038       1.23800002E-02
   8.61631680       1.26799997E-02
   8.63298321       1.29800001E-02
   8.64964962       1.32799996E-02
   8.66631603       1.35899996E-02
   8.68298244       1.38999997E-02
   8.69964886       1.42200002E-02
   8.71631527       1.45399999E-02
   8.73298168       1.48600005E-02
   8.74964809       1.51899997E-02
   8.76631451       1.55300004E-02
   8.78298092       1.58699993E-02
   8.79964733       1.62099991E-02
   8.81631374       1.65599994E-02
   8.83298016       1.69200003E-02
   8.84964657       1.72700007E-02
   8.86631298       1.76400002E-02
   8.88297939       1.80099998E-02
   8.89964581       1.83799993E-02
   8.91631222       1.87599994E-02
   8.93297863       1.91399995E-02
   8.94964504       1.95199996E-02
   8.96631145       1.99200008E-02
   8.98297787       2.03099996E-02
   8.99964428       2.07100008E-02
   9.01631069       2.11200006E-02
   9.03297710       2.15300005E-02
   9.04964352       2.19400004E-02
   9.06630993       2.23600008E-02
   9.08297634       2.27899998E-02
   9.09964275       2.32200008E-02
   9.11630917       2.36499999E-02
   9.13297558       2.40899995E-02
   9.14964199       2.45299991E-02
   9.16630840       2.49799993E-02
   9.18297482       2.54299995E-02
   9.19964123       2.58900002E-02
   9.21630764       2.63500009E-02
   9.23297405       2.68200003E-02
   9.24964046       2.72899996E-02
   9.26630688       2.77699996E-02
   9.28297329       2.82499995E-02
   9.29963970       2.87299994E-02
   9.31630611       2.92199999E-02
   9.33297253       2.97200009E-02
   9.34963894       3.02099995E-02
   9.36630535       3.07199992E-02
   9.38297176       3.12200002E-02
   9.39963818       3.17399986E-02
   9.41630459       3.22499983E-02
   9.43297100       3.27700004E-02
   9.44963741       3.33000012E-02
   9.46630383       3.38299982E-02
   9.48297024       3.43599990E-02
   9.49963665       3.48999985E-02
   9.51630306       3.54400016E-02
   9.53296947       3.59899998E-02
   9.54963589       3.65400016E-02
   9.56630230       3.70899998E-02
   9.58296871       3.76500003E-02
   9.59963512       3.82100008E-02
   9.61630154       3.87800001E-02
   9.63296795       3.93499993E-02
   9.64963436       3.99199985E-02
   9.66630077       4.05000001E-02
   9.68296719       4.10800017E-02
   9.69963360       4.16599996E-02
   9.71630001       4.22499999E-02
   9.73296642       4.28499989E-02
   9.74963284       4.34399992E-02
   9.76629925       4.40399982E-02
   9.78296566       4.46400009E-02
   9.79963207       4.52499986E-02
   9.81629848       4.58600000E-02
   9.83296490       4.64700013E-02
   9.84963131       4.70900014E-02
   9.86629772       4.77100015E-02
   9.88296413       4.83300015E-02
   9.89963055       4.89500016E-02
   9.91629696       4.95800003E-02
   9.93296337       5.02099991E-02
   9.94962978       5.08500002E-02
   9.96629620       5.14799990E-02
   9.98296261       5.21200001E-02
   9.99962902       5.27700000E-02
   10.0162954       5.34100011E-02
   10.0329618       5.40600009E-02
   10.0496283       5.47100008E-02
   10.0662947       5.53600006E-02
   10.0829611       5.60100004E-02
   10.0996275       5.66699989E-02
   10.1162939       5.73300011E-02
   10.1329603       5.79899997E-02
   10.1496267       5.86499982E-02
   10.1662931       5.93100004E-02
   10.1829596       5.99800013E-02
   10.1996260       6.06499985E-02
   10.2162924       6.13199994E-02
   10.2329588       6.19900003E-02
   10.2496252       6.26600012E-02
   10.2662916       6.33300021E-02
   10.2829580       6.40100017E-02
   10.2996244       6.46900013E-02
   10.3162909       6.53600022E-02
   10.3329573       6.60400018E-02
   10.3496237       6.67200014E-02
   10.3662901       6.74000010E-02
   10.3829565       6.80800006E-02
   10.3996229       6.87600002E-02
   10.4162893       6.94399998E-02
   10.4329557       7.01199993E-02
   10.4496222       7.08099976E-02
   10.4662886       7.14899972E-02
   10.4829550       7.21800029E-02
   10.4996214       7.28700012E-02
   10.5162878       7.35599995E-02
   10.5329542       7.42399991E-02
   10.5496206       7.49199986E-02
   10.5662870       7.56099969E-02
   10.5829535       7.62899965E-02
   10.5996199       7.69800022E-02
   10.6162863       7.76600018E-02
   10.6329527       7.83500001E-02
   10.6496191       7.90200010E-02
   10.6662855       7.97099993E-02
   10.6829519       8.03999975E-02
   10.6996183       8.10799971E-02
   10.7162848       8.17499980E-02
   10.7329512       8.24299976E-02
   10.7496176       8.30999985E-02
   10.7662840       8.37899968E-02
   10.7829504       8.44699964E-02
   10.7996168       8.51100013E-02
   10.8162832       8.57999995E-02
   10.8329496       8.64799991E-02
   10.8496161       8.71400014E-02
   10.8662825       8.78200009E-02
   10.8829489       8.84800032E-02
   10.8996153       8.91499966E-02
   10.9162817       8.98099989E-02
   10.9329481       9.04700011E-02
   10.9496145       9.11300033E-02
   10.9662809       9.17799994E-02
   10.9829473       9.24300030E-02
   10.9996138       9.30799991E-02
   11.0162802       9.36999992E-02
   11.0329466       9.43700001E-02
   11.0496130       9.50200036E-02
   11.0662794       9.56500024E-02
   11.0829458       9.62499976E-02
   11.0996122       9.69299972E-02
   11.1162786       9.75499973E-02
   11.1329451       9.81900021E-02
   11.1496115       9.88100022E-02
   11.1662779       9.94300023E-02
   11.1829443      0.100000001    
   11.1996107      0.100599997    
   11.2162771      0.101199999    
   11.2329435      0.101899996    
   11.2496099      0.102499999    
   11.2662764      0.103100002    
   11.2829428      0.103699997    
   11.2996092      0.104300000    
   11.3162756      0.104800001    
   11.3329420      0.105400003    
   11.3496084      0.105999999    
   11.3662748      0.106600001    
   11.3829412      0.107100002    
   11.3996077      0.107699998    
   11.4162741      0.108300000    
   11.4329405      0.108800001    
   11.4496069      0.109399997    
   11.4662733      0.109899998    
   11.4829397      0.110500000    
   11.4996061      0.111000001    
   11.5162725      0.111500002    
   11.5329390      0.112000003    
   11.5496054      0.112599999    
   11.5662718      0.112999998    
   11.5829382      0.113499999    
   11.5996046      0.114100002    
   11.6162710      0.114600003    
   11.6329374      0.115099996    
   11.6496038      0.115599997    
   11.6662703      0.115999997    
   11.6829367      0.116499998    
   11.6996031      0.116999999    
   11.7162695      0.117500000    
   11.7329359      0.117899999    
   11.7496023      0.118400000    
   11.7662687      0.118799999    
   11.7829351      0.119199999    
   11.7996016      0.119700000    
   11.8162680      0.120099999    
   11.8329344      0.120499998    
   11.8496008      0.120899998    
   11.8662672      0.121200003    
   11.8829336      0.121699996    
   11.8996000      0.122100003    
   11.9162664      0.122500002    
   11.9329329      0.122900002    
   11.9495993      0.123300001    
   11.9662657      0.123599999    
   11.9829321      0.123999998    
   11.9995985      0.124300003    
   12.0162649      0.124700002    
   12.0329313      0.125000000    
   12.0495977      0.125300005    
   12.0662642      0.125699997    
   12.0829306      0.126000002    
   12.0995970      0.126300007    
   12.1162634      0.126599997    
   12.1329298      0.126900002    
   12.1495962      0.127200007    
   12.1662626      0.127399996    
   12.1829290      0.127700001    
   12.1995955      0.128000006    
   12.2162619      0.128199995    
   12.2329283      0.128500000    
   12.2495947      0.128700003    
   12.2662611      0.128900006    
   12.2829275      0.129199997    
   12.2995939      0.129400000    
   12.3162603      0.129600003    
   12.3329268      0.129800007    
   12.3495932      0.129899994    
   12.3662596      0.130199999    
   12.3829260      0.130300000    
   12.3995924      0.130500004    
   12.4162588      0.130700007    
   12.4329252      0.130799994    
   12.4495916      0.130899996    
   12.4662580      0.131099999    
   12.4829245      0.131200001    
   12.4995909      0.131400004    
   12.5162573      0.131500006    
   12.5329237      0.131600007    
   12.5495901      0.131699994    
   12.5662565      0.131799996    
   12.5829229      0.131799996    
   12.5995893      0.131899998    
   12.6162558      0.131999999    
   12.6329222      0.131999999    
   12.6495886      0.132100001    
   12.6662550      0.132100001    
   12.6829214      0.132100001    
   12.6995878      0.132200003    
   12.7162542      0.132200003    
   12.7329206      0.132200003    
   12.7495871      0.132200003    
   12.7662535      0.132200003    
   12.7829199      0.132200003    
   12.7995863      0.132100001    
   12.8162527      0.132100001    
   12.8329191      0.132100001    
   12.8495855      0.131999999    
   12.8662519      0.131899998    
   12.8829184      0.131899998    
   12.8995848      0.131799996    
   12.9162512      0.131699994    
   12.9329176      0.131600007    
   12.9495840      0.131500006    
   12.9662504      0.131400004    
   12.9829168      0.131300002    
   12.9995832      0.131200001    
   13.0162497      0.130999997    
   13.0329161      0.130899996    
   13.0495825      0.130700007    
   13.0662489      0.130600005    
   13.0829153      0.130400002    
   13.0995817      0.130199999    
   13.1162481      0.129999995    
   13.1329145      0.129800007    
   13.1495810      0.129700005    
   13.1662474      0.129500002    
   13.1829138      0.129299998    
   13.1995802      0.128999993    
   13.2162466      0.128800005    
   13.2329130      0.128500000    
   13.2495794      0.128199995    
   13.2662458      0.128099993    
   13.2829123      0.127800003    
   13.2995787      0.127499998    
   13.3162451      0.127299994    
   13.3329115      0.127000004    
   13.3495779      0.126699999    
   13.3662443      0.126399994    
   13.3829107      0.126100004    
   13.3995771      0.125799999    
   13.4162436      0.125499994    
   13.4329100      0.125100002    
   13.4495764      0.124799997    
   13.4662428      0.124499999    
   13.4829092      0.124100000    
   13.4995756      0.123599999    
   13.5162420      0.123400003    
   13.5329084      0.123000003    
   13.5495749      0.122699998    
   13.5662413      0.122199997    
   13.5829077      0.121900000    
   13.5995741      0.121500000    
   13.6162405      0.121100001    
   13.6329069      0.120700002    
   13.6495733      0.120300002    
   13.6662397      0.119800001    
   13.6829062      0.119400002    
   13.6995726      0.118900001    
   13.7162390      0.118500002    
   13.7329054      0.118100002    
   13.7495718      0.117600001    
   13.7662382      0.117200002    
   13.7829046      0.116700001    
   13.7995710      0.116200000    
   13.8162374      0.115699999    
   13.8329039      0.115300000    
   13.8495703      0.114799999    
   13.8662367      0.114299998    
   13.8829031      0.113799997    
   13.8995695      0.113300003    
   13.9162359      0.112800002    
   13.9329023      0.112199999    
   13.9495687      0.111699998    
   13.9662352      0.111199997    
   13.9829016      0.110699996    
   13.9995680      0.110100001    
   14.0162344      0.109600000    
   14.0329008      0.108999997    
   14.0495672      0.108499996    
   14.0662336      0.107900001    
   14.0829000      0.107400000    
   14.0995665      0.106799997    
   14.1162329      0.106200002    
   14.1328993      0.105599999    
   14.1495657      0.105099998    
   14.1662321      0.104500003    
   14.1828985      0.103900000    
   14.1995649      0.103299998    
   14.2162313      0.102700002    
   14.2328978      0.102100000    
   14.2495642      0.101499997    
   14.2662306      0.100900002    
   14.2828970      0.100299999    
   14.2995634       9.96700004E-02
   14.3162298       9.90500003E-02
   14.3328962       9.84100029E-02
   14.3495626       9.77799967E-02
   14.3662291       9.71700028E-02
   14.3828955       9.65199992E-02
   14.3995619       9.58999991E-02
   14.4162283       9.52600017E-02
   14.4328947       9.46199968E-02
   14.4495611       9.39799994E-02
   14.4662275       9.33099985E-02
   14.4828939       9.26799998E-02
   14.4995604       9.20000002E-02
   14.5162268       9.13800001E-02
   14.5328932       9.07199979E-02
   14.5495596       9.00600031E-02
   14.5662260       8.93400013E-02
   14.5828924       8.87399986E-02
   14.5995588       8.80699977E-02
   14.6162252       8.74100029E-02
   14.6328917       8.67400020E-02
   14.6495581       8.60600024E-02
   14.6662245       8.53900015E-02
   14.6828909       8.47200006E-02
   14.6995573       8.40499997E-02
   14.7162237       8.33700001E-02
   14.7328901       8.26900005E-02
   14.7495565       8.20100009E-02
   14.7662230       8.13300014E-02
   14.7828894       8.06400031E-02
   14.7995558       7.99600035E-02
   14.8162222       7.92799965E-02
   14.8328886       7.85999969E-02
   14.8495550       7.78900012E-02
   14.8662214       7.72399977E-02
   14.8828878       7.65499994E-02
   14.8995543       7.58699998E-02
   14.9162207       7.51700029E-02
   14.9328871       7.45000020E-02
   14.9495535       7.38100037E-02
   14.9662199       7.31199980E-02
   14.9828863       7.24299997E-02
   14.9995527       7.17500001E-02
   15.0162191       7.10700005E-02
   15.0328856       7.03900009E-02
   15.0495520       6.97000027E-02
   15.0662184       6.90200031E-02
   15.0828848       6.83400035E-02
   15.0995512       6.76599964E-02
   15.1162176       6.69699982E-02
   15.1328840       6.62999973E-02
   15.1495504       6.56199977E-02
   15.1662169       6.49399981E-02
   15.1828833       6.42599985E-02
   15.1995497       6.35899976E-02
   15.2162161       6.29099980E-02
   15.2328825       6.22400008E-02
   15.2495489       6.15699999E-02
   15.2662153       6.08999990E-02
   15.2828817       6.02300018E-02
   15.2995481       5.95600009E-02
   15.3162146       5.88999987E-02
   15.3328810       5.82400002E-02
   15.3495474       5.75699992E-02
   15.3662138       5.69100007E-02
   15.3828802       5.62600009E-02
   15.3995466       5.55999987E-02
   15.4162130       5.49499989E-02
   15.4328794       5.42999990E-02
   15.4495459       5.36499992E-02
   15.4662123       5.30100018E-02
   15.4828787       5.23599982E-02
   15.4995451       5.17200008E-02
   15.5162115       5.10899983E-02
   15.5328779       5.04500009E-02
   15.5495443       4.98199984E-02
   15.5662107       4.91899997E-02
   15.5828772       4.85600010E-02
   15.5995436       4.79400009E-02
   15.6162100       4.73200008E-02
   15.6328764       4.67000008E-02
   15.6495428       4.60899994E-02
   15.6662092       4.54800017E-02
   15.6828756       4.48700003E-02
   15.6995420       4.42599989E-02
   15.7162085       4.36699986E-02
   15.7328749       4.30699997E-02
   15.7495413       4.24700007E-02
   15.7662077       4.18800004E-02
   15.7828741       4.12999988E-02
   15.7995405       4.07200009E-02
   15.8162069       4.01399992E-02
   15.8328733       3.95600013E-02
   15.8495398       3.89899984E-02
   15.8662062       3.84199992E-02
   15.8828726       3.78599986E-02
   15.8995390       3.73000018E-02
   15.9162054       3.67400013E-02
   15.9328718       3.61899994E-02
   15.9495382       3.56400013E-02
   15.9662046       3.51000018E-02
   15.9828711       3.45599987E-02
   15.9995375       3.40300016E-02
   16.0162029       3.34899984E-02
   16.0328693       3.29700001E-02
   16.0495358       3.24399993E-02
   16.0662022       3.19299996E-02
   16.0828686       3.14100012E-02
   16.0995350       3.09100002E-02
   16.1162014       3.04000005E-02
   16.1328678       2.98999995E-02
   16.1495342       2.94000003E-02
   16.1662006       2.89099999E-02
   16.1828671       2.84299999E-02
   16.1995335       2.79399995E-02
   16.2161999       2.74700001E-02
   16.2328663       2.69900002E-02
   16.2495327       2.65200008E-02
   16.2661991       2.60600001E-02
   16.2828655       2.55999994E-02
   16.2995319       2.51499992E-02
   16.3161983       2.47000009E-02
   16.3328648       2.42500007E-02
   16.3495312       2.38099992E-02
   16.3661976       2.33800001E-02
   16.3828640       2.29499992E-02
   16.3995304       2.25200001E-02
   16.4161968       2.20999997E-02
   16.4328632       2.16799993E-02
   16.4495296       2.12699994E-02
   16.4661961       2.08599996E-02
   16.4828625       2.04600003E-02
   16.4995289       2.00599991E-02
   16.5161953       1.96700003E-02
   16.5328617       1.92799997E-02
   16.5495281       1.88999996E-02
   16.5661945       1.85199995E-02
   16.5828609       1.81399994E-02
   16.5995274       1.77699998E-02
   16.6161938       1.74100008E-02
   16.6328602       1.70499999E-02
   16.6495266       1.66900009E-02
   16.6661930       1.63400006E-02
   16.6828594       1.59900002E-02
   16.6995258       1.56500004E-02
   16.7161922       1.53200002E-02
   16.7328587       1.49800004E-02
   16.7495251       1.46599999E-02
   16.7661915       1.43299997E-02
   16.7828579       1.40100000E-02
   16.7995243       1.37000000E-02
   16.8161907       1.33900000E-02
   16.8328571       1.30899996E-02
   16.8495235       1.27900001E-02
   16.8661900       1.24899996E-02
   16.8828564       1.21999998E-02
   16.8995228       1.19099999E-02
   16.9161892       1.16299996E-02
   16.9328556       1.13500003E-02
   16.9495220       1.10799996E-02
   16.9661884       1.08099999E-02
   16.9828548       1.05400002E-02
   16.9995213       1.02800000E-02
   17.0161877       1.00199999E-02
   17.0328541       9.76900011E-03
   17.0495205       9.51999985E-03
   17.0661869       9.27599985E-03
   17.0828533       9.03499965E-03
   17.0995197       8.79800040E-03
   17.1161861       8.56599957E-03
   17.1328526       8.33799969E-03
   17.1495190       8.11299961E-03
   17.1661854       7.89199956E-03
   17.1828518       7.67500000E-03
   17.1995182       7.46200001E-03
   17.2161846       7.25399982E-03
   17.2328510       7.04800012E-03
   17.2495174       6.84599997E-03
   17.2661839       6.64799986E-03
   17.2828503       6.45399978E-03
   17.2995167       6.26400020E-03
   17.3161831       6.07699994E-03
   17.3328495       5.89299994E-03
   17.3495159       5.71299996E-03
   17.3661823       5.53700002E-03
   17.3828487       5.36300009E-03
   17.3995152       5.19399997E-03
   17.4161816       5.02800010E-03
   17.4328480       4.86500002E-03
   17.4495144       4.70500020E-03
   17.4661808       4.54899995E-03
   17.4828472       4.39500017E-03
   17.4995136       4.24600020E-03
   17.5161800       4.09899978E-03
   17.5328465       3.95500008E-03
   17.5495129       3.81399994E-03
   17.5661793       3.67600005E-03
   17.5828457       3.54199996E-03
   17.5995121       3.40999989E-03
   17.6161785       3.28100007E-03
   17.6328449       3.15600005E-03
   17.6495113       3.03200004E-03
   17.6661777       2.91200005E-03
   17.6828442       2.79500009E-03
   17.6995106       2.67999992E-03
   17.7161770       2.56800000E-03
   17.7328434       2.45900010E-03
   17.7495098       2.35199998E-03
   17.7661762       2.24799989E-03
   17.7828426       2.14700005E-03
   17.7995090       2.04799999E-03
   17.8161755       1.95199996E-03
   17.8328419       1.85799995E-03
   17.8495083       1.76599994E-03
   17.8661747       1.67799997E-03
   17.8828411       1.59100001E-03
   17.8995075       1.50699995E-03
   17.9161739       1.42500002E-03
   17.9328403       1.34600000E-03
   17.9495068       1.26900000E-03
   17.9661732       1.19500002E-03
   17.9828396       1.12300005E-03
   17.9995060       1.05299999E-03
   18.0161724       9.85000050E-04
   18.0328388       9.19700018E-04
   18.0495052       8.56900006E-04
   18.0661716       7.96200009E-04
   18.0828381       7.37999973E-04
   18.0995045       6.81900012E-04
   18.1161709       6.28300011E-04
   18.1328373       5.77000028E-04
   18.1495037       5.28400007E-04
   18.1661701       4.82200005E-04
   18.1828365       4.38799994E-04
   18.1995029       3.98300006E-04
   18.2161694       3.51900002E-04
   18.2328358       3.10800009E-04
   18.2495022       2.76700011E-04
   18.2661686       2.48299999E-04
   18.2828350       2.17900000E-04
   18.2995014       1.90399995E-04
   18.3161678       1.64700003E-04
   18.3328342       1.44799997E-04
   18.3495007       1.22800004E-04
   18.3661671       1.04100000E-04
   18.3828335       8.79900035E-05
   18.3994999       7.40199976E-05
   18.4161663       6.20599967E-05
   18.4328327       5.11500002E-05
   18.4494991       4.17000010E-05
   18.4661655       3.44299988E-05
   18.4828320       2.74100003E-05
   18.4994984       2.19300000E-05
   18.5161648       1.75700006E-05
   18.5328312       1.36799999E-05
   18.5494976       1.05600002E-05
   18.5661640       8.07299966E-06
   18.5828304       6.10300003E-06
   18.5994968       4.43099998E-06
   18.6161633       3.20300001E-06
   18.6328297       2.24800010E-06
   18.6494961       1.48100003E-06
   18.6661625       9.20599973E-07
   18.6828289       5.52900019E-07
   18.6994953       3.08900013E-07
   18.7161617       1.63500005E-07
   18.7328281       7.94900004E-08
   18.7494946       3.02499998E-08
   18.7661610       6.78900003E-09
   18.7828274       6.81800005E-10
   18.7994938       4.35499987E-12
   18.8161602       3.09999998E-15
   18.8328266       1.50200004E-18
   18.8494930       2.00800000E-22
   18.8661594       7.24499986E-28
   18.8828259       0.00000000    
   18.8994923       0.00000000    
   18.9161587       0.00000000    
   18.9328251       0.00000000    
   18.9494915       0.00000000    
   18.9661579       0.00000000    
   18.9828243       0.00000000    
   18.9994907       0.00000000    
   19.0161572       0.00000000    
   19.0328236       0.00000000    
   19.0494900       0.00000000    
   19.0661564       0.00000000    
   19.0828228       0.00000000    
   19.0994892       0.00000000    
   19.1161556       0.00000000    
   19.1328220       0.00000000    
   19.1494884       0.00000000    
   19.1661549       0.00000000    
   19.1828213       0.00000000    
   19.1994877       0.00000000    
   19.2161541       0.00000000    
   19.2328205       0.00000000    
   19.2494869       0.00000000    
   19.2661533       0.00000000    
   19.2828197       0.00000000    
   19.2994862       0.00000000    
   19.3161526       0.00000000    
   19.3328190       0.00000000    
   19.3494854       0.00000000    
   19.3661518       0.00000000    
   19.3828182       0.00000000    
   19.3994846       0.00000000    
   19.4161510       0.00000000    
   19.4328175       0.00000000    
   19.4494839       0.00000000    
   19.4661503       0.00000000    
   19.4828167       0.00000000    
   19.4994831       0.00000000    
   19.5161495       0.00000000    
   19.5328159       0.00000000    
   19.5494823       0.00000000    
   19.5661488       0.00000000    
   19.5828152       0.00000000    
   19.5994816       0.00000000    
   19.6161480       0.00000000    
   19.6328144       0.00000000    
   19.6494808       0.00000000    
   19.6661472       0.00000000    
   19.6828136       0.00000000    
   19.6994801       0.00000000    
   19.7161465       0.00000000    
   19.7328129       0.00000000    
   19.7494793       0.00000000    
   19.7661457       0.00000000    
   19.7828121       0.00000000    
   19.7994785       0.00000000    
   19.8161449       0.00000000    
   19.8328114       0.00000000    
   19.8494778       0.00000000    
   19.8661442       0.00000000    
   19.8828106       0.00000000    
   19.8994770       0.00000000    
   19.9161434       0.00000000    
   19.9328098       0.00000000    
   19.9494762       0.00000000    
   19.9661427       0.00000000    
   19.9828091       0.00000000    
   19.9994755       0.00000000    
   20.0161419       0.00000000    
   20.0328083       0.00000000    
   20.0494747       0.00000000    
   20.0661411       0.00000000    
   20.0828075       0.00000000    
   20.0994740       0.00000000    
   20.1161404       0.00000000    
   20.1328068       0.00000000    
   20.1494732       0.00000000    
   20.1661396       0.00000000    
   20.1828060       0.00000000    
   20.1994724       0.00000000    
   20.2161388       0.00000000    
   20.2328053       0.00000000    
   20.2494717       0.00000000    
   20.2661381       0.00000000    
   20.2828045       0.00000000    
   20.2994709       0.00000000    
   20.3161373       0.00000000    
   20.3328037       0.00000000    
   20.3494701       0.00000000    
   20.3661366       0.00000000    
   20.3828030       0.00000000    
   20.3994694       0.00000000    
   20.4161358       0.00000000    
   20.4328022       0.00000000    
   20.4494686       0.00000000    
   20.4661350       0.00000000    
   20.4828014       0.00000000    
   20.4994678       0.00000000    
   20.5161343       0.00000000    
   20.5328007       0.00000000    
   20.5494671       0.00000000    
   20.5661335       0.00000000    
   20.5827999       0.00000000    
   20.5994663       0.00000000    
   20.6161327       0.00000000    
   20.6327991       0.00000000    
   20.6494656       0.00000000    
   20.6661320       0.00000000    
   20.6827984       0.00000000    
   20.6994648       0.00000000    
   20.7161312       0.00000000    
   20.7327976       0.00000000    
   20.7494640       0.00000000    
   20.7661304       0.00000000    
   20.7827969       0.00000000    
   20.7994633       0.00000000    
   20.8161297       0.00000000    
   20.8327961       0.00000000    
   20.8494625       0.00000000    
   20.8661289       0.00000000    
   20.8827953       0.00000000    
   20.8994617       0.00000000    
   20.9161282       0.00000000    
   20.9327946       0.00000000    
   20.9494610       0.00000000    
   20.9661274       0.00000000    
   20.9827938       0.00000000    
   20.9994602       0.00000000    
   21.0161266       0.00000000    
   21.0327930       0.00000000    
   21.0494595       0.00000000    
   21.0661259       0.00000000    
   21.0827923       0.00000000    
   21.0994587       0.00000000    
   21.1161251       0.00000000    
   21.1327915       0.00000000    
   21.1494579       0.00000000    
   21.1661243       0.00000000    
   21.1827908       0.00000000    
   21.1994572       0.00000000    
   21.2161236       0.00000000    
   21.2327900       0.00000000    
   21.2494564       0.00000000    
   21.2661228       0.00000000    
   21.2827892       0.00000000    
   21.2994556       0.00000000    
   21.3161221       0.00000000    
   21.3327885       0.00000000    
   21.3494549       0.00000000    
   21.3661213       0.00000000    
   21.3827877       0.00000000    
   21.3994541       0.00000000    
   21.4161205       0.00000000    
   21.4327869       0.00000000    
   21.4494534       0.00000000    
   21.4661198       0.00000000    
   21.4827862       0.00000000    
   21.4994526       0.00000000    
   21.5161190       0.00000000    
   21.5327854       0.00000000    
   21.5494518       0.00000000    
   21.5661182       0.00000000    
   21.5827847       0.00000000    
   21.5994511       0.00000000    
   21.6161175       0.00000000    
   21.6327839       0.00000000    
   21.6494503       0.00000000    
   21.6661167       0.00000000    
   21.6827831       0.00000000    
   21.6994495       0.00000000    
   21.7161160       0.00000000    
   21.7327824       0.00000000    
   21.7494488       0.00000000    
   21.7661152       0.00000000    
   21.7827816       0.00000000    
   21.7994480       0.00000000    
   21.8161144       0.00000000    
   21.8327808       0.00000000    
   21.8494473       0.00000000    
   21.8661137       0.00000000    
   21.8827801       0.00000000    
   21.8994465       0.00000000    
   21.9161129       0.00000000    
   21.9327793       0.00000000    
   21.9494457       0.00000000    
   21.9661121       0.00000000    
   21.9827785       0.00000000    
   21.9994450       0.00000000    
   22.0161114       0.00000000    
   22.0327778       0.00000000    
   22.0494442       0.00000000    
   22.0661106       0.00000000    
   22.0827770       0.00000000    
   22.0994434       0.00000000    
   22.1161098       0.00000000    
   22.1327763       0.00000000    
   22.1494427       0.00000000    
   22.1661091       0.00000000    
   22.1827755       0.00000000    
   22.1994419       0.00000000    
   22.2161083       0.00000000    
   22.2327747       0.00000000    
   22.2494411       0.00000000    
   22.2661076       0.00000000    
   22.2827740       0.00000000    
   22.2994404       0.00000000    
   22.3161068       0.00000000    
   22.3327732       0.00000000    
   22.3494396       0.00000000    
   22.3661060       0.00000000    
   22.3827724       0.00000000    
   22.3994389       0.00000000    
   22.4161053       0.00000000    
   22.4327717       0.00000000    
   22.4494381       0.00000000    
   22.4661045       0.00000000    
   22.4827709       0.00000000    
   22.4994373       0.00000000    
   22.5161037       0.00000000    
   22.5327702       0.00000000    
   22.5494366       0.00000000    
   22.5661030       0.00000000    
   22.5827694       0.00000000    
   22.5994358       0.00000000    
   22.6161022       0.00000000    
   22.6327686       0.00000000    
   22.6494350       0.00000000    
   22.6661015       0.00000000    
   22.6827679       0.00000000    
   22.6994343       0.00000000    
   22.7161007       0.00000000    
   22.7327671       0.00000000    
   22.7494335       0.00000000    
   22.7660999       0.00000000    
   22.7827663       0.00000000    
   22.7994328       0.00000000    
   22.8160992       0.00000000    
   22.8327656       0.00000000    
   22.8494320       0.00000000    
   22.8660984       0.00000000    
   22.8827648       0.00000000    
   22.8994312       0.00000000    
   22.9160976       0.00000000    
   22.9327641       0.00000000    
   22.9494305       0.00000000    
   22.9660969       0.00000000    
   22.9827633       0.00000000    
   22.9994297       0.00000000    
   23.0160961       0.00000000    
   23.0327625       0.00000000    
   23.0494289       0.00000000    
   23.0660954       0.00000000    
   23.0827618       0.00000000    
   23.0994282       0.00000000    
   23.1160946       0.00000000    
   23.1327610       0.00000000    
   23.1494274       0.00000000    
   23.1660938       0.00000000    
   23.1827602       0.00000000    
   23.1994267       0.00000000    
   23.2160931       0.00000000    
   23.2327595       0.00000000    
   23.2494259       0.00000000    
   23.2660923       0.00000000    
   23.2827587       0.00000000    
   23.2994251       0.00000000    
   23.3160915       0.00000000    
   23.3327579       0.00000000    
   23.3494244       0.00000000    
   23.3660908       0.00000000    
   23.3827572       0.00000000    
   23.3994236       0.00000000    
   23.4160900       0.00000000    
   23.4327564       0.00000000    
   23.4494228       0.00000000    
   23.4660892       0.00000000    
   23.4827557       0.00000000    
   23.4994221       0.00000000    
   23.5160885       0.00000000    
   23.5327549       0.00000000    
   23.5494213       0.00000000    
   23.5660877       0.00000000    
   23.5827541       0.00000000    
   23.5994205       0.00000000    
   23.6160870       0.00000000    
   23.6327534       0.00000000    
   23.6494198       0.00000000    
   23.6660862       0.00000000    
   23.6827526       0.00000000    
   23.6994190       0.00000000    
   23.7160854       0.00000000    
   23.7327518       0.00000000    
   23.7494183       0.00000000    
   23.7660847       0.00000000    
   23.7827511       0.00000000    
   23.7994175       0.00000000    
   23.8160839       0.00000000    
   23.8327503       0.00000000    
   23.8494167       0.00000000    
   23.8660831       0.00000000    
   23.8827496       0.00000000    
   23.8994160       0.00000000    
   23.9160824       0.00000000    
   23.9327488       0.00000000    
   23.9494152       0.00000000    
   23.9660816       0.00000000    
   23.9827480       0.00000000    
