   0.00000000       0.00000000    
   1.66660007E-02   0.00000000    
   3.33320014E-02   0.00000000    
   4.99980003E-02   0.00000000    
   6.66640028E-02   0.00000000    
   8.33300054E-02   0.00000000    
   9.99960080E-02   0.00000000    
  0.116662011       0.00000000    
  0.133328006       0.00000000    
  0.149994001       0.00000000    
  0.166659996       0.00000000    
  0.183325991       0.00000000    
  0.199991986       0.00000000    
  0.216657981       0.00000000    
  0.233323976       0.00000000    
  0.249989972       0.00000000    
  0.266655982       0.00000000    
  0.283321977       0.00000000    
  0.299987972       0.00000000    
  0.316653967       0.00000000    
  0.333319962       0.00000000    
  0.349985957       0.00000000    
  0.366651952       0.00000000    
  0.383317947       0.00000000    
  0.399983943       0.00000000    
  0.416649938       0.00000000    
  0.433315933       0.00000000    
  0.449981928       0.00000000    
  0.466647923       0.00000000    
  0.483313918       0.00000000    
  0.499979913       0.00000000    
  0.516645908       0.00000000    
  0.533311903       0.00000000    
  0.549977899       0.00000000    
  0.566643894       0.00000000    
  0.583309889       0.00000000    
  0.599975884       0.00000000    
  0.616641879       0.00000000    
  0.633307874       0.00000000    
  0.649973869       0.00000000    
  0.666639864       0.00000000    
  0.683305860       0.00000000    
  0.699971855       0.00000000    
  0.716637850       0.00000000    
  0.733303845       0.00000000    
  0.749969840       0.00000000    
  0.766635835       0.00000000    
  0.783301830       0.00000000    
  0.799967825       0.00000000    
  0.816633821       0.00000000    
  0.833299816       0.00000000    
  0.849965811       0.00000000    
  0.866631806       0.00000000    
  0.883297801       0.00000000    
  0.899963796       0.00000000    
  0.916629791       0.00000000    
  0.933295786       0.00000000    
  0.949961782       0.00000000    
  0.966627777       0.00000000    
  0.983293772       0.00000000    
  0.999959767       0.00000000    
   1.01662576       0.00000000    
   1.03329182       0.00000000    
   1.04995787       0.00000000    
   1.06662393       0.00000000    
   1.08328998       0.00000000    
   1.09995604       0.00000000    
   1.11662209       0.00000000    
   1.13328815       0.00000000    
   1.14995420       0.00000000    
   1.16662025       0.00000000    
   1.18328631       0.00000000    
   1.19995236       0.00000000    
   1.21661842       0.00000000    
   1.23328447       0.00000000    
   1.24995053       0.00000000    
   1.26661658       0.00000000    
   1.28328264       0.00000000    
   1.29994869       0.00000000    
   1.31661475       0.00000000    
   1.33328080       0.00000000    
   1.34994686       0.00000000    
   1.36661291       0.00000000    
   1.38327897       0.00000000    
   1.39994502       0.00000000    
   1.41661108       0.00000000    
   1.43327713       0.00000000    
   1.44994318       0.00000000    
   1.46660924       0.00000000    
   1.48327529       0.00000000    
   1.49994135       0.00000000    
   1.51660740       0.00000000    
   1.53327346       0.00000000    
   1.54993951       0.00000000    
   1.56660557       0.00000000    
   1.58327162       0.00000000    
   1.59993768       0.00000000    
   1.61660373       0.00000000    
   1.63326979       0.00000000    
   1.64993584       0.00000000    
   1.66660190       0.00000000    
   1.68326795       0.00000000    
   1.69993401       0.00000000    
   1.71660006       0.00000000    
   1.73326612       0.00000000    
   1.74993217       0.00000000    
   1.76659822       0.00000000    
   1.78326428       0.00000000    
   1.79993033       0.00000000    
   1.81659639       0.00000000    
   1.83326244       0.00000000    
   1.84992850       0.00000000    
   1.86659455       0.00000000    
   1.88326061       0.00000000    
   1.89992666       0.00000000    
   1.91659272       0.00000000    
   1.93325877       0.00000000    
   1.94992483       0.00000000    
   1.96659088       0.00000000    
   1.98325694       0.00000000    
   1.99992299       0.00000000    
   2.01658893       0.00000000    
   2.03325486       0.00000000    
   2.04992080       0.00000000    
   2.06658673       0.00000000    
   2.08325267       0.00000000    
   2.09991860       0.00000000    
   2.11658454       0.00000000    
   2.13325047       0.00000000    
   2.14991641       0.00000000    
   2.16658235       0.00000000    
   2.18324828       0.00000000    
   2.19991422       0.00000000    
   2.21658015       0.00000000    
   2.23324609       0.00000000    
   2.24991202       0.00000000    
   2.26657796       0.00000000    
   2.28324389       0.00000000    
   2.29990983       0.00000000    
   2.31657577       0.00000000    
   2.33324170       0.00000000    
   2.34990764       0.00000000    
   2.36657357       0.00000000    
   2.38323951       0.00000000    
   2.39990544       0.00000000    
   2.41657138       0.00000000    
   2.43323731       0.00000000    
   2.44990325       0.00000000    
   2.46656919       0.00000000    
   2.48323512       0.00000000    
   2.49990106       0.00000000    
   2.51656699       0.00000000    
   2.53323293       0.00000000    
   2.54989886       0.00000000    
   2.56656480       0.00000000    
   2.58323073       0.00000000    
   2.59989667       0.00000000    
   2.61656260       0.00000000    
   2.63322854       0.00000000    
   2.64989448       0.00000000    
   2.66656041       0.00000000    
   2.68322635       0.00000000    
   2.69989228       0.00000000    
   2.71655822       0.00000000    
   2.73322415       0.00000000    
   2.74989009       0.00000000    
   2.76655602       0.00000000    
   2.78322196       0.00000000    
   2.79988790       0.00000000    
   2.81655383       0.00000000    
   2.83321977       0.00000000    
   2.84988570       0.00000000    
   2.86655164       0.00000000    
   2.88321757       0.00000000    
   2.89988351       0.00000000    
   2.91654944       0.00000000    
   2.93321538       0.00000000    
   2.94988132       0.00000000    
   2.96654725       0.00000000    
   2.98321319       0.00000000    
   2.99987912       0.00000000    
   3.01654506       0.00000000    
   3.03321099       0.00000000    
   3.04987693       0.00000000    
   3.06654286       0.00000000    
   3.08320880       0.00000000    
   3.09987473       0.00000000    
   3.11654067       0.00000000    
   3.13320661       0.00000000    
   3.14987254       0.00000000    
   3.16653848       0.00000000    
   3.18320441       0.00000000    
   3.19987035       0.00000000    
   3.21653628       0.00000000    
   3.23320222       0.00000000    
   3.24986815       0.00000000    
   3.26653409       0.00000000    
   3.28320003       0.00000000    
   3.29986596       0.00000000    
   3.31653190       0.00000000    
   3.33319783       0.00000000    
   3.34986377       0.00000000    
   3.36652970       0.00000000    
   3.38319564       0.00000000    
   3.39986157       0.00000000    
   3.41652751       0.00000000    
   3.43319345       0.00000000    
   3.44985938       0.00000000    
   3.46652532       0.00000000    
   3.48319125       0.00000000    
   3.49985719       0.00000000    
   3.51652312       0.00000000    
   3.53318906       0.00000000    
   3.54985499       0.00000000    
   3.56652093       0.00000000    
   3.58318686       0.00000000    
   3.59985280       0.00000000    
   3.61651874       0.00000000    
   3.63318467       0.00000000    
   3.64985061       0.00000000    
   3.66651654       0.00000000    
   3.68318248       0.00000000    
   3.69984841       0.00000000    
   3.71651435       0.00000000    
   3.73318028       0.00000000    
   3.74984622       0.00000000    
   3.76651216       0.00000000    
   3.78317809       0.00000000    
   3.79984403       0.00000000    
   3.81650996       0.00000000    
   3.83317590       0.00000000    
   3.84984183       0.00000000    
   3.86650777       0.00000000    
   3.88317370       0.00000000    
   3.89983964       0.00000000    
   3.91650558       0.00000000    
   3.93317151       0.00000000    
   3.94983745       0.00000000    
   3.96650338       0.00000000    
   3.98316932       0.00000000    
   3.99983525       0.00000000    
   4.01650143       0.00000000    
   4.03316736       0.00000000    
   4.04983330       0.00000000    
   4.06649923       0.00000000    
   4.08316517       0.00000000    
   4.09983110       0.00000000    
   4.11649704       0.00000000    
   4.13316298       0.00000000    
   4.14982891       0.00000000    
   4.16649485       0.00000000    
   4.18316078       0.00000000    
   4.19982672       0.00000000    
   4.21649265       0.00000000    
   4.23315859       0.00000000    
   4.24982452       0.00000000    
   4.26649046       0.00000000    
   4.28315639       0.00000000    
   4.29982233       0.00000000    
   4.31648827       0.00000000    
   4.33315420       0.00000000    
   4.34982014       0.00000000    
   4.36648607       0.00000000    
   4.38315201       0.00000000    
   4.39981794       0.00000000    
   4.41648388       0.00000000    
   4.43314981       0.00000000    
   4.44981575       0.00000000    
   4.46648169       0.00000000    
   4.48314762       0.00000000    
   4.49981356       0.00000000    
   4.51647949       0.00000000    
   4.53314543       0.00000000    
   4.54981136       0.00000000    
   4.56647730       0.00000000    
   4.58314323       0.00000000    
   4.59980917       0.00000000    
   4.61647511       0.00000000    
   4.63314104       0.00000000    
   4.64980698       0.00000000    
   4.66647291       0.00000000    
   4.68313885       0.00000000    
   4.69980478       0.00000000    
   4.71647072       0.00000000    
   4.73313665       0.00000000    
   4.74980259       0.00000000    
   4.76646852       0.00000000    
   4.78313446       0.00000000    
   4.79980040       0.00000000    
   4.81646633       0.00000000    
   4.83313227       0.00000000    
   4.84979820       0.00000000    
   4.86646414       0.00000000    
   4.88313007       0.00000000    
   4.89979601       0.00000000    
   4.91646194       0.00000000    
   4.93312788       0.00000000    
   4.94979382       0.00000000    
   4.96645975       0.00000000    
   4.98312569       0.00000000    
   4.99979162       0.00000000    
   5.01645756       0.00000000    
   5.03312349       0.00000000    
   5.04978943       0.00000000    
   5.06645536       0.00000000    
   5.08312130       0.00000000    
   5.09978724       0.00000000    
   5.11645317       0.00000000    
   5.13311911       0.00000000    
   5.14978504       0.00000000    
   5.16645098       0.00000000    
   5.18311691       0.00000000    
   5.19978285       0.00000000    
   5.21644878       0.00000000    
   5.23311472       0.00000000    
   5.24978065       0.00000000    
   5.26644659       0.00000000    
   5.28311253       0.00000000    
   5.29977846       0.00000000    
   5.31644440       0.00000000    
   5.33311033       0.00000000    
   5.34977627       0.00000000    
   5.36644220       0.00000000    
   5.38310814       0.00000000    
   5.39977407       0.00000000    
   5.41644001       0.00000000    
   5.43310595       0.00000000    
   5.44977188       0.00000000    
   5.46643782       0.00000000    
   5.48310375       0.00000000    
   5.49976969       0.00000000    
   5.51643562       0.00000000    
   5.53310156       0.00000000    
   5.54976749       0.00000000    
   5.56643343       0.00000000    
   5.58309937       0.00000000    
   5.59976530       0.00000000    
   5.61643124       0.00000000    
   5.63309717       0.00000000    
   5.64976311       0.00000000    
   5.66642904       0.00000000    
   5.68309498       0.00000000    
   5.69976091       0.00000000    
   5.71642685       0.00000000    
   5.73309278       0.00000000    
   5.74975872       0.00000000    
   5.76642466       0.00000000    
   5.78309059       0.00000000    
   5.79975653       0.00000000    
   5.81642246       0.00000000    
   5.83308840       0.00000000    
   5.84975433       0.00000000    
   5.86642027       0.00000000    
   5.88308620       0.00000000    
   5.89975214       0.00000000    
   5.91641808       0.00000000    
   5.93308401       0.00000000    
   5.94974995       0.00000000    
   5.96641588       0.00000000    
   5.98308182       0.00000000    
   5.99974775       0.00000000    
   6.01641369       0.00000000    
   6.03307962       0.00000000    
   6.04974556       0.00000000    
   6.06641150       0.00000000    
   6.08307743       0.00000000    
   6.09974337       0.00000000    
   6.11640930       0.00000000    
   6.13307524       0.00000000    
   6.14974117       0.00000000    
   6.16640711       0.00000000    
   6.18307304       0.00000000    
   6.19973898       0.00000000    
   6.21640491       0.00000000    
   6.23307085       0.00000000    
   6.24973679       0.00000000    
   6.26640272       0.00000000    
   6.28306866       0.00000000    
   6.29973459       0.00000000    
   6.31640053       0.00000000    
   6.33306646       0.00000000    
   6.34973240       0.00000000    
   6.36639833       0.00000000    
   6.38306427       0.00000000    
   6.39973021       0.00000000    
   6.41639614       0.00000000    
   6.43306208       0.00000000    
   6.44972801       0.00000000    
   6.46639395       0.00000000    
   6.48305988       0.00000000    
   6.49972582       0.00000000    
   6.51639175       0.00000000    
   6.53305769       0.00000000    
   6.54972363       0.00000000    
   6.56638956       0.00000000    
   6.58305550       0.00000000    
   6.59972143       0.00000000    
   6.61638737       2.27800007E-22
   6.63305330       3.38100004E-18
   6.64971924       4.19799990E-15
   6.66638517       1.16800005E-12
   6.68305111       1.87200005E-10
   6.69971704       4.72999995E-09
   6.71638298       2.24699992E-08
   6.73304892       6.62300010E-08
   6.74971485       1.45900003E-07
   6.76638079       2.82000002E-07
   6.78304672       5.10199982E-07
   6.79971266       8.84299993E-07
   6.81637859       1.46299999E-06
   6.83304453       2.31800004E-06
   6.84971046       3.39100006E-06
   6.86637640       4.86699992E-06
   6.88304234       6.64900017E-06
   6.89970827       8.98500002E-06
   6.91637421       1.20699997E-05
   6.93304014       1.58000003E-05
   6.94970608       2.03599993E-05
   6.96637201       2.56000003E-05
   6.98303795       3.22199994E-05
   6.99970388       4.05300016E-05
   7.01636982       4.96200009E-05
   7.03303576       6.13399970E-05
   7.04970169       7.37800001E-05
   7.06636763       8.88499999E-05
   7.08303356       1.07100001E-04
   7.09969950       1.28500003E-04
   7.11636543       1.49300002E-04
   7.13303137       1.72999993E-04
   7.14969730       2.00900002E-04
   7.16636324       2.34799998E-04
   7.18302917       2.64100003E-04
   7.19969511       3.06000002E-04
   7.21636105       3.39699996E-04
   7.23302698       3.80200014E-04
   7.24969292       4.28900006E-04
   7.26635885       4.87599988E-04
   7.28302479       5.38999971E-04
   7.29969072       5.92799974E-04
   7.31635666       6.50100003E-04
   7.33302259       7.10799999E-04
   7.34968853       7.74600019E-04
   7.36635447       8.41600006E-04
   7.38302040       9.11600015E-04
   7.39968634       9.84700047E-04
   7.41635227       1.06100005E-03
   7.43301821       1.13999995E-03
   7.44968414       1.22199999E-03
   7.46635008       1.30700006E-03
   7.48301601       1.39500003E-03
   7.49968195       1.48700003E-03
   7.51634789       1.58100005E-03
   7.53301382       1.67799997E-03
   7.54967976       1.77900004E-03
   7.56634569       1.88300002E-03
   7.58301163       1.98900001E-03
   7.59967756       2.09899992E-03
   7.61634350       2.21300009E-03
   7.63300943       2.32900004E-03
   7.64967537       2.44900002E-03
   7.66634130       2.57300003E-03
   7.68300724       2.69900006E-03
   7.69967318       2.82999990E-03
   7.71633911       2.96299998E-03
   7.73300505       3.10100010E-03
   7.74967098       3.24200001E-03
   7.76633692       3.38599994E-03
   7.78300285       3.53399990E-03
   7.79966879       3.68599989E-03
   7.81633472       3.84199992E-03
   7.83300066       4.00200021E-03
   7.84966660       4.16499982E-03
   7.86633253       4.33300016E-03
   7.88299847       4.50399984E-03
   7.89966440       4.67999978E-03
   7.91633034       4.86000022E-03
   7.93299627       5.04400022E-03
   7.94966221       5.23199979E-03
   7.96632814       5.42500010E-03
   7.98299408       5.62199997E-03
   7.99966002       5.82299987E-03
   8.01632595       6.02900004E-03
   8.03299236       6.23899978E-03
   8.04965878       6.45399978E-03
   8.06632519       6.67400006E-03
   8.08299160       6.89799991E-03
   8.09965801       7.12700002E-03
   8.11632442       7.36099994E-03
   8.13299084       7.60000013E-03
   8.14965725       7.84400012E-03
   8.16632366       8.09300039E-03
   8.18299007       8.34599975E-03
   8.19965649       8.60499963E-03
   8.21632290       8.87000002E-03
   8.23298931       9.13900044E-03
   8.24965572       9.41300020E-03
   8.26632214       9.69300047E-03
   8.28298855       9.97800007E-03
   8.29965496       1.02700004E-02
   8.31632137       1.05699999E-02
   8.33298779       1.08700003E-02
   8.34965420       1.11699998E-02
   8.36632061       1.14900004E-02
   8.38298702       1.18100001E-02
   8.39965343       1.21299997E-02
   8.41631985       1.24599999E-02
   8.43298626       1.27999997E-02
   8.44965267       1.31400004E-02
   8.46631908       1.34800002E-02
   8.48298550       1.38400001E-02
   8.49965191       1.42000001E-02
   8.51631832       1.45600000E-02
   8.53298473       1.49299996E-02
   8.54965115       1.53099997E-02
   8.56631756       1.56900007E-02
   8.58298397       1.60799995E-02
   8.59965038       1.64800007E-02
   8.61631680       1.68800000E-02
   8.63298321       1.72899999E-02
   8.64964962       1.76999997E-02
   8.66631603       1.81200001E-02
   8.68298244       1.85499992E-02
   8.69964886       1.89800002E-02
   8.71631527       1.94199998E-02
   8.73298168       1.98700000E-02
   8.74964809       2.03200001E-02
   8.76631451       2.07800008E-02
   8.78298092       2.12500002E-02
   8.79964733       2.17199996E-02
   8.81631374       2.21900009E-02
   8.83298016       2.26799995E-02
   8.84964657       2.31699999E-02
   8.86631298       2.36699991E-02
   8.88297939       2.41700001E-02
   8.89964581       2.46799998E-02
   8.91631222       2.52000000E-02
   8.93297863       2.57200003E-02
   8.94964504       2.62499992E-02
   8.96631145       2.67900005E-02
   8.98297787       2.73300000E-02
   8.99964428       2.78800000E-02
   9.01631069       2.84299999E-02
   9.03297710       2.89900005E-02
   9.04964352       2.95599997E-02
   9.06630993       3.01399995E-02
   9.08297634       3.07199992E-02
   9.09964275       3.13000008E-02
   9.11630917       3.18999998E-02
   9.13297558       3.24999988E-02
   9.14964199       3.31000015E-02
   9.16630840       3.37200016E-02
   9.18297482       3.43400016E-02
   9.19964123       3.49600017E-02
   9.21630764       3.55900005E-02
   9.23297405       3.62300016E-02
   9.24964046       3.68699990E-02
   9.26630688       3.75199988E-02
   9.28297329       3.81800011E-02
   9.29963970       3.88399996E-02
   9.31630611       3.95100005E-02
   9.33297253       4.01800014E-02
   9.34963894       4.08600010E-02
   9.36630535       4.15499993E-02
   9.38297176       4.22400013E-02
   9.39963818       4.29399982E-02
   9.41630459       4.36399989E-02
   9.43297100       4.43499982E-02
   9.44963741       4.50600013E-02
   9.46630383       4.57799993E-02
   9.48297024       4.65099998E-02
   9.49963665       4.72400002E-02
   9.51630306       4.79799993E-02
   9.53296947       4.87199984E-02
   9.54963589       4.94700000E-02
   9.56630230       5.02200015E-02
   9.58296871       5.09800017E-02
   9.59963512       5.17399982E-02
   9.61630154       5.25100008E-02
   9.63296795       5.32799996E-02
   9.64963436       5.40600009E-02
   9.66630077       5.48399985E-02
   9.68296719       5.56299984E-02
   9.69963360       5.64199984E-02
   9.71630001       5.72200008E-02
   9.73296642       5.80199994E-02
   9.74963284       5.88300005E-02
   9.76629925       5.96400015E-02
   9.78296566       6.04600012E-02
   9.79963207       6.12800010E-02
   9.81629848       6.21000007E-02
   9.83296490       6.29300028E-02
   9.84963131       6.37599975E-02
   9.86629772       6.45899996E-02
   9.88296413       6.54300004E-02
   9.89963055       6.62799999E-02
   9.91629696       6.71299994E-02
   9.93296337       6.79799989E-02
   9.94962978       6.88299984E-02
   9.96629620       6.96899965E-02
   9.98296261       7.05500022E-02
   9.99962902       7.14100003E-02
   10.0162954       7.22799972E-02
   10.0329618       7.31500015E-02
   10.0496283       7.40299970E-02
   10.0662947       7.49000013E-02
   10.0829611       7.57799968E-02
   10.0996275       7.66599998E-02
   10.1162939       7.75500014E-02
   10.1329603       7.84400031E-02
   10.1496267       7.93199986E-02
   10.1662931       8.02199990E-02
   10.1829596       8.11100006E-02
   10.1996260       8.20100009E-02
   10.2162924       8.29000026E-02
   10.2329588       8.38000029E-02
   10.2496252       8.47000033E-02
   10.2662916       8.56100023E-02
   10.2829580       8.65100026E-02
   10.2996244       8.74200016E-02
   10.3162909       8.83200020E-02
   10.3329573       8.92300010E-02
   10.3496237       9.01400000E-02
   10.3662901       9.10599977E-02
   10.3829565       9.19699967E-02
   10.3996229       9.28800032E-02
   10.4162893       9.38000008E-02
   10.4329557       9.46799964E-02
   10.4496222       9.56199989E-02
   10.4662886       9.65399966E-02
   10.4829550       9.74100009E-02
   10.4996214       9.83500034E-02
   10.5162878       9.92600024E-02
   10.5329542      0.100199997    
   10.5496206      0.101099998    
   10.5662870      0.101999998    
   10.5829535      0.102899998    
   10.5996199      0.103900000    
   10.6162863      0.104800001    
   10.6329527      0.105700001    
   10.6496191      0.106600001    
   10.6662855      0.107500002    
   10.6829519      0.108400002    
   10.6996183      0.109300002    
   10.7162848      0.110200003    
   10.7329512      0.111100003    
   10.7496176      0.112000003    
   10.7662840      0.112899996    
   10.7829504      0.113799997    
   10.7996168      0.114600003    
   10.8162832      0.115599997    
   10.8329496      0.116499998    
   10.8496161      0.117399998    
   10.8662825      0.118299998    
   10.8829489      0.119199999    
   10.8996153      0.120099999    
   10.9162817      0.120999999    
   10.9329481      0.121799998    
   10.9496145      0.122699998    
   10.9662809      0.123599999    
   10.9829473      0.124499999    
   10.9996138      0.125300005    
   11.0162802      0.126200005    
   11.0329466      0.127000004    
   11.0496130      0.127900004    
   11.0662794      0.128700003    
   11.0829458      0.129600003    
   11.0996122      0.130400002    
   11.1162786      0.131300002    
   11.1329451      0.132100001    
   11.1496115      0.132900000    
   11.1662779      0.133800000    
   11.1829443      0.134599999    
   11.1996107      0.135399997    
   11.2162771      0.136199996    
   11.2329435      0.136999995    
   11.2496099      0.137799993    
   11.2662764      0.138600007    
   11.2829428      0.139300004    
   11.2996092      0.140200004    
   11.3162756      0.141000003    
   11.3329420      0.141800001    
   11.3496084      0.142600000    
   11.3662748      0.143299997    
   11.3829412      0.144099995    
   11.3996077      0.144800007    
   11.4162741      0.145600006    
   11.4329405      0.146300003    
   11.4496069      0.147100002    
   11.4662733      0.147699997    
   11.4829397      0.148499995    
   11.4996061      0.149200007    
   11.5162725      0.149900004    
   11.5329390      0.150600001    
   11.5496054      0.151299998    
   11.5662718      0.151999995    
   11.5829382      0.152700007    
   11.5996046      0.153400004    
   11.6162710      0.154100001    
   11.6329374      0.154699996    
   11.6496038      0.155399993    
   11.6662703      0.156000003    
   11.6829367      0.156599998    
   11.6996031      0.157299995    
   11.7162695      0.157900006    
   11.7329359      0.158500001    
   11.7496023      0.159099996    
   11.7662687      0.159700006    
   11.7829351      0.160300002    
   11.7996016      0.160899997    
   11.8162680      0.161500007    
   11.8329344      0.162100002    
   11.8496008      0.162599996    
   11.8662672      0.163200006    
   11.8829336      0.163699999    
   11.8996000      0.164199993    
   11.9162664      0.164800003    
   11.9329329      0.165299997    
   11.9495993      0.165800005    
   11.9662657      0.166199997    
   11.9829321      0.166800007    
   11.9995985      0.167300001    
   12.0162649      0.167699993    
   12.0329313      0.168099999    
   12.0495977      0.168599993    
   12.0662642      0.169100001    
   12.0829306      0.169499993    
   12.0995970      0.170000002    
   12.1162634      0.170399994    
   12.1329298      0.170800000    
   12.1495962      0.171200007    
   12.1662626      0.171499997    
   12.1829290      0.172000006    
   12.1995955      0.172199994    
   12.2162619      0.172700003    
   12.2329283      0.172999993    
   12.2495947      0.173299998    
   12.2662611      0.173700005    
   12.2829275      0.173999995    
   12.2995939      0.174300000    
   12.3162603      0.174600005    
   12.3329268      0.174899995    
   12.3495932      0.174999997    
   12.3662596      0.175500005    
   12.3829260      0.175699994    
   12.3995924      0.175999999    
   12.4162588      0.176200002    
   12.4329252      0.176400006    
   12.4495916      0.176599994    
   12.4662580      0.176899999    
   12.4829245      0.177100003    
   12.4995909      0.177300006    
   12.5162573      0.177399993    
   12.5329237      0.177599996    
   12.5495901      0.177699998    
   12.5662565      0.177800000    
   12.5829229      0.178100005    
   12.5995893      0.178200006    
   12.6162558      0.178299993    
   12.6329222      0.178399995    
   12.6495886      0.178499997    
   12.6662550      0.178599998    
   12.6829214      0.178599998    
   12.6995878      0.178700000    
   12.7162542      0.178800002    
   12.7329206      0.178800002    
   12.7495871      0.178800002    
   12.7662535      0.178900003    
   12.7829199      0.178900003    
   12.7995863      0.178900003    
   12.8162527      0.178900003    
   12.8329191      0.178800002    
   12.8495855      0.178800002    
   12.8662519      0.178800002    
   12.8829184      0.178700000    
   12.8995848      0.178599998    
   12.9162512      0.178599998    
   12.9329176      0.178499997    
   12.9495840      0.178399995    
   12.9662504      0.178299993    
   12.9829168      0.178200006    
   12.9995832      0.178000003    
   13.0162497      0.177800000    
   13.0329161      0.177699998    
   13.0495825      0.177599996    
   13.0662489      0.177399993    
   13.0829153      0.177200004    
   13.0995817      0.177000001    
   13.1162481      0.176799998    
   13.1329145      0.176499993    
   13.1495810      0.176400006    
   13.1662474      0.176200002    
   13.1829138      0.175899997    
   13.1995802      0.175699994    
   13.2162466      0.175400004    
   13.2329130      0.174999997    
   13.2495794      0.174899995    
   13.2662458      0.174600005    
   13.2829123      0.174300000    
   13.2995787      0.173999995    
   13.3162451      0.173600003    
   13.3329115      0.173199996    
   13.3495779      0.172999993    
   13.3662443      0.172600001    
   13.3829107      0.172199994    
   13.3995771      0.171900004    
   13.4162436      0.171499997    
   13.4329100      0.171100006    
   13.4495764      0.170699999    
   13.4662428      0.170300007    
   13.4829092      0.169900000    
   13.4995756      0.169499993    
   13.5162420      0.169000000    
   13.5329084      0.168599993    
   13.5495749      0.168099999    
   13.5662413      0.167699993    
   13.5829077      0.167199999    
   13.5995741      0.166700006    
   13.6162405      0.166199997    
   13.6329069      0.165700004    
   13.6495733      0.165199995    
   13.6662397      0.164700001    
   13.6829062      0.164199993    
   13.6995726      0.163599998    
   13.7162390      0.163100004    
   13.7329054      0.162499994    
   13.7495718      0.162000000    
   13.7662382      0.161400005    
   13.7829046      0.160799995    
   13.7995710      0.160200000    
   13.8162374      0.159600005    
   13.8329039      0.158999994    
   13.8495703      0.158399999    
   13.8662367      0.157800004    
   13.8829031      0.157199994    
   13.8995695      0.156499997    
   13.9162359      0.155800000    
   13.9329023      0.155300006    
   13.9495687      0.154599994    
   13.9662352      0.153899997    
   13.9829016      0.153300002    
   13.9995680      0.152600005    
   14.0162344      0.151899993    
   14.0329008      0.151199996    
   14.0495672      0.150500000    
   14.0662336      0.149800003    
   14.0829000      0.149100006    
   14.0995665      0.148399994    
   14.1162329      0.147599995    
   14.1328993      0.146899998    
   14.1495657      0.146200001    
   14.1662321      0.145400003    
   14.1828985      0.144700006    
   14.1995649      0.143999994    
   14.2162313      0.143199995    
   14.2328978      0.142399997    
   14.2495642      0.141700000    
   14.2662306      0.140900001    
   14.2828970      0.140100002    
   14.2995634      0.139300004    
   14.3162298      0.138500005    
   14.3328962      0.137700006    
   14.3495626      0.136899993    
   14.3662291      0.136099994    
   14.3828955      0.135299996    
   14.3995619      0.134499997    
   14.4162283      0.133599997    
   14.4328947      0.132799998    
   14.4495611      0.131999999    
   14.4662275      0.131099999    
   14.4828939      0.130300000    
   14.4995604      0.129500002    
   14.5162268      0.128600001    
   14.5328932      0.127800003    
   14.5495596      0.126800001    
   14.5662260      0.126000002    
   14.5828924      0.125200003    
   14.5995588      0.124300003    
   14.6162252      0.123400003    
   14.6328917      0.122599997    
   14.6495581      0.121600002    
   14.6662245      0.120800003    
   14.6828909      0.119900003    
   14.6995573      0.119099997    
   14.7162237      0.118199997    
   14.7328901      0.117299996    
   14.7495565      0.116400003    
   14.7662230      0.115500003    
   14.7828894      0.114600003    
   14.7995558      0.113700002    
   14.8162222      0.112800002    
   14.8328886      0.111800000    
   14.8495550      0.111000001    
   14.8662214      0.110100001    
   14.8828878      0.109200001    
   14.8995543      0.108300000    
   14.9162207      0.107299998    
   14.9328871      0.106399998    
   14.9495535      0.105499998    
   14.9662199      0.104599997    
   14.9828863      0.103699997    
   14.9995527      0.102799997    
   15.0162191      0.101899996    
   15.0328856      0.101000004    
   15.0495520      0.100000001    
   15.0662184       9.91199985E-02
   15.0828848       9.82199982E-02
   15.0995512       9.73000005E-02
   15.1162176       9.63499993E-02
   15.1328840       9.54699963E-02
   15.1495504       9.45400000E-02
   15.1662169       9.36399996E-02
   15.1828833       9.27300006E-02
   15.1995497       9.18100029E-02
   15.2162161       9.08999965E-02
   15.2328825       8.99899974E-02
   15.2495489       8.90899971E-02
   15.2662153       8.81799981E-02
   15.2828817       8.72600004E-02
   15.2995481       8.63600001E-02
   15.3162146       8.54599997E-02
   15.3328810       8.45599994E-02
   15.3495474       8.36500004E-02
   15.3662138       8.27500001E-02
   15.3828802       8.18599984E-02
   15.3995466       8.09599981E-02
   15.4162130       8.00599977E-02
   15.4328794       7.91800022E-02
   15.4495459       7.82900006E-02
   15.4662123       7.73999989E-02
   15.4828787       7.65099972E-02
   15.4995451       7.56300017E-02
   15.5162115       7.47599974E-02
   15.5328779       7.38800019E-02
   15.5495443       7.30099976E-02
   15.5662107       7.21300021E-02
   15.5828772       7.12699965E-02
   15.5995436       7.03999996E-02
   15.6162100       6.95400015E-02
   15.6328764       6.86900020E-02
   15.6495428       6.78299963E-02
   15.6662092       6.69799969E-02
   15.6828756       6.61299974E-02
   15.6995420       6.52899966E-02
   15.7162085       6.44500032E-02
   15.7328749       6.36200011E-02
   15.7495413       6.27899989E-02
   15.7662077       6.19600005E-02
   15.7828741       6.11299984E-02
   15.7995405       6.03200011E-02
   15.8162069       5.95000014E-02
   15.8328733       5.86900003E-02
   15.8495398       5.78900017E-02
   15.8662062       5.70800006E-02
   15.8828726       5.62900007E-02
   15.8995390       5.55000007E-02
   15.9162054       5.47100008E-02
   15.9328718       5.39299995E-02
   15.9495382       5.31499982E-02
   15.9662046       5.23799993E-02
   15.9828711       5.16100004E-02
   15.9995375       5.08500002E-02
   16.0162029       5.00900000E-02
   16.0328693       4.93399985E-02
   16.0495358       4.85900007E-02
   16.0662022       4.78500016E-02
   16.0828686       4.71200012E-02
   16.0995350       4.63900007E-02
   16.1162014       4.56600003E-02
   16.1328678       4.49399985E-02
   16.1495342       4.42299992E-02
   16.1662006       4.35199998E-02
   16.1828671       4.28199992E-02
   16.1995335       4.21199985E-02
   16.2161999       4.14300002E-02
   16.2328663       4.07399982E-02
   16.2495327       4.00599986E-02
   16.2661991       3.93900014E-02
   16.2828655       3.87299992E-02
   16.2995319       3.80599983E-02
   16.3161983       3.74099985E-02
   16.3328648       3.67599986E-02
   16.3495312       3.61200012E-02
   16.3661976       3.54800001E-02
   16.3828640       3.48500013E-02
   16.3995304       3.42300013E-02
   16.4161968       3.36100012E-02
   16.4328632       3.29999998E-02
   16.4495296       3.23899984E-02
   16.4661961       3.17899995E-02
   16.4828625       3.11999992E-02
   16.4995289       3.06100007E-02
   16.5161953       3.00299991E-02
   16.5328617       2.94599999E-02
   16.5495281       2.88900007E-02
   16.5661945       2.83300001E-02
   16.5828609       2.77800001E-02
   16.5995274       2.72300001E-02
   16.6161938       2.66900007E-02
   16.6328602       2.61499994E-02
   16.6495266       2.56299991E-02
   16.6661930       2.51100007E-02
   16.6828594       2.45900005E-02
   16.6995258       2.40800008E-02
   16.7161922       2.35799998E-02
   16.7328587       2.30800007E-02
   16.7495251       2.25900002E-02
   16.7661915       2.21100003E-02
   16.7828579       2.16300003E-02
   16.7995243       2.11599991E-02
   16.8161907       2.07000002E-02
   16.8328571       2.02399995E-02
   16.8495235       1.97899994E-02
   16.8661900       1.93399992E-02
   16.8828564       1.89100001E-02
   16.8995228       1.84700005E-02
   16.9161892       1.80500001E-02
   16.9328556       1.76299997E-02
   16.9495220       1.72199998E-02
   16.9661884       1.68099999E-02
   16.9828548       1.64100006E-02
   16.9995213       1.60099994E-02
   17.0161877       1.56199997E-02
   17.0328541       1.52399996E-02
   17.0495205       1.48700001E-02
   17.0661869       1.44999996E-02
   17.0828533       1.41300000E-02
   17.0995197       1.37700001E-02
   17.1161861       1.34199997E-02
   17.1328526       1.30700003E-02
   17.1495190       1.27299996E-02
   17.1661854       1.24000004E-02
   17.1828518       1.20700002E-02
   17.1995182       1.17499996E-02
   17.2161846       1.14300000E-02
   17.2328510       1.11199999E-02
   17.2495174       1.08099999E-02
   17.2661839       1.05100004E-02
   17.2828503       1.02199996E-02
   17.2995167       9.92599968E-03
   17.3161831       9.64200031E-03
   17.3328495       9.36300028E-03
   17.3495159       9.08899959E-03
   17.3661823       8.82000010E-03
   17.3828487       8.55700020E-03
   17.3995152       8.29999987E-03
   17.4161816       8.04600026E-03
   17.4328480       7.79799977E-03
   17.4495144       7.55500002E-03
   17.4661808       7.31700007E-03
   17.4828472       7.08399992E-03
   17.4995136       6.85600005E-03
   17.5161800       6.63299998E-03
   17.5328465       6.41399994E-03
   17.5495129       6.19899994E-03
   17.5661793       5.98999998E-03
   17.5828457       5.78500004E-03
   17.5995121       5.58499992E-03
   17.6161785       5.38800005E-03
   17.6328449       5.19599998E-03
   17.6495113       5.00900019E-03
   17.6661777       4.82500019E-03
   17.6828442       4.64700023E-03
   17.6995106       4.47200006E-03
   17.7161770       4.30099992E-03
   17.7328434       4.13399981E-03
   17.7495098       3.97100020E-03
   17.7661762       3.81199992E-03
   17.7828426       3.65699991E-03
   17.7995090       3.50599992E-03
   17.8161755       3.35799996E-03
   17.8328419       3.21400003E-03
   17.8495083       3.07399989E-03
   17.8661747       2.93800002E-03
   17.8828411       2.80499994E-03
   17.8995075       2.67500011E-03
   17.9161739       2.54900008E-03
   17.9328403       2.42600008E-03
   17.9495068       2.30700010E-03
   17.9661732       2.19099992E-03
   17.9828396       2.07799999E-03
   17.9995060       1.96900009E-03
   18.0161724       1.86199998E-03
   18.0328388       1.75900001E-03
   18.0495052       1.65899994E-03
   18.0661716       1.56300003E-03
   18.0828381       1.46900001E-03
   18.0995045       1.37800002E-03
   18.1161709       1.29000004E-03
   18.1328373       1.20599999E-03
   18.1495037       1.12399994E-03
   18.1661701       1.04600005E-03
   18.1828365       9.70299996E-04
   18.1995029       8.96700018E-04
   18.2161694       8.28300021E-04
   18.2328358       7.61899981E-04
   18.2495022       6.98800024E-04
   18.2661686       6.38699974E-04
   18.2828350       5.82000008E-04
   18.2995014       5.28900011E-04
   18.3161678       4.75200010E-04
   18.3328342       4.18699987E-04
   18.3495007       3.71700007E-04
   18.3661671       3.32600001E-04
   18.3828335       3.00000014E-04
   18.3994999       2.57500011E-04
   18.4161663       2.30000005E-04
   18.4328327       1.96099994E-04
   18.4494991       1.67799997E-04
   18.4661655       1.43400001E-04
   18.4828320       1.21700003E-04
   18.4994984       1.02400001E-04
   18.5161648       8.56999977E-05
   18.5328312       7.15100032E-05
   18.5494976       5.88600014E-05
   18.5661640       4.77100002E-05
   18.5828304       3.86600004E-05
   18.5994968       3.10399992E-05
   18.6161633       2.44300008E-05
   18.6328297       1.90899991E-05
   18.6494961       1.47600003E-05
   18.6661625       1.12600001E-05
   18.6828289       8.49299977E-06
   18.6994953       6.32599995E-06
   18.7161617       4.50400012E-06
   18.7328281       3.17500007E-06
   18.7494946       2.10100006E-06
   18.7661610       1.34699997E-06
   18.7828274       8.04399974E-07
   18.7994938       4.55100007E-07
   18.8161602       2.48199996E-07
   18.8328266       1.27800007E-07
   18.8494930       5.69699985E-08
   18.8661594       1.68100005E-08
   18.8828259       2.84600010E-09
   18.8994923       7.09700007E-11
   18.9161587       4.14899994E-13
   18.9328251       1.04399998E-15
   18.9494915       6.42300007E-19
   18.9661579       8.13299974E-24
   18.9828243       0.00000000    
   18.9994907       0.00000000    
   19.0161572       0.00000000    
   19.0328236       0.00000000    
   19.0494900       0.00000000    
   19.0661564       0.00000000    
   19.0828228       0.00000000    
   19.0994892       0.00000000    
   19.1161556       0.00000000    
   19.1328220       0.00000000    
   19.1494884       0.00000000    
   19.1661549       0.00000000    
   19.1828213       0.00000000    
   19.1994877       0.00000000    
   19.2161541       0.00000000    
   19.2328205       0.00000000    
   19.2494869       0.00000000    
   19.2661533       0.00000000    
   19.2828197       0.00000000    
   19.2994862       0.00000000    
   19.3161526       0.00000000    
   19.3328190       0.00000000    
   19.3494854       0.00000000    
   19.3661518       0.00000000    
   19.3828182       0.00000000    
   19.3994846       0.00000000    
   19.4161510       0.00000000    
   19.4328175       0.00000000    
   19.4494839       0.00000000    
   19.4661503       0.00000000    
   19.4828167       0.00000000    
   19.4994831       0.00000000    
   19.5161495       0.00000000    
   19.5328159       0.00000000    
   19.5494823       0.00000000    
   19.5661488       0.00000000    
   19.5828152       0.00000000    
   19.5994816       0.00000000    
   19.6161480       0.00000000    
   19.6328144       0.00000000    
   19.6494808       0.00000000    
   19.6661472       0.00000000    
   19.6828136       0.00000000    
   19.6994801       0.00000000    
   19.7161465       0.00000000    
   19.7328129       0.00000000    
   19.7494793       0.00000000    
   19.7661457       0.00000000    
   19.7828121       0.00000000    
   19.7994785       0.00000000    
   19.8161449       0.00000000    
   19.8328114       0.00000000    
   19.8494778       0.00000000    
   19.8661442       0.00000000    
   19.8828106       0.00000000    
   19.8994770       0.00000000    
   19.9161434       0.00000000    
   19.9328098       0.00000000    
   19.9494762       0.00000000    
   19.9661427       0.00000000    
   19.9828091       0.00000000    
   19.9994755       0.00000000    
   20.0161419       0.00000000    
   20.0328083       0.00000000    
   20.0494747       0.00000000    
   20.0661411       0.00000000    
   20.0828075       0.00000000    
   20.0994740       0.00000000    
   20.1161404       0.00000000    
   20.1328068       0.00000000    
   20.1494732       0.00000000    
   20.1661396       0.00000000    
   20.1828060       0.00000000    
   20.1994724       0.00000000    
   20.2161388       0.00000000    
   20.2328053       0.00000000    
   20.2494717       0.00000000    
   20.2661381       0.00000000    
   20.2828045       0.00000000    
   20.2994709       0.00000000    
   20.3161373       0.00000000    
   20.3328037       0.00000000    
   20.3494701       0.00000000    
   20.3661366       0.00000000    
   20.3828030       0.00000000    
   20.3994694       0.00000000    
   20.4161358       0.00000000    
   20.4328022       0.00000000    
   20.4494686       0.00000000    
   20.4661350       0.00000000    
   20.4828014       0.00000000    
   20.4994678       0.00000000    
   20.5161343       0.00000000    
   20.5328007       0.00000000    
   20.5494671       0.00000000    
   20.5661335       0.00000000    
   20.5827999       0.00000000    
   20.5994663       0.00000000    
   20.6161327       0.00000000    
   20.6327991       0.00000000    
   20.6494656       0.00000000    
   20.6661320       0.00000000    
   20.6827984       0.00000000    
   20.6994648       0.00000000    
   20.7161312       0.00000000    
   20.7327976       0.00000000    
   20.7494640       0.00000000    
   20.7661304       0.00000000    
   20.7827969       0.00000000    
   20.7994633       0.00000000    
   20.8161297       0.00000000    
   20.8327961       0.00000000    
   20.8494625       0.00000000    
   20.8661289       0.00000000    
   20.8827953       0.00000000    
   20.8994617       0.00000000    
   20.9161282       0.00000000    
   20.9327946       0.00000000    
   20.9494610       0.00000000    
   20.9661274       0.00000000    
   20.9827938       0.00000000    
   20.9994602       0.00000000    
   21.0161266       0.00000000    
   21.0327930       0.00000000    
   21.0494595       0.00000000    
   21.0661259       0.00000000    
   21.0827923       0.00000000    
   21.0994587       0.00000000    
   21.1161251       0.00000000    
   21.1327915       0.00000000    
   21.1494579       0.00000000    
   21.1661243       0.00000000    
   21.1827908       0.00000000    
   21.1994572       0.00000000    
   21.2161236       0.00000000    
   21.2327900       0.00000000    
   21.2494564       0.00000000    
   21.2661228       0.00000000    
   21.2827892       0.00000000    
   21.2994556       0.00000000    
   21.3161221       0.00000000    
   21.3327885       0.00000000    
   21.3494549       0.00000000    
   21.3661213       0.00000000    
   21.3827877       0.00000000    
   21.3994541       0.00000000    
   21.4161205       0.00000000    
   21.4327869       0.00000000    
   21.4494534       0.00000000    
   21.4661198       0.00000000    
   21.4827862       0.00000000    
   21.4994526       0.00000000    
   21.5161190       0.00000000    
   21.5327854       0.00000000    
   21.5494518       0.00000000    
   21.5661182       0.00000000    
   21.5827847       0.00000000    
   21.5994511       0.00000000    
   21.6161175       0.00000000    
   21.6327839       0.00000000    
   21.6494503       0.00000000    
   21.6661167       0.00000000    
   21.6827831       0.00000000    
   21.6994495       0.00000000    
   21.7161160       0.00000000    
   21.7327824       0.00000000    
   21.7494488       0.00000000    
   21.7661152       0.00000000    
   21.7827816       0.00000000    
   21.7994480       0.00000000    
   21.8161144       0.00000000    
   21.8327808       0.00000000    
   21.8494473       0.00000000    
   21.8661137       0.00000000    
   21.8827801       0.00000000    
   21.8994465       0.00000000    
   21.9161129       0.00000000    
   21.9327793       0.00000000    
   21.9494457       0.00000000    
   21.9661121       0.00000000    
   21.9827785       0.00000000    
   21.9994450       0.00000000    
   22.0161114       0.00000000    
   22.0327778       0.00000000    
   22.0494442       0.00000000    
   22.0661106       0.00000000    
   22.0827770       0.00000000    
   22.0994434       0.00000000    
   22.1161098       0.00000000    
   22.1327763       0.00000000    
   22.1494427       0.00000000    
   22.1661091       0.00000000    
   22.1827755       0.00000000    
   22.1994419       0.00000000    
   22.2161083       0.00000000    
   22.2327747       0.00000000    
   22.2494411       0.00000000    
   22.2661076       0.00000000    
   22.2827740       0.00000000    
   22.2994404       0.00000000    
   22.3161068       0.00000000    
   22.3327732       0.00000000    
   22.3494396       0.00000000    
   22.3661060       0.00000000    
   22.3827724       0.00000000    
   22.3994389       0.00000000    
   22.4161053       0.00000000    
   22.4327717       0.00000000    
   22.4494381       0.00000000    
   22.4661045       0.00000000    
   22.4827709       0.00000000    
   22.4994373       0.00000000    
   22.5161037       0.00000000    
   22.5327702       0.00000000    
   22.5494366       0.00000000    
   22.5661030       0.00000000    
   22.5827694       0.00000000    
   22.5994358       0.00000000    
   22.6161022       0.00000000    
   22.6327686       0.00000000    
   22.6494350       0.00000000    
   22.6661015       0.00000000    
   22.6827679       0.00000000    
   22.6994343       0.00000000    
   22.7161007       0.00000000    
   22.7327671       0.00000000    
   22.7494335       0.00000000    
   22.7660999       0.00000000    
   22.7827663       0.00000000    
   22.7994328       0.00000000    
   22.8160992       0.00000000    
   22.8327656       0.00000000    
   22.8494320       0.00000000    
   22.8660984       0.00000000    
   22.8827648       0.00000000    
   22.8994312       0.00000000    
   22.9160976       0.00000000    
   22.9327641       0.00000000    
   22.9494305       0.00000000    
   22.9660969       0.00000000    
   22.9827633       0.00000000    
   22.9994297       0.00000000    
   23.0160961       0.00000000    
   23.0327625       0.00000000    
   23.0494289       0.00000000    
   23.0660954       0.00000000    
   23.0827618       0.00000000    
   23.0994282       0.00000000    
   23.1160946       0.00000000    
   23.1327610       0.00000000    
   23.1494274       0.00000000    
   23.1660938       0.00000000    
   23.1827602       0.00000000    
   23.1994267       0.00000000    
   23.2160931       0.00000000    
   23.2327595       0.00000000    
   23.2494259       0.00000000    
   23.2660923       0.00000000    
   23.2827587       0.00000000    
   23.2994251       0.00000000    
   23.3160915       0.00000000    
   23.3327579       0.00000000    
   23.3494244       0.00000000    
   23.3660908       0.00000000    
   23.3827572       0.00000000    
   23.3994236       0.00000000    
   23.4160900       0.00000000    
   23.4327564       0.00000000    
   23.4494228       0.00000000    
   23.4660892       0.00000000    
   23.4827557       0.00000000    
   23.4994221       0.00000000    
   23.5160885       0.00000000    
   23.5327549       0.00000000    
   23.5494213       0.00000000    
   23.5660877       0.00000000    
   23.5827541       0.00000000    
   23.5994205       0.00000000    
   23.6160870       0.00000000    
   23.6327534       0.00000000    
   23.6494198       0.00000000    
   23.6660862       0.00000000    
   23.6827526       0.00000000    
   23.6994190       0.00000000    
   23.7160854       0.00000000    
   23.7327518       0.00000000    
   23.7494183       0.00000000    
   23.7660847       0.00000000    
   23.7827511       0.00000000    
   23.7994175       0.00000000    
   23.8160839       0.00000000    
   23.8327503       0.00000000    
   23.8494167       0.00000000    
   23.8660831       0.00000000    
   23.8827496       0.00000000    
   23.8994160       0.00000000    
   23.9160824       0.00000000    
   23.9327488       0.00000000    
   23.9494152       0.00000000    
   23.9660816       0.00000000    
   23.9827480       0.00000000    
