   0.00000000       0.00000000    
   1.66660007E-02   0.00000000    
   3.33320014E-02   0.00000000    
   4.99980003E-02   0.00000000    
   6.66640028E-02   0.00000000    
   8.33300054E-02   0.00000000    
   9.99960080E-02   0.00000000    
  0.116662011       0.00000000    
  0.133328006       0.00000000    
  0.149994001       0.00000000    
  0.166659996       0.00000000    
  0.183325991       0.00000000    
  0.199991986       0.00000000    
  0.216657981       0.00000000    
  0.233323976       0.00000000    
  0.249989972       0.00000000    
  0.266655982       0.00000000    
  0.283321977       0.00000000    
  0.299987972       0.00000000    
  0.316653967       0.00000000    
  0.333319962       0.00000000    
  0.349985957       0.00000000    
  0.366651952       0.00000000    
  0.383317947       0.00000000    
  0.399983943       0.00000000    
  0.416649938       0.00000000    
  0.433315933       0.00000000    
  0.449981928       0.00000000    
  0.466647923       0.00000000    
  0.483313918       0.00000000    
  0.499979913       0.00000000    
  0.516645908       0.00000000    
  0.533311903       0.00000000    
  0.549977899       0.00000000    
  0.566643894       0.00000000    
  0.583309889       0.00000000    
  0.599975884       0.00000000    
  0.616641879       0.00000000    
  0.633307874       0.00000000    
  0.649973869       0.00000000    
  0.666639864       0.00000000    
  0.683305860       0.00000000    
  0.699971855       0.00000000    
  0.716637850       0.00000000    
  0.733303845       0.00000000    
  0.749969840       0.00000000    
  0.766635835       0.00000000    
  0.783301830       0.00000000    
  0.799967825       0.00000000    
  0.816633821       0.00000000    
  0.833299816       0.00000000    
  0.849965811       0.00000000    
  0.866631806       0.00000000    
  0.883297801       0.00000000    
  0.899963796       0.00000000    
  0.916629791       0.00000000    
  0.933295786       0.00000000    
  0.949961782       0.00000000    
  0.966627777       0.00000000    
  0.983293772       0.00000000    
  0.999959767       0.00000000    
   1.01662576       0.00000000    
   1.03329182       0.00000000    
   1.04995787       0.00000000    
   1.06662393       0.00000000    
   1.08328998       0.00000000    
   1.09995604       0.00000000    
   1.11662209       0.00000000    
   1.13328815       0.00000000    
   1.14995420       0.00000000    
   1.16662025       0.00000000    
   1.18328631       0.00000000    
   1.19995236       0.00000000    
   1.21661842       0.00000000    
   1.23328447       0.00000000    
   1.24995053       0.00000000    
   1.26661658       0.00000000    
   1.28328264       0.00000000    
   1.29994869       0.00000000    
   1.31661475       0.00000000    
   1.33328080       0.00000000    
   1.34994686       0.00000000    
   1.36661291       0.00000000    
   1.38327897       0.00000000    
   1.39994502       0.00000000    
   1.41661108       0.00000000    
   1.43327713       0.00000000    
   1.44994318       0.00000000    
   1.46660924       0.00000000    
   1.48327529       0.00000000    
   1.49994135       0.00000000    
   1.51660740       0.00000000    
   1.53327346       0.00000000    
   1.54993951       0.00000000    
   1.56660557       0.00000000    
   1.58327162       0.00000000    
   1.59993768       0.00000000    
   1.61660373       0.00000000    
   1.63326979       0.00000000    
   1.64993584       0.00000000    
   1.66660190       0.00000000    
   1.68326795       0.00000000    
   1.69993401       0.00000000    
   1.71660006       0.00000000    
   1.73326612       0.00000000    
   1.74993217       0.00000000    
   1.76659822       0.00000000    
   1.78326428       0.00000000    
   1.79993033       0.00000000    
   1.81659639       0.00000000    
   1.83326244       0.00000000    
   1.84992850       0.00000000    
   1.86659455       0.00000000    
   1.88326061       0.00000000    
   1.89992666       0.00000000    
   1.91659272       0.00000000    
   1.93325877       0.00000000    
   1.94992483       0.00000000    
   1.96659088       0.00000000    
   1.98325694       0.00000000    
   1.99992299       0.00000000    
   2.01658893       0.00000000    
   2.03325486       0.00000000    
   2.04992080       0.00000000    
   2.06658673       0.00000000    
   2.08325267       0.00000000    
   2.09991860       0.00000000    
   2.11658454       0.00000000    
   2.13325047       0.00000000    
   2.14991641       0.00000000    
   2.16658235       0.00000000    
   2.18324828       0.00000000    
   2.19991422       0.00000000    
   2.21658015       0.00000000    
   2.23324609       0.00000000    
   2.24991202       0.00000000    
   2.26657796       0.00000000    
   2.28324389       0.00000000    
   2.29990983       0.00000000    
   2.31657577       0.00000000    
   2.33324170       0.00000000    
   2.34990764       0.00000000    
   2.36657357       0.00000000    
   2.38323951       0.00000000    
   2.39990544       0.00000000    
   2.41657138       0.00000000    
   2.43323731       0.00000000    
   2.44990325       0.00000000    
   2.46656919       0.00000000    
   2.48323512       0.00000000    
   2.49990106       0.00000000    
   2.51656699       0.00000000    
   2.53323293       0.00000000    
   2.54989886       0.00000000    
   2.56656480       0.00000000    
   2.58323073       0.00000000    
   2.59989667       0.00000000    
   2.61656260       0.00000000    
   2.63322854       0.00000000    
   2.64989448       0.00000000    
   2.66656041       0.00000000    
   2.68322635       0.00000000    
   2.69989228       0.00000000    
   2.71655822       0.00000000    
   2.73322415       0.00000000    
   2.74989009       0.00000000    
   2.76655602       0.00000000    
   2.78322196       0.00000000    
   2.79988790       0.00000000    
   2.81655383       0.00000000    
   2.83321977       0.00000000    
   2.84988570       0.00000000    
   2.86655164       0.00000000    
   2.88321757       0.00000000    
   2.89988351       0.00000000    
   2.91654944       0.00000000    
   2.93321538       0.00000000    
   2.94988132       0.00000000    
   2.96654725       0.00000000    
   2.98321319       0.00000000    
   2.99987912       0.00000000    
   3.01654506       0.00000000    
   3.03321099       0.00000000    
   3.04987693       0.00000000    
   3.06654286       0.00000000    
   3.08320880       0.00000000    
   3.09987473       0.00000000    
   3.11654067       0.00000000    
   3.13320661       0.00000000    
   3.14987254       0.00000000    
   3.16653848       0.00000000    
   3.18320441       0.00000000    
   3.19987035       0.00000000    
   3.21653628       0.00000000    
   3.23320222       0.00000000    
   3.24986815       0.00000000    
   3.26653409       0.00000000    
   3.28320003       0.00000000    
   3.29986596       0.00000000    
   3.31653190       0.00000000    
   3.33319783       0.00000000    
   3.34986377       0.00000000    
   3.36652970       0.00000000    
   3.38319564       0.00000000    
   3.39986157       0.00000000    
   3.41652751       0.00000000    
   3.43319345       0.00000000    
   3.44985938       0.00000000    
   3.46652532       0.00000000    
   3.48319125       0.00000000    
   3.49985719       0.00000000    
   3.51652312       0.00000000    
   3.53318906       0.00000000    
   3.54985499       0.00000000    
   3.56652093       0.00000000    
   3.58318686       0.00000000    
   3.59985280       0.00000000    
   3.61651874       0.00000000    
   3.63318467       0.00000000    
   3.64985061       0.00000000    
   3.66651654       0.00000000    
   3.68318248       0.00000000    
   3.69984841       0.00000000    
   3.71651435       0.00000000    
   3.73318028       0.00000000    
   3.74984622       0.00000000    
   3.76651216       0.00000000    
   3.78317809       0.00000000    
   3.79984403       0.00000000    
   3.81650996       0.00000000    
   3.83317590       0.00000000    
   3.84984183       0.00000000    
   3.86650777       0.00000000    
   3.88317370       0.00000000    
   3.89983964       0.00000000    
   3.91650558       0.00000000    
   3.93317151       0.00000000    
   3.94983745       0.00000000    
   3.96650338       0.00000000    
   3.98316932       0.00000000    
   3.99983525       0.00000000    
   4.01650143       0.00000000    
   4.03316736       0.00000000    
   4.04983330       0.00000000    
   4.06649923       0.00000000    
   4.08316517       0.00000000    
   4.09983110       0.00000000    
   4.11649704       0.00000000    
   4.13316298       0.00000000    
   4.14982891       0.00000000    
   4.16649485       0.00000000    
   4.18316078       0.00000000    
   4.19982672       0.00000000    
   4.21649265       0.00000000    
   4.23315859       0.00000000    
   4.24982452       0.00000000    
   4.26649046       0.00000000    
   4.28315639       0.00000000    
   4.29982233       0.00000000    
   4.31648827       0.00000000    
   4.33315420       0.00000000    
   4.34982014       0.00000000    
   4.36648607       0.00000000    
   4.38315201       0.00000000    
   4.39981794       0.00000000    
   4.41648388       0.00000000    
   4.43314981       0.00000000    
   4.44981575       0.00000000    
   4.46648169       0.00000000    
   4.48314762       0.00000000    
   4.49981356       0.00000000    
   4.51647949       0.00000000    
   4.53314543       0.00000000    
   4.54981136       0.00000000    
   4.56647730       0.00000000    
   4.58314323       0.00000000    
   4.59980917       0.00000000    
   4.61647511       0.00000000    
   4.63314104       0.00000000    
   4.64980698       0.00000000    
   4.66647291       0.00000000    
   4.68313885       0.00000000    
   4.69980478       0.00000000    
   4.71647072       0.00000000    
   4.73313665       0.00000000    
   4.74980259       0.00000000    
   4.76646852       0.00000000    
   4.78313446       0.00000000    
   4.79980040       0.00000000    
   4.81646633       0.00000000    
   4.83313227       0.00000000    
   4.84979820       0.00000000    
   4.86646414       0.00000000    
   4.88313007       0.00000000    
   4.89979601       0.00000000    
   4.91646194       0.00000000    
   4.93312788       0.00000000    
   4.94979382       0.00000000    
   4.96645975       0.00000000    
   4.98312569       0.00000000    
   4.99979162       0.00000000    
   5.01645756       0.00000000    
   5.03312349       0.00000000    
   5.04978943       0.00000000    
   5.06645536       0.00000000    
   5.08312130       0.00000000    
   5.09978724       0.00000000    
   5.11645317       0.00000000    
   5.13311911       0.00000000    
   5.14978504       0.00000000    
   5.16645098       0.00000000    
   5.18311691       0.00000000    
   5.19978285       0.00000000    
   5.21644878       0.00000000    
   5.23311472       0.00000000    
   5.24978065       0.00000000    
   5.26644659       0.00000000    
   5.28311253       0.00000000    
   5.29977846       0.00000000    
   5.31644440       0.00000000    
   5.33311033       0.00000000    
   5.34977627       0.00000000    
   5.36644220       0.00000000    
   5.38310814       0.00000000    
   5.39977407       0.00000000    
   5.41644001       0.00000000    
   5.43310595       0.00000000    
   5.44977188       0.00000000    
   5.46643782       0.00000000    
   5.48310375       0.00000000    
   5.49976969       0.00000000    
   5.51643562       0.00000000    
   5.53310156       0.00000000    
   5.54976749       0.00000000    
   5.56643343       0.00000000    
   5.58309937       0.00000000    
   5.59976530       0.00000000    
   5.61643124       0.00000000    
   5.63309717       0.00000000    
   5.64976311       0.00000000    
   5.66642904       0.00000000    
   5.68309498       0.00000000    
   5.69976091       0.00000000    
   5.71642685       0.00000000    
   5.73309278       0.00000000    
   5.74975872       0.00000000    
   5.76642466       0.00000000    
   5.78309059       0.00000000    
   5.79975653       0.00000000    
   5.81642246       0.00000000    
   5.83308840       0.00000000    
   5.84975433       0.00000000    
   5.86642027       0.00000000    
   5.88308620       0.00000000    
   5.89975214       0.00000000    
   5.91641808       0.00000000    
   5.93308401       0.00000000    
   5.94974995       0.00000000    
   5.96641588       0.00000000    
   5.98308182       0.00000000    
   5.99974775       0.00000000    
   6.01641369       0.00000000    
   6.03307962       0.00000000    
   6.04974556       0.00000000    
   6.06641150       0.00000000    
   6.08307743       0.00000000    
   6.09974337       0.00000000    
   6.11640930       0.00000000    
   6.13307524       0.00000000    
   6.14974117       0.00000000    
   6.16640711       0.00000000    
   6.18307304       0.00000000    
   6.19973898       0.00000000    
   6.21640491       0.00000000    
   6.23307085       0.00000000    
   6.24973679       0.00000000    
   6.26640272       0.00000000    
   6.28306866       0.00000000    
   6.29973459       0.00000000    
   6.31640053       0.00000000    
   6.33306646       0.00000000    
   6.34973240       0.00000000    
   6.36639833       0.00000000    
   6.38306427       0.00000000    
   6.39973021       0.00000000    
   6.41639614       0.00000000    
   6.43306208       0.00000000    
   6.44972801       1.37500030E-39
   6.46639395       1.54799996E-16
   6.48305988       6.18600006E-13
   6.49972582       3.67299996E-10
   6.51639175       4.99700015E-08
   6.53305769       3.28300007E-06
   6.54972363       2.61700006E-05
   6.56638956       8.55199978E-05
   6.58305550       1.87700003E-04
   6.59972143       3.32900003E-04
   6.61638737       5.42700000E-04
   6.63305330       8.40900000E-04
   6.64971924       1.25900004E-03
   6.66638517       1.83800003E-03
   6.68305111       2.63600005E-03
   6.69971704       3.62000009E-03
   6.71638298       4.99900011E-03
   6.73304892       6.67000003E-03
   6.74971485       8.88099987E-03
   6.76638079       1.18199997E-02
   6.78304672       1.55699998E-02
   6.79971266       1.99900009E-02
   6.81637859       2.56200004E-02
   6.83304453       3.29300016E-02
   6.84971046       4.25399989E-02
   6.86637640       5.27000017E-02
   6.88304234       6.60900027E-02
   6.89970827       8.28899965E-02
   6.91637421      0.101199999    
   6.93304014      0.122900002    
   6.94970608      0.148399994    
   6.96637201      0.178599998    
   6.98303795      0.207699999    
   6.99970388      0.242599994    
   7.01636982      0.289499998    
   7.03303576      0.323900014    
   7.04970169      0.365599990    
   7.06636763      0.416500002    
   7.08303356      0.479099989    
   7.09969950      0.537800014    
   7.11636543      0.595499992    
   7.13303137      0.657000005    
   7.14969730      0.721800029    
   7.16636324      0.789499998    
   7.18302917      0.860300004    
   7.19969511      0.933499992    
   7.21636105       1.00899994    
   7.23302698       1.08700001    
   7.24969292       1.16799998    
   7.26635885       1.25000000    
   7.28302479       1.33500004    
   7.29969072       1.42200005    
   7.31635666       1.50999999    
   7.33302259       1.60099995    
   7.34968853       1.69299996    
   7.36635447       1.78799999    
   7.38302040       1.88399994    
   7.39968634       1.98099995    
   7.41635227       2.08100009    
   7.43301821       2.18199992    
   7.44968414       2.28399992    
   7.46635008       2.38899994    
   7.48301601       2.49499989    
   7.49968195       2.60200000    
   7.51634789       2.71099997    
   7.53301382       2.82200003    
   7.54967976       2.93400002    
   7.56634569       3.04800010    
   7.58301163       3.16300011    
   7.59967756       3.27999997    
   7.61634350       3.39899993    
   7.63300943       3.51900005    
   7.64967537       3.64100003    
   7.66634130       3.76399994    
   7.68300724       3.88899994    
   7.69967318       4.01499987    
   7.71633911       4.14300013    
   7.73300505       4.27299976    
   7.74967098       4.40500021    
   7.76633692       4.53800011    
   7.78300285       4.67199993    
   7.79966879       4.80800009    
   7.81633472       4.94600010    
   7.83300066       5.08500004    
   7.84966660       5.22599983    
   7.86633253       5.36899996    
   7.88299847       5.51300001    
   7.89966440       5.65899992    
   7.91633034       5.80600023    
   7.93299627       5.95499992    
   7.94966221       6.10500002    
   7.96632814       6.25699997    
   7.98299408       6.41099977    
   7.99966002       6.56599998    
   8.01632595       6.72300005    
   8.03299236       6.88100004    
   8.04965878       7.03999996    
   8.06632519       7.20100021    
   8.08299160       7.36399984    
   8.09965801       7.52699995    
   8.11632442       7.69299984    
   8.13299084       7.86000013    
   8.14965725       8.02799988    
   8.16632366       8.19699955    
   8.18299007       8.36800003    
   8.19965649       8.53999996    
   8.21632290       8.71399975    
   8.23298931       8.88899994    
   8.24965572       9.06499958    
   8.26632214       9.24300003    
   8.28298855       9.42099953    
   8.29965496       9.60099983    
   8.31632137       9.78199959    
   8.33298779       9.96399975    
   8.34965420       10.1499996    
   8.36632061       10.3299999    
   8.38298702       10.5200005    
   8.39965343       10.6999998    
   8.41631985       10.8900003    
   8.43298626       11.0799999    
   8.44965267       11.2700005    
   8.46631908       11.4600000    
   8.48298550       11.6499996    
   8.49965191       11.8500004    
   8.51631832       12.0400000    
   8.53298473       12.2299995    
   8.54965115       12.4300003    
   8.56631756       12.6300001    
   8.58298397       12.8199997    
   8.59965038       13.0200005    
   8.61631680       13.2200003    
   8.63298321       13.4200001    
   8.64964962       13.6199999    
   8.66631603       13.8199997    
   8.68298244       14.0200005    
   8.69964886       14.2200003    
   8.71631527       14.4300003    
   8.73298168       14.6300001    
   8.74964809       14.8299999    
   8.76631451       15.0400000    
   8.78298092       15.2399998    
   8.79964733       15.4499998    
   8.81631374       15.6599998    
   8.83298016       15.8599997    
   8.84964657       16.0699997    
   8.86631298       16.2800007    
   8.88297939       16.4899998    
   8.89964581       16.7000008    
   8.91631222       16.9099998    
   8.93297863       17.1100006    
   8.94964504       17.3199997    
   8.96631145       17.5300007    
   8.98297787       17.7500000    
   8.99964428       17.9599991    
   9.01631069       18.1700001    
   9.03297710       18.3799992    
   9.04964352       18.5900002    
   9.06630993       18.7999992    
   9.08297634       19.0100002    
   9.09964275       19.2299995    
   9.11630917       19.4400005    
   9.13297558       19.6499996    
   9.14964199       19.8600006    
   9.16630840       20.0799999    
   9.18297482       20.2900009    
   9.19964123       20.5000000    
   9.21630764       20.7099991    
   9.23297405       20.9300003    
   9.24964046       21.1399994    
   9.26630688       21.3500004    
   9.28297329       21.5699997    
   9.29963970       21.7800007    
   9.31630611       21.9899998    
   9.33297253       22.2099991    
   9.34963894       22.4200001    
   9.36630535       22.6299992    
   9.38297176       22.8400002    
   9.39963818       23.0599995    
   9.41630459       23.2700005    
   9.43297100       23.4799995    
   9.44963741       23.6900005    
   9.46630383       23.9099998    
   9.48297024       24.1200008    
   9.49963665       24.3299999    
   9.51630306       24.5400009    
   9.53296947       24.7500000    
   9.54963589       24.9599991    
   9.56630230       25.1700001    
   9.58296871       25.3799992    
   9.59963512       25.5900002    
   9.61630154       25.7999992    
   9.63296795       26.0100002    
   9.64963436       26.2199993    
   9.66630077       26.4300003    
   9.68296719       26.6399994    
   9.69963360       26.8400002    
   9.71630001       27.0499992    
   9.73296642       27.2600002    
   9.74963284       27.4699993    
   9.76629925       27.6700001    
   9.78296566       27.8799992    
   9.79963207       28.0799999    
   9.81629848       28.2900009    
   9.83296490       28.4899998    
   9.84963131       28.7000008    
   9.86629772       28.8999996    
   9.88296413       29.1000004    
   9.89963055       29.2999992    
   9.91629696       29.5100002    
   9.93296337       29.7099991    
   9.94962978       29.9099998    
   9.96629620       30.1100006    
   9.98296261       30.3099995    
   9.99962902       30.5100002    
   10.0162954       30.7000008    
   10.0329618       30.8999996    
   10.0496283       31.1000004    
   10.0662947       31.2900009    
   10.0829611       31.4899998    
   10.0996275       31.6800003    
   10.1162939       31.8799992    
   10.1329603       32.0699997    
   10.1496267       32.2599983    
   10.1662931       32.4599991    
   10.1829596       32.6500015    
   10.1996260       32.8400002    
   10.2162924       33.0299988    
   10.2329588       33.2200012    
   10.2496252       33.4099998    
   10.2662916       33.5999985    
   10.2829580       33.7799988    
   10.2996244       33.9700012    
   10.3162909       34.1500015    
   10.3329573       34.3400002    
   10.3496237       34.5200005    
   10.3662901       34.7000008    
   10.3829565       34.8899994    
   10.3996229       35.0699997    
   10.4162893       35.2500000    
   10.4329557       35.4300003    
   10.4496222       35.6100006    
   10.4662886       35.7799988    
   10.4829550       35.9599991    
   10.4996214       36.1399994    
   10.5162878       36.3100014    
   10.5329542       36.4900017    
   10.5496206       36.6599998    
   10.5662870       36.8300018    
   10.5829535       37.0000000    
   10.5996199       37.1699982    
   10.6162863       37.3400002    
   10.6329527       37.5099983    
   10.6496191       37.6800003    
   10.6662855       37.8499985    
   10.6829519       38.0099983    
   10.6996183       38.1800003    
   10.7162848       38.3400002    
   10.7329512       38.5000000    
   10.7496176       38.6599998    
   10.7662840       38.8199997    
   10.7829504       38.9799995    
   10.7996168       39.1399994    
   10.8162832       39.2999992    
   10.8329496       39.4599991    
   10.8496161       39.6100006    
   10.8662825       39.7700005    
   10.8829489       39.9199982    
   10.8996153       40.0699997    
   10.9162817       40.2200012    
   10.9329481       40.3699989    
   10.9496145       40.5200005    
   10.9662809       40.6699982    
   10.9829473       40.8199997    
   10.9996138       40.9599991    
   11.0162802       41.1100006    
   11.0329466       41.2500000    
   11.0496130       41.3899994    
   11.0662794       41.5299988    
   11.0829458       41.6699982    
   11.0996122       41.8100014    
   11.1162786       41.9500008    
   11.1329451       42.0900002    
   11.1496115       42.2200012    
   11.1662779       42.3600006    
   11.1829443       42.4900017    
   11.1996107       42.6199989    
   11.2162771       42.7500000    
   11.2329435       42.8800011    
   11.2496099       43.0099983    
   11.2662764       43.1399994    
   11.2829428       43.2599983    
   11.2996092       43.3899994    
   11.3162756       43.5099983    
   11.3329420       43.6300011    
   11.3496084       43.7500000    
   11.3662748       43.8800011    
   11.3829412       43.9900017    
   11.3996077       44.1100006    
   11.4162741       44.2299995    
   11.4329405       44.3400002    
   11.4496069       44.4599991    
   11.4662733       44.5699997    
   11.4829397       44.6800003    
   11.4996061       44.7900009    
   11.5162725       44.9000015    
   11.5329390       45.0099983    
   11.5496054       45.1100006    
   11.5662718       45.2200012    
   11.5829382       45.3199997    
   11.5996046       45.4199982    
   11.6162710       45.5200005    
   11.6329374       45.6199989    
   11.6496038       45.7200012    
   11.6662703       45.8199997    
   11.6829367       45.9099998    
   11.6996031       46.0099983    
   11.7162695       46.0999985    
   11.7329359       46.1899986    
   11.7496023       46.2799988    
   11.7662687       46.3699989    
   11.7829351       46.4599991    
   11.7996016       46.5499992    
   11.8162680       46.6300011    
   11.8329344       46.7200012    
   11.8496008       46.7999992    
   11.8662672       46.8800011    
   11.8829336       46.9599991    
   11.8996000       47.0400009    
   11.9162664       47.1199989    
   11.9329329       47.1899986    
   11.9495993       47.2700005    
   11.9662657       47.3400002    
   11.9829321       47.4099998    
   11.9995985       47.4799995    
   12.0162649       47.5499992    
   12.0329313       47.6199989    
   12.0495977       47.6899986    
   12.0662642       47.7500000    
   12.0829306       47.8100014    
   12.0995970       47.8800011    
   12.1162634       47.9399986    
   12.1329298       47.9900017    
   12.1495962       48.0499992    
   12.1662626       48.1100006    
   12.1829290       48.1699982    
   12.1995955       48.2200012    
   12.2162619       48.2700005    
   12.2329283       48.3199997    
   12.2495947       48.3699989    
   12.2662611       48.4199982    
   12.2829275       48.4700012    
   12.2995939       48.5099983    
   12.3162603       48.5600014    
   12.3329268       48.5999985    
   12.3495932       48.6399994    
   12.3662596       48.6800003    
   12.3829260       48.7200012    
   12.3995924       48.7599983    
   12.4162588       48.7900009    
   12.4329252       48.8300018    
   12.4495916       48.8600006    
   12.4662580       48.8899994    
   12.4829245       48.9199982    
   12.4995909       48.9500008    
   12.5162573       48.9700012    
   12.5329237       49.0000000    
   12.5495901       49.0200005    
   12.5662565       49.0499992    
   12.5829229       49.0699997    
   12.5995893       49.0900002    
   12.6162558       49.1100006    
   12.6329222       49.1199989    
   12.6495886       49.1399994    
   12.6662550       49.1500015    
   12.6829214       49.1699982    
   12.6995878       49.1800003    
   12.7162542       49.1899986    
   12.7329206       49.2000008    
   12.7495871       49.2000008    
   12.7662535       49.2099991    
   12.7829199       49.2099991    
   12.7995863       49.2200012    
   12.8162527       49.2200012    
   12.8329191       49.2200012    
   12.8495855       49.2200012    
   12.8662519       49.2099991    
   12.8829184       49.2099991    
   12.8995848       49.2000008    
   12.9162512       49.2000008    
   12.9329176       49.1899986    
   12.9495840       49.1800003    
   12.9662504       49.1699982    
   12.9829168       49.1500015    
   12.9995832       49.1399994    
   13.0162497       49.1199989    
   13.0329161       49.1100006    
   13.0495825       49.0900002    
   13.0662489       49.0699997    
   13.0829153       49.0499992    
   13.0995817       49.0200005    
   13.1162481       49.0000000    
   13.1329145       48.9700012    
   13.1495810       48.9500008    
   13.1662474       48.9199982    
   13.1829138       48.8899994    
   13.1995802       48.8600006    
   13.2162466       48.8199997    
   13.2329130       48.7900009    
   13.2495794       48.7500000    
   13.2662458       48.7200012    
   13.2829123       48.6800003    
   13.2995787       48.6399994    
   13.3162451       48.5999985    
   13.3329115       48.5499992    
   13.3495779       48.5099983    
   13.3662443       48.4700012    
   13.3829107       48.4199982    
   13.3995771       48.3699989    
   13.4162436       48.3199997    
   13.4329100       48.2700005    
   13.4495764       48.2200012    
   13.4662428       48.1599998    
   13.4829092       48.1100006    
   13.4995756       48.0499992    
   13.5162420       47.9900017    
   13.5329084       47.9300003    
   13.5495749       47.8699989    
   13.5662413       47.8100014    
   13.5829077       47.7500000    
   13.5995741       47.6800003    
   13.6162405       47.6199989    
   13.6329069       47.5499992    
   13.6495733       47.4799995    
   13.6662397       47.4099998    
   13.6829062       47.3400002    
   13.6995726       47.2599983    
   13.7162390       47.1899986    
   13.7329054       47.1100006    
   13.7495718       47.0400009    
   13.7662382       46.9599991    
   13.7829046       46.8800011    
   13.7995710       46.7999992    
   13.8162374       46.7099991    
   13.8329039       46.6300011    
   13.8495703       46.5499992    
   13.8662367       46.4599991    
   13.8829031       46.3699989    
   13.8995695       46.2799988    
   13.9162359       46.1899986    
   13.9329023       46.0999985    
   13.9495687       46.0099983    
   13.9662352       45.9099998    
   13.9829016       45.8199997    
   13.9995680       45.7200012    
   14.0162344       45.6199989    
   14.0329008       45.5200005    
   14.0495672       45.4199982    
   14.0662336       45.3199997    
   14.0829000       45.2099991    
   14.0995665       45.1100006    
   14.1162329       45.0000000    
   14.1328993       44.9000015    
   14.1495657       44.7900009    
   14.1662321       44.6800003    
   14.1828985       44.5600014    
   14.1995649       44.4500008    
   14.2162313       44.3400002    
   14.2328978       44.2200012    
   14.2495642       44.1100006    
   14.2662306       43.9900017    
   14.2828970       43.8699989    
   14.2995634       43.7500000    
   14.3162298       43.6300011    
   14.3328962       43.5099983    
   14.3495626       43.3800011    
   14.3662291       43.2599983    
   14.3828955       43.1300011    
   14.3995619       43.0099983    
   14.4162283       42.8800011    
   14.4328947       42.7500000    
   14.4495611       42.6199989    
   14.4662275       42.4900017    
   14.4828939       42.3499985    
   14.4995604       42.2200012    
   14.5162268       42.0800018    
   14.5328932       41.9500008    
   14.5495596       41.8100014    
   14.5662260       41.6699982    
   14.5828924       41.5299988    
   14.5995588       41.3899994    
   14.6162252       41.2500000    
   14.6328917       41.0999985    
   14.6495581       40.9599991    
   14.6662245       40.8100014    
   14.6828909       40.6699982    
   14.6995573       40.5200005    
   14.7162237       40.3699989    
   14.7328901       40.2200012    
   14.7495565       40.0699997    
   14.7662230       39.9199982    
   14.7828894       39.7599983    
   14.7995558       39.6100006    
   14.8162222       39.4500008    
   14.8328886       39.2999992    
   14.8495550       39.1399994    
   14.8662214       38.9799995    
   14.8828878       38.8199997    
   14.8995543       38.6599998    
   14.9162207       38.5000000    
   14.9328871       38.3300018    
   14.9495535       38.1699982    
   14.9662199       38.0099983    
   14.9828863       37.8400002    
   14.9995527       37.6699982    
   15.0162191       37.5099983    
   15.0328856       37.3400002    
   15.0495520       37.1699982    
   15.0662184       37.0000000    
   15.0828848       36.8300018    
   15.0995512       36.6500015    
   15.1162176       36.4799995    
   15.1328840       36.3100014    
   15.1495504       36.1300011    
   15.1662169       35.9599991    
   15.1828833       35.7799988    
   15.1995497       35.5999985    
   15.2162161       35.4199982    
   15.2328825       35.2400017    
   15.2495489       35.0600014    
   15.2662153       34.8800011    
   15.2828817       34.7000008    
   15.2995481       34.5200005    
   15.3162146       34.3300018    
   15.3328810       34.1500015    
   15.3495474       33.9599991    
   15.3662138       33.7799988    
   15.3828802       33.5900002    
   15.3995466       33.4000015    
   15.4162130       33.2099991    
   15.4328794       33.0200005    
   15.4495459       32.8300018    
   15.4662123       32.6399994    
   15.4828787       32.4500008    
   15.4995451       32.2599983    
   15.5162115       32.0699997    
   15.5328779       31.8700008    
   15.5495443       31.6800003    
   15.5662107       31.4799995    
   15.5828772       31.2900009    
   15.5995436       31.0900002    
   15.6162100       30.8999996    
   15.6328764       30.7000008    
   15.6495428       30.5000000    
   15.6662092       30.2999992    
   15.6828756       30.1000004    
   15.6995420       29.8999996    
   15.7162085       29.7000008    
   15.7328749       29.5000000    
   15.7495413       29.2999992    
   15.7662077       29.1000004    
   15.7828741       28.8899994    
   15.7995405       28.6900005    
   15.8162069       28.4899998    
   15.8328733       28.2800007    
   15.8495398       28.0799999    
   15.8662062       27.8700008    
   15.8828726       27.6700001    
   15.8995390       27.4599991    
   15.9162054       27.2500000    
   15.9328718       27.0499992    
   15.9495382       26.8400002    
   15.9662046       26.6299992    
   15.9828711       26.4200001    
   15.9995375       26.2199993    
   16.0162029       26.0100002    
   16.0328693       25.7999992    
   16.0495358       25.5900002    
   16.0662022       25.3799992    
   16.0828686       25.1700001    
   16.0995350       24.9599991    
   16.1162014       24.7500000    
   16.1328678       24.5400009    
   16.1495342       24.3199997    
   16.1662006       24.1100006    
   16.1828671       23.8999996    
   16.1995335       23.6900005    
   16.2161999       23.4799995    
   16.2328663       23.2600002    
   16.2495327       23.0499992    
   16.2661991       22.8400002    
   16.2828655       22.6299992    
   16.2995319       22.4099998    
   16.3161983       22.2000008    
   16.3328648       21.9899998    
   16.3495312       21.7800007    
   16.3661976       21.5599995    
   16.3828640       21.3500004    
   16.3995304       21.1399994    
   16.4161968       20.9200001    
   16.4328632       20.7099991    
   16.4495296       20.5000000    
   16.4661961       20.2800007    
   16.4828625       20.0699997    
   16.4995289       19.8600006    
   16.5161953       19.6499996    
   16.5328617       19.4300003    
   16.5495281       19.2199993    
   16.5661945       19.0100002    
   16.5828609       18.7999992    
   16.5995274       18.5900002    
   16.6161938       18.3700008    
   16.6328602       18.1599998    
   16.6495266       17.9500008    
   16.6661930       17.7399998    
   16.6828594       17.5300007    
   16.6995258       17.3199997    
   16.7161922       17.1100006    
   16.7328587       16.8999996    
   16.7495251       16.6900005    
   16.7661915       16.4799995    
   16.7828579       16.2700005    
   16.7995243       16.0699997    
   16.8161907       15.8599997    
   16.8328571       15.6499996    
   16.8495235       15.4499998    
   16.8661900       15.2399998    
   16.8828564       15.0400000    
   16.8995228       14.8299999    
   16.9161892       14.6300001    
   16.9328556       14.4200001    
   16.9495220       14.2200003    
   16.9661884       14.0200005    
   16.9828548       13.8199997    
   16.9995213       13.6099997    
   17.0161877       13.4200001    
   17.0328541       13.2200003    
   17.0495205       13.0200005    
   17.0661869       12.8199997    
   17.0828533       12.6199999    
   17.0995197       12.4300003    
   17.1161861       12.2299995    
   17.1328526       12.0400000    
   17.1495190       11.8400002    
   17.1661854       11.6499996    
   17.1828518       11.4600000    
   17.1995182       11.2700005    
   17.2161846       11.0799999    
   17.2328510       10.8900003    
   17.2495174       10.6999998    
   17.2661839       10.5100002    
   17.2828503       10.3299999    
   17.2995167       10.1400003    
   17.3161831       9.96100044    
   17.3328495       9.77900028    
   17.3495159       9.59799957    
   17.3661823       9.41800022    
   17.3828487       9.23900032    
   17.3995152       9.06200027    
   17.4161816       8.88599968    
   17.4328480       8.71100044    
   17.4495144       8.53800011    
   17.4661808       8.36499977    
   17.4828472       8.19400024    
   17.4995136       8.02499962    
   17.5161800       7.85699987    
   17.5328465       7.69000006    
   17.5495129       7.52500010    
   17.5661793       7.36100006    
   17.5828457       7.19899988    
   17.5995121       7.03700018    
   17.6161785       6.87799978    
   17.6328449       6.71999979    
   17.6495113       6.56300020    
   17.6661777       6.40799999    
   17.6828442       6.25500011    
   17.6995106       6.10300016    
   17.7161770       5.95200014    
   17.7328434       5.80399990    
   17.7495098       5.65600014    
   17.7661762       5.51100016    
   17.7828426       5.36700010    
   17.7995090       5.22399998    
   17.8161755       5.08300018    
   17.8328419       4.94399977    
   17.8495083       4.80600023    
   17.8661747       4.67000008    
   17.8828411       4.53599977    
   17.8995075       4.40299988    
   17.9161739       4.27099991    
   17.9328403       4.14200020    
   17.9495068       4.01300001    
   17.9661732       3.88700008    
   17.9828396       3.76200008    
   17.9995060       3.63899994    
   18.0161724       3.51699996    
   18.0328388       3.39700007    
   18.0495052       3.27900004    
   18.0661716       3.16199994    
   18.0828381       3.04600000    
   18.0995045       2.93300009    
   18.1161709       2.81999993    
   18.1328373       2.71000004    
   18.1495037       2.60100007    
   18.1661701       2.49300003    
   18.1828365       2.38700008    
   18.1995029       2.28299999    
   18.2161694       2.18000007    
   18.2328358       2.07900000    
   18.2495022       1.98000002    
   18.2661686       1.88199997    
   18.2828350       1.78699994    
   18.2995014       1.69200003    
   18.3161678       1.60000002    
   18.3328342       1.50899994    
   18.3495007       1.42100000    
   18.3661671       1.33399999    
   18.3828335       1.24899995    
   18.3994999       1.16700006    
   18.4161663       1.08599997    
   18.4328327       1.00899994    
   18.4494991      0.932799995    
   18.4661655      0.859499991    
   18.4828320      0.788999975    
   18.4994984      0.721199989    
   18.5161648      0.656499982    
   18.5328312      0.595000029    
   18.5494976      0.537299991    
   18.5661640      0.478500009    
   18.5828304      0.416099995    
   18.5994968      0.365200013    
   18.6161633      0.323599994    
   18.6328297      0.289299995    
   18.6494961      0.242300004    
   18.6661625      0.207499996    
   18.6828289      0.178399995    
   18.6994953      0.148200005    
   18.7161617      0.122699998    
   18.7328281      0.101000004    
   18.7494946       8.27900022E-02
   18.7661610       6.59700036E-02
   18.7828274       5.26299998E-02
   18.7994938       4.25000004E-02
   18.8161602       3.28899994E-02
   18.8328266       2.55800001E-02
   18.8494930       1.99400000E-02
   18.8661594       1.55199999E-02
   18.8828259       1.17800003E-02
   18.8994923       8.86599999E-03
   18.9161587       6.65999996E-03
   18.9328251       4.99199983E-03
   18.9494915       3.61500005E-03
   18.9661579       2.63200002E-03
   18.9828243       1.83500000E-03
   18.9994907       1.25700003E-03
   19.0161572       8.39099986E-04
   19.0328236       5.41299989E-04
   19.0494900       3.32299998E-04
   19.0661564       1.87300000E-04
   19.0828228       8.51299992E-05
   19.0994892       2.60500001E-05
   19.1161556       3.22899996E-06
   19.1328220       4.90400005E-08
   19.1494884       3.62199992E-10
   19.1661549       6.04800010E-13
   19.1828213       1.51300003E-16
   19.1994877       1.20800055E-39
   19.2161541       0.00000000    
   19.2328205       0.00000000    
   19.2494869       0.00000000    
   19.2661533       0.00000000    
   19.2828197       0.00000000    
   19.2994862       0.00000000    
   19.3161526       0.00000000    
   19.3328190       0.00000000    
   19.3494854       0.00000000    
   19.3661518       0.00000000    
   19.3828182       0.00000000    
   19.3994846       0.00000000    
   19.4161510       0.00000000    
   19.4328175       0.00000000    
   19.4494839       0.00000000    
   19.4661503       0.00000000    
   19.4828167       0.00000000    
   19.4994831       0.00000000    
   19.5161495       0.00000000    
   19.5328159       0.00000000    
   19.5494823       0.00000000    
   19.5661488       0.00000000    
   19.5828152       0.00000000    
   19.5994816       0.00000000    
   19.6161480       0.00000000    
   19.6328144       0.00000000    
   19.6494808       0.00000000    
   19.6661472       0.00000000    
   19.6828136       0.00000000    
   19.6994801       0.00000000    
   19.7161465       0.00000000    
   19.7328129       0.00000000    
   19.7494793       0.00000000    
   19.7661457       0.00000000    
   19.7828121       0.00000000    
   19.7994785       0.00000000    
   19.8161449       0.00000000    
   19.8328114       0.00000000    
   19.8494778       0.00000000    
   19.8661442       0.00000000    
   19.8828106       0.00000000    
   19.8994770       0.00000000    
   19.9161434       0.00000000    
   19.9328098       0.00000000    
   19.9494762       0.00000000    
   19.9661427       0.00000000    
   19.9828091       0.00000000    
   19.9994755       0.00000000    
   20.0161419       0.00000000    
   20.0328083       0.00000000    
   20.0494747       0.00000000    
   20.0661411       0.00000000    
   20.0828075       0.00000000    
   20.0994740       0.00000000    
   20.1161404       0.00000000    
   20.1328068       0.00000000    
   20.1494732       0.00000000    
   20.1661396       0.00000000    
   20.1828060       0.00000000    
   20.1994724       0.00000000    
   20.2161388       0.00000000    
   20.2328053       0.00000000    
   20.2494717       0.00000000    
   20.2661381       0.00000000    
   20.2828045       0.00000000    
   20.2994709       0.00000000    
   20.3161373       0.00000000    
   20.3328037       0.00000000    
   20.3494701       0.00000000    
   20.3661366       0.00000000    
   20.3828030       0.00000000    
   20.3994694       0.00000000    
   20.4161358       0.00000000    
   20.4328022       0.00000000    
   20.4494686       0.00000000    
   20.4661350       0.00000000    
   20.4828014       0.00000000    
   20.4994678       0.00000000    
   20.5161343       0.00000000    
   20.5328007       0.00000000    
   20.5494671       0.00000000    
   20.5661335       0.00000000    
   20.5827999       0.00000000    
   20.5994663       0.00000000    
   20.6161327       0.00000000    
   20.6327991       0.00000000    
   20.6494656       0.00000000    
   20.6661320       0.00000000    
   20.6827984       0.00000000    
   20.6994648       0.00000000    
   20.7161312       0.00000000    
   20.7327976       0.00000000    
   20.7494640       0.00000000    
   20.7661304       0.00000000    
   20.7827969       0.00000000    
   20.7994633       0.00000000    
   20.8161297       0.00000000    
   20.8327961       0.00000000    
   20.8494625       0.00000000    
   20.8661289       0.00000000    
   20.8827953       0.00000000    
   20.8994617       0.00000000    
   20.9161282       0.00000000    
   20.9327946       0.00000000    
   20.9494610       0.00000000    
   20.9661274       0.00000000    
   20.9827938       0.00000000    
   20.9994602       0.00000000    
   21.0161266       0.00000000    
   21.0327930       0.00000000    
   21.0494595       0.00000000    
   21.0661259       0.00000000    
   21.0827923       0.00000000    
   21.0994587       0.00000000    
   21.1161251       0.00000000    
   21.1327915       0.00000000    
   21.1494579       0.00000000    
   21.1661243       0.00000000    
   21.1827908       0.00000000    
   21.1994572       0.00000000    
   21.2161236       0.00000000    
   21.2327900       0.00000000    
   21.2494564       0.00000000    
   21.2661228       0.00000000    
   21.2827892       0.00000000    
   21.2994556       0.00000000    
   21.3161221       0.00000000    
   21.3327885       0.00000000    
   21.3494549       0.00000000    
   21.3661213       0.00000000    
   21.3827877       0.00000000    
   21.3994541       0.00000000    
   21.4161205       0.00000000    
   21.4327869       0.00000000    
   21.4494534       0.00000000    
   21.4661198       0.00000000    
   21.4827862       0.00000000    
   21.4994526       0.00000000    
   21.5161190       0.00000000    
   21.5327854       0.00000000    
   21.5494518       0.00000000    
   21.5661182       0.00000000    
   21.5827847       0.00000000    
   21.5994511       0.00000000    
   21.6161175       0.00000000    
   21.6327839       0.00000000    
   21.6494503       0.00000000    
   21.6661167       0.00000000    
   21.6827831       0.00000000    
   21.6994495       0.00000000    
   21.7161160       0.00000000    
   21.7327824       0.00000000    
   21.7494488       0.00000000    
   21.7661152       0.00000000    
   21.7827816       0.00000000    
   21.7994480       0.00000000    
   21.8161144       0.00000000    
   21.8327808       0.00000000    
   21.8494473       0.00000000    
   21.8661137       0.00000000    
   21.8827801       0.00000000    
   21.8994465       0.00000000    
   21.9161129       0.00000000    
   21.9327793       0.00000000    
   21.9494457       0.00000000    
   21.9661121       0.00000000    
   21.9827785       0.00000000    
   21.9994450       0.00000000    
   22.0161114       0.00000000    
   22.0327778       0.00000000    
   22.0494442       0.00000000    
   22.0661106       0.00000000    
   22.0827770       0.00000000    
   22.0994434       0.00000000    
   22.1161098       0.00000000    
   22.1327763       0.00000000    
   22.1494427       0.00000000    
   22.1661091       0.00000000    
   22.1827755       0.00000000    
   22.1994419       0.00000000    
   22.2161083       0.00000000    
   22.2327747       0.00000000    
   22.2494411       0.00000000    
   22.2661076       0.00000000    
   22.2827740       0.00000000    
   22.2994404       0.00000000    
   22.3161068       0.00000000    
   22.3327732       0.00000000    
   22.3494396       0.00000000    
   22.3661060       0.00000000    
   22.3827724       0.00000000    
   22.3994389       0.00000000    
   22.4161053       0.00000000    
   22.4327717       0.00000000    
   22.4494381       0.00000000    
   22.4661045       0.00000000    
   22.4827709       0.00000000    
   22.4994373       0.00000000    
   22.5161037       0.00000000    
   22.5327702       0.00000000    
   22.5494366       0.00000000    
   22.5661030       0.00000000    
   22.5827694       0.00000000    
   22.5994358       0.00000000    
   22.6161022       0.00000000    
   22.6327686       0.00000000    
   22.6494350       0.00000000    
   22.6661015       0.00000000    
   22.6827679       0.00000000    
   22.6994343       0.00000000    
   22.7161007       0.00000000    
   22.7327671       0.00000000    
   22.7494335       0.00000000    
   22.7660999       0.00000000    
   22.7827663       0.00000000    
   22.7994328       0.00000000    
   22.8160992       0.00000000    
   22.8327656       0.00000000    
   22.8494320       0.00000000    
   22.8660984       0.00000000    
   22.8827648       0.00000000    
   22.8994312       0.00000000    
   22.9160976       0.00000000    
   22.9327641       0.00000000    
   22.9494305       0.00000000    
   22.9660969       0.00000000    
   22.9827633       0.00000000    
   22.9994297       0.00000000    
   23.0160961       0.00000000    
   23.0327625       0.00000000    
   23.0494289       0.00000000    
   23.0660954       0.00000000    
   23.0827618       0.00000000    
   23.0994282       0.00000000    
   23.1160946       0.00000000    
   23.1327610       0.00000000    
   23.1494274       0.00000000    
   23.1660938       0.00000000    
   23.1827602       0.00000000    
   23.1994267       0.00000000    
   23.2160931       0.00000000    
   23.2327595       0.00000000    
   23.2494259       0.00000000    
   23.2660923       0.00000000    
   23.2827587       0.00000000    
   23.2994251       0.00000000    
   23.3160915       0.00000000    
   23.3327579       0.00000000    
   23.3494244       0.00000000    
   23.3660908       0.00000000    
   23.3827572       0.00000000    
   23.3994236       0.00000000    
   23.4160900       0.00000000    
   23.4327564       0.00000000    
   23.4494228       0.00000000    
   23.4660892       0.00000000    
   23.4827557       0.00000000    
   23.4994221       0.00000000    
   23.5160885       0.00000000    
   23.5327549       0.00000000    
   23.5494213       0.00000000    
   23.5660877       0.00000000    
   23.5827541       0.00000000    
   23.5994205       0.00000000    
   23.6160870       0.00000000    
   23.6327534       0.00000000    
   23.6494198       0.00000000    
   23.6660862       0.00000000    
   23.6827526       0.00000000    
   23.6994190       0.00000000    
   23.7160854       0.00000000    
   23.7327518       0.00000000    
   23.7494183       0.00000000    
   23.7660847       0.00000000    
   23.7827511       0.00000000    
   23.7994175       0.00000000    
   23.8160839       0.00000000    
   23.8327503       0.00000000    
   23.8494167       0.00000000    
   23.8660831       0.00000000    
   23.8827496       0.00000000    
   23.8994160       0.00000000    
   23.9160824       0.00000000    
   23.9327488       0.00000000    
   23.9494152       0.00000000    
   23.9660816       0.00000000    
   23.9827480       0.00000000    
