   0.00000000       0.00000000    
   1.66660007E-02   0.00000000    
   3.33320014E-02   0.00000000    
   4.99980003E-02   0.00000000    
   6.66640028E-02   0.00000000    
   8.33300054E-02   0.00000000    
   9.99960080E-02   0.00000000    
  0.116662011       0.00000000    
  0.133328006       0.00000000    
  0.149994001       0.00000000    
  0.166659996       0.00000000    
  0.183325991       0.00000000    
  0.199991986       0.00000000    
  0.216657981       0.00000000    
  0.233323976       0.00000000    
  0.249989972       0.00000000    
  0.266655982       0.00000000    
  0.283321977       0.00000000    
  0.299987972       0.00000000    
  0.316653967       0.00000000    
  0.333319962       0.00000000    
  0.349985957       0.00000000    
  0.366651952       0.00000000    
  0.383317947       0.00000000    
  0.399983943       0.00000000    
  0.416649938       0.00000000    
  0.433315933       0.00000000    
  0.449981928       0.00000000    
  0.466647923       0.00000000    
  0.483313918       0.00000000    
  0.499979913       0.00000000    
  0.516645908       0.00000000    
  0.533311903       0.00000000    
  0.549977899       0.00000000    
  0.566643894       0.00000000    
  0.583309889       0.00000000    
  0.599975884       0.00000000    
  0.616641879       0.00000000    
  0.633307874       0.00000000    
  0.649973869       0.00000000    
  0.666639864       0.00000000    
  0.683305860       0.00000000    
  0.699971855       0.00000000    
  0.716637850       0.00000000    
  0.733303845       0.00000000    
  0.749969840       0.00000000    
  0.766635835       0.00000000    
  0.783301830       0.00000000    
  0.799967825       0.00000000    
  0.816633821       0.00000000    
  0.833299816       0.00000000    
  0.849965811       0.00000000    
  0.866631806       0.00000000    
  0.883297801       0.00000000    
  0.899963796       0.00000000    
  0.916629791       0.00000000    
  0.933295786       0.00000000    
  0.949961782       0.00000000    
  0.966627777       0.00000000    
  0.983293772       0.00000000    
  0.999959767       0.00000000    
   1.01662576       0.00000000    
   1.03329182       0.00000000    
   1.04995787       0.00000000    
   1.06662393       0.00000000    
   1.08328998       0.00000000    
   1.09995604       0.00000000    
   1.11662209       0.00000000    
   1.13328815       0.00000000    
   1.14995420       0.00000000    
   1.16662025       0.00000000    
   1.18328631       0.00000000    
   1.19995236       0.00000000    
   1.21661842       0.00000000    
   1.23328447       0.00000000    
   1.24995053       0.00000000    
   1.26661658       0.00000000    
   1.28328264       0.00000000    
   1.29994869       0.00000000    
   1.31661475       0.00000000    
   1.33328080       0.00000000    
   1.34994686       0.00000000    
   1.36661291       0.00000000    
   1.38327897       0.00000000    
   1.39994502       0.00000000    
   1.41661108       0.00000000    
   1.43327713       0.00000000    
   1.44994318       0.00000000    
   1.46660924       0.00000000    
   1.48327529       0.00000000    
   1.49994135       0.00000000    
   1.51660740       0.00000000    
   1.53327346       0.00000000    
   1.54993951       0.00000000    
   1.56660557       0.00000000    
   1.58327162       0.00000000    
   1.59993768       0.00000000    
   1.61660373       0.00000000    
   1.63326979       0.00000000    
   1.64993584       0.00000000    
   1.66660190       0.00000000    
   1.68326795       0.00000000    
   1.69993401       0.00000000    
   1.71660006       0.00000000    
   1.73326612       0.00000000    
   1.74993217       0.00000000    
   1.76659822       0.00000000    
   1.78326428       0.00000000    
   1.79993033       0.00000000    
   1.81659639       0.00000000    
   1.83326244       0.00000000    
   1.84992850       0.00000000    
   1.86659455       0.00000000    
   1.88326061       0.00000000    
   1.89992666       0.00000000    
   1.91659272       0.00000000    
   1.93325877       0.00000000    
   1.94992483       0.00000000    
   1.96659088       0.00000000    
   1.98325694       0.00000000    
   1.99992299       0.00000000    
   2.01658893       0.00000000    
   2.03325486       0.00000000    
   2.04992080       0.00000000    
   2.06658673       0.00000000    
   2.08325267       0.00000000    
   2.09991860       0.00000000    
   2.11658454       0.00000000    
   2.13325047       0.00000000    
   2.14991641       0.00000000    
   2.16658235       0.00000000    
   2.18324828       0.00000000    
   2.19991422       0.00000000    
   2.21658015       0.00000000    
   2.23324609       0.00000000    
   2.24991202       0.00000000    
   2.26657796       0.00000000    
   2.28324389       0.00000000    
   2.29990983       0.00000000    
   2.31657577       0.00000000    
   2.33324170       0.00000000    
   2.34990764       0.00000000    
   2.36657357       0.00000000    
   2.38323951       0.00000000    
   2.39990544       0.00000000    
   2.41657138       0.00000000    
   2.43323731       0.00000000    
   2.44990325       0.00000000    
   2.46656919       0.00000000    
   2.48323512       0.00000000    
   2.49990106       0.00000000    
   2.51656699       0.00000000    
   2.53323293       0.00000000    
   2.54989886       0.00000000    
   2.56656480       0.00000000    
   2.58323073       0.00000000    
   2.59989667       0.00000000    
   2.61656260       0.00000000    
   2.63322854       0.00000000    
   2.64989448       0.00000000    
   2.66656041       0.00000000    
   2.68322635       0.00000000    
   2.69989228       0.00000000    
   2.71655822       0.00000000    
   2.73322415       0.00000000    
   2.74989009       0.00000000    
   2.76655602       0.00000000    
   2.78322196       0.00000000    
   2.79988790       0.00000000    
   2.81655383       0.00000000    
   2.83321977       0.00000000    
   2.84988570       0.00000000    
   2.86655164       0.00000000    
   2.88321757       0.00000000    
   2.89988351       0.00000000    
   2.91654944       0.00000000    
   2.93321538       0.00000000    
   2.94988132       0.00000000    
   2.96654725       0.00000000    
   2.98321319       0.00000000    
   2.99987912       0.00000000    
   3.01654506       0.00000000    
   3.03321099       0.00000000    
   3.04987693       0.00000000    
   3.06654286       0.00000000    
   3.08320880       0.00000000    
   3.09987473       0.00000000    
   3.11654067       0.00000000    
   3.13320661       0.00000000    
   3.14987254       0.00000000    
   3.16653848       0.00000000    
   3.18320441       0.00000000    
   3.19987035       0.00000000    
   3.21653628       0.00000000    
   3.23320222       0.00000000    
   3.24986815       0.00000000    
   3.26653409       0.00000000    
   3.28320003       0.00000000    
   3.29986596       0.00000000    
   3.31653190       0.00000000    
   3.33319783       0.00000000    
   3.34986377       0.00000000    
   3.36652970       0.00000000    
   3.38319564       0.00000000    
   3.39986157       0.00000000    
   3.41652751       0.00000000    
   3.43319345       0.00000000    
   3.44985938       0.00000000    
   3.46652532       0.00000000    
   3.48319125       0.00000000    
   3.49985719       0.00000000    
   3.51652312       0.00000000    
   3.53318906       0.00000000    
   3.54985499       0.00000000    
   3.56652093       0.00000000    
   3.58318686       0.00000000    
   3.59985280       0.00000000    
   3.61651874       0.00000000    
   3.63318467       0.00000000    
   3.64985061       0.00000000    
   3.66651654       0.00000000    
   3.68318248       0.00000000    
   3.69984841       0.00000000    
   3.71651435       0.00000000    
   3.73318028       0.00000000    
   3.74984622       0.00000000    
   3.76651216       0.00000000    
   3.78317809       0.00000000    
   3.79984403       0.00000000    
   3.81650996       0.00000000    
   3.83317590       0.00000000    
   3.84984183       0.00000000    
   3.86650777       0.00000000    
   3.88317370       0.00000000    
   3.89983964       0.00000000    
   3.91650558       0.00000000    
   3.93317151       0.00000000    
   3.94983745       0.00000000    
   3.96650338       0.00000000    
   3.98316932       0.00000000    
   3.99983525       0.00000000    
   4.01650143       0.00000000    
   4.03316736       0.00000000    
   4.04983330       0.00000000    
   4.06649923       0.00000000    
   4.08316517       0.00000000    
   4.09983110       0.00000000    
   4.11649704       0.00000000    
   4.13316298       0.00000000    
   4.14982891       0.00000000    
   4.16649485       0.00000000    
   4.18316078       0.00000000    
   4.19982672       0.00000000    
   4.21649265       0.00000000    
   4.23315859       0.00000000    
   4.24982452       0.00000000    
   4.26649046       0.00000000    
   4.28315639       0.00000000    
   4.29982233       0.00000000    
   4.31648827       0.00000000    
   4.33315420       0.00000000    
   4.34982014       0.00000000    
   4.36648607       0.00000000    
   4.38315201       0.00000000    
   4.39981794       0.00000000    
   4.41648388       0.00000000    
   4.43314981       0.00000000    
   4.44981575       0.00000000    
   4.46648169       0.00000000    
   4.48314762       0.00000000    
   4.49981356       0.00000000    
   4.51647949       0.00000000    
   4.53314543       0.00000000    
   4.54981136       0.00000000    
   4.56647730       0.00000000    
   4.58314323       0.00000000    
   4.59980917       0.00000000    
   4.61647511       0.00000000    
   4.63314104       0.00000000    
   4.64980698       0.00000000    
   4.66647291       0.00000000    
   4.68313885       0.00000000    
   4.69980478       0.00000000    
   4.71647072       0.00000000    
   4.73313665       0.00000000    
   4.74980259       0.00000000    
   4.76646852       0.00000000    
   4.78313446       0.00000000    
   4.79980040       0.00000000    
   4.81646633       0.00000000    
   4.83313227       0.00000000    
   4.84979820       0.00000000    
   4.86646414       0.00000000    
   4.88313007       0.00000000    
   4.89979601       0.00000000    
   4.91646194       0.00000000    
   4.93312788       0.00000000    
   4.94979382       0.00000000    
   4.96645975       0.00000000    
   4.98312569       0.00000000    
   4.99979162       0.00000000    
   5.01645756       0.00000000    
   5.03312349       0.00000000    
   5.04978943       0.00000000    
   5.06645536       0.00000000    
   5.08312130       0.00000000    
   5.09978724       0.00000000    
   5.11645317       0.00000000    
   5.13311911       0.00000000    
   5.14978504       0.00000000    
   5.16645098       0.00000000    
   5.18311691       0.00000000    
   5.19978285       0.00000000    
   5.21644878       0.00000000    
   5.23311472       0.00000000    
   5.24978065       0.00000000    
   5.26644659       0.00000000    
   5.28311253       0.00000000    
   5.29977846       0.00000000    
   5.31644440       0.00000000    
   5.33311033       0.00000000    
   5.34977627       0.00000000    
   5.36644220       0.00000000    
   5.38310814       0.00000000    
   5.39977407       0.00000000    
   5.41644001       0.00000000    
   5.43310595       0.00000000    
   5.44977188       0.00000000    
   5.46643782       0.00000000    
   5.48310375       0.00000000    
   5.49976969       0.00000000    
   5.51643562       0.00000000    
   5.53310156       0.00000000    
   5.54976749       0.00000000    
   5.56643343       0.00000000    
   5.58309937       0.00000000    
   5.59976530       0.00000000    
   5.61643124       0.00000000    
   5.63309717       0.00000000    
   5.64976311       0.00000000    
   5.66642904       0.00000000    
   5.68309498       0.00000000    
   5.69976091       0.00000000    
   5.71642685       0.00000000    
   5.73309278       0.00000000    
   5.74975872       0.00000000    
   5.76642466       0.00000000    
   5.78309059       0.00000000    
   5.79975653       0.00000000    
   5.81642246       0.00000000    
   5.83308840       0.00000000    
   5.84975433       0.00000000    
   5.86642027       0.00000000    
   5.88308620       0.00000000    
   5.89975214       0.00000000    
   5.91641808       0.00000000    
   5.93308401       0.00000000    
   5.94974995       0.00000000    
   5.96641588       0.00000000    
   5.98308182       0.00000000    
   5.99974775       0.00000000    
   6.01641369       0.00000000    
   6.03307962       0.00000000    
   6.04974556       0.00000000    
   6.06641150       0.00000000    
   6.08307743       0.00000000    
   6.09974337       0.00000000    
   6.11640930       0.00000000    
   6.13307524       0.00000000    
   6.14974117       0.00000000    
   6.16640711       0.00000000    
   6.18307304       0.00000000    
   6.19973898       0.00000000    
   6.21640491       0.00000000    
   6.23307085       0.00000000    
   6.24973679       0.00000000    
   6.26640272       0.00000000    
   6.28306866       0.00000000    
   6.29973459       0.00000000    
   6.31640053       0.00000000    
   6.33306646       0.00000000    
   6.34973240       0.00000000    
   6.36639833       3.74500012E-20
   6.38306427       1.59499999E-15
   6.39973021       3.90399995E-12
   6.41639614       1.86299998E-09
   6.43306208       6.33500008E-07
   6.44972801       1.10499996E-05
   6.46639395       4.94400010E-05
   6.48305988       1.25299994E-04
   6.49972582       2.43799994E-04
   6.51639175       4.05500003E-04
   6.53305769       6.36400015E-04
   6.54972363       9.64000006E-04
   6.56638956       1.42300001E-03
   6.58305550       2.02200003E-03
   6.59972143       2.82500009E-03
   6.61638737       3.94200021E-03
   6.63305330       5.26499981E-03
   6.64971924       7.01199984E-03
   6.66638517       9.31300037E-03
   6.68305111       1.22800004E-02
   6.69971704       1.59799997E-02
   6.71638298       2.06700005E-02
   6.73304892       2.67200004E-02
   6.74971485       3.46999988E-02
   6.76638079       4.32000011E-02
   6.78304672       5.46200015E-02
   6.79971266       6.86599985E-02
   6.81637859       8.42399970E-02
   6.83304453      0.102899998    
   6.84971046      0.124899998    
   6.86637640      0.150900006    
   6.88304234      0.177900001    
   6.89970827      0.207100004    
   6.91637421      0.247700006    
   6.93304014      0.277999997    
   6.94970608      0.314900011    
   6.96637201      0.360300004    
   6.98303795      0.416500002    
   6.99970388      0.465799987    
   7.01636982      0.516300023    
   7.03303576      0.569999993    
   7.04970169      0.626500010    
   7.06636763      0.685699999    
   7.08303356      0.747500002    
   7.09969950      0.811299980    
   7.11636543      0.877399981    
   7.13303137      0.945500016    
   7.14969730       1.01600003    
   7.16636324       1.08800006    
   7.18302917       1.16199994    
   7.19969511       1.23699999    
   7.21636105       1.31500006    
   7.23302698       1.39400005    
   7.24969292       1.47399998    
   7.26635885       1.55700004    
   7.28302479       1.63999999    
   7.29969072       1.72500002    
   7.31635666       1.81200004    
   7.33302259       1.89999998    
   7.34968853       1.99000001    
   7.36635447       2.08100009    
   7.38302040       2.17300010    
   7.39968634       2.26699996    
   7.41635227       2.36199999    
   7.43301821       2.45900011    
   7.44968414       2.55599999    
   7.46635008       2.65599990    
   7.48301601       2.75600004    
   7.49968195       2.85800004    
   7.51634789       2.96099997    
   7.53301382       3.06599998    
   7.54967976       3.17199993    
   7.56634569       3.27900004    
   7.58301163       3.38800001    
   7.59967756       3.49699998    
   7.61634350       3.60899997    
   7.63300943       3.72099996    
   7.64967537       3.83599997    
   7.66634130       3.95099998    
   7.68300724       4.06799984    
   7.69967318       4.18599987    
   7.71633911       4.30499983    
   7.73300505       4.42600012    
   7.74967098       4.54899979    
   7.76633692       4.67199993    
   7.78300285       4.79699993    
   7.79966879       4.92399979    
   7.81633472       5.05100012    
   7.83300066       5.18100023    
   7.84966660       5.31199980    
   7.86633253       5.44399977    
   7.88299847       5.57700014    
   7.89966440       5.71199989    
   7.91633034       5.84800005    
   7.93299627       5.98600006    
   7.94966221       6.12500000    
   7.96632814       6.26499987    
   7.98299408       6.40700006    
   7.99966002       6.54899979    
   8.01632595       6.69399977    
   8.03299236       6.84000015    
   8.04965878       6.98699999    
   8.06632519       7.13500023    
   8.08299160       7.28499985    
   8.09965801       7.43599987    
   8.11632442       7.58799982    
   8.13299084       7.74200010    
   8.14965725       7.89599991    
   8.16632366       8.05200005    
   8.18299007       8.21000004    
   8.19965649       8.36800003    
   8.21632290       8.52799988    
   8.23298931       8.68900013    
   8.24965572       8.85099983    
   8.26632214       9.01399994    
   8.28298855       9.17800045    
   8.29965496       9.34399986    
   8.31632137       9.51099968    
   8.33298779       9.67800045    
   8.34965420       9.84700012    
   8.36632061       10.0200005    
   8.38298702       10.1899996    
   8.39965343       10.3599997    
   8.41631985       10.5299997    
   8.43298626       10.7100000    
   8.44965267       10.8800001    
   8.46631908       11.0600004    
   8.48298550       11.2299995    
   8.49965191       11.4099998    
   8.51631832       11.5900002    
   8.53298473       11.7700005    
   8.54965115       11.9499998    
   8.56631756       12.1300001    
   8.58298397       12.3100004    
   8.59965038       12.5000000    
   8.61631680       12.6800003    
   8.63298321       12.8599997    
   8.64964962       13.0500002    
   8.66631603       13.2299995    
   8.68298244       13.4200001    
   8.69964886       13.6099997    
   8.71631527       13.8000002    
   8.73298168       13.9799995    
   8.74964809       14.1700001    
   8.76631451       14.3599997    
   8.78298092       14.5500002    
   8.79964733       14.7399998    
   8.81631374       14.9399996    
   8.83298016       15.1300001    
   8.84964657       15.3199997    
   8.86631298       15.5100002    
   8.88297939       15.7100000    
   8.89964581       15.8999996    
   8.91631222       16.1000004    
   8.93297863       16.2900009    
   8.94964504       16.4899998    
   8.96631145       16.6800003    
   8.98297787       16.8799992    
   8.99964428       17.0699997    
   9.01631069       17.2700005    
   9.03297710       17.4699993    
   9.04964352       17.6599998    
   9.06630993       17.8600006    
   9.08297634       18.0599995    
   9.09964275       18.2600002    
   9.11630917       18.4599991    
   9.13297558       18.6499996    
   9.14964199       18.8500004    
   9.16630840       19.0499992    
   9.18297482       19.2500000    
   9.19964123       19.4500008    
   9.21630764       19.6499996    
   9.23297405       19.8500004    
   9.24964046       20.0499992    
   9.26630688       20.2500000    
   9.28297329       20.4500008    
   9.29963970       20.6499996    
   9.31630611       20.8500004    
   9.33297253       21.0499992    
   9.34963894       21.2500000    
   9.36630535       21.4500008    
   9.38297176       21.6499996    
   9.39963818       21.8500004    
   9.41630459       22.0400009    
   9.43297100       22.2399998    
   9.44963741       22.4400005    
   9.46630383       22.6399994    
   9.48297024       22.8400002    
   9.49963665       23.0400009    
   9.51630306       23.2399998    
   9.53296947       23.4400005    
   9.54963589       23.6399994    
   9.56630230       23.8400002    
   9.58296871       24.0300007    
   9.59963512       24.2299995    
   9.61630154       24.4300003    
   9.63296795       24.6299992    
   9.64963436       24.8199997    
   9.66630077       25.0200005    
   9.68296719       25.2199993    
   9.69963360       25.4099998    
   9.71630001       25.6100006    
   9.73296642       25.7999992    
   9.74963284       26.0000000    
   9.76629925       26.1900005    
   9.78296566       26.3899994    
   9.79963207       26.5799999    
   9.81629848       26.7800007    
   9.83296490       26.9699993    
   9.84963131       27.1599998    
   9.86629772       27.3600006    
   9.88296413       27.5499992    
   9.89963055       27.7399998    
   9.91629696       27.9300003    
   9.93296337       28.1200008    
   9.94962978       28.3099995    
   9.96629620       28.5000000    
   9.98296261       28.6900005    
   9.99962902       28.8799992    
   10.0162954       29.0699997    
   10.0329618       29.2500000    
   10.0496283       29.4400005    
   10.0662947       29.6299992    
   10.0829611       29.8099995    
   10.0996275       30.0000000    
   10.1162939       30.1800003    
   10.1329603       30.3700008    
   10.1496267       30.5499992    
   10.1662931       30.7299995    
   10.1829596       30.9099998    
   10.1996260       31.0900002    
   10.2162924       31.2800007    
   10.2329588       31.4500008    
   10.2496252       31.6299992    
   10.2662916       31.8099995    
   10.2829580       31.9899998    
   10.2996244       32.1699982    
   10.3162909       32.3400002    
   10.3329573       32.5200005    
   10.3496237       32.6899986    
   10.3662901       32.8699989    
   10.3829565       33.0400009    
   10.3996229       33.2200012    
   10.4162893       33.3899994    
   10.4329557       33.5600014    
   10.4496222       33.7299995    
   10.4662886       33.9000015    
   10.4829550       34.0699997    
   10.4996214       34.2299995    
   10.5162878       34.4000015    
   10.5329542       34.5699997    
   10.5496206       34.7299995    
   10.5662870       34.9000015    
   10.5829535       35.0600014    
   10.5996199       35.2200012    
   10.6162863       35.3800011    
   10.6329527       35.5400009    
   10.6496191       35.7099991    
   10.6662855       35.8600006    
   10.6829519       36.0200005    
   10.6996183       36.1800003    
   10.7162848       36.3400002    
   10.7329512       36.4900017    
   10.7496176       36.6500015    
   10.7662840       36.7999992    
   10.7829504       36.9500008    
   10.7996168       37.0999985    
   10.8162832       37.2500000    
   10.8329496       37.4000015    
   10.8496161       37.5499992    
   10.8662825       37.7000008    
   10.8829489       37.8400002    
   10.8996153       37.9900017    
   10.9162817       38.1300011    
   10.9329481       38.2799988    
   10.9496145       38.4199982    
   10.9662809       38.5600014    
   10.9829473       38.7000008    
   10.9996138       38.8400002    
   11.0162802       38.9799995    
   11.0329466       39.1199989    
   11.0496130       39.2500000    
   11.0662794       39.3899994    
   11.0829458       39.5200005    
   11.0996122       39.6500015    
   11.1162786       39.7900009    
   11.1329451       39.9199982    
   11.1496115       40.0499992    
   11.1662779       40.1699982    
   11.1829443       40.2999992    
   11.1996107       40.4300003    
   11.2162771       40.5499992    
   11.2329435       40.6800003    
   11.2496099       40.7999992    
   11.2662764       40.9199982    
   11.2829428       41.0400009    
   11.2996092       41.1599998    
   11.3162756       41.2799988    
   11.3329420       41.4000015    
   11.3496084       41.5099983    
   11.3662748       41.6300011    
   11.3829412       41.7400017    
   11.3996077       41.8499985    
   11.4162741       41.9599991    
   11.4329405       42.0699997    
   11.4496069       42.1800003    
   11.4662733       42.2900009    
   11.4829397       42.3899994    
   11.4996061       42.5000000    
   11.5162725       42.5999985    
   11.5329390       42.7000008    
   11.5496054       42.8100014    
   11.5662718       42.9099998    
   11.5829382       43.0099983    
   11.5996046       43.0999985    
   11.6162710       43.2000008    
   11.6329374       43.2900009    
   11.6496038       43.3899994    
   11.6662703       43.4799995    
   11.6829367       43.5699997    
   11.6996031       43.6599998    
   11.7162695       43.7500000    
   11.7329359       43.8400002    
   11.7496023       43.9199982    
   11.7662687       44.0099983    
   11.7829351       44.0900002    
   11.7996016       44.1699982    
   11.8162680       44.2599983    
   11.8329344       44.3300018    
   11.8496008       44.4099998    
   11.8662672       44.4900017    
   11.8829336       44.5699997    
   11.8996000       44.6399994    
   11.9162664       44.7099991    
   11.9329329       44.7900009    
   11.9495993       44.8600006    
   11.9662657       44.9300003    
   11.9829321       44.9900017    
   11.9995985       45.0600014    
   12.0162649       45.1300011    
   12.0329313       45.1899986    
   12.0495977       45.2500000    
   12.0662642       45.3100014    
   12.0829306       45.3699989    
   12.0995970       45.4300003    
   12.1162634       45.4900017    
   12.1329298       45.5400009    
   12.1495962       45.5999985    
   12.1662626       45.6500015    
   12.1829290       45.7000008    
   12.1995955       45.7500000    
   12.2162619       45.7999992    
   12.2329283       45.8499985    
   12.2495947       45.9000015    
   12.2662611       45.9399986    
   12.2829275       45.9900017    
   12.2995939       46.0299988    
   12.3162603       46.0699997    
   12.3329268       46.1100006    
   12.3495932       46.1500015    
   12.3662596       46.1899986    
   12.3829260       46.2200012    
   12.3995924       46.2500000    
   12.4162588       46.2900009    
   12.4329252       46.3199997    
   12.4495916       46.3499985    
   12.4662580       46.3800011    
   12.4829245       46.4000015    
   12.4995909       46.4300003    
   12.5162573       46.4599991    
   12.5329237       46.4799995    
   12.5495901       46.5000000    
   12.5662565       46.5200005    
   12.5829229       46.5400009    
   12.5995893       46.5600014    
   12.6162558       46.5699997    
   12.6329222       46.5900002    
   12.6495886       46.5999985    
   12.6662550       46.6100006    
   12.6829214       46.6199989    
   12.6995878       46.6300011    
   12.7162542       46.6399994    
   12.7329206       46.6500015    
   12.7495871       46.6500015    
   12.7662535       46.6599998    
   12.7829199       46.6599998    
   12.7995863       46.6599998    
   12.8162527       46.6599998    
   12.8329191       46.6599998    
   12.8495855       46.6500015    
   12.8662519       46.6500015    
   12.8829184       46.6399994    
   12.8995848       46.6399994    
   12.9162512       46.6300011    
   12.9329176       46.6199989    
   12.9495840       46.5999985    
   12.9662504       46.5900002    
   12.9829168       46.5800018    
   12.9995832       46.5600014    
   13.0162497       46.5400009    
   13.0329161       46.5299988    
   13.0495825       46.5099983    
   13.0662489       46.4799995    
   13.0829153       46.4599991    
   13.0995817       46.4399986    
   13.1162481       46.4099998    
   13.1329145       46.3800011    
   13.1495810       46.3600006    
   13.1662474       46.3300018    
   13.1829138       46.2999992    
   13.1995802       46.2599983    
   13.2162466       46.2299995    
   13.2329130       46.2000008    
   13.2495794       46.1599998    
   13.2662458       46.1199989    
   13.2829123       46.0800018    
   13.2995787       46.0400009    
   13.3162451       46.0000000    
   13.3329115       45.9599991    
   13.3495779       45.9099998    
   13.3662443       45.8699989    
   13.3829107       45.8199997    
   13.3995771       45.7700005    
   13.4162436       45.7200012    
   13.4329100       45.6699982    
   13.4495764       45.6100006    
   13.4662428       45.5600014    
   13.4829092       45.5000000    
   13.4995756       45.4500008    
   13.5162420       45.3899994    
   13.5329084       45.3300018    
   13.5495749       45.2700005    
   13.5662413       45.2099991    
   13.5829077       45.1399994    
   13.5995741       45.0800018    
   13.6162405       45.0099983    
   13.6329069       44.9399986    
   13.6495733       44.8800011    
   13.6662397       44.8100014    
   13.6829062       44.7299995    
   13.6995726       44.6599998    
   13.7162390       44.5900002    
   13.7329054       44.5099983    
   13.7495718       44.4399986    
   13.7662382       44.3600006    
   13.7829046       44.2799988    
   13.7995710       44.2000008    
   13.8162374       44.1100006    
   13.8329039       44.0299988    
   13.8495703       43.9500008    
   13.8662367       43.8600006    
   13.8829031       43.7700005    
   13.8995695       43.6899986    
   13.9162359       43.5999985    
   13.9329023       43.5099983    
   13.9495687       43.4099998    
   13.9662352       43.3199997    
   13.9829016       43.2299995    
   13.9995680       43.1300011    
   14.0162344       43.0299988    
   14.0329008       42.9300003    
   14.0495672       42.8300018    
   14.0662336       42.7299995    
   14.0829000       42.6300011    
   14.0995665       42.5299988    
   14.1162329       42.4199982    
   14.1328993       42.3199997    
   14.1495657       42.2099991    
   14.1662321       42.0999985    
   14.1828985       41.9900017    
   14.1995649       41.8800011    
   14.2162313       41.7700005    
   14.2328978       41.6599998    
   14.2495642       41.5400009    
   14.2662306       41.4300003    
   14.2828970       41.3100014    
   14.2995634       41.1899986    
   14.3162298       41.0800018    
   14.3328962       40.9599991    
   14.3495626       40.8300018    
   14.3662291       40.7099991    
   14.3828955       40.5900002    
   14.3995619       40.4599991    
   14.4162283       40.3400002    
   14.4328947       40.2099991    
   14.4495611       40.0800018    
   14.4662275       39.9500008    
   14.4828939       39.8199997    
   14.4995604       39.6899986    
   14.5162268       39.5600014    
   14.5328932       39.4300003    
   14.5495596       39.2900009    
   14.5662260       39.1599998    
   14.5828924       39.0200005    
   14.5995588       38.8800011    
   14.6162252       38.7400017    
   14.6328917       38.5999985    
   14.6495581       38.4599991    
   14.6662245       38.3199997    
   14.6828909       38.1800003    
   14.6995573       38.0299988    
   14.7162237       37.8899994    
   14.7328901       37.7400017    
   14.7495565       37.5900002    
   14.7662230       37.4500008    
   14.7828894       37.2999992    
   14.7995558       37.1500015    
   14.8162222       36.9900017    
   14.8328886       36.8400002    
   14.8495550       36.6899986    
   14.8662214       36.5400009    
   14.8828878       36.3800011    
   14.8995543       36.2200012    
   14.9162207       36.0699997    
   14.9328871       35.9099998    
   14.9495535       35.7500000    
   14.9662199       35.5900002    
   14.9828863       35.4300003    
   14.9995527       35.2700005    
   15.0162191       35.1100006    
   15.0328856       34.9399986    
   15.0495520       34.7799988    
   15.0662184       34.6100006    
   15.0828848       34.4500008    
   15.0995512       34.2799988    
   15.1162176       34.1100006    
   15.1328840       33.9500008    
   15.1495504       33.7799988    
   15.1662169       33.6100006    
   15.1828833       33.4399986    
   15.1995497       33.2599983    
   15.2162161       33.0900002    
   15.2328825       32.9199982    
   15.2495489       32.7500000    
   15.2662153       32.5699997    
   15.2828817       32.3899994    
   15.2995481       32.2200012    
   15.3162146       32.0400009    
   15.3328810       31.8600006    
   15.3495474       31.6900005    
   15.3662138       31.5100002    
   15.3828802       31.3299999    
   15.3995466       31.1499996    
   15.4162130       30.9699993    
   15.4328794       30.7800007    
   15.4495459       30.6000004    
   15.4662123       30.4200001    
   15.4828787       30.2299995    
   15.4995451       30.0499992    
   15.5162115       29.8700008    
   15.5328779       29.6800003    
   15.5495443       29.4899998    
   15.5662107       29.3099995    
   15.5828772       29.1200008    
   15.5995436       28.9300003    
   15.6162100       28.7399998    
   15.6328764       28.5599995    
   15.6495428       28.3700008    
   15.6662092       28.1800003    
   15.6828756       27.9899998    
   15.6995420       27.7900009    
   15.7162085       27.6000004    
   15.7328749       27.4099998    
   15.7495413       27.2199993    
   15.7662077       27.0300007    
   15.7828741       26.8299999    
   15.7995405       26.6399994    
   15.8162069       26.4500008    
   15.8328733       26.2500000    
   15.8495398       26.0599995    
   15.8662062       25.8600006    
   15.8828726       25.6700001    
   15.8995390       25.4699993    
   15.9162054       25.2700005    
   15.9328718       25.0799999    
   15.9495382       24.8799992    
   15.9662046       24.6800003    
   15.9828711       24.4899998    
   15.9995375       24.2900009    
   16.0162029       24.0900002    
   16.0328693       23.8899994    
   16.0495358       23.7000008    
   16.0662022       23.5000000    
   16.0828686       23.2999992    
   16.0995350       23.1000004    
   16.1162014       22.8999996    
   16.1328678       22.7000008    
   16.1495342       22.5000000    
   16.1662006       22.2999992    
   16.1828671       22.1000004    
   16.1995335       21.8999996    
   16.2161999       21.7000008    
   16.2328663       21.5100002    
   16.2495327       21.3099995    
   16.2661991       21.1100006    
   16.2828655       20.9099998    
   16.2995319       20.7099991    
   16.3161983       20.5100002    
   16.3328648       20.3099995    
   16.3495312       20.1100006    
   16.3661976       19.9099998    
   16.3828640       19.7099991    
   16.3995304       19.5100002    
   16.4161968       19.3099995    
   16.4328632       19.1100006    
   16.4495296       18.9099998    
   16.4661961       18.7099991    
   16.4828625       18.5200005    
   16.4995289       18.3199997    
   16.5161953       18.1200008    
   16.5328617       17.9200001    
   16.5495281       17.7199993    
   16.5661945       17.5300007    
   16.5828609       17.3299999    
   16.5995274       17.1299992    
   16.6161938       16.9400005    
   16.6328602       16.7399998    
   16.6495266       16.5400009    
   16.6661930       16.3500004    
   16.6828594       16.1499996    
   16.6995258       15.9600000    
   16.7161922       15.7700005    
   16.7328587       15.5699997    
   16.7495251       15.3800001    
   16.7661915       15.1899996    
   16.7828579       14.9899998    
   16.7995243       14.8000002    
   16.8161907       14.6099997    
   16.8328571       14.4200001    
   16.8495235       14.2299995    
   16.8661900       14.0400000    
   16.8828564       13.8500004    
   16.8995228       13.6599998    
   16.9161892       13.4799995    
   16.9328556       13.2900000    
   16.9495220       13.1000004    
   16.9661884       12.9200001    
   16.9828548       12.7399998    
   16.9995213       12.5500002    
   17.0161877       12.3699999    
   17.0328541       12.1899996    
   17.0495205       12.0000000    
   17.0661869       11.8199997    
   17.0828533       11.6400003    
   17.0995197       11.4700003    
   17.1161861       11.2900000    
   17.1328526       11.1099997    
   17.1495190       10.9300003    
   17.1661854       10.7600002    
   17.1828518       10.5900002    
   17.1995182       10.4099998    
   17.2161846       10.2399998    
   17.2328510       10.0699997    
   17.2495174       9.89900017    
   17.2661839       9.72999954    
   17.2828503       9.56200027    
   17.2995167       9.39500046    
   17.3161831       9.22900009    
   17.3328495       9.06499958    
   17.3495159       8.90100002    
   17.3661823       8.73900032    
   17.3828487       8.57699966    
   17.3995152       8.41699982    
   17.4161816       8.25899982    
   17.4328480       8.10099983    
   17.4495144       7.94399977    
   17.4661808       7.78900003    
   17.4828472       7.63500023    
   17.4995136       7.48299980    
   17.5161800       7.33199978    
   17.5328465       7.18100023    
   17.5495129       7.03299999    
   17.5661793       6.88500023    
   17.5828457       6.73899984    
   17.5995121       6.59399986    
   17.6161785       6.45100021    
   17.6328449       6.30900002    
   17.6495113       6.16800022    
   17.6661777       6.02899981    
   17.6828442       5.89099979    
   17.6995106       5.75400019    
   17.7161770       5.61899996    
   17.7328434       5.48500013    
   17.7495098       5.35300016    
   17.7661762       5.22200012    
   17.7828426       5.09200001    
   17.7995090       4.96400023    
   17.8161755       4.83699989    
   17.8328419       4.71099997    
   17.8495083       4.58699989    
   17.8661747       4.46500015    
   17.8828411       4.34299994    
   17.8995075       4.22300005    
   17.9161739       4.10500002    
   17.9328403       3.98799992    
   17.9495068       3.87199998    
   17.9661732       3.75699997    
   17.9828396       3.64400005    
   17.9995060       3.53299999    
   18.0161724       3.42199993    
   18.0328388       3.31299996    
   18.0495052       3.20600009    
   18.0661716       3.09899998    
   18.0828381       2.99399996    
   18.0995045       2.89100003    
   18.1161709       2.78900003    
   18.1328373       2.68799996    
   18.1495037       2.58800006    
   18.1661701       2.49000001    
   18.1828365       2.39299989    
   18.1995029       2.29699993    
   18.2161694       2.20300007    
   18.2328358       2.10999990    
   18.2495022       2.01900005    
   18.2661686       1.92900002    
   18.2828350       1.84000003    
   18.2995014       1.75300002    
   18.3161678       1.66799998    
   18.3328342       1.58299994    
   18.3495007       1.50100005    
   18.3661671       1.41999996    
   18.3828335       1.34000003    
   18.3994999       1.26199996    
   18.4161663       1.18599999    
   18.4328327       1.11199999    
   18.4494991       1.03900003    
   18.4661655      0.968299985    
   18.4828320      0.899500012    
   18.4994984      0.832700014    
   18.5161648      0.768199980    
   18.5328312      0.705799997    
   18.5494976      0.645799994    
   18.5661640      0.588299990    
   18.5828304      0.533699989    
   18.5994968      0.481999993    
   18.6161633      0.433999985    
   18.6328297      0.377700001    
   18.6494961      0.328999996    
   18.6661625      0.289400011    
   18.6828289      0.257099986    
   18.6994953      0.217399999    
   18.7161617      0.189899996    
   18.7328281      0.158099994    
   18.7494946      0.131799996    
   18.7661610      0.109200001    
   18.7828274       8.95399973E-02
   18.7994938       7.27299973E-02
   18.8161602       5.88999987E-02
   18.8328266       4.76999991E-02
   18.8494930       3.69100012E-02
   18.8661594       2.93700006E-02
   18.8828259       2.27000006E-02
   18.8994923       1.74499992E-02
   18.9161587       1.33800004E-02
   18.9328251       1.02100000E-02
   18.9494915       7.74300005E-03
   18.9661579       5.85100008E-03
   18.9828243       4.30699997E-03
   18.9994907       3.16300010E-03
   19.0161572       2.26500002E-03
   19.0328236       1.61599996E-03
   19.0494900       1.10200001E-03
   19.0661564       7.34800007E-04
   19.0828228       4.74700006E-04
   19.0994892       2.92300014E-04
   19.1161556       1.61499993E-04
   19.1328220       7.10300010E-05
   19.1494884       2.06500008E-05
   19.1661549       2.15499995E-06
   19.1828213       1.51199995E-08
   19.1994877       4.50399995E-11
   19.2161541       3.17900003E-14
   19.2328205       4.07099999E-18
   19.2494869       7.85900027E-40
   19.2661533       0.00000000    
   19.2828197       0.00000000    
   19.2994862       0.00000000    
   19.3161526       0.00000000    
   19.3328190       0.00000000    
   19.3494854       0.00000000    
   19.3661518       0.00000000    
   19.3828182       0.00000000    
   19.3994846       0.00000000    
   19.4161510       0.00000000    
   19.4328175       0.00000000    
   19.4494839       0.00000000    
   19.4661503       0.00000000    
   19.4828167       0.00000000    
   19.4994831       0.00000000    
   19.5161495       0.00000000    
   19.5328159       0.00000000    
   19.5494823       0.00000000    
   19.5661488       0.00000000    
   19.5828152       0.00000000    
   19.5994816       0.00000000    
   19.6161480       0.00000000    
   19.6328144       0.00000000    
   19.6494808       0.00000000    
   19.6661472       0.00000000    
   19.6828136       0.00000000    
   19.6994801       0.00000000    
   19.7161465       0.00000000    
   19.7328129       0.00000000    
   19.7494793       0.00000000    
   19.7661457       0.00000000    
   19.7828121       0.00000000    
   19.7994785       0.00000000    
   19.8161449       0.00000000    
   19.8328114       0.00000000    
   19.8494778       0.00000000    
   19.8661442       0.00000000    
   19.8828106       0.00000000    
   19.8994770       0.00000000    
   19.9161434       0.00000000    
   19.9328098       0.00000000    
   19.9494762       0.00000000    
   19.9661427       0.00000000    
   19.9828091       0.00000000    
   19.9994755       0.00000000    
   20.0161419       0.00000000    
   20.0328083       0.00000000    
   20.0494747       0.00000000    
   20.0661411       0.00000000    
   20.0828075       0.00000000    
   20.0994740       0.00000000    
   20.1161404       0.00000000    
   20.1328068       0.00000000    
   20.1494732       0.00000000    
   20.1661396       0.00000000    
   20.1828060       0.00000000    
   20.1994724       0.00000000    
   20.2161388       0.00000000    
   20.2328053       0.00000000    
   20.2494717       0.00000000    
   20.2661381       0.00000000    
   20.2828045       0.00000000    
   20.2994709       0.00000000    
   20.3161373       0.00000000    
   20.3328037       0.00000000    
   20.3494701       0.00000000    
   20.3661366       0.00000000    
   20.3828030       0.00000000    
   20.3994694       0.00000000    
   20.4161358       0.00000000    
   20.4328022       0.00000000    
   20.4494686       0.00000000    
   20.4661350       0.00000000    
   20.4828014       0.00000000    
   20.4994678       0.00000000    
   20.5161343       0.00000000    
   20.5328007       0.00000000    
   20.5494671       0.00000000    
   20.5661335       0.00000000    
   20.5827999       0.00000000    
   20.5994663       0.00000000    
   20.6161327       0.00000000    
   20.6327991       0.00000000    
   20.6494656       0.00000000    
   20.6661320       0.00000000    
   20.6827984       0.00000000    
   20.6994648       0.00000000    
   20.7161312       0.00000000    
   20.7327976       0.00000000    
   20.7494640       0.00000000    
   20.7661304       0.00000000    
   20.7827969       0.00000000    
   20.7994633       0.00000000    
   20.8161297       0.00000000    
   20.8327961       0.00000000    
   20.8494625       0.00000000    
   20.8661289       0.00000000    
   20.8827953       0.00000000    
   20.8994617       0.00000000    
   20.9161282       0.00000000    
   20.9327946       0.00000000    
   20.9494610       0.00000000    
   20.9661274       0.00000000    
   20.9827938       0.00000000    
   20.9994602       0.00000000    
   21.0161266       0.00000000    
   21.0327930       0.00000000    
   21.0494595       0.00000000    
   21.0661259       0.00000000    
   21.0827923       0.00000000    
   21.0994587       0.00000000    
   21.1161251       0.00000000    
   21.1327915       0.00000000    
   21.1494579       0.00000000    
   21.1661243       0.00000000    
   21.1827908       0.00000000    
   21.1994572       0.00000000    
   21.2161236       0.00000000    
   21.2327900       0.00000000    
   21.2494564       0.00000000    
   21.2661228       0.00000000    
   21.2827892       0.00000000    
   21.2994556       0.00000000    
   21.3161221       0.00000000    
   21.3327885       0.00000000    
   21.3494549       0.00000000    
   21.3661213       0.00000000    
   21.3827877       0.00000000    
   21.3994541       0.00000000    
   21.4161205       0.00000000    
   21.4327869       0.00000000    
   21.4494534       0.00000000    
   21.4661198       0.00000000    
   21.4827862       0.00000000    
   21.4994526       0.00000000    
   21.5161190       0.00000000    
   21.5327854       0.00000000    
   21.5494518       0.00000000    
   21.5661182       0.00000000    
   21.5827847       0.00000000    
   21.5994511       0.00000000    
   21.6161175       0.00000000    
   21.6327839       0.00000000    
   21.6494503       0.00000000    
   21.6661167       0.00000000    
   21.6827831       0.00000000    
   21.6994495       0.00000000    
   21.7161160       0.00000000    
   21.7327824       0.00000000    
   21.7494488       0.00000000    
   21.7661152       0.00000000    
   21.7827816       0.00000000    
   21.7994480       0.00000000    
   21.8161144       0.00000000    
   21.8327808       0.00000000    
   21.8494473       0.00000000    
   21.8661137       0.00000000    
   21.8827801       0.00000000    
   21.8994465       0.00000000    
   21.9161129       0.00000000    
   21.9327793       0.00000000    
   21.9494457       0.00000000    
   21.9661121       0.00000000    
   21.9827785       0.00000000    
   21.9994450       0.00000000    
   22.0161114       0.00000000    
   22.0327778       0.00000000    
   22.0494442       0.00000000    
   22.0661106       0.00000000    
   22.0827770       0.00000000    
   22.0994434       0.00000000    
   22.1161098       0.00000000    
   22.1327763       0.00000000    
   22.1494427       0.00000000    
   22.1661091       0.00000000    
   22.1827755       0.00000000    
   22.1994419       0.00000000    
   22.2161083       0.00000000    
   22.2327747       0.00000000    
   22.2494411       0.00000000    
   22.2661076       0.00000000    
   22.2827740       0.00000000    
   22.2994404       0.00000000    
   22.3161068       0.00000000    
   22.3327732       0.00000000    
   22.3494396       0.00000000    
   22.3661060       0.00000000    
   22.3827724       0.00000000    
   22.3994389       0.00000000    
   22.4161053       0.00000000    
   22.4327717       0.00000000    
   22.4494381       0.00000000    
   22.4661045       0.00000000    
   22.4827709       0.00000000    
   22.4994373       0.00000000    
   22.5161037       0.00000000    
   22.5327702       0.00000000    
   22.5494366       0.00000000    
   22.5661030       0.00000000    
   22.5827694       0.00000000    
   22.5994358       0.00000000    
   22.6161022       0.00000000    
   22.6327686       0.00000000    
   22.6494350       0.00000000    
   22.6661015       0.00000000    
   22.6827679       0.00000000    
   22.6994343       0.00000000    
   22.7161007       0.00000000    
   22.7327671       0.00000000    
   22.7494335       0.00000000    
   22.7660999       0.00000000    
   22.7827663       0.00000000    
   22.7994328       0.00000000    
   22.8160992       0.00000000    
   22.8327656       0.00000000    
   22.8494320       0.00000000    
   22.8660984       0.00000000    
   22.8827648       0.00000000    
   22.8994312       0.00000000    
   22.9160976       0.00000000    
   22.9327641       0.00000000    
   22.9494305       0.00000000    
   22.9660969       0.00000000    
   22.9827633       0.00000000    
   22.9994297       0.00000000    
   23.0160961       0.00000000    
   23.0327625       0.00000000    
   23.0494289       0.00000000    
   23.0660954       0.00000000    
   23.0827618       0.00000000    
   23.0994282       0.00000000    
   23.1160946       0.00000000    
   23.1327610       0.00000000    
   23.1494274       0.00000000    
   23.1660938       0.00000000    
   23.1827602       0.00000000    
   23.1994267       0.00000000    
   23.2160931       0.00000000    
   23.2327595       0.00000000    
   23.2494259       0.00000000    
   23.2660923       0.00000000    
   23.2827587       0.00000000    
   23.2994251       0.00000000    
   23.3160915       0.00000000    
   23.3327579       0.00000000    
   23.3494244       0.00000000    
   23.3660908       0.00000000    
   23.3827572       0.00000000    
   23.3994236       0.00000000    
   23.4160900       0.00000000    
   23.4327564       0.00000000    
   23.4494228       0.00000000    
   23.4660892       0.00000000    
   23.4827557       0.00000000    
   23.4994221       0.00000000    
   23.5160885       0.00000000    
   23.5327549       0.00000000    
   23.5494213       0.00000000    
   23.5660877       0.00000000    
   23.5827541       0.00000000    
   23.5994205       0.00000000    
   23.6160870       0.00000000    
   23.6327534       0.00000000    
   23.6494198       0.00000000    
   23.6660862       0.00000000    
   23.6827526       0.00000000    
   23.6994190       0.00000000    
   23.7160854       0.00000000    
   23.7327518       0.00000000    
   23.7494183       0.00000000    
   23.7660847       0.00000000    
   23.7827511       0.00000000    
   23.7994175       0.00000000    
   23.8160839       0.00000000    
   23.8327503       0.00000000    
   23.8494167       0.00000000    
   23.8660831       0.00000000    
   23.8827496       0.00000000    
   23.8994160       0.00000000    
   23.9160824       0.00000000    
   23.9327488       0.00000000    
   23.9494152       0.00000000    
   23.9660816       0.00000000    
   23.9827480       0.00000000    
