   0.00000000       0.00000000    
   1.66660007E-02   0.00000000    
   3.33320014E-02   0.00000000    
   4.99980003E-02   0.00000000    
   6.66640028E-02   0.00000000    
   8.33300054E-02   0.00000000    
   9.99960080E-02   0.00000000    
  0.116662011       0.00000000    
  0.133328006       0.00000000    
  0.149994001       0.00000000    
  0.166659996       0.00000000    
  0.183325991       0.00000000    
  0.199991986       0.00000000    
  0.216657981       0.00000000    
  0.233323976       0.00000000    
  0.249989972       0.00000000    
  0.266655982       0.00000000    
  0.283321977       0.00000000    
  0.299987972       0.00000000    
  0.316653967       0.00000000    
  0.333319962       0.00000000    
  0.349985957       0.00000000    
  0.366651952       0.00000000    
  0.383317947       0.00000000    
  0.399983943       0.00000000    
  0.416649938       0.00000000    
  0.433315933       0.00000000    
  0.449981928       0.00000000    
  0.466647923       0.00000000    
  0.483313918       0.00000000    
  0.499979913       0.00000000    
  0.516645908       0.00000000    
  0.533311903       0.00000000    
  0.549977899       0.00000000    
  0.566643894       0.00000000    
  0.583309889       0.00000000    
  0.599975884       0.00000000    
  0.616641879       0.00000000    
  0.633307874       0.00000000    
  0.649973869       0.00000000    
  0.666639864       0.00000000    
  0.683305860       0.00000000    
  0.699971855       0.00000000    
  0.716637850       0.00000000    
  0.733303845       0.00000000    
  0.749969840       0.00000000    
  0.766635835       0.00000000    
  0.783301830       0.00000000    
  0.799967825       0.00000000    
  0.816633821       0.00000000    
  0.833299816       0.00000000    
  0.849965811       0.00000000    
  0.866631806       0.00000000    
  0.883297801       0.00000000    
  0.899963796       0.00000000    
  0.916629791       0.00000000    
  0.933295786       0.00000000    
  0.949961782       0.00000000    
  0.966627777       0.00000000    
  0.983293772       0.00000000    
  0.999959767       0.00000000    
   1.01662576       0.00000000    
   1.03329182       0.00000000    
   1.04995787       0.00000000    
   1.06662393       0.00000000    
   1.08328998       0.00000000    
   1.09995604       0.00000000    
   1.11662209       0.00000000    
   1.13328815       0.00000000    
   1.14995420       0.00000000    
   1.16662025       0.00000000    
   1.18328631       0.00000000    
   1.19995236       0.00000000    
   1.21661842       0.00000000    
   1.23328447       0.00000000    
   1.24995053       0.00000000    
   1.26661658       0.00000000    
   1.28328264       0.00000000    
   1.29994869       0.00000000    
   1.31661475       0.00000000    
   1.33328080       0.00000000    
   1.34994686       0.00000000    
   1.36661291       0.00000000    
   1.38327897       0.00000000    
   1.39994502       0.00000000    
   1.41661108       0.00000000    
   1.43327713       0.00000000    
   1.44994318       0.00000000    
   1.46660924       0.00000000    
   1.48327529       0.00000000    
   1.49994135       0.00000000    
   1.51660740       0.00000000    
   1.53327346       0.00000000    
   1.54993951       0.00000000    
   1.56660557       0.00000000    
   1.58327162       0.00000000    
   1.59993768       0.00000000    
   1.61660373       0.00000000    
   1.63326979       0.00000000    
   1.64993584       0.00000000    
   1.66660190       0.00000000    
   1.68326795       0.00000000    
   1.69993401       0.00000000    
   1.71660006       0.00000000    
   1.73326612       0.00000000    
   1.74993217       0.00000000    
   1.76659822       0.00000000    
   1.78326428       0.00000000    
   1.79993033       0.00000000    
   1.81659639       0.00000000    
   1.83326244       0.00000000    
   1.84992850       0.00000000    
   1.86659455       0.00000000    
   1.88326061       0.00000000    
   1.89992666       0.00000000    
   1.91659272       0.00000000    
   1.93325877       0.00000000    
   1.94992483       0.00000000    
   1.96659088       0.00000000    
   1.98325694       0.00000000    
   1.99992299       0.00000000    
   2.01658893       0.00000000    
   2.03325486       0.00000000    
   2.04992080       0.00000000    
   2.06658673       0.00000000    
   2.08325267       0.00000000    
   2.09991860       0.00000000    
   2.11658454       0.00000000    
   2.13325047       0.00000000    
   2.14991641       0.00000000    
   2.16658235       0.00000000    
   2.18324828       0.00000000    
   2.19991422       0.00000000    
   2.21658015       0.00000000    
   2.23324609       0.00000000    
   2.24991202       0.00000000    
   2.26657796       0.00000000    
   2.28324389       0.00000000    
   2.29990983       0.00000000    
   2.31657577       0.00000000    
   2.33324170       0.00000000    
   2.34990764       0.00000000    
   2.36657357       0.00000000    
   2.38323951       0.00000000    
   2.39990544       0.00000000    
   2.41657138       0.00000000    
   2.43323731       0.00000000    
   2.44990325       0.00000000    
   2.46656919       0.00000000    
   2.48323512       0.00000000    
   2.49990106       0.00000000    
   2.51656699       0.00000000    
   2.53323293       0.00000000    
   2.54989886       0.00000000    
   2.56656480       0.00000000    
   2.58323073       0.00000000    
   2.59989667       0.00000000    
   2.61656260       0.00000000    
   2.63322854       0.00000000    
   2.64989448       0.00000000    
   2.66656041       0.00000000    
   2.68322635       0.00000000    
   2.69989228       0.00000000    
   2.71655822       0.00000000    
   2.73322415       0.00000000    
   2.74989009       0.00000000    
   2.76655602       0.00000000    
   2.78322196       0.00000000    
   2.79988790       0.00000000    
   2.81655383       0.00000000    
   2.83321977       0.00000000    
   2.84988570       0.00000000    
   2.86655164       0.00000000    
   2.88321757       0.00000000    
   2.89988351       0.00000000    
   2.91654944       0.00000000    
   2.93321538       0.00000000    
   2.94988132       0.00000000    
   2.96654725       0.00000000    
   2.98321319       0.00000000    
   2.99987912       0.00000000    
   3.01654506       0.00000000    
   3.03321099       0.00000000    
   3.04987693       0.00000000    
   3.06654286       0.00000000    
   3.08320880       0.00000000    
   3.09987473       0.00000000    
   3.11654067       0.00000000    
   3.13320661       0.00000000    
   3.14987254       0.00000000    
   3.16653848       0.00000000    
   3.18320441       0.00000000    
   3.19987035       0.00000000    
   3.21653628       0.00000000    
   3.23320222       0.00000000    
   3.24986815       0.00000000    
   3.26653409       0.00000000    
   3.28320003       0.00000000    
   3.29986596       0.00000000    
   3.31653190       0.00000000    
   3.33319783       0.00000000    
   3.34986377       0.00000000    
   3.36652970       0.00000000    
   3.38319564       0.00000000    
   3.39986157       0.00000000    
   3.41652751       0.00000000    
   3.43319345       0.00000000    
   3.44985938       0.00000000    
   3.46652532       0.00000000    
   3.48319125       0.00000000    
   3.49985719       0.00000000    
   3.51652312       0.00000000    
   3.53318906       0.00000000    
   3.54985499       0.00000000    
   3.56652093       0.00000000    
   3.58318686       0.00000000    
   3.59985280       0.00000000    
   3.61651874       0.00000000    
   3.63318467       0.00000000    
   3.64985061       0.00000000    
   3.66651654       0.00000000    
   3.68318248       0.00000000    
   3.69984841       0.00000000    
   3.71651435       0.00000000    
   3.73318028       0.00000000    
   3.74984622       0.00000000    
   3.76651216       0.00000000    
   3.78317809       0.00000000    
   3.79984403       0.00000000    
   3.81650996       0.00000000    
   3.83317590       0.00000000    
   3.84984183       0.00000000    
   3.86650777       0.00000000    
   3.88317370       0.00000000    
   3.89983964       0.00000000    
   3.91650558       0.00000000    
   3.93317151       0.00000000    
   3.94983745       0.00000000    
   3.96650338       0.00000000    
   3.98316932       0.00000000    
   3.99983525       0.00000000    
   4.01650143       0.00000000    
   4.03316736       0.00000000    
   4.04983330       0.00000000    
   4.06649923       0.00000000    
   4.08316517       0.00000000    
   4.09983110       0.00000000    
   4.11649704       0.00000000    
   4.13316298       0.00000000    
   4.14982891       0.00000000    
   4.16649485       0.00000000    
   4.18316078       0.00000000    
   4.19982672       0.00000000    
   4.21649265       0.00000000    
   4.23315859       0.00000000    
   4.24982452       0.00000000    
   4.26649046       0.00000000    
   4.28315639       0.00000000    
   4.29982233       0.00000000    
   4.31648827       0.00000000    
   4.33315420       0.00000000    
   4.34982014       0.00000000    
   4.36648607       0.00000000    
   4.38315201       0.00000000    
   4.39981794       0.00000000    
   4.41648388       0.00000000    
   4.43314981       0.00000000    
   4.44981575       0.00000000    
   4.46648169       0.00000000    
   4.48314762       0.00000000    
   4.49981356       0.00000000    
   4.51647949       0.00000000    
   4.53314543       0.00000000    
   4.54981136       0.00000000    
   4.56647730       0.00000000    
   4.58314323       0.00000000    
   4.59980917       0.00000000    
   4.61647511       0.00000000    
   4.63314104       0.00000000    
   4.64980698       0.00000000    
   4.66647291       0.00000000    
   4.68313885       0.00000000    
   4.69980478       0.00000000    
   4.71647072       0.00000000    
   4.73313665       0.00000000    
   4.74980259       0.00000000    
   4.76646852       0.00000000    
   4.78313446       0.00000000    
   4.79980040       0.00000000    
   4.81646633       0.00000000    
   4.83313227       0.00000000    
   4.84979820       0.00000000    
   4.86646414       0.00000000    
   4.88313007       0.00000000    
   4.89979601       0.00000000    
   4.91646194       0.00000000    
   4.93312788       0.00000000    
   4.94979382       0.00000000    
   4.96645975       0.00000000    
   4.98312569       0.00000000    
   4.99979162       0.00000000    
   5.01645756       0.00000000    
   5.03312349       0.00000000    
   5.04978943       0.00000000    
   5.06645536       0.00000000    
   5.08312130       0.00000000    
   5.09978724       0.00000000    
   5.11645317       0.00000000    
   5.13311911       0.00000000    
   5.14978504       0.00000000    
   5.16645098       0.00000000    
   5.18311691       0.00000000    
   5.19978285       0.00000000    
   5.21644878       0.00000000    
   5.23311472       0.00000000    
   5.24978065       0.00000000    
   5.26644659       0.00000000    
   5.28311253       0.00000000    
   5.29977846       0.00000000    
   5.31644440       0.00000000    
   5.33311033       0.00000000    
   5.34977627       0.00000000    
   5.36644220       0.00000000    
   5.38310814       0.00000000    
   5.39977407       0.00000000    
   5.41644001       0.00000000    
   5.43310595       0.00000000    
   5.44977188       0.00000000    
   5.46643782       0.00000000    
   5.48310375       0.00000000    
   5.49976969       0.00000000    
   5.51643562       0.00000000    
   5.53310156       0.00000000    
   5.54976749       0.00000000    
   5.56643343       0.00000000    
   5.58309937       0.00000000    
   5.59976530       0.00000000    
   5.61643124       0.00000000    
   5.63309717       0.00000000    
   5.64976311       0.00000000    
   5.66642904       0.00000000    
   5.68309498       0.00000000    
   5.69976091       0.00000000    
   5.71642685       0.00000000    
   5.73309278       0.00000000    
   5.74975872       0.00000000    
   5.76642466       0.00000000    
   5.78309059       0.00000000    
   5.79975653       0.00000000    
   5.81642246       0.00000000    
   5.83308840       0.00000000    
   5.84975433       0.00000000    
   5.86642027       0.00000000    
   5.88308620       0.00000000    
   5.89975214       0.00000000    
   5.91641808       0.00000000    
   5.93308401       0.00000000    
   5.94974995       0.00000000    
   5.96641588       0.00000000    
   5.98308182       0.00000000    
   5.99974775       0.00000000    
   6.01641369       0.00000000    
   6.03307962       0.00000000    
   6.04974556       0.00000000    
   6.06641150       0.00000000    
   6.08307743       0.00000000    
   6.09974337       0.00000000    
   6.11640930       0.00000000    
   6.13307524       0.00000000    
   6.14974117       0.00000000    
   6.16640711       0.00000000    
   6.18307304       0.00000000    
   6.19973898       0.00000000    
   6.21640491       0.00000000    
   6.23307085       0.00000000    
   6.24973679       0.00000000    
   6.26640272       0.00000000    
   6.28306866       0.00000000    
   6.29973459       0.00000000    
   6.31640053       0.00000000    
   6.33306646       1.74300003E-22
   6.34973240       2.34199998E-18
   6.36639833       4.43799990E-15
   6.38306427       2.00100006E-12
   6.39973021       4.96399977E-10
   6.41639614       7.13799997E-09
   6.43306208       3.39400010E-08
   6.44972801       8.93500030E-08
   6.46639395       1.88399994E-07
   6.48305988       3.64199991E-07
   6.49972582       6.70500015E-07
   6.51639175       1.16199999E-06
   6.53305769       1.89299999E-06
   6.54972363       2.91400011E-06
   6.56638956       4.27099985E-06
   6.58305550       5.95399979E-06
   6.59972143       8.16400006E-06
   6.61638737       1.11400004E-05
   6.63305330       1.46700004E-05
   6.64971924       1.91399995E-05
   6.66638517       2.47200005E-05
   6.68305111       3.17000013E-05
   6.69971704       3.92699985E-05
   6.71638298       4.92600011E-05
   6.73304892       6.05499990E-05
   6.74971485       7.48199964E-05
   6.76638079       8.99799998E-05
   6.78304672       1.07899999E-04
   6.79971266       1.28700005E-04
   6.81637859       1.52399996E-04
   6.83304453       1.79800001E-04
   6.84971046       2.12600004E-04
   6.86637640       2.40199995E-04
   6.88304234       2.81099987E-04
   6.89970827       3.14400007E-04
   6.91637421       3.54699994E-04
   6.93304014       4.03899990E-04
   6.94970608       4.61899996E-04
   6.96637201       5.12099999E-04
   6.98303795       5.66300005E-04
   6.99970388       6.24299981E-04
   7.01636982       6.85699983E-04
   7.03303576       7.50300009E-04
   7.04970169       8.18300003E-04
   7.06636763       8.89500021E-04
   7.08303356       9.64100007E-04
   7.09969950       1.04200002E-03
   7.11636543       1.12300005E-03
   7.13303137       1.20699999E-03
   7.14969730       1.29399996E-03
   7.16636324       1.38399994E-03
   7.18302917       1.47899997E-03
   7.19969511       1.57600001E-03
   7.21636105       1.67599996E-03
   7.23302698       1.78000005E-03
   7.24969292       1.88700005E-03
   7.26635885       1.99800008E-03
   7.28302479       2.11300002E-03
   7.29969072       2.23099999E-03
   7.31635666       2.35199998E-03
   7.33302259       2.47700000E-03
   7.34968853       2.60600005E-03
   7.36635447       2.73899990E-03
   7.38302040       2.87500001E-03
   7.39968634       3.01499991E-03
   7.41635227       3.16000008E-03
   7.43301821       3.30800004E-03
   7.44968414       3.46000004E-03
   7.46635008       3.61700007E-03
   7.48301601       3.77799990E-03
   7.49968195       3.94299999E-03
   7.51634789       4.11200011E-03
   7.53301382       4.28499980E-03
   7.54967976       4.46400000E-03
   7.56634569       4.64700023E-03
   7.58301163       4.83400002E-03
   7.59967756       5.02600009E-03
   7.61634350       5.22299996E-03
   7.63300943       5.42500010E-03
   7.64967537       5.63200004E-03
   7.66634130       5.84399980E-03
   7.68300724       6.06000004E-03
   7.69967318       6.28199987E-03
   7.71633911       6.50899997E-03
   7.73300505       6.74200011E-03
   7.74967098       6.98000006E-03
   7.76633692       7.22299982E-03
   7.78300285       7.47200008E-03
   7.79966879       7.72699993E-03
   7.81633472       7.98700005E-03
   7.83300066       8.25299975E-03
   7.84966660       8.52499995E-03
   7.86633253       8.80299974E-03
   7.88299847       9.08700004E-03
   7.89966440       9.37599968E-03
   7.91633034       9.67200007E-03
   7.93299627       9.97500028E-03
   7.94966221       1.02800000E-02
   7.96632814       1.05999997E-02
   7.98299408       1.09200003E-02
   7.99966002       1.12500004E-02
   8.01632595       1.15799997E-02
   8.03299236       1.19200004E-02
   8.04965878       1.22699998E-02
   8.06632519       1.26299998E-02
   8.08299160       1.29899997E-02
   8.09965801       1.33600002E-02
   8.11632442       1.37299998E-02
   8.13299084       1.41200004E-02
   8.14965725       1.44999996E-02
   8.16632366       1.48999998E-02
   8.18299007       1.53099997E-02
   8.19965649       1.57200005E-02
   8.21632290       1.61400009E-02
   8.23298931       1.65599994E-02
   8.24965572       1.70000009E-02
   8.26632214       1.74400005E-02
   8.28298855       1.78900007E-02
   8.29965496       1.83499996E-02
   8.31632137       1.88100003E-02
   8.33298779       1.92799997E-02
   8.34965420       1.97599996E-02
   8.36632061       2.02500001E-02
   8.38298702       2.07400005E-02
   8.39965343       2.12500002E-02
   8.41631985       2.17599999E-02
   8.43298626       2.22800002E-02
   8.44965267       2.28100009E-02
   8.46631908       2.33399998E-02
   8.48298550       2.38899998E-02
   8.49965191       2.44399998E-02
   8.51631832       2.50000004E-02
   8.53298473       2.55699996E-02
   8.54965115       2.61499994E-02
   8.56631756       2.67299991E-02
   8.58298397       2.73300000E-02
   8.59965038       2.79300008E-02
   8.61631680       2.85400003E-02
   8.63298321       2.91600004E-02
   8.64964962       2.97899991E-02
   8.66631603       3.04199997E-02
   8.68298244       3.10699996E-02
   8.69964886       3.17200013E-02
   8.71631527       3.23799998E-02
   8.73298168       3.30500007E-02
   8.74964809       3.37300003E-02
   8.76631451       3.44199985E-02
   8.78298092       3.51100005E-02
   8.79964733       3.58100012E-02
   8.81631374       3.65299992E-02
   8.83298016       3.72500010E-02
   8.84964657       3.79699990E-02
   8.86631298       3.87100019E-02
   8.88297939       3.94599997E-02
   8.89964581       4.02100012E-02
   8.91631222       4.09700014E-02
   8.93297863       4.17499989E-02
   8.94964504       4.25200015E-02
   8.96631145       4.33100015E-02
   8.98297787       4.41100001E-02
   8.99964428       4.49099988E-02
   9.01631069       4.57299985E-02
   9.03297710       4.65499982E-02
   9.04964352       4.73800004E-02
   9.06630993       4.82099988E-02
   9.08297634       4.90599982E-02
   9.09964275       4.99100015E-02
   9.11630917       5.07699996E-02
   9.13297558       5.16400002E-02
   9.14964199       5.25199994E-02
   9.16630840       5.34100011E-02
   9.18297482       5.42999990E-02
   9.19964123       5.51999994E-02
   9.21630764       5.61099984E-02
   9.23297405       5.70299998E-02
   9.24964046       5.79500012E-02
   9.26630688       5.88800013E-02
   9.28297329       5.98200001E-02
   9.29963970       6.07700013E-02
   9.31630611       6.17199987E-02
   9.33297253       6.26899973E-02
   9.34963894       6.36600032E-02
   9.36630535       6.46300018E-02
   9.38297176       6.56199977E-02
   9.39963818       6.66100010E-02
   9.41630459       6.75999969E-02
   9.43297100       6.86099976E-02
   9.44963741       6.96199983E-02
   9.46630383       7.06399977E-02
   9.48297024       7.16700032E-02
   9.49963665       7.27000013E-02
   9.51630306       7.37399980E-02
   9.53296947       7.47800022E-02
   9.54963589       7.58299977E-02
   9.56630230       7.68899992E-02
   9.58296871       7.79500008E-02
   9.59963512       7.90200010E-02
   9.61630154       8.00999999E-02
   9.63296795       8.11700001E-02
   9.64963436       8.22599977E-02
   9.66630077       8.33500028E-02
   9.68296719       8.44499990E-02
   9.69963360       8.55500028E-02
   9.71630001       8.66800025E-02
   9.73296642       8.77899975E-02
   9.74963284       8.89099985E-02
   9.76629925       9.00399983E-02
   9.78296566       9.11699980E-02
   9.79963207       9.23099965E-02
   9.81629848       9.34299976E-02
   9.83296490       9.45900008E-02
   9.84963131       9.57299992E-02
   9.86629772       9.68900025E-02
   9.88296413       9.80499983E-02
   9.89963055       9.92200002E-02
   9.91629696      0.100400001    
   9.93296337      0.101599999    
   9.94962978      0.102700002    
   9.96629620      0.103900000    
   9.98296261      0.105099998    
   9.99962902      0.106299996    
   10.0162954      0.107500002    
   10.0329618      0.108700000    
   10.0496283      0.109800003    
   10.0662947      0.111000001    
   10.0829611      0.112199999    
   10.0996275      0.113499999    
   10.1162939      0.114699997    
   10.1329603      0.115900002    
   10.1496267      0.117100000    
   10.1662931      0.118299998    
   10.1829596      0.119499996    
   10.1996260      0.120700002    
   10.2162924      0.121900000    
   10.2329588      0.123199999    
   10.2496252      0.124399997    
   10.2662916      0.125599995    
   10.2829580      0.126800001    
   10.2996244      0.128099993    
   10.3162909      0.129299998    
   10.3329573      0.130500004    
   10.3496237      0.131799996    
   10.3662901      0.133000001    
   10.3829565      0.134200007    
   10.3996229      0.135399997    
   10.4162893      0.136700004    
   10.4329557      0.137899995    
   10.4496222      0.139100000    
   10.4662886      0.140400007    
   10.4829550      0.141599998    
   10.4996214      0.142800003    
   10.5162878      0.143999994    
   10.5329542      0.145300001    
   10.5496206      0.146500006    
   10.5662870      0.147699997    
   10.5829535      0.149000004    
   10.5996199      0.150199994    
   10.6162863      0.151400000    
   10.6329527      0.152600005    
   10.6496191      0.153799996    
   10.6662855      0.155000001    
   10.6829519      0.156200007    
   10.6996183      0.157499999    
   10.7162848      0.158700004    
   10.7329512      0.159899995    
   10.7496176      0.161100000    
   10.7662840      0.162100002    
   10.7829504      0.163499996    
   10.7996168      0.164700001    
   10.8162832      0.165900007    
   10.8329496      0.167099997    
   10.8496161      0.168300003    
   10.8662825      0.169400007    
   10.8829489      0.170599997    
   10.8996153      0.171800002    
   10.9162817      0.172900006    
   10.9329481      0.174099997    
   10.9496145      0.175300002    
   10.9662809      0.176400006    
   10.9829473      0.177499995    
   10.9996138      0.178700000    
   11.0162802      0.179900005    
   11.0329466      0.180999994    
   11.0496130      0.182099998    
   11.0662794      0.183300003    
   11.0829458      0.184300005    
   11.0996122      0.185499996    
   11.1162786      0.186600000    
   11.1329451      0.187700003    
   11.1496115      0.188800007    
   11.1662779      0.189899996    
   11.1829443      0.190899998    
   11.1996107      0.192000002    
   11.2162771      0.193100005    
   11.2329435      0.194199994    
   11.2496099      0.195199996    
   11.2662764      0.196300000    
   11.2829428      0.197300002    
   11.2996092      0.198300004    
   11.3162756      0.199399993    
   11.3329420      0.200399995    
   11.3496084      0.201399997    
   11.3662748      0.202399999    
   11.3829412      0.203400001    
   11.3996077      0.204400003    
   11.4162741      0.205400005    
   11.4329405      0.206400007    
   11.4496069      0.207300007    
   11.4662733      0.208299994    
   11.4829397      0.209199995    
   11.4996061      0.210199997    
   11.5162725      0.211099997    
   11.5329390      0.211999997    
   11.5496054      0.212899998    
   11.5662718      0.213799998    
   11.5829382      0.214699998    
   11.5996046      0.215599999    
   11.6162710      0.216499999    
   11.6329374      0.217299998    
   11.6496038      0.218199998    
   11.6662703      0.218999997    
   11.6829367      0.219899997    
   11.6996031      0.220699996    
   11.7162695      0.221499994    
   11.7329359      0.222299993    
   11.7496023      0.223100007    
   11.7662687      0.223900005    
   11.7829351      0.224700004    
   11.7996016      0.225400001    
   11.8162680      0.226199999    
   11.8329344      0.226899996    
   11.8496008      0.227699995    
   11.8662672      0.228300005    
   11.8829336      0.229100004    
   11.8996000      0.229800001    
   11.9162664      0.230399996    
   11.9329329      0.231000006    
   11.9495993      0.231800005    
   11.9662657      0.232500002    
   11.9829321      0.233099997    
   11.9995985      0.233500004    
   12.0162649      0.234300002    
   12.0329313      0.234899998    
   12.0495977      0.235499993    
   12.0662642      0.236100003    
   12.0829306      0.236699998    
   12.0995970      0.237200007    
   12.1162634      0.237700000    
   12.1329298      0.238299996    
   12.1495962      0.238800004    
   12.1662626      0.239299998    
   12.1829290      0.239800006    
   12.1995955      0.240199998    
   12.2162619      0.240600005    
   12.2329283      0.241200000    
   12.2495947      0.241699994    
   12.2662611      0.242100000    
   12.2829275      0.242500007    
   12.2995939      0.242899999    
   12.3162603      0.243200004    
   12.3329268      0.243699998    
   12.3495932      0.244000003    
   12.3662596      0.244399995    
   12.3829260      0.244700000    
   12.3995924      0.245100006    
   12.4162588      0.245399997    
   12.4329252      0.245700002    
   12.4495916      0.246000007    
   12.4662580      0.246199995    
   12.4829245      0.246500000    
   12.4995909      0.246700004    
   12.5162573      0.246999994    
   12.5329237      0.247199997    
   12.5495901      0.247400001    
   12.5662565      0.247600004    
   12.5829229      0.247799993    
   12.5995893      0.247899994    
   12.6162558      0.248099998    
   12.6329222      0.248199999    
   12.6495886      0.248300001    
   12.6662550      0.248400003    
   12.6829214      0.248500004    
   12.6995878      0.248600006    
   12.7162542      0.248699993    
   12.7329206      0.248799995    
   12.7495871      0.248799995    
   12.7662535      0.248799995    
   12.7829199      0.248799995    
   12.7995863      0.248799995    
   12.8162527      0.248799995    
   12.8329191      0.248799995    
   12.8495855      0.248799995    
   12.8662519      0.248699993    
   12.8829184      0.248600006    
   12.8995848      0.248600006    
   12.9162512      0.248500004    
   12.9329176      0.248300001    
   12.9495840      0.248199999    
   12.9662504      0.248099998    
   12.9829168      0.247899994    
   12.9995832      0.247799993    
   13.0162497      0.247600004    
   13.0329161      0.247400001    
   13.0495825      0.247199997    
   13.0662489      0.246999994    
   13.0829153      0.246800005    
   13.0995817      0.246500000    
   13.1162481      0.246199995    
   13.1329145      0.246000007    
   13.1495810      0.245700002    
   13.1662474      0.245399997    
   13.1829138      0.245100006    
   13.1995802      0.244800001    
   13.2162466      0.244399995    
   13.2329130      0.244100004    
   13.2495794      0.243699998    
   13.2662458      0.243300006    
   13.2829123      0.242899999    
   13.2995787      0.242500007    
   13.3162451      0.242100000    
   13.3329115      0.241699994    
   13.3495779      0.241200000    
   13.3662443      0.240700006    
   13.3829107      0.240300000    
   13.3995771      0.239800006    
   13.4162436      0.239399999    
   13.4329100      0.238800004    
   13.4495764      0.238299996    
   13.4662428      0.237700000    
   13.4829092      0.237299994    
   13.4995756      0.236699998    
   13.5162420      0.236100003    
   13.5329084      0.235599995    
   13.5495749      0.234999999    
   13.5662413      0.234400004    
   13.5829077      0.233500004    
   13.5995741      0.233099997    
   13.6162405      0.232500002    
   13.6329069      0.231800005    
   13.6495733      0.231099993    
   13.6662397      0.230499998    
   13.6829062      0.229800001    
   13.6995726      0.229100004    
   13.7162390      0.228400007    
   13.7329054      0.227699995    
   13.7495718      0.226999998    
   13.7662382      0.226199999    
   13.7829046      0.225400001    
   13.7995710      0.224700004    
   13.8162374      0.223900005    
   13.8329039      0.223199993    
   13.8495703      0.222399995    
   13.8662367      0.221499994    
   13.8829031      0.220799997    
   13.8995695      0.219899997    
   13.9162359      0.218899995    
   13.9329023      0.218300000    
   13.9495687      0.217399999    
   13.9662352      0.216499999    
   13.9829016      0.215700001    
   13.9995680      0.214800000    
   14.0162344      0.213900000    
   14.0329008      0.213000000    
   14.0495672      0.212099999    
   14.0662336      0.211199999    
   14.0829000      0.210199997    
   14.0995665      0.209299996    
   14.1162329      0.208399996    
   14.1328993      0.207399994    
   14.1495657      0.206400007    
   14.1662321      0.205500007    
   14.1828985      0.204500005    
   14.1995649      0.203500003    
   14.2162313      0.202500001    
   14.2328978      0.201499999    
   14.2495642      0.200399995    
   14.2662306      0.199499995    
   14.2828970      0.198400006    
   14.2995634      0.197400004    
   14.3162298      0.196400002    
   14.3328962      0.195299998    
   14.3495626      0.194299996    
   14.3662291      0.193200007    
   14.3828955      0.192100003    
   14.3995619      0.191000000    
   14.4162283      0.189999998    
   14.4328947      0.188899994    
   14.4495611      0.187800005    
   14.4662275      0.186700001    
   14.4828939      0.185599998    
   14.4995604      0.184400007    
   14.5162268      0.183300003    
   14.5328932      0.182200000    
   14.5495596      0.181099996    
   14.5662260      0.179900005    
   14.5828924      0.178800002    
   14.5995588      0.177499995    
   14.6162252      0.176499993    
   14.6328917      0.175400004    
   14.6495581      0.174199998    
   14.6662245      0.172999993    
   14.6828909      0.171900004    
   14.6995573      0.170699999    
   14.7162237      0.169499993    
   14.7328901      0.168300003    
   14.7495565      0.167099997    
   14.7662230      0.165999994    
   14.7828894      0.164700001    
   14.7995558      0.163599998    
   14.8162222      0.162400007    
   14.8328886      0.161200002    
   14.8495550      0.159999996    
   14.8662214      0.158800006    
   14.8828878      0.157600001    
   14.8995543      0.156299993    
   14.9162207      0.155100003    
   14.9328871      0.153899997    
   14.9495535      0.152700007    
   14.9662199      0.151500002    
   14.9828863      0.150299996    
   14.9995527      0.149000004    
   15.0162191      0.147799999    
   15.0328856      0.146599993    
   15.0495520      0.145400003    
   15.0662184      0.144099995    
   15.0828848      0.142900005    
   15.0995512      0.141700000    
   15.1162176      0.140499994    
   15.1328840      0.139200002    
   15.1495504      0.137999997    
   15.1662169      0.136800006    
   15.1828833      0.135499999    
   15.1995497      0.134299994    
   15.2162161      0.133100003    
   15.2328825      0.131799996    
   15.2495489      0.130500004    
   15.2662153      0.129400000    
   15.2828817      0.128199995    
   15.2995481      0.126900002    
   15.3162146      0.125699997    
   15.3328810      0.124499999    
   15.3495474      0.123300001    
   15.3662138      0.122000001    
   15.3828802      0.120800003    
   15.3995466      0.119599998    
   15.4162130      0.118400000    
   15.4328794      0.117200002    
   15.4495459      0.115999997    
   15.4662123      0.114799999    
   15.4828787      0.113499999    
   15.4995451      0.112300001    
   15.5162115      0.111100003    
   15.5328779      0.109899998    
   15.5495443      0.108700000    
   15.5662107      0.107500002    
   15.5828772      0.106299996    
   15.5995436      0.105200000    
   15.6162100      0.104000002    
   15.6328764      0.102799997    
   15.6495428      0.101599999    
   15.6662092      0.100500003    
   15.6828756       9.92899984E-02
   15.6995420       9.81300026E-02
   15.7162085       9.69799981E-02
   15.7328749       9.58300009E-02
   15.7495413       9.46799964E-02
   15.7662077       9.35000032E-02
   15.7828741       9.23900008E-02
   15.7995405       9.12199989E-02
   15.8162069       9.01300013E-02
   15.8328733       8.90000015E-02
   15.8495398       8.78800005E-02
   15.8662062       8.67599994E-02
   15.8828726       8.56499970E-02
   15.8995390       8.45400020E-02
   15.9162054       8.34499970E-02
   15.9328718       8.23500007E-02
   15.9495382       8.12700018E-02
   15.9662046       8.01799968E-02
   15.9828711       7.90999979E-02
   15.9995375       7.80399963E-02
   16.0162029       7.69700035E-02
   16.0328693       7.59100020E-02
   16.0495358       7.48599991E-02
   16.0662022       7.38200024E-02
   16.0828686       7.27799982E-02
   16.0995350       7.17500001E-02
   16.1162014       7.07200021E-02
   16.1328678       6.97000027E-02
   16.1495342       6.86900020E-02
   16.1662006       6.76800013E-02
   16.1828671       6.66899979E-02
   16.1995335       6.57000020E-02
   16.2161999       6.47099987E-02
   16.2328663       6.37300014E-02
   16.2495327       6.27600029E-02
   16.2661991       6.17999993E-02
   16.2828655       6.08499981E-02
   16.2995319       5.99000007E-02
   16.3161983       5.89599982E-02
   16.3328648       5.80300018E-02
   16.3495312       5.71000017E-02
   16.3661976       5.61800003E-02
   16.3828640       5.52700013E-02
   16.3995304       5.43700010E-02
   16.4161968       5.34799993E-02
   16.4328632       5.25900014E-02
   16.4495296       5.17099984E-02
   16.4661961       5.08400016E-02
   16.4828625       4.99799997E-02
   16.4995289       4.91300002E-02
   16.5161953       4.82800007E-02
   16.5328617       4.74399999E-02
   16.5495281       4.66200002E-02
   16.5661945       4.57900017E-02
   16.5828609       4.49800007E-02
   16.5995274       4.41699997E-02
   16.6161938       4.33799997E-02
   16.6328602       4.25899997E-02
   16.6495266       4.18099985E-02
   16.6661930       4.10399996E-02
   16.6828594       4.02799994E-02
   16.6995258       3.95199992E-02
   16.7161922       3.87700014E-02
   16.7328587       3.80400009E-02
   16.7495251       3.73100005E-02
   16.7661915       3.65899988E-02
   16.7828579       3.58700007E-02
   16.7995243       3.51700000E-02
   16.8161907       3.44699994E-02
   16.8328571       3.37899998E-02
   16.8495235       3.31100002E-02
   16.8661900       3.24399993E-02
   16.8828564       3.17800008E-02
   16.8995228       3.11200004E-02
   16.9161892       3.04799993E-02
   16.9328556       2.98400000E-02
   16.9495220       2.92099994E-02
   16.9661884       2.85899993E-02
   16.9828548       2.79799998E-02
   16.9995213       2.73800008E-02
   17.0161877       2.67900005E-02
   17.0328541       2.62000002E-02
   17.0495205       2.56200004E-02
   17.0661869       2.50499994E-02
   17.0828533       2.44900007E-02
   17.0995197       2.39400007E-02
   17.1161861       2.33900007E-02
   17.1328526       2.28599999E-02
   17.1495190       2.23299991E-02
   17.1661854       2.18100008E-02
   17.1828518       2.12900005E-02
   17.1995182       2.07899995E-02
   17.2161846       2.02900004E-02
   17.2328510       1.97999999E-02
   17.2495174       1.93200000E-02
   17.2661839       1.88500006E-02
   17.2828503       1.83899999E-02
   17.2995167       1.79299992E-02
   17.3161831       1.74800009E-02
   17.3328495       1.70399994E-02
   17.3495159       1.65999997E-02
   17.3661823       1.61700007E-02
   17.3828487       1.57600008E-02
   17.3995152       1.53400004E-02
   17.4161816       1.49400001E-02
   17.4328480       1.45399999E-02
   17.4495144       1.41500002E-02
   17.4661808       1.37700001E-02
   17.4828472       1.33900000E-02
   17.4995136       1.30200004E-02
   17.5161800       1.26599995E-02
   17.5328465       1.22999996E-02
   17.5495129       1.19599998E-02
   17.5661793       1.16100004E-02
   17.5828457       1.12800002E-02
   17.5995121       1.09500000E-02
   17.6161785       1.06300004E-02
   17.6328449       1.03099998E-02
   17.6495113       9.99999978E-03
   17.6661777       9.70099960E-03
   17.6828442       9.40500014E-03
   17.6995106       9.11400001E-03
   17.7161770       8.82999972E-03
   17.7328434       8.55099969E-03
   17.7495098       8.27900041E-03
   17.7661762       8.01299978E-03
   17.7828426       7.75199989E-03
   17.7995090       7.49700004E-03
   17.8161755       7.24700000E-03
   17.8328419       7.00300001E-03
   17.8495083       6.76500006E-03
   17.8661747       6.53199991E-03
   17.8828411       6.30499981E-03
   17.8995075       6.08200021E-03
   17.9161739       5.86500019E-03
   17.9328403       5.65299997E-03
   17.9495068       5.44499978E-03
   17.9661732       5.24300011E-03
   17.9828396       5.04599977E-03
   17.9995060       4.85299993E-03
   18.0161724       4.66499990E-03
   18.0328388       4.48200013E-03
   18.0495052       4.30400018E-03
   18.0661716       4.12999978E-03
   18.0828381       3.95999989E-03
   18.0995045       3.79400002E-03
   18.1161709       3.63299996E-03
   18.1328373       3.47599993E-03
   18.1495037       3.32399993E-03
   18.1661701       3.17499996E-03
   18.1828365       3.03000002E-03
   18.1995029       2.88999989E-03
   18.2161694       2.75300001E-03
   18.2328358       2.61999993E-03
   18.2495022       2.49100011E-03
   18.2661686       2.36500008E-03
   18.2828350       2.24300008E-03
   18.2995014       2.12500012E-03
   18.3161678       2.00999994E-03
   18.3328342       1.89900002E-03
   18.3495007       1.79200002E-03
   18.3661671       1.68700004E-03
   18.3828335       1.58599997E-03
   18.3994999       1.48900005E-03
   18.4161663       1.39500003E-03
   18.4328327       1.30400003E-03
   18.4494991       1.21599995E-03
   18.4661655       1.13200000E-03
   18.4828320       1.05099997E-03
   18.4994984       9.72500013E-04
   18.5161648       8.97800026E-04
   18.5328312       8.26200005E-04
   18.5494976       7.57900008E-04
   18.5661640       6.92799978E-04
   18.5828304       6.31099974E-04
   18.5994968       5.72799996E-04
   18.6161633       5.18199988E-04
   18.6328297       4.67500009E-04
   18.6494961       4.10200009E-04
   18.6661625       3.59900005E-04
   18.6828289       3.18700011E-04
   18.6994953       2.84700014E-04
   18.7161617       2.44199997E-04
   18.7328281       2.15399996E-04
   18.7494946       1.82599993E-04
   18.7661610       1.55200003E-04
   18.7828274       1.31299996E-04
   18.7994938       1.10200002E-04
   18.8161602       9.17900034E-05
   18.8328266       7.61900010E-05
   18.8494930       6.31599978E-05
   18.8661594       5.03299998E-05
   18.8828259       4.07500011E-05
   18.8994923       3.23700006E-05
   18.9161587       2.53199996E-05
   18.9328251       1.96399997E-05
   18.9494915       1.50699998E-05
   18.9661579       1.14300001E-05
   18.9828243       8.57800023E-06
   18.9994907       6.18800004E-06
   19.0161572       4.44799980E-06
   19.0328236       3.04300011E-06
   19.0494900       2.03600007E-06
   19.0661564       1.25600002E-06
   19.0828228       7.28299995E-07
   19.0994892       3.99700014E-07
   19.1161556       2.10500005E-07
   19.1328220       9.86400011E-08
   19.1494884       3.80600014E-08
   19.1661549       9.23600041E-09
   19.1828213       8.20999990E-10
   19.1994877       4.21800008E-12
   19.2161541       1.03200004E-14
   19.2328205       7.02199991E-18
   19.2494869       7.55600005E-22
   19.2661533       0.00000000    
   19.2828197       0.00000000    
   19.2994862       0.00000000    
   19.3161526       0.00000000    
   19.3328190       0.00000000    
   19.3494854       0.00000000    
   19.3661518       0.00000000    
   19.3828182       0.00000000    
   19.3994846       0.00000000    
   19.4161510       0.00000000    
   19.4328175       0.00000000    
   19.4494839       0.00000000    
   19.4661503       0.00000000    
   19.4828167       0.00000000    
   19.4994831       0.00000000    
   19.5161495       0.00000000    
   19.5328159       0.00000000    
   19.5494823       0.00000000    
   19.5661488       0.00000000    
   19.5828152       0.00000000    
   19.5994816       0.00000000    
   19.6161480       0.00000000    
   19.6328144       0.00000000    
   19.6494808       0.00000000    
   19.6661472       0.00000000    
   19.6828136       0.00000000    
   19.6994801       0.00000000    
   19.7161465       0.00000000    
   19.7328129       0.00000000    
   19.7494793       0.00000000    
   19.7661457       0.00000000    
   19.7828121       0.00000000    
   19.7994785       0.00000000    
   19.8161449       0.00000000    
   19.8328114       0.00000000    
   19.8494778       0.00000000    
   19.8661442       0.00000000    
   19.8828106       0.00000000    
   19.8994770       0.00000000    
   19.9161434       0.00000000    
   19.9328098       0.00000000    
   19.9494762       0.00000000    
   19.9661427       0.00000000    
   19.9828091       0.00000000    
   19.9994755       0.00000000    
   20.0161419       0.00000000    
   20.0328083       0.00000000    
   20.0494747       0.00000000    
   20.0661411       0.00000000    
   20.0828075       0.00000000    
   20.0994740       0.00000000    
   20.1161404       0.00000000    
   20.1328068       0.00000000    
   20.1494732       0.00000000    
   20.1661396       0.00000000    
   20.1828060       0.00000000    
   20.1994724       0.00000000    
   20.2161388       0.00000000    
   20.2328053       0.00000000    
   20.2494717       0.00000000    
   20.2661381       0.00000000    
   20.2828045       0.00000000    
   20.2994709       0.00000000    
   20.3161373       0.00000000    
   20.3328037       0.00000000    
   20.3494701       0.00000000    
   20.3661366       0.00000000    
   20.3828030       0.00000000    
   20.3994694       0.00000000    
   20.4161358       0.00000000    
   20.4328022       0.00000000    
   20.4494686       0.00000000    
   20.4661350       0.00000000    
   20.4828014       0.00000000    
   20.4994678       0.00000000    
   20.5161343       0.00000000    
   20.5328007       0.00000000    
   20.5494671       0.00000000    
   20.5661335       0.00000000    
   20.5827999       0.00000000    
   20.5994663       0.00000000    
   20.6161327       0.00000000    
   20.6327991       0.00000000    
   20.6494656       0.00000000    
   20.6661320       0.00000000    
   20.6827984       0.00000000    
   20.6994648       0.00000000    
   20.7161312       0.00000000    
   20.7327976       0.00000000    
   20.7494640       0.00000000    
   20.7661304       0.00000000    
   20.7827969       0.00000000    
   20.7994633       0.00000000    
   20.8161297       0.00000000    
   20.8327961       0.00000000    
   20.8494625       0.00000000    
   20.8661289       0.00000000    
   20.8827953       0.00000000    
   20.8994617       0.00000000    
   20.9161282       0.00000000    
   20.9327946       0.00000000    
   20.9494610       0.00000000    
   20.9661274       0.00000000    
   20.9827938       0.00000000    
   20.9994602       0.00000000    
   21.0161266       0.00000000    
   21.0327930       0.00000000    
   21.0494595       0.00000000    
   21.0661259       0.00000000    
   21.0827923       0.00000000    
   21.0994587       0.00000000    
   21.1161251       0.00000000    
   21.1327915       0.00000000    
   21.1494579       0.00000000    
   21.1661243       0.00000000    
   21.1827908       0.00000000    
   21.1994572       0.00000000    
   21.2161236       0.00000000    
   21.2327900       0.00000000    
   21.2494564       0.00000000    
   21.2661228       0.00000000    
   21.2827892       0.00000000    
   21.2994556       0.00000000    
   21.3161221       0.00000000    
   21.3327885       0.00000000    
   21.3494549       0.00000000    
   21.3661213       0.00000000    
   21.3827877       0.00000000    
   21.3994541       0.00000000    
   21.4161205       0.00000000    
   21.4327869       0.00000000    
   21.4494534       0.00000000    
   21.4661198       0.00000000    
   21.4827862       0.00000000    
   21.4994526       0.00000000    
   21.5161190       0.00000000    
   21.5327854       0.00000000    
   21.5494518       0.00000000    
   21.5661182       0.00000000    
   21.5827847       0.00000000    
   21.5994511       0.00000000    
   21.6161175       0.00000000    
   21.6327839       0.00000000    
   21.6494503       0.00000000    
   21.6661167       0.00000000    
   21.6827831       0.00000000    
   21.6994495       0.00000000    
   21.7161160       0.00000000    
   21.7327824       0.00000000    
   21.7494488       0.00000000    
   21.7661152       0.00000000    
   21.7827816       0.00000000    
   21.7994480       0.00000000    
   21.8161144       0.00000000    
   21.8327808       0.00000000    
   21.8494473       0.00000000    
   21.8661137       0.00000000    
   21.8827801       0.00000000    
   21.8994465       0.00000000    
   21.9161129       0.00000000    
   21.9327793       0.00000000    
   21.9494457       0.00000000    
   21.9661121       0.00000000    
   21.9827785       0.00000000    
   21.9994450       0.00000000    
   22.0161114       0.00000000    
   22.0327778       0.00000000    
   22.0494442       0.00000000    
   22.0661106       0.00000000    
   22.0827770       0.00000000    
   22.0994434       0.00000000    
   22.1161098       0.00000000    
   22.1327763       0.00000000    
   22.1494427       0.00000000    
   22.1661091       0.00000000    
   22.1827755       0.00000000    
   22.1994419       0.00000000    
   22.2161083       0.00000000    
   22.2327747       0.00000000    
   22.2494411       0.00000000    
   22.2661076       0.00000000    
   22.2827740       0.00000000    
   22.2994404       0.00000000    
   22.3161068       0.00000000    
   22.3327732       0.00000000    
   22.3494396       0.00000000    
   22.3661060       0.00000000    
   22.3827724       0.00000000    
   22.3994389       0.00000000    
   22.4161053       0.00000000    
   22.4327717       0.00000000    
   22.4494381       0.00000000    
   22.4661045       0.00000000    
   22.4827709       0.00000000    
   22.4994373       0.00000000    
   22.5161037       0.00000000    
   22.5327702       0.00000000    
   22.5494366       0.00000000    
   22.5661030       0.00000000    
   22.5827694       0.00000000    
   22.5994358       0.00000000    
   22.6161022       0.00000000    
   22.6327686       0.00000000    
   22.6494350       0.00000000    
   22.6661015       0.00000000    
   22.6827679       0.00000000    
   22.6994343       0.00000000    
   22.7161007       0.00000000    
   22.7327671       0.00000000    
   22.7494335       0.00000000    
   22.7660999       0.00000000    
   22.7827663       0.00000000    
   22.7994328       0.00000000    
   22.8160992       0.00000000    
   22.8327656       0.00000000    
   22.8494320       0.00000000    
   22.8660984       0.00000000    
   22.8827648       0.00000000    
   22.8994312       0.00000000    
   22.9160976       0.00000000    
   22.9327641       0.00000000    
   22.9494305       0.00000000    
   22.9660969       0.00000000    
   22.9827633       0.00000000    
   22.9994297       0.00000000    
   23.0160961       0.00000000    
   23.0327625       0.00000000    
   23.0494289       0.00000000    
   23.0660954       0.00000000    
   23.0827618       0.00000000    
   23.0994282       0.00000000    
   23.1160946       0.00000000    
   23.1327610       0.00000000    
   23.1494274       0.00000000    
   23.1660938       0.00000000    
   23.1827602       0.00000000    
   23.1994267       0.00000000    
   23.2160931       0.00000000    
   23.2327595       0.00000000    
   23.2494259       0.00000000    
   23.2660923       0.00000000    
   23.2827587       0.00000000    
   23.2994251       0.00000000    
   23.3160915       0.00000000    
   23.3327579       0.00000000    
   23.3494244       0.00000000    
   23.3660908       0.00000000    
   23.3827572       0.00000000    
   23.3994236       0.00000000    
   23.4160900       0.00000000    
   23.4327564       0.00000000    
   23.4494228       0.00000000    
   23.4660892       0.00000000    
   23.4827557       0.00000000    
   23.4994221       0.00000000    
   23.5160885       0.00000000    
   23.5327549       0.00000000    
   23.5494213       0.00000000    
   23.5660877       0.00000000    
   23.5827541       0.00000000    
   23.5994205       0.00000000    
   23.6160870       0.00000000    
   23.6327534       0.00000000    
   23.6494198       0.00000000    
   23.6660862       0.00000000    
   23.6827526       0.00000000    
   23.6994190       0.00000000    
   23.7160854       0.00000000    
   23.7327518       0.00000000    
   23.7494183       0.00000000    
   23.7660847       0.00000000    
   23.7827511       0.00000000    
   23.7994175       0.00000000    
   23.8160839       0.00000000    
   23.8327503       0.00000000    
   23.8494167       0.00000000    
   23.8660831       0.00000000    
   23.8827496       0.00000000    
   23.8994160       0.00000000    
   23.9160824       0.00000000    
   23.9327488       0.00000000    
   23.9494152       0.00000000    
   23.9660816       0.00000000    
   23.9827480       0.00000000    
