   0.00000000       0.00000000    
   1.66660007E-02   0.00000000    
   3.33320014E-02   0.00000000    
   4.99980003E-02   0.00000000    
   6.66640028E-02   0.00000000    
   8.33300054E-02   0.00000000    
   9.99960080E-02   0.00000000    
  0.116662011       0.00000000    
  0.133328006       0.00000000    
  0.149994001       0.00000000    
  0.166659996       0.00000000    
  0.183325991       0.00000000    
  0.199991986       0.00000000    
  0.216657981       0.00000000    
  0.233323976       0.00000000    
  0.249989972       0.00000000    
  0.266655982       0.00000000    
  0.283321977       0.00000000    
  0.299987972       0.00000000    
  0.316653967       0.00000000    
  0.333319962       0.00000000    
  0.349985957       0.00000000    
  0.366651952       0.00000000    
  0.383317947       0.00000000    
  0.399983943       0.00000000    
  0.416649938       0.00000000    
  0.433315933       0.00000000    
  0.449981928       0.00000000    
  0.466647923       0.00000000    
  0.483313918       0.00000000    
  0.499979913       0.00000000    
  0.516645908       0.00000000    
  0.533311903       0.00000000    
  0.549977899       0.00000000    
  0.566643894       0.00000000    
  0.583309889       0.00000000    
  0.599975884       0.00000000    
  0.616641879       0.00000000    
  0.633307874       0.00000000    
  0.649973869       0.00000000    
  0.666639864       0.00000000    
  0.683305860       0.00000000    
  0.699971855       0.00000000    
  0.716637850       0.00000000    
  0.733303845       0.00000000    
  0.749969840       0.00000000    
  0.766635835       0.00000000    
  0.783301830       0.00000000    
  0.799967825       0.00000000    
  0.816633821       0.00000000    
  0.833299816       0.00000000    
  0.849965811       0.00000000    
  0.866631806       0.00000000    
  0.883297801       0.00000000    
  0.899963796       0.00000000    
  0.916629791       0.00000000    
  0.933295786       0.00000000    
  0.949961782       0.00000000    
  0.966627777       0.00000000    
  0.983293772       0.00000000    
  0.999959767       0.00000000    
   1.01662576       0.00000000    
   1.03329182       0.00000000    
   1.04995787       0.00000000    
   1.06662393       0.00000000    
   1.08328998       0.00000000    
   1.09995604       0.00000000    
   1.11662209       0.00000000    
   1.13328815       0.00000000    
   1.14995420       0.00000000    
   1.16662025       0.00000000    
   1.18328631       0.00000000    
   1.19995236       0.00000000    
   1.21661842       0.00000000    
   1.23328447       0.00000000    
   1.24995053       0.00000000    
   1.26661658       0.00000000    
   1.28328264       0.00000000    
   1.29994869       0.00000000    
   1.31661475       0.00000000    
   1.33328080       0.00000000    
   1.34994686       0.00000000    
   1.36661291       0.00000000    
   1.38327897       0.00000000    
   1.39994502       0.00000000    
   1.41661108       0.00000000    
   1.43327713       0.00000000    
   1.44994318       0.00000000    
   1.46660924       0.00000000    
   1.48327529       0.00000000    
   1.49994135       0.00000000    
   1.51660740       0.00000000    
   1.53327346       0.00000000    
   1.54993951       0.00000000    
   1.56660557       0.00000000    
   1.58327162       0.00000000    
   1.59993768       0.00000000    
   1.61660373       0.00000000    
   1.63326979       0.00000000    
   1.64993584       0.00000000    
   1.66660190       0.00000000    
   1.68326795       0.00000000    
   1.69993401       0.00000000    
   1.71660006       0.00000000    
   1.73326612       0.00000000    
   1.74993217       0.00000000    
   1.76659822       0.00000000    
   1.78326428       0.00000000    
   1.79993033       0.00000000    
   1.81659639       0.00000000    
   1.83326244       0.00000000    
   1.84992850       0.00000000    
   1.86659455       0.00000000    
   1.88326061       0.00000000    
   1.89992666       0.00000000    
   1.91659272       0.00000000    
   1.93325877       0.00000000    
   1.94992483       0.00000000    
   1.96659088       0.00000000    
   1.98325694       0.00000000    
   1.99992299       0.00000000    
   2.01658893       0.00000000    
   2.03325486       0.00000000    
   2.04992080       0.00000000    
   2.06658673       0.00000000    
   2.08325267       0.00000000    
   2.09991860       0.00000000    
   2.11658454       0.00000000    
   2.13325047       0.00000000    
   2.14991641       0.00000000    
   2.16658235       0.00000000    
   2.18324828       0.00000000    
   2.19991422       0.00000000    
   2.21658015       0.00000000    
   2.23324609       0.00000000    
   2.24991202       0.00000000    
   2.26657796       0.00000000    
   2.28324389       0.00000000    
   2.29990983       0.00000000    
   2.31657577       0.00000000    
   2.33324170       0.00000000    
   2.34990764       0.00000000    
   2.36657357       0.00000000    
   2.38323951       0.00000000    
   2.39990544       0.00000000    
   2.41657138       0.00000000    
   2.43323731       0.00000000    
   2.44990325       0.00000000    
   2.46656919       0.00000000    
   2.48323512       0.00000000    
   2.49990106       0.00000000    
   2.51656699       0.00000000    
   2.53323293       0.00000000    
   2.54989886       0.00000000    
   2.56656480       0.00000000    
   2.58323073       0.00000000    
   2.59989667       0.00000000    
   2.61656260       0.00000000    
   2.63322854       0.00000000    
   2.64989448       0.00000000    
   2.66656041       0.00000000    
   2.68322635       0.00000000    
   2.69989228       0.00000000    
   2.71655822       0.00000000    
   2.73322415       0.00000000    
   2.74989009       0.00000000    
   2.76655602       0.00000000    
   2.78322196       0.00000000    
   2.79988790       0.00000000    
   2.81655383       0.00000000    
   2.83321977       0.00000000    
   2.84988570       0.00000000    
   2.86655164       0.00000000    
   2.88321757       0.00000000    
   2.89988351       0.00000000    
   2.91654944       0.00000000    
   2.93321538       0.00000000    
   2.94988132       0.00000000    
   2.96654725       0.00000000    
   2.98321319       0.00000000    
   2.99987912       0.00000000    
   3.01654506       0.00000000    
   3.03321099       0.00000000    
   3.04987693       0.00000000    
   3.06654286       0.00000000    
   3.08320880       0.00000000    
   3.09987473       0.00000000    
   3.11654067       0.00000000    
   3.13320661       0.00000000    
   3.14987254       0.00000000    
   3.16653848       0.00000000    
   3.18320441       0.00000000    
   3.19987035       0.00000000    
   3.21653628       0.00000000    
   3.23320222       0.00000000    
   3.24986815       0.00000000    
   3.26653409       0.00000000    
   3.28320003       0.00000000    
   3.29986596       0.00000000    
   3.31653190       0.00000000    
   3.33319783       0.00000000    
   3.34986377       0.00000000    
   3.36652970       0.00000000    
   3.38319564       0.00000000    
   3.39986157       0.00000000    
   3.41652751       0.00000000    
   3.43319345       0.00000000    
   3.44985938       0.00000000    
   3.46652532       0.00000000    
   3.48319125       0.00000000    
   3.49985719       0.00000000    
   3.51652312       0.00000000    
   3.53318906       0.00000000    
   3.54985499       0.00000000    
   3.56652093       0.00000000    
   3.58318686       0.00000000    
   3.59985280       0.00000000    
   3.61651874       0.00000000    
   3.63318467       0.00000000    
   3.64985061       0.00000000    
   3.66651654       0.00000000    
   3.68318248       0.00000000    
   3.69984841       0.00000000    
   3.71651435       0.00000000    
   3.73318028       0.00000000    
   3.74984622       0.00000000    
   3.76651216       0.00000000    
   3.78317809       0.00000000    
   3.79984403       0.00000000    
   3.81650996       0.00000000    
   3.83317590       0.00000000    
   3.84984183       0.00000000    
   3.86650777       0.00000000    
   3.88317370       0.00000000    
   3.89983964       0.00000000    
   3.91650558       0.00000000    
   3.93317151       0.00000000    
   3.94983745       0.00000000    
   3.96650338       0.00000000    
   3.98316932       0.00000000    
   3.99983525       0.00000000    
   4.01650143       0.00000000    
   4.03316736       0.00000000    
   4.04983330       0.00000000    
   4.06649923       0.00000000    
   4.08316517       0.00000000    
   4.09983110       0.00000000    
   4.11649704       0.00000000    
   4.13316298       0.00000000    
   4.14982891       0.00000000    
   4.16649485       0.00000000    
   4.18316078       0.00000000    
   4.19982672       0.00000000    
   4.21649265       0.00000000    
   4.23315859       0.00000000    
   4.24982452       0.00000000    
   4.26649046       0.00000000    
   4.28315639       0.00000000    
   4.29982233       0.00000000    
   4.31648827       0.00000000    
   4.33315420       0.00000000    
   4.34982014       0.00000000    
   4.36648607       0.00000000    
   4.38315201       0.00000000    
   4.39981794       0.00000000    
   4.41648388       0.00000000    
   4.43314981       0.00000000    
   4.44981575       0.00000000    
   4.46648169       0.00000000    
   4.48314762       0.00000000    
   4.49981356       0.00000000    
   4.51647949       0.00000000    
   4.53314543       0.00000000    
   4.54981136       0.00000000    
   4.56647730       0.00000000    
   4.58314323       0.00000000    
   4.59980917       0.00000000    
   4.61647511       0.00000000    
   4.63314104       0.00000000    
   4.64980698       0.00000000    
   4.66647291       0.00000000    
   4.68313885       0.00000000    
   4.69980478       0.00000000    
   4.71647072       0.00000000    
   4.73313665       0.00000000    
   4.74980259       0.00000000    
   4.76646852       0.00000000    
   4.78313446       0.00000000    
   4.79980040       0.00000000    
   4.81646633       0.00000000    
   4.83313227       0.00000000    
   4.84979820       0.00000000    
   4.86646414       0.00000000    
   4.88313007       0.00000000    
   4.89979601       0.00000000    
   4.91646194       0.00000000    
   4.93312788       0.00000000    
   4.94979382       0.00000000    
   4.96645975       0.00000000    
   4.98312569       0.00000000    
   4.99979162       0.00000000    
   5.01645756       0.00000000    
   5.03312349       0.00000000    
   5.04978943       0.00000000    
   5.06645536       0.00000000    
   5.08312130       0.00000000    
   5.09978724       0.00000000    
   5.11645317       0.00000000    
   5.13311911       0.00000000    
   5.14978504       0.00000000    
   5.16645098       0.00000000    
   5.18311691       0.00000000    
   5.19978285       0.00000000    
   5.21644878       0.00000000    
   5.23311472       0.00000000    
   5.24978065       0.00000000    
   5.26644659       0.00000000    
   5.28311253       0.00000000    
   5.29977846       0.00000000    
   5.31644440       0.00000000    
   5.33311033       0.00000000    
   5.34977627       0.00000000    
   5.36644220       0.00000000    
   5.38310814       0.00000000    
   5.39977407       0.00000000    
   5.41644001       0.00000000    
   5.43310595       0.00000000    
   5.44977188       0.00000000    
   5.46643782       0.00000000    
   5.48310375       0.00000000    
   5.49976969       0.00000000    
   5.51643562       0.00000000    
   5.53310156       0.00000000    
   5.54976749       0.00000000    
   5.56643343       0.00000000    
   5.58309937       0.00000000    
   5.59976530       0.00000000    
   5.61643124       0.00000000    
   5.63309717       0.00000000    
   5.64976311       0.00000000    
   5.66642904       0.00000000    
   5.68309498       0.00000000    
   5.69976091       0.00000000    
   5.71642685       0.00000000    
   5.73309278       0.00000000    
   5.74975872       0.00000000    
   5.76642466       0.00000000    
   5.78309059       0.00000000    
   5.79975653       0.00000000    
   5.81642246       0.00000000    
   5.83308840       0.00000000    
   5.84975433       0.00000000    
   5.86642027       0.00000000    
   5.88308620       0.00000000    
   5.89975214       0.00000000    
   5.91641808       0.00000000    
   5.93308401       0.00000000    
   5.94974995       0.00000000    
   5.96641588       0.00000000    
   5.98308182       0.00000000    
   5.99974775       0.00000000    
   6.01641369       0.00000000    
   6.03307962       0.00000000    
   6.04974556       0.00000000    
   6.06641150       0.00000000    
   6.08307743       0.00000000    
   6.09974337       0.00000000    
   6.11640930       0.00000000    
   6.13307524       0.00000000    
   6.14974117       0.00000000    
   6.16640711       0.00000000    
   6.18307304       0.00000000    
   6.19973898       0.00000000    
   6.21640491       0.00000000    
   6.23307085       0.00000000    
   6.24973679       0.00000000    
   6.26640272       0.00000000    
   6.28306866       0.00000000    
   6.29973459       0.00000000    
   6.31640053       5.04467447E-44
   6.33306646       2.89200002E-18
   6.34973240       2.88900001E-14
   6.36639833       3.81899998E-11
   6.38306427       1.11100000E-08
   6.39973021       1.67099995E-06
   6.41639614       1.80600000E-05
   6.43306208       7.00200035E-05
   6.44972801       1.57300005E-04
   6.46639395       2.86299997E-04
   6.48305988       4.73099994E-04
   6.49972582       7.39799987E-04
   6.51639175       1.11099996E-03
   6.53305769       1.61899999E-03
   6.54972363       2.31799996E-03
   6.56638956       3.27300001E-03
   6.58305550       4.42000013E-03
   6.59972143       5.96900005E-03
   6.61638737       8.05499963E-03
   6.63305330       1.05999997E-02
   6.64971924       1.38999997E-02
   6.66638517       1.81499999E-02
   6.68305111       2.36799996E-02
   6.69971704       2.99100000E-02
   6.71638298       3.84100005E-02
   6.73304892       4.83900011E-02
   6.74971485       6.14200011E-02
   6.76638079       7.56599978E-02
   6.78304672       9.29199979E-02
   6.79971266      0.113399997    
   6.81637859      0.136999995    
   6.83304453      0.164700001    
   6.84971046      0.198200002    
   6.86637640      0.225999996    
   6.88304234      0.268099993    
   6.89970827      0.301600009    
   6.91637421      0.342400014    
   6.93304014      0.392699987    
   6.94970608      0.452499986    
   6.96637201      0.502799988    
   6.98303795      0.556800008    
   6.99970388      0.614400029    
   7.01636982      0.674600005    
   7.03303576      0.737600029    
   7.04970169      0.803200006    
   7.06636763      0.871100008    
   7.08303356      0.941500008    
   7.09969950       1.01400006    
   7.11636543       1.08800006    
   7.13303137       1.16499996    
   7.14969730       1.24300003    
   7.16636324       1.32299995    
   7.18302917       1.40499997    
   7.19969511       1.48899996    
   7.21636105       1.57500005    
   7.23302698       1.66199994    
   7.24969292       1.75000000    
   7.26635885       1.84099996    
   7.28302479       1.93299997    
   7.29969072       2.02600002    
   7.31635666       2.12100005    
   7.33302259       2.21700001    
   7.34968853       2.31500006    
   7.36635447       2.41499996    
   7.38302040       2.51500010    
   7.39968634       2.61700010    
   7.41635227       2.72099996    
   7.43301821       2.82599998    
   7.44968414       2.93300009    
   7.46635008       3.04099989    
   7.48301601       3.15000010    
   7.49968195       3.26099992    
   7.51634789       3.37299991    
   7.53301382       3.48699999    
   7.54967976       3.60200000    
   7.56634569       3.71900010    
   7.58301163       3.83699989    
   7.59967756       3.95700002    
   7.61634350       4.07800007    
   7.63300943       4.19999981    
   7.64967537       4.32499981    
   7.66634130       4.44999981    
   7.68300724       4.57700014    
   7.69967318       4.70499992    
   7.71633911       4.83500004    
   7.73300505       4.96700001    
   7.74967098       5.09999990    
   7.76633692       5.23400021    
   7.78300285       5.36999989    
   7.79966879       5.50799990    
   7.81633472       5.64699984    
   7.83300066       5.78700018    
   7.84966660       5.92899990    
   7.86633253       6.07200003    
   7.88299847       6.21700001    
   7.89966440       6.36299992    
   7.91633034       6.51100016    
   7.93299627       6.66099977    
   7.94966221       6.81099987    
   7.96632814       6.96299982    
   7.98299408       7.11600018    
   7.99966002       7.27099991    
   8.01632595       7.42799997    
   8.03299236       7.58500004    
   8.04965878       7.74399996    
   8.06632519       7.90399981    
   8.08299160       8.06599998    
   8.09965801       8.22900009    
   8.11632442       8.39299965    
   8.13299084       8.55900002    
   8.14965725       8.72500038    
   8.16632366       8.89299965    
   8.18299007       9.06299973    
   8.19965649       9.23299980    
   8.21632290       9.40499973    
   8.23298931       9.57800007    
   8.24965572       9.75199986    
   8.26632214       9.92700005    
   8.28298855       10.1000004    
   8.29965496       10.2799997    
   8.31632137       10.4600000    
   8.33298779       10.6400003    
   8.34965420       10.8199997    
   8.36632061       11.0000000    
   8.38298702       11.1800003    
   8.39965343       11.3699999    
   8.41631985       11.5500002    
   8.43298626       11.7399998    
   8.44965267       11.9200001    
   8.46631908       12.1099997    
   8.48298550       12.3000002    
   8.49965191       12.4899998    
   8.51631832       12.6800003    
   8.53298473       12.8699999    
   8.54965115       13.0600004    
   8.56631756       13.2500000    
   8.58298397       13.4499998    
   8.59965038       13.6400003    
   8.61631680       13.8400002    
   8.63298321       14.0299997    
   8.64964962       14.2299995    
   8.66631603       14.4200001    
   8.68298244       14.6199999    
   8.69964886       14.8199997    
   8.71631527       15.0200005    
   8.73298168       15.2200003    
   8.74964809       15.4200001    
   8.76631451       15.6199999    
   8.78298092       15.8199997    
   8.79964733       16.0200005    
   8.81631374       16.2199993    
   8.83298016       16.4200001    
   8.84964657       16.6299992    
   8.86631298       16.8299999    
   8.88297939       17.0300007    
   8.89964581       17.2399998    
   8.91631222       17.4400005    
   8.93297863       17.6499996    
   8.94964504       17.8500004    
   8.96631145       18.0599995    
   8.98297787       18.2600002    
   8.99964428       18.4699993    
   9.01631069       18.6800003    
   9.03297710       18.8799992    
   9.04964352       19.0900002    
   9.06630993       19.2999992    
   9.08297634       19.5000000    
   9.09964275       19.7099991    
   9.11630917       19.9200001    
   9.13297558       20.1299992    
   9.14964199       20.3299999    
   9.16630840       20.5400009    
   9.18297482       20.7500000    
   9.19964123       20.9599991    
   9.21630764       21.1700001    
   9.23297405       21.3700008    
   9.24964046       21.5799999    
   9.26630688       21.7900009    
   9.28297329       22.0000000    
   9.29963970       22.2099991    
   9.31630611       22.4099998    
   9.33297253       22.6200008    
   9.34963894       22.8299999    
   9.36630535       23.0400009    
   9.38297176       23.2399998    
   9.39963818       23.4500008    
   9.41630459       23.6599998    
   9.43297100       23.8700008    
   9.44963741       24.0699997    
   9.46630383       24.2800007    
   9.48297024       24.4899998    
   9.49963665       24.6900005    
   9.51630306       24.8999996    
   9.53296947       25.1100006    
   9.54963589       25.3099995    
   9.56630230       25.5200005    
   9.58296871       25.7199993    
   9.59963512       25.9300003    
   9.61630154       26.1299992    
   9.63296795       26.3400002    
   9.64963436       26.5400009    
   9.66630077       26.7500000    
   9.68296719       26.9500008    
   9.69963360       27.1499996    
   9.71630001       27.3500004    
   9.73296642       27.5599995    
   9.74963284       27.7600002    
   9.76629925       27.9599991    
   9.78296566       28.1599998    
   9.79963207       28.3600006    
   9.81629848       28.5599995    
   9.83296490       28.7600002    
   9.84963131       28.9599991    
   9.86629772       29.1599998    
   9.88296413       29.3500004    
   9.89963055       29.5499992    
   9.91629696       29.7500000    
   9.93296337       29.9500008    
   9.94962978       30.1399994    
   9.96629620       30.3400002    
   9.98296261       30.5300007    
   9.99962902       30.7299995    
   10.0162954       30.9200001    
   10.0329618       31.1100006    
   10.0496283       31.2999992    
   10.0662947       31.5000000    
   10.0829611       31.6900005    
   10.0996275       31.8799992    
   10.1162939       32.0699997    
   10.1329603       32.2599983    
   10.1496267       32.4399986    
   10.1662931       32.6300011    
   10.1829596       32.8199997    
   10.1996260       33.0099983    
   10.2162924       33.1899986    
   10.2329588       33.3800011    
   10.2496252       33.5600014    
   10.2662916       33.7400017    
   10.2829580       33.9300003    
   10.2996244       34.1100006    
   10.3162909       34.2900009    
   10.3329573       34.4700012    
   10.3496237       34.6500015    
   10.3662901       34.8300018    
   10.3829565       35.0000000    
   10.3996229       35.1800003    
   10.4162893       35.3600006    
   10.4329557       35.5299988    
   10.4496222       35.7099991    
   10.4662886       35.8800011    
   10.4829550       36.0499992    
   10.4996214       36.2200012    
   10.5162878       36.3899994    
   10.5329542       36.5600014    
   10.5496206       36.7299995    
   10.5662870       36.9000015    
   10.5829535       37.0699997    
   10.5996199       37.2400017    
   10.6162863       37.4000015    
   10.6329527       37.5600014    
   10.6496191       37.7299995    
   10.6662855       37.8899994    
   10.6829519       38.0499992    
   10.6996183       38.2099991    
   10.7162848       38.3699989    
   10.7329512       38.5299988    
   10.7496176       38.6899986    
   10.7662840       38.8499985    
   10.7829504       39.0000000    
   10.7996168       39.1599998    
   10.8162832       39.3100014    
   10.8329496       39.4599991    
   10.8496161       39.6100006    
   10.8662825       39.7599983    
   10.8829489       39.9099998    
   10.8996153       40.0600014    
   10.9162817       40.2099991    
   10.9329481       40.3499985    
   10.9496145       40.5000000    
   10.9662809       40.6399994    
   10.9829473       40.7900009    
   10.9996138       40.9300003    
   11.0162802       41.0699997    
   11.0329466       41.2099991    
   11.0496130       41.3499985    
   11.0662794       41.4799995    
   11.0829458       41.6199989    
   11.0996122       41.7599983    
   11.1162786       41.8899994    
   11.1329451       42.0200005    
   11.1496115       42.1500015    
   11.1662779       42.2900009    
   11.1829443       42.4099998    
   11.1996107       42.5400009    
   11.2162771       42.6699982    
   11.2329435       42.7999992    
   11.2496099       42.9199982    
   11.2662764       43.0400009    
   11.2829428       43.1699982    
   11.2996092       43.2900009    
   11.3162756       43.4099998    
   11.3329420       43.5299988    
   11.3496084       43.6399994    
   11.3662748       43.7599983    
   11.3829412       43.8699989    
   11.3996077       43.9900017    
   11.4162741       44.0999985    
   11.4329405       44.2099991    
   11.4496069       44.3199997    
   11.4662733       44.4300003    
   11.4829397       44.5400009    
   11.4996061       44.6500015    
   11.5162725       44.7500000    
   11.5329390       44.8499985    
   11.5496054       44.9599991    
   11.5662718       45.0600014    
   11.5829382       45.1599998    
   11.5996046       45.2599983    
   11.6162710       45.3499985    
   11.6329374       45.4500008    
   11.6496038       45.5499992    
   11.6662703       45.6399994    
   11.6829367       45.7299995    
   11.6996031       45.8199997    
   11.7162695       45.9099998    
   11.7329359       46.0000000    
   11.7496023       46.0900002    
   11.7662687       46.1699982    
   11.7829351       46.2599983    
   11.7996016       46.3400002    
   11.8162680       46.4199982    
   11.8329344       46.5000000    
   11.8496008       46.5800018    
   11.8662672       46.6599998    
   11.8829336       46.7400017    
   11.8996000       46.8100014    
   11.9162664       46.8899994    
   11.9329329       46.9599991    
   11.9495993       47.0299988    
   11.9662657       47.0999985    
   11.9829321       47.1699982    
   11.9995985       47.2400017    
   12.0162649       47.2999992    
   12.0329313       47.3699989    
   12.0495977       47.4300003    
   12.0662642       47.4900017    
   12.0829306       47.5499992    
   12.0995970       47.6100006    
   12.1162634       47.6699982    
   12.1329298       47.7200012    
   12.1495962       47.7799988    
   12.1662626       47.8300018    
   12.1829290       47.8800011    
   12.1995955       47.9300003    
   12.2162619       47.9799995    
   12.2329283       48.0299988    
   12.2495947       48.0800018    
   12.2662611       48.1199989    
   12.2829275       48.1699982    
   12.2995939       48.2099991    
   12.3162603       48.2500000    
   12.3329268       48.2900009    
   12.3495932       48.3300018    
   12.3662596       48.3600006    
   12.3829260       48.4000015    
   12.3995924       48.4300003    
   12.4162588       48.4700012    
   12.4329252       48.5000000    
   12.4495916       48.5299988    
   12.4662580       48.5600014    
   12.4829245       48.5800018    
   12.4995909       48.6100006    
   12.5162573       48.6300011    
   12.5329237       48.6500015    
   12.5495901       48.6800003    
   12.5662565       48.7000008    
   12.5829229       48.7099991    
   12.5995893       48.7299995    
   12.6162558       48.7500000    
   12.6329222       48.7599983    
   12.6495886       48.7700005    
   12.6662550       48.7799988    
   12.6829214       48.7900009    
   12.6995878       48.7999992    
   12.7162542       48.8100014    
   12.7329206       48.8199997    
   12.7495871       48.8199997    
   12.7662535       48.8199997    
   12.7829199       48.8199997    
   12.7995863       48.8300018    
   12.8162527       48.8199997    
   12.8329191       48.8199997    
   12.8495855       48.8199997    
   12.8662519       48.8100014    
   12.8829184       48.7999992    
   12.8995848       48.7999992    
   12.9162512       48.7900009    
   12.9329176       48.7700005    
   12.9495840       48.7599983    
   12.9662504       48.7500000    
   12.9829168       48.7299995    
   12.9995832       48.7099991    
   13.0162497       48.7000008    
   13.0329161       48.6800003    
   13.0495825       48.6599998    
   13.0662489       48.6300011    
   13.0829153       48.6100006    
   13.0995817       48.5800018    
   13.1162481       48.5600014    
   13.1329145       48.5299988    
   13.1495810       48.5000000    
   13.1662474       48.4700012    
   13.1829138       48.4399986    
   13.1995802       48.4000015    
   13.2162466       48.3699989    
   13.2329130       48.3300018    
   13.2495794       48.2900009    
   13.2662458       48.2500000    
   13.2829123       48.2099991    
   13.2995787       48.1699982    
   13.3162451       48.1300011    
   13.3329115       48.0800018    
   13.3495779       48.0299988    
   13.3662443       47.9900017    
   13.3829107       47.9399986    
   13.3995771       47.8899994    
   13.4162436       47.8300018    
   13.4329100       47.7799988    
   13.4495764       47.7299995    
   13.4662428       47.6699982    
   13.4829092       47.6100006    
   13.4995756       47.5499992    
   13.5162420       47.4900017    
   13.5329084       47.4300003    
   13.5495749       47.3699989    
   13.5662413       47.3100014    
   13.5829077       47.2400017    
   13.5995741       47.1699982    
   13.6162405       47.0999985    
   13.6329069       47.0299988    
   13.6495733       46.9599991    
   13.6662397       46.8899994    
   13.6829062       46.8199997    
   13.6995726       46.7400017    
   13.7162390       46.6699982    
   13.7329054       46.5900002    
   13.7495718       46.5099983    
   13.7662382       46.4300003    
   13.7829046       46.3499985    
   13.7995710       46.2599983    
   13.8162374       46.1800003    
   13.8329039       46.0900002    
   13.8495703       46.0099983    
   13.8662367       45.9199982    
   13.8829031       45.8300018    
   13.8995695       45.7400017    
   13.9162359       45.6399994    
   13.9329023       45.5499992    
   13.9495687       45.4599991    
   13.9662352       45.3600006    
   13.9829016       45.2599983    
   13.9995680       45.1599998    
   14.0162344       45.0600014    
   14.0329008       44.9599991    
   14.0495672       44.8600006    
   14.0662336       44.7599983    
   14.0829000       44.6500015    
   14.0995665       44.5499992    
   14.1162329       44.4399986    
   14.1328993       44.3300018    
   14.1495657       44.2200012    
   14.1662321       44.1100006    
   14.1828985       43.9900017    
   14.1995649       43.8800011    
   14.2162313       43.7700005    
   14.2328978       43.6500015    
   14.2495642       43.5299988    
   14.2662306       43.4099998    
   14.2828970       43.2900009    
   14.2995634       43.1699982    
   14.3162298       43.0499992    
   14.3328962       42.9300003    
   14.3495626       42.7999992    
   14.3662291       42.6800003    
   14.3828955       42.5499992    
   14.3995619       42.4199982    
   14.4162283       42.2900009    
   14.4328947       42.1599998    
   14.4495611       42.0299988    
   14.4662275       41.9000015    
   14.4828939       41.7599983    
   14.4995604       41.6300011    
   14.5162268       41.4900017    
   14.5328932       41.3600006    
   14.5495596       41.2200012    
   14.5662260       41.0800018    
   14.5828924       40.9399986    
   14.5995588       40.7999992    
   14.6162252       40.6500015    
   14.6328917       40.5099983    
   14.6495581       40.3600006    
   14.6662245       40.2200012    
   14.6828909       40.0699997    
   14.6995573       39.9199982    
   14.7162237       39.7700005    
   14.7328901       39.6199989    
   14.7495565       39.4700012    
   14.7662230       39.3199997    
   14.7828894       39.1699982    
   14.7995558       39.0099983    
   14.8162222       38.8499985    
   14.8328886       38.7000008    
   14.8495550       38.5400009    
   14.8662214       38.3800011    
   14.8828878       38.2200012    
   14.8995543       38.0600014    
   14.9162207       37.9000015    
   14.9328871       37.7400017    
   14.9495535       37.5699997    
   14.9662199       37.4099998    
   14.9828863       37.2500000    
   14.9995527       37.0800018    
   15.0162191       36.9099998    
   15.0328856       36.7400017    
   15.0495520       36.5800018    
   15.0662184       36.4099998    
   15.0828848       36.2299995    
   15.0995512       36.0600014    
   15.1162176       35.8899994    
   15.1328840       35.7200012    
   15.1495504       35.5400009    
   15.1662169       35.3699989    
   15.1828833       35.1899986    
   15.1995497       35.0099983    
   15.2162161       34.8400002    
   15.2328825       34.6599998    
   15.2495489       34.4799995    
   15.2662153       34.2999992    
   15.2828817       34.1199989    
   15.2995481       33.9399986    
   15.3162146       33.7500000    
   15.3328810       33.5699997    
   15.3495474       33.3899994    
   15.3662138       33.2000008    
   15.3828802       33.0200005    
   15.3995466       32.8300018    
   15.4162130       32.6399994    
   15.4328794       32.4599991    
   15.4495459       32.2700005    
   15.4662123       32.0800018    
   15.4828787       31.8899994    
   15.4995451       31.7000008    
   15.5162115       31.5100002    
   15.5328779       31.3199997    
   15.5495443       31.1299992    
   15.5662107       30.9300003    
   15.5828772       30.7399998    
   15.5995436       30.5400009    
   15.6162100       30.3500004    
   15.6328764       30.1599998    
   15.6495428       29.9599991    
   15.6662092       29.7600002    
   15.6828756       29.5699997    
   15.6995420       29.3700008    
   15.7162085       29.1700001    
   15.7328749       28.9699993    
   15.7495413       28.7700005    
   15.7662077       28.5699997    
   15.7828741       28.3700008    
   15.7995405       28.1700001    
   15.8162069       27.9699993    
   15.8328733       27.7700005    
   15.8495398       27.5699997    
   15.8662062       27.3700008    
   15.8828726       27.1700001    
   15.8995390       26.9599991    
   15.9162054       26.7600002    
   15.9328718       26.5599995    
   15.9495382       26.3500004    
   15.9662046       26.1499996    
   15.9828711       25.9400005    
   15.9995375       25.7399998    
   16.0162029       25.5300007    
   16.0328693       25.3299999    
   16.0495358       25.1200008    
   16.0662022       24.9200001    
   16.0828686       24.7099991    
   16.0995350       24.5000000    
   16.1162014       24.2999992    
   16.1328678       24.0900002    
   16.1495342       23.8799992    
   16.1662006       23.6700001    
   16.1828671       23.4699993    
   16.1995335       23.2600002    
   16.2161999       23.0499992    
   16.2328663       22.8400002    
   16.2495327       22.6399994    
   16.2661991       22.4300003    
   16.2828655       22.2199993    
   16.2995319       22.0100002    
   16.3161983       21.7999992    
   16.3328648       21.6000004    
   16.3495312       21.3899994    
   16.3661976       21.1800003    
   16.3828640       20.9699993    
   16.3995304       20.7600002    
   16.4161968       20.5599995    
   16.4328632       20.3500004    
   16.4495296       20.1399994    
   16.4661961       19.9300003    
   16.4828625       19.7299995    
   16.4995289       19.5200005    
   16.5161953       19.3099995    
   16.5328617       19.1100006    
   16.5495281       18.8999996    
   16.5661945       18.6900005    
   16.5828609       18.4899998    
   16.5995274       18.2800007    
   16.6161938       18.0699997    
   16.6328602       17.8700008    
   16.6495266       17.6599998    
   16.6661930       17.4599991    
   16.6828594       17.2500000    
   16.6995258       17.0499992    
   16.7161922       16.8500004    
   16.7328587       16.6399994    
   16.7495251       16.4400005    
   16.7661915       16.2399998    
   16.7828579       16.0400009    
   16.7995243       15.8400002    
   16.8161907       15.6300001    
   16.8328571       15.4300003    
   16.8495235       15.2299995    
   16.8661900       15.0400000    
   16.8828564       14.8400002    
   16.8995228       14.6400003    
   16.9161892       14.4399996    
   16.9328556       14.2399998    
   16.9495220       14.0500002    
   16.9661884       13.8500004    
   16.9828548       13.6599998    
   16.9995213       13.4600000    
   17.0161877       13.2700005    
   17.0328541       13.0799999    
   17.0495205       12.8900003    
   17.0661869       12.6999998    
   17.0828533       12.5100002    
   17.0995197       12.3199997    
   17.1161861       12.1300001    
   17.1328526       11.9399996    
   17.1495190       11.7500000    
   17.1661854       11.5699997    
   17.1828518       11.3800001    
   17.1995182       11.1999998    
   17.2161846       11.0200005    
   17.2328510       10.8400002    
   17.2495174       10.6499996    
   17.2661839       10.4700003    
   17.2828503       10.3000002    
   17.2995167       10.1199999    
   17.3161831       9.94200039    
   17.3328495       9.76700020    
   17.3495159       9.59300041    
   17.3661823       9.42000008    
   17.3828487       9.24800014    
   17.3995152       9.07800007    
   17.4161816       8.90799999    
   17.4328480       8.73999977    
   17.4495144       8.57299995    
   17.4661808       8.40799999    
   17.4828472       8.24300003    
   17.4995136       8.08100033    
   17.5161800       7.91900015    
   17.5328465       7.75799990    
   17.5495129       7.59899998    
   17.5661793       7.44199991    
   17.5828457       7.28499985    
   17.5995121       7.13100004    
   17.6161785       6.97700024    
   17.6328449       6.82499981    
   17.6495113       6.67399979    
   17.6661777       6.52500010    
   17.6828442       6.37699986    
   17.6995106       6.23099995    
   17.7161770       6.08599997    
   17.7328434       5.94199991    
   17.7495098       5.80000019    
   17.7661762       5.65999985    
   17.7828426       5.52099991    
   17.7995090       5.38299990    
   17.8161755       5.24700022    
   17.8328419       5.11299992    
   17.8495083       4.98000002    
   17.8661747       4.84800005    
   17.8828411       4.71799994    
   17.8995075       4.58900023    
   17.9161739       4.46199989    
   17.9328403       4.33699989    
   17.9495068       4.21199989    
   17.9661732       4.09000015    
   17.9828396       3.96900010    
   17.9995060       3.84899998    
   18.0161724       3.73099995    
   18.0328388       3.61400008    
   18.0495052       3.49900007    
   18.0661716       3.38499999    
   18.0828381       3.27200007    
   18.0995045       3.16100001    
   18.1161709       3.05200005    
   18.1328373       2.94400001    
   18.1495037       2.83699989    
   18.1661701       2.73200011    
   18.1828365       2.62800002    
   18.1995029       2.52600002    
   18.2161694       2.42499995    
   18.2328358       2.32500005    
   18.2495022       2.22700000    
   18.2661686       2.13100004    
   18.2828350       2.03600001    
   18.2995014       1.94200003    
   18.3161678       1.85000002    
   18.3328342       1.75999999    
   18.3495007       1.67100000    
   18.3661671       1.58399999    
   18.3828335       1.49800003    
   18.3994999       1.41400003    
   18.4161663       1.33200002    
   18.4328327       1.25199997    
   18.4494991       1.17299998    
   18.4661655       1.09700000    
   18.4828320       1.02199996    
   18.4994984      0.949299991    
   18.5161648      0.879000008    
   18.5328312      0.810800016    
   18.5494976      0.745000005    
   18.5661640      0.681599975    
   18.5828304      0.620999992    
   18.5994968      0.563300014    
   18.6161633      0.508899987    
   18.6328297      0.458099991    
   18.6494961      0.399300009    
   18.6661625      0.347700000    
   18.6828289      0.305900007    
   18.6994953      0.271699995    
   18.7161617      0.230100006    
   18.7328281      0.201000005    
   18.7494946      0.167500004    
   18.7661610      0.139799997    
   18.7828274      0.115999997    
   18.7994938       9.51900035E-02
   18.8161602       7.73900002E-02
   18.8328266       6.26799986E-02
   18.8494930       5.07799983E-02
   18.8661594       3.93299982E-02
   18.8828259       3.12300008E-02
   18.8994923       2.42199991E-02
   18.9161587       1.86199993E-02
   18.9328251       1.42799998E-02
   18.9494915       1.08899996E-02
   18.9661579       8.26700032E-03
   18.9828243       6.24899985E-03
   18.9994907       4.58699977E-03
   19.0161572       3.37400008E-03
   19.0328236       2.40999996E-03
   19.0494900       1.72399997E-03
   19.0661564       1.17499998E-03
   19.0828228       7.83500029E-04
   19.0994892       5.06100012E-04
   19.1161556       3.12299991E-04
   19.1328220       1.70600004E-04
   19.1494884       7.71100022E-05
   19.1661549       2.26899992E-05
   19.1828213       2.62799995E-06
   19.1994877       2.19899992E-08
   19.2161541       8.43699971E-11
   19.2328205       8.30200031E-14
   19.2494869       1.20499999E-17
   19.2661533       8.22394043E-41
   19.2828197       0.00000000    
   19.2994862       0.00000000    
   19.3161526       0.00000000    
   19.3328190       0.00000000    
   19.3494854       0.00000000    
   19.3661518       0.00000000    
   19.3828182       0.00000000    
   19.3994846       0.00000000    
   19.4161510       0.00000000    
   19.4328175       0.00000000    
   19.4494839       0.00000000    
   19.4661503       0.00000000    
   19.4828167       0.00000000    
   19.4994831       0.00000000    
   19.5161495       0.00000000    
   19.5328159       0.00000000    
   19.5494823       0.00000000    
   19.5661488       0.00000000    
   19.5828152       0.00000000    
   19.5994816       0.00000000    
   19.6161480       0.00000000    
   19.6328144       0.00000000    
   19.6494808       0.00000000    
   19.6661472       0.00000000    
   19.6828136       0.00000000    
   19.6994801       0.00000000    
   19.7161465       0.00000000    
   19.7328129       0.00000000    
   19.7494793       0.00000000    
   19.7661457       0.00000000    
   19.7828121       0.00000000    
   19.7994785       0.00000000    
   19.8161449       0.00000000    
   19.8328114       0.00000000    
   19.8494778       0.00000000    
   19.8661442       0.00000000    
   19.8828106       0.00000000    
   19.8994770       0.00000000    
   19.9161434       0.00000000    
   19.9328098       0.00000000    
   19.9494762       0.00000000    
   19.9661427       0.00000000    
   19.9828091       0.00000000    
   19.9994755       0.00000000    
   20.0161419       0.00000000    
   20.0328083       0.00000000    
   20.0494747       0.00000000    
   20.0661411       0.00000000    
   20.0828075       0.00000000    
   20.0994740       0.00000000    
   20.1161404       0.00000000    
   20.1328068       0.00000000    
   20.1494732       0.00000000    
   20.1661396       0.00000000    
   20.1828060       0.00000000    
   20.1994724       0.00000000    
   20.2161388       0.00000000    
   20.2328053       0.00000000    
   20.2494717       0.00000000    
   20.2661381       0.00000000    
   20.2828045       0.00000000    
   20.2994709       0.00000000    
   20.3161373       0.00000000    
   20.3328037       0.00000000    
   20.3494701       0.00000000    
   20.3661366       0.00000000    
   20.3828030       0.00000000    
   20.3994694       0.00000000    
   20.4161358       0.00000000    
   20.4328022       0.00000000    
   20.4494686       0.00000000    
   20.4661350       0.00000000    
   20.4828014       0.00000000    
   20.4994678       0.00000000    
   20.5161343       0.00000000    
   20.5328007       0.00000000    
   20.5494671       0.00000000    
   20.5661335       0.00000000    
   20.5827999       0.00000000    
   20.5994663       0.00000000    
   20.6161327       0.00000000    
   20.6327991       0.00000000    
   20.6494656       0.00000000    
   20.6661320       0.00000000    
   20.6827984       0.00000000    
   20.6994648       0.00000000    
   20.7161312       0.00000000    
   20.7327976       0.00000000    
   20.7494640       0.00000000    
   20.7661304       0.00000000    
   20.7827969       0.00000000    
   20.7994633       0.00000000    
   20.8161297       0.00000000    
   20.8327961       0.00000000    
   20.8494625       0.00000000    
   20.8661289       0.00000000    
   20.8827953       0.00000000    
   20.8994617       0.00000000    
   20.9161282       0.00000000    
   20.9327946       0.00000000    
   20.9494610       0.00000000    
   20.9661274       0.00000000    
   20.9827938       0.00000000    
   20.9994602       0.00000000    
   21.0161266       0.00000000    
   21.0327930       0.00000000    
   21.0494595       0.00000000    
   21.0661259       0.00000000    
   21.0827923       0.00000000    
   21.0994587       0.00000000    
   21.1161251       0.00000000    
   21.1327915       0.00000000    
   21.1494579       0.00000000    
   21.1661243       0.00000000    
   21.1827908       0.00000000    
   21.1994572       0.00000000    
   21.2161236       0.00000000    
   21.2327900       0.00000000    
   21.2494564       0.00000000    
   21.2661228       0.00000000    
   21.2827892       0.00000000    
   21.2994556       0.00000000    
   21.3161221       0.00000000    
   21.3327885       0.00000000    
   21.3494549       0.00000000    
   21.3661213       0.00000000    
   21.3827877       0.00000000    
   21.3994541       0.00000000    
   21.4161205       0.00000000    
   21.4327869       0.00000000    
   21.4494534       0.00000000    
   21.4661198       0.00000000    
   21.4827862       0.00000000    
   21.4994526       0.00000000    
   21.5161190       0.00000000    
   21.5327854       0.00000000    
   21.5494518       0.00000000    
   21.5661182       0.00000000    
   21.5827847       0.00000000    
   21.5994511       0.00000000    
   21.6161175       0.00000000    
   21.6327839       0.00000000    
   21.6494503       0.00000000    
   21.6661167       0.00000000    
   21.6827831       0.00000000    
   21.6994495       0.00000000    
   21.7161160       0.00000000    
   21.7327824       0.00000000    
   21.7494488       0.00000000    
   21.7661152       0.00000000    
   21.7827816       0.00000000    
   21.7994480       0.00000000    
   21.8161144       0.00000000    
   21.8327808       0.00000000    
   21.8494473       0.00000000    
   21.8661137       0.00000000    
   21.8827801       0.00000000    
   21.8994465       0.00000000    
   21.9161129       0.00000000    
   21.9327793       0.00000000    
   21.9494457       0.00000000    
   21.9661121       0.00000000    
   21.9827785       0.00000000    
   21.9994450       0.00000000    
   22.0161114       0.00000000    
   22.0327778       0.00000000    
   22.0494442       0.00000000    
   22.0661106       0.00000000    
   22.0827770       0.00000000    
   22.0994434       0.00000000    
   22.1161098       0.00000000    
   22.1327763       0.00000000    
   22.1494427       0.00000000    
   22.1661091       0.00000000    
   22.1827755       0.00000000    
   22.1994419       0.00000000    
   22.2161083       0.00000000    
   22.2327747       0.00000000    
   22.2494411       0.00000000    
   22.2661076       0.00000000    
   22.2827740       0.00000000    
   22.2994404       0.00000000    
   22.3161068       0.00000000    
   22.3327732       0.00000000    
   22.3494396       0.00000000    
   22.3661060       0.00000000    
   22.3827724       0.00000000    
   22.3994389       0.00000000    
   22.4161053       0.00000000    
   22.4327717       0.00000000    
   22.4494381       0.00000000    
   22.4661045       0.00000000    
   22.4827709       0.00000000    
   22.4994373       0.00000000    
   22.5161037       0.00000000    
   22.5327702       0.00000000    
   22.5494366       0.00000000    
   22.5661030       0.00000000    
   22.5827694       0.00000000    
   22.5994358       0.00000000    
   22.6161022       0.00000000    
   22.6327686       0.00000000    
   22.6494350       0.00000000    
   22.6661015       0.00000000    
   22.6827679       0.00000000    
   22.6994343       0.00000000    
   22.7161007       0.00000000    
   22.7327671       0.00000000    
   22.7494335       0.00000000    
   22.7660999       0.00000000    
   22.7827663       0.00000000    
   22.7994328       0.00000000    
   22.8160992       0.00000000    
   22.8327656       0.00000000    
   22.8494320       0.00000000    
   22.8660984       0.00000000    
   22.8827648       0.00000000    
   22.8994312       0.00000000    
   22.9160976       0.00000000    
   22.9327641       0.00000000    
   22.9494305       0.00000000    
   22.9660969       0.00000000    
   22.9827633       0.00000000    
   22.9994297       0.00000000    
   23.0160961       0.00000000    
   23.0327625       0.00000000    
   23.0494289       0.00000000    
   23.0660954       0.00000000    
   23.0827618       0.00000000    
   23.0994282       0.00000000    
   23.1160946       0.00000000    
   23.1327610       0.00000000    
   23.1494274       0.00000000    
   23.1660938       0.00000000    
   23.1827602       0.00000000    
   23.1994267       0.00000000    
   23.2160931       0.00000000    
   23.2327595       0.00000000    
   23.2494259       0.00000000    
   23.2660923       0.00000000    
   23.2827587       0.00000000    
   23.2994251       0.00000000    
   23.3160915       0.00000000    
   23.3327579       0.00000000    
   23.3494244       0.00000000    
   23.3660908       0.00000000    
   23.3827572       0.00000000    
   23.3994236       0.00000000    
   23.4160900       0.00000000    
   23.4327564       0.00000000    
   23.4494228       0.00000000    
   23.4660892       0.00000000    
   23.4827557       0.00000000    
   23.4994221       0.00000000    
   23.5160885       0.00000000    
   23.5327549       0.00000000    
   23.5494213       0.00000000    
   23.5660877       0.00000000    
   23.5827541       0.00000000    
   23.5994205       0.00000000    
   23.6160870       0.00000000    
   23.6327534       0.00000000    
   23.6494198       0.00000000    
   23.6660862       0.00000000    
   23.6827526       0.00000000    
   23.6994190       0.00000000    
   23.7160854       0.00000000    
   23.7327518       0.00000000    
   23.7494183       0.00000000    
   23.7660847       0.00000000    
   23.7827511       0.00000000    
   23.7994175       0.00000000    
   23.8160839       0.00000000    
   23.8327503       0.00000000    
   23.8494167       0.00000000    
   23.8660831       0.00000000    
   23.8827496       0.00000000    
   23.8994160       0.00000000    
   23.9160824       0.00000000    
   23.9327488       0.00000000    
   23.9494152       0.00000000    
   23.9660816       0.00000000    
   23.9827480       0.00000000    
