   0.00000000       0.00000000    
   1.66660007E-02   0.00000000    
   3.33320014E-02   0.00000000    
   4.99980003E-02   0.00000000    
   6.66640028E-02   0.00000000    
   8.33300054E-02   0.00000000    
   9.99960080E-02   0.00000000    
  0.116662011       0.00000000    
  0.133328006       0.00000000    
  0.149994001       0.00000000    
  0.166659996       0.00000000    
  0.183325991       0.00000000    
  0.199991986       0.00000000    
  0.216657981       0.00000000    
  0.233323976       0.00000000    
  0.249989972       0.00000000    
  0.266655982       0.00000000    
  0.283321977       0.00000000    
  0.299987972       0.00000000    
  0.316653967       0.00000000    
  0.333319962       0.00000000    
  0.349985957       0.00000000    
  0.366651952       0.00000000    
  0.383317947       0.00000000    
  0.399983943       0.00000000    
  0.416649938       0.00000000    
  0.433315933       0.00000000    
  0.449981928       0.00000000    
  0.466647923       0.00000000    
  0.483313918       0.00000000    
  0.499979913       0.00000000    
  0.516645908       0.00000000    
  0.533311903       0.00000000    
  0.549977899       0.00000000    
  0.566643894       0.00000000    
  0.583309889       0.00000000    
  0.599975884       0.00000000    
  0.616641879       0.00000000    
  0.633307874       0.00000000    
  0.649973869       0.00000000    
  0.666639864       0.00000000    
  0.683305860       0.00000000    
  0.699971855       0.00000000    
  0.716637850       0.00000000    
  0.733303845       0.00000000    
  0.749969840       0.00000000    
  0.766635835       0.00000000    
  0.783301830       0.00000000    
  0.799967825       0.00000000    
  0.816633821       0.00000000    
  0.833299816       0.00000000    
  0.849965811       0.00000000    
  0.866631806       0.00000000    
  0.883297801       0.00000000    
  0.899963796       0.00000000    
  0.916629791       0.00000000    
  0.933295786       0.00000000    
  0.949961782       0.00000000    
  0.966627777       0.00000000    
  0.983293772       0.00000000    
  0.999959767       0.00000000    
   1.01662576       0.00000000    
   1.03329182       0.00000000    
   1.04995787       0.00000000    
   1.06662393       0.00000000    
   1.08328998       0.00000000    
   1.09995604       0.00000000    
   1.11662209       0.00000000    
   1.13328815       0.00000000    
   1.14995420       0.00000000    
   1.16662025       0.00000000    
   1.18328631       0.00000000    
   1.19995236       0.00000000    
   1.21661842       0.00000000    
   1.23328447       0.00000000    
   1.24995053       0.00000000    
   1.26661658       0.00000000    
   1.28328264       0.00000000    
   1.29994869       0.00000000    
   1.31661475       0.00000000    
   1.33328080       0.00000000    
   1.34994686       0.00000000    
   1.36661291       0.00000000    
   1.38327897       0.00000000    
   1.39994502       0.00000000    
   1.41661108       0.00000000    
   1.43327713       0.00000000    
   1.44994318       0.00000000    
   1.46660924       0.00000000    
   1.48327529       0.00000000    
   1.49994135       0.00000000    
   1.51660740       0.00000000    
   1.53327346       0.00000000    
   1.54993951       0.00000000    
   1.56660557       0.00000000    
   1.58327162       0.00000000    
   1.59993768       0.00000000    
   1.61660373       0.00000000    
   1.63326979       0.00000000    
   1.64993584       0.00000000    
   1.66660190       0.00000000    
   1.68326795       0.00000000    
   1.69993401       0.00000000    
   1.71660006       0.00000000    
   1.73326612       0.00000000    
   1.74993217       0.00000000    
   1.76659822       0.00000000    
   1.78326428       0.00000000    
   1.79993033       0.00000000    
   1.81659639       0.00000000    
   1.83326244       0.00000000    
   1.84992850       0.00000000    
   1.86659455       0.00000000    
   1.88326061       0.00000000    
   1.89992666       0.00000000    
   1.91659272       0.00000000    
   1.93325877       0.00000000    
   1.94992483       0.00000000    
   1.96659088       0.00000000    
   1.98325694       0.00000000    
   1.99992299       0.00000000    
   2.01658893       0.00000000    
   2.03325486       0.00000000    
   2.04992080       0.00000000    
   2.06658673       0.00000000    
   2.08325267       0.00000000    
   2.09991860       0.00000000    
   2.11658454       0.00000000    
   2.13325047       0.00000000    
   2.14991641       0.00000000    
   2.16658235       0.00000000    
   2.18324828       0.00000000    
   2.19991422       0.00000000    
   2.21658015       0.00000000    
   2.23324609       0.00000000    
   2.24991202       0.00000000    
   2.26657796       0.00000000    
   2.28324389       0.00000000    
   2.29990983       0.00000000    
   2.31657577       0.00000000    
   2.33324170       0.00000000    
   2.34990764       0.00000000    
   2.36657357       0.00000000    
   2.38323951       0.00000000    
   2.39990544       0.00000000    
   2.41657138       0.00000000    
   2.43323731       0.00000000    
   2.44990325       0.00000000    
   2.46656919       0.00000000    
   2.48323512       0.00000000    
   2.49990106       0.00000000    
   2.51656699       0.00000000    
   2.53323293       0.00000000    
   2.54989886       0.00000000    
   2.56656480       0.00000000    
   2.58323073       0.00000000    
   2.59989667       0.00000000    
   2.61656260       0.00000000    
   2.63322854       0.00000000    
   2.64989448       0.00000000    
   2.66656041       0.00000000    
   2.68322635       0.00000000    
   2.69989228       0.00000000    
   2.71655822       0.00000000    
   2.73322415       0.00000000    
   2.74989009       0.00000000    
   2.76655602       0.00000000    
   2.78322196       0.00000000    
   2.79988790       0.00000000    
   2.81655383       0.00000000    
   2.83321977       0.00000000    
   2.84988570       0.00000000    
   2.86655164       0.00000000    
   2.88321757       0.00000000    
   2.89988351       0.00000000    
   2.91654944       0.00000000    
   2.93321538       0.00000000    
   2.94988132       0.00000000    
   2.96654725       0.00000000    
   2.98321319       0.00000000    
   2.99987912       0.00000000    
   3.01654506       0.00000000    
   3.03321099       0.00000000    
   3.04987693       0.00000000    
   3.06654286       0.00000000    
   3.08320880       0.00000000    
   3.09987473       0.00000000    
   3.11654067       0.00000000    
   3.13320661       0.00000000    
   3.14987254       0.00000000    
   3.16653848       0.00000000    
   3.18320441       0.00000000    
   3.19987035       0.00000000    
   3.21653628       0.00000000    
   3.23320222       0.00000000    
   3.24986815       0.00000000    
   3.26653409       0.00000000    
   3.28320003       0.00000000    
   3.29986596       0.00000000    
   3.31653190       0.00000000    
   3.33319783       0.00000000    
   3.34986377       0.00000000    
   3.36652970       0.00000000    
   3.38319564       0.00000000    
   3.39986157       0.00000000    
   3.41652751       0.00000000    
   3.43319345       0.00000000    
   3.44985938       0.00000000    
   3.46652532       0.00000000    
   3.48319125       0.00000000    
   3.49985719       0.00000000    
   3.51652312       0.00000000    
   3.53318906       0.00000000    
   3.54985499       0.00000000    
   3.56652093       0.00000000    
   3.58318686       0.00000000    
   3.59985280       0.00000000    
   3.61651874       0.00000000    
   3.63318467       0.00000000    
   3.64985061       0.00000000    
   3.66651654       0.00000000    
   3.68318248       0.00000000    
   3.69984841       0.00000000    
   3.71651435       0.00000000    
   3.73318028       0.00000000    
   3.74984622       0.00000000    
   3.76651216       0.00000000    
   3.78317809       0.00000000    
   3.79984403       0.00000000    
   3.81650996       0.00000000    
   3.83317590       0.00000000    
   3.84984183       0.00000000    
   3.86650777       0.00000000    
   3.88317370       0.00000000    
   3.89983964       0.00000000    
   3.91650558       0.00000000    
   3.93317151       0.00000000    
   3.94983745       0.00000000    
   3.96650338       0.00000000    
   3.98316932       0.00000000    
   3.99983525       0.00000000    
   4.01650143       0.00000000    
   4.03316736       0.00000000    
   4.04983330       0.00000000    
   4.06649923       0.00000000    
   4.08316517       0.00000000    
   4.09983110       0.00000000    
   4.11649704       0.00000000    
   4.13316298       0.00000000    
   4.14982891       0.00000000    
   4.16649485       0.00000000    
   4.18316078       0.00000000    
   4.19982672       0.00000000    
   4.21649265       0.00000000    
   4.23315859       0.00000000    
   4.24982452       0.00000000    
   4.26649046       0.00000000    
   4.28315639       0.00000000    
   4.29982233       0.00000000    
   4.31648827       0.00000000    
   4.33315420       0.00000000    
   4.34982014       0.00000000    
   4.36648607       0.00000000    
   4.38315201       0.00000000    
   4.39981794       0.00000000    
   4.41648388       0.00000000    
   4.43314981       0.00000000    
   4.44981575       0.00000000    
   4.46648169       0.00000000    
   4.48314762       0.00000000    
   4.49981356       0.00000000    
   4.51647949       0.00000000    
   4.53314543       0.00000000    
   4.54981136       0.00000000    
   4.56647730       0.00000000    
   4.58314323       0.00000000    
   4.59980917       0.00000000    
   4.61647511       0.00000000    
   4.63314104       0.00000000    
   4.64980698       0.00000000    
   4.66647291       0.00000000    
   4.68313885       0.00000000    
   4.69980478       0.00000000    
   4.71647072       0.00000000    
   4.73313665       0.00000000    
   4.74980259       0.00000000    
   4.76646852       0.00000000    
   4.78313446       0.00000000    
   4.79980040       0.00000000    
   4.81646633       0.00000000    
   4.83313227       0.00000000    
   4.84979820       0.00000000    
   4.86646414       0.00000000    
   4.88313007       0.00000000    
   4.89979601       0.00000000    
   4.91646194       0.00000000    
   4.93312788       0.00000000    
   4.94979382       0.00000000    
   4.96645975       0.00000000    
   4.98312569       0.00000000    
   4.99979162       0.00000000    
   5.01645756       0.00000000    
   5.03312349       0.00000000    
   5.04978943       0.00000000    
   5.06645536       0.00000000    
   5.08312130       0.00000000    
   5.09978724       0.00000000    
   5.11645317       0.00000000    
   5.13311911       0.00000000    
   5.14978504       0.00000000    
   5.16645098       0.00000000    
   5.18311691       0.00000000    
   5.19978285       0.00000000    
   5.21644878       0.00000000    
   5.23311472       0.00000000    
   5.24978065       0.00000000    
   5.26644659       0.00000000    
   5.28311253       0.00000000    
   5.29977846       0.00000000    
   5.31644440       0.00000000    
   5.33311033       0.00000000    
   5.34977627       0.00000000    
   5.36644220       0.00000000    
   5.38310814       0.00000000    
   5.39977407       0.00000000    
   5.41644001       0.00000000    
   5.43310595       0.00000000    
   5.44977188       0.00000000    
   5.46643782       0.00000000    
   5.48310375       0.00000000    
   5.49976969       0.00000000    
   5.51643562       0.00000000    
   5.53310156       1.49499997E-19
   5.54976749       5.95600026E-14
   5.56643343       4.60299993E-11
   5.58309937       8.09199996E-09
   5.59976530       3.43399989E-07
   5.61643124       8.33899958E-06
   5.63309717       3.97000003E-05
   5.64976311       1.08599997E-04
   5.66642904       2.19399997E-04
   5.68309498       3.75100004E-04
   5.69976091       5.96900005E-04
   5.71642685       9.11700015E-04
   5.73309278       1.35499996E-03
   5.74975872       1.92499999E-03
   5.76642466       2.71499995E-03
   5.78309059       3.78999999E-03
   5.79975653       5.08899987E-03
   5.81642246       6.78199995E-03
   5.83308840       9.04399995E-03
   5.84975433       1.19300000E-02
   5.86642027       1.55100003E-02
   5.88308620       2.00699996E-02
   5.89975214       2.52999999E-02
   5.91641808       3.22300009E-02
   5.93308401       4.12900001E-02
   5.94974995       5.11099994E-02
   5.96641588       6.49899989E-02
   5.98308182       7.93299973E-02
   5.99974775       9.67599973E-02
   6.01641369      0.117299996    
   6.03307962      0.141200006    
   6.04974556      0.168699995    
   6.06641150      0.200800002    
   6.08307743      0.239500001    
   6.09974337      0.270399988    
   6.11640930      0.319499999    
   6.13307524      0.356900007    
   6.14974117      0.402300000    
   6.16640711      0.457300007    
   6.18307304      0.523800015    
   6.19973898      0.584399998    
   6.21640491      0.645699978    
   6.23307085      0.710799992    
   6.24973679      0.779500008    
   6.26640272      0.851199985    
   6.28306866      0.925899982    
   6.29973459       1.00300002    
   6.31640053       1.08299994    
   6.33306646       1.16600001    
   6.34973240       1.25100005    
   6.36639833       1.33899999    
   6.38306427       1.42799997    
   6.39973021       1.51999998    
   6.41639614       1.61399996    
   6.43306208       1.71000004    
   6.44972801       1.80799997    
   6.46639395       1.90799999    
   6.48305988       2.00999999    
   6.49972582       2.11400008    
   6.51639175       2.22000003    
   6.53305769       2.32800007    
   6.54972363       2.43799996    
   6.56638956       2.54900002    
   6.58305550       2.66199994    
   6.59972143       2.77699995    
   6.61638737       2.89400005    
   6.63305330       3.01300001    
   6.64971924       3.13400006    
   6.66638517       3.25600004    
   6.68305111       3.38100004    
   6.69971704       3.50699997    
   6.71638298       3.63599992    
   6.73304892       3.76600003    
   6.74971485       3.89800000    
   6.76638079       4.03200006    
   6.78304672       4.16699982    
   6.79971266       4.30499983    
   6.81637859       4.44500017    
   6.83304453       4.58599997    
   6.84971046       4.73000002    
   6.86637640       4.87500000    
   6.88304234       5.02299976    
   6.89970827       5.17199993    
   6.91637421       5.32299995    
   6.93304014       5.47599983    
   6.94970608       5.63100004    
   6.96637201       5.78800011    
   6.98303795       5.94600010    
   6.99970388       6.10699987    
   7.01636982       6.26999998    
   7.03303576       6.43400002    
   7.04970169       6.59999990    
   7.06636763       6.76800013    
   7.08303356       6.93800020    
   7.09969950       7.10900021    
   7.11636543       7.28200006    
   7.13303137       7.45699978    
   7.14969730       7.63399982    
   7.16636324       7.81199980    
   7.18302917       7.99200010    
   7.19969511       8.17399979    
   7.21636105       8.35700035    
   7.23302698       8.54199982    
   7.24969292       8.72900009    
   7.26635885       8.91699982    
   7.28302479       9.10700035    
   7.29969072       9.29800034    
   7.31635666       9.48999977    
   7.33302259       9.68400002    
   7.34968853       9.88000011    
   7.36635447       10.0799999    
   7.38302040       10.2799997    
   7.39968634       10.4799995    
   7.41635227       10.6800003    
   7.43301821       10.8800001    
   7.44968414       11.0799999    
   7.46635008       11.2900000    
   7.48301601       11.4899998    
   7.49968195       11.6999998    
   7.51634789       11.9099998    
   7.53301382       12.1199999    
   7.54967976       12.3299999    
   7.56634569       12.5400000    
   7.58301163       12.7600002    
   7.59967756       12.9700003    
   7.61634350       13.1899996    
   7.63300943       13.3999996    
   7.64967537       13.6199999    
   7.66634130       13.8400002    
   7.68300724       14.0600004    
   7.69967318       14.2799997    
   7.71633911       14.5000000    
   7.73300505       14.7200003    
   7.74967098       14.9499998    
   7.76633692       15.1700001    
   7.78300285       15.3999996    
   7.79966879       15.6199999    
   7.81633472       15.8500004    
   7.83300066       16.0799999    
   7.84966660       16.2999992    
   7.86633253       16.5300007    
   7.88299847       16.7600002    
   7.89966440       16.9899998    
   7.91633034       17.2199993    
   7.93299627       17.4500008    
   7.94966221       17.6800003    
   7.96632814       17.9200001    
   7.98299408       18.1499996    
   7.99966002       18.3799992    
   8.01632595       18.6200008    
   8.03299236       18.8500004    
   8.04965878       19.0900002    
   8.06632519       19.3199997    
   8.08299160       19.5599995    
   8.09965801       19.7900009    
   8.11632442       20.0300007    
   8.13299084       20.2700005    
   8.14965725       20.5100002    
   8.16632366       20.7399998    
   8.18299007       20.9799995    
   8.19965649       21.2199993    
   8.21632290       21.4599991    
   8.23298931       21.7000008    
   8.24965572       21.9400005    
   8.26632214       22.1800003    
   8.28298855       22.4200001    
   8.29965496       22.6599998    
   8.31632137       22.8999996    
   8.33298779       23.1399994    
   8.34965420       23.3799992    
   8.36632061       23.6200008    
   8.38298702       23.8600006    
   8.39965343       24.1000004    
   8.41631985       24.3400002    
   8.43298626       24.5799999    
   8.44965267       24.8199997    
   8.46631908       25.0599995    
   8.48298550       25.2999992    
   8.49965191       25.5400009    
   8.51631832       25.7900009    
   8.53298473       26.0300007    
   8.54965115       26.2700005    
   8.56631756       26.5100002    
   8.58298397       26.7500000    
   8.59965038       26.9899998    
   8.61631680       27.2299995    
   8.63298321       27.4699993    
   8.64964962       27.7099991    
   8.66631603       27.9500008    
   8.68298244       28.1900005    
   8.69964886       28.4300003    
   8.71631527       28.6700001    
   8.73298168       28.9099998    
   8.74964809       29.1499996    
   8.76631451       29.3899994    
   8.78298092       29.6299992    
   8.79964733       29.8700008    
   8.81631374       30.1100006    
   8.83298016       30.3400002    
   8.84964657       30.5799999    
   8.86631298       30.8199997    
   8.88297939       31.0599995    
   8.89964581       31.2900009    
   8.91631222       31.5300007    
   8.93297863       31.7700005    
   8.94964504       32.0000000    
   8.96631145       32.2400017    
   8.98297787       32.4700012    
   8.99964428       32.7099991    
   9.01631069       32.9399986    
   9.03297710       33.1800003    
   9.04964352       33.4099998    
   9.06630993       33.6399994    
   9.08297634       33.8800011    
   9.09964275       34.1100006    
   9.11630917       34.3400002    
   9.13297558       34.5699997    
   9.14964199       34.7999992    
   9.16630840       35.0299988    
   9.18297482       35.2599983    
   9.19964123       35.4900017    
   9.21630764       35.7200012    
   9.23297405       35.9500008    
   9.24964046       36.1800003    
   9.26630688       36.4000015    
   9.28297329       36.6300011    
   9.29963970       36.8600006    
   9.31630611       37.0800018    
   9.33297253       37.3100014    
   9.34963894       37.5299988    
   9.36630535       37.7500000    
   9.38297176       37.9799995    
   9.39963818       38.2000008    
   9.41630459       38.4199982    
   9.43297100       38.6399994    
   9.44963741       38.8600006    
   9.46630383       39.0800018    
   9.48297024       39.2999992    
   9.49963665       39.5200005    
   9.51630306       39.7400017    
   9.53296947       39.9500008    
   9.54963589       40.1699982    
   9.56630230       40.3800011    
   9.58296871       40.5999985    
   9.59963512       40.8100014    
   9.61630154       41.0299988    
   9.63296795       41.2400017    
   9.64963436       41.4500008    
   9.66630077       41.6599998    
   9.68296719       41.8699989    
   9.69963360       42.0800018    
   9.71630001       42.2900009    
   9.73296642       42.5000000    
   9.74963284       42.7000008    
   9.76629925       42.9099998    
   9.78296566       43.1100006    
   9.79963207       43.3199997    
   9.81629848       43.5200005    
   9.83296490       43.7200012    
   9.84963131       43.9300003    
   9.86629772       44.1300011    
   9.88296413       44.3300018    
   9.89963055       44.5299988    
   9.91629696       44.7200012    
   9.93296337       44.9199982    
   9.94962978       45.1199989    
   9.96629620       45.3100014    
   9.98296261       45.5099983    
   9.99962902       45.7000008    
   10.0162954       45.8899994    
   10.0329618       46.0800018    
   10.0496283       46.2799988    
   10.0662947       46.4700012    
   10.0829611       46.6500015    
   10.0996275       46.8400002    
   10.1162939       47.0299988    
   10.1329603       47.2099991    
   10.1496267       47.4000015    
   10.1662931       47.5800018    
   10.1829596       47.7700005    
   10.1996260       47.9500008    
   10.2162924       48.1300011    
   10.2329588       48.3100014    
   10.2496252       48.4900017    
   10.2662916       48.6699982    
   10.2829580       48.8400002    
   10.2996244       49.0200005    
   10.3162909       49.1899986    
   10.3329573       49.3699989    
   10.3496237       49.5400009    
   10.3662901       49.7099991    
   10.3829565       49.8800011    
   10.3996229       50.0499992    
   10.4162893       50.2200012    
   10.4329557       50.3899994    
   10.4496222       50.5499992    
   10.4662886       50.7200012    
   10.4829550       50.8800011    
   10.4996214       51.0400009    
   10.5162878       51.2099991    
   10.5329542       51.3699989    
   10.5496206       51.5299988    
   10.5662870       51.6800003    
   10.5829535       51.8400002    
   10.5996199       52.0000000    
   10.6162863       52.1500015    
   10.6329527       52.3100014    
   10.6496191       52.4599991    
   10.6662855       52.6100006    
   10.6829519       52.7599983    
   10.6996183       52.9099998    
   10.7162848       53.0600014    
   10.7329512       53.2000008    
   10.7496176       53.3499985    
   10.7662840       53.4900017    
   10.7829504       53.6399994    
   10.7996168       53.7799988    
   10.8162832       53.9199982    
   10.8329496       54.0600014    
   10.8496161       54.2000008    
   10.8662825       54.3400002    
   10.8829489       54.4700012    
   10.8996153       54.6100006    
   10.9162817       54.7400017    
   10.9329481       54.8699989    
   10.9496145       55.0000000    
   10.9662809       55.1300011    
   10.9829473       55.2599983    
   10.9996138       55.3899994    
   11.0162802       55.5200005    
   11.0329466       55.6399994    
   11.0496130       55.7599983    
   11.0662794       55.8899994    
   11.0829458       56.0099983    
   11.0996122       56.1300011    
   11.1162786       56.2400017    
   11.1329451       56.3600006    
   11.1496115       56.4799995    
   11.1662779       56.5900002    
   11.1829443       56.7099991    
   11.1996107       56.8199997    
   11.2162771       56.9300003    
   11.2329435       57.0400009    
   11.2496099       57.1500015    
   11.2662764       57.2500000    
   11.2829428       57.3600006    
   11.2996092       57.4599991    
   11.3162756       57.5699997    
   11.3329420       57.6699982    
   11.3496084       57.7700005    
   11.3662748       57.8699989    
   11.3829412       57.9700012    
   11.3996077       58.0600014    
   11.4162741       58.1599998    
   11.4329405       58.2500000    
   11.4496069       58.3400002    
   11.4662733       58.4300003    
   11.4829397       58.5200005    
   11.4996061       58.6100006    
   11.5162725       58.7000008    
   11.5329390       58.7799988    
   11.5496054       58.8699989    
   11.5662718       58.9500008    
   11.5829382       59.0299988    
   11.5996046       59.1100006    
   11.6162710       59.1899986    
   11.6329374       59.2700005    
   11.6496038       59.3400002    
   11.6662703       59.4199982    
   11.6829367       59.4900017    
   11.6996031       59.5699997    
   11.7162695       59.6399994    
   11.7329359       59.7099991    
   11.7496023       59.7700005    
   11.7662687       59.8400002    
   11.7829351       59.9099998    
   11.7996016       59.9700012    
   11.8162680       60.0299988    
   11.8329344       60.0900002    
   11.8496008       60.1500015    
   11.8662672       60.2099991    
   11.8829336       60.2700005    
   11.8996000       60.3199997    
   11.9162664       60.3800011    
   11.9329329       60.4300003    
   11.9495993       60.4799995    
   11.9662657       60.5299988    
   11.9829321       60.5800018    
   11.9995985       60.6300011    
   12.0162649       60.6699982    
   12.0329313       60.7200012    
   12.0495977       60.7599983    
   12.0662642       60.7999992    
   12.0829306       60.8400002    
   12.0995970       60.8800011    
   12.1162634       60.9199982    
   12.1329298       60.9500008    
   12.1495962       60.9900017    
   12.1662626       61.0200005    
   12.1829290       61.0499992    
   12.1995955       61.0800018    
   12.2162619       61.1100006    
   12.2329283       61.1399994    
   12.2495947       61.1699982    
   12.2662611       61.1899986    
   12.2829275       61.2099991    
   12.2995939       61.2299995    
   12.3162603       61.2599983    
   12.3329268       61.2700005    
   12.3495932       61.2900009    
   12.3662596       61.3100014    
   12.3829260       61.3199997    
   12.3995924       61.3400002    
   12.4162588       61.3499985    
   12.4329252       61.3600006    
   12.4495916       61.3699989    
   12.4662580       61.3699989    
   12.4829245       61.3800011    
   12.4995909       61.3800011    
   12.5162573       61.3899994    
   12.5329237       61.3899994    
   12.5495901       61.3899994    
   12.5662565       61.3899994    
   12.5829229       61.3899994    
   12.5995893       61.3800011    
   12.6162558       61.3800011    
   12.6329222       61.3699989    
   12.6495886       61.3600006    
   12.6662550       61.3499985    
   12.6829214       61.3400002    
   12.6995878       61.3300018    
   12.7162542       61.3199997    
   12.7329206       61.2999992    
   12.7495871       61.2799988    
   12.7662535       61.2700005    
   12.7829199       61.2500000    
   12.7995863       61.2299995    
   12.8162527       61.2000008    
   12.8329191       61.1800003    
   12.8495855       61.1500015    
   12.8662519       61.1300011    
   12.8829184       61.0999985    
   12.8995848       61.0699997    
   12.9162512       61.0400009    
   12.9329176       61.0099983    
   12.9495840       60.9700012    
   12.9662504       60.9399986    
   12.9829168       60.9000015    
   12.9995832       60.8600006    
   13.0162497       60.8199997    
   13.0329161       60.7799988    
   13.0495825       60.7400017    
   13.0662489       60.7000008    
   13.0829153       60.6500015    
   13.0995817       60.6100006    
   13.1162481       60.5600014    
   13.1329145       60.5099983    
   13.1495810       60.4599991    
   13.1662474       60.4099998    
   13.1829138       60.3499985    
   13.1995802       60.2999992    
   13.2162466       60.2400017    
   13.2329130       60.1899986    
   13.2495794       60.1300011    
   13.2662458       60.0699997    
   13.2829123       60.0099983    
   13.2995787       59.9399986    
   13.3162451       59.8800011    
   13.3329115       59.8100014    
   13.3495779       59.7400017    
   13.3662443       59.6800003    
   13.3829107       59.5999985    
   13.3995771       59.5299988    
   13.4162436       59.4599991    
   13.4329100       59.3899994    
   13.4495764       59.3100014    
   13.4662428       59.2400017    
   13.4829092       59.1599998    
   13.4995756       59.0800018    
   13.5162420       59.0000000    
   13.5329084       58.9099998    
   13.5495749       58.8300018    
   13.5662413       58.7500000    
   13.5829077       58.6599998    
   13.5995741       58.5699997    
   13.6162405       58.4799995    
   13.6329069       58.3899994    
   13.6495733       58.2999992    
   13.6662397       58.2099991    
   13.6829062       58.1100006    
   13.6995726       58.0200005    
   13.7162390       57.9199982    
   13.7329054       57.8199997    
   13.7495718       57.7200012    
   13.7662382       57.6199989    
   13.7829046       57.5200005    
   13.7995710       57.4199982    
   13.8162374       57.3100014    
   13.8329039       57.2099991    
   13.8495703       57.0999985    
   13.8662367       56.9900017    
   13.8829031       56.8800011    
   13.8995695       56.7700005    
   13.9162359       56.6599998    
   13.9329023       56.5400009    
   13.9495687       56.4300003    
   13.9662352       56.3100014    
   13.9829016       56.1899986    
   13.9995680       56.0699997    
   14.0162344       55.9500008    
   14.0329008       55.8300018    
   14.0495672       55.7099991    
   14.0662336       55.5900002    
   14.0829000       55.4599991    
   14.0995665       55.3300018    
   14.1162329       55.2099991    
   14.1328993       55.0800018    
   14.1495657       54.9500008    
   14.1662321       54.8100014    
   14.1828985       54.6800003    
   14.1995649       54.5499992    
   14.2162313       54.4099998    
   14.2328978       54.2799988    
   14.2495642       54.1399994    
   14.2662306       54.0000000    
   14.2828970       53.8600006    
   14.2995634       53.7200012    
   14.3162298       53.5800018    
   14.3328962       53.4300003    
   14.3495626       53.2900009    
   14.3662291       53.1399994    
   14.3828955       52.9900017    
   14.3995619       52.8499985    
   14.4162283       52.7000008    
   14.4328947       52.5400009    
   14.4495611       52.3899994    
   14.4662275       52.2400017    
   14.4828939       52.0900002    
   14.4995604       51.9300003    
   14.5162268       51.7700005    
   14.5328932       51.6199989    
   14.5495596       51.4599991    
   14.5662260       51.2999992    
   14.5828924       51.1399994    
   14.5995588       50.9700012    
   14.6162252       50.8100014    
   14.6328917       50.6500015    
   14.6495581       50.4799995    
   14.6662245       50.3199997    
   14.6828909       50.1500015    
   14.6995573       49.9799995    
   14.7162237       49.8100014    
   14.7328901       49.6399994    
   14.7495565       49.4700012    
   14.7662230       49.2900009    
   14.7828894       49.1199989    
   14.7995558       48.9399986    
   14.8162222       48.7700005    
   14.8328886       48.5900002    
   14.8495550       48.4099998    
   14.8662214       48.2299995    
   14.8828878       48.0499992    
   14.8995543       47.8699989    
   14.9162207       47.6899986    
   14.9328871       47.5099983    
   14.9495535       47.3199997    
   14.9662199       47.1399994    
   14.9828863       46.9500008    
   14.9995527       46.7599983    
   15.0162191       46.5699997    
   15.0328856       46.3899994    
   15.0495520       46.2000008    
   15.0662184       46.0000000    
   15.0828848       45.8100014    
   15.0995512       45.6199989    
   15.1162176       45.4199982    
   15.1328840       45.2299995    
   15.1495504       45.0400009    
   15.1662169       44.8400002    
   15.1828833       44.6399994    
   15.1995497       44.4399986    
   15.2162161       44.2400017    
   15.2328825       44.0400009    
   15.2495489       43.8400002    
   15.2662153       43.6399994    
   15.2828817       43.4399986    
   15.2995481       43.2299995    
   15.3162146       43.0299988    
   15.3328810       42.8199997    
   15.3495474       42.6199989    
   15.3662138       42.4099998    
   15.3828802       42.2000008    
   15.3995466       41.9900017    
   15.4162130       41.7799988    
   15.4328794       41.5699997    
   15.4495459       41.3600006    
   15.4662123       41.1500015    
   15.4828787       40.9399986    
   15.4995451       40.7299995    
   15.5162115       40.5099983    
   15.5328779       40.2999992    
   15.5495443       40.0800018    
   15.5662107       39.8600006    
   15.5828772       39.6500015    
   15.5995436       39.4300003    
   15.6162100       39.2099991    
   15.6328764       38.9900017    
   15.6495428       38.7700005    
   15.6662092       38.5499992    
   15.6828756       38.3300018    
   15.6995420       38.1100006    
   15.7162085       37.8899994    
   15.7328749       37.6599998    
   15.7495413       37.4399986    
   15.7662077       37.2200012    
   15.7828741       36.9900017    
   15.7995405       36.7700005    
   15.8162069       36.5400009    
   15.8328733       36.3100014    
   15.8495398       36.0900002    
   15.8662062       35.8600006    
   15.8828726       35.6300011    
   15.8995390       35.4000015    
   15.9162054       35.1699982    
   15.9328718       34.9399986    
   15.9495382       34.7099991    
   15.9662046       34.4799995    
   15.9828711       34.2500000    
   15.9995375       34.0200005    
   16.0162029       33.7900009    
   16.0328693       33.5499992    
   16.0495358       33.3199997    
   16.0662022       33.0900002    
   16.0828686       32.8499985    
   16.0995350       32.6199989    
   16.1162014       32.3800011    
   16.1328678       32.1500015    
   16.1495342       31.9099998    
   16.1662006       31.6800003    
   16.1828671       31.4400005    
   16.1995335       31.2000008    
   16.2161999       30.9699993    
   16.2328663       30.7299995    
   16.2495327       30.4899998    
   16.2661991       30.2500000    
   16.2828655       30.0200005    
   16.2995319       29.7800007    
   16.3161983       29.5400009    
   16.3328648       29.2999992    
   16.3495312       29.0599995    
   16.3661976       28.8199997    
   16.3828640       28.5799999    
   16.3995304       28.3400002    
   16.4161968       28.1000004    
   16.4328632       27.8600006    
   16.4495296       27.6200008    
   16.4661961       27.3799992    
   16.4828625       27.1399994    
   16.4995289       26.8999996    
   16.5161953       26.6599998    
   16.5328617       26.4200001    
   16.5495281       26.1800003    
   16.5661945       25.9400005    
   16.5828609       25.7000008    
   16.5995274       25.4599991    
   16.6161938       25.2199993    
   16.6328602       24.9699993    
   16.6495266       24.7299995    
   16.6661930       24.4899998    
   16.6828594       24.2500000    
   16.6995258       24.0100002    
   16.7161922       23.7700005    
   16.7328587       23.5300007    
   16.7495251       23.2900009    
   16.7661915       23.0499992    
   16.7828579       22.8099995    
   16.7995243       22.5699997    
   16.8161907       22.3299999    
   16.8328571       22.0900002    
   16.8495235       21.8500004    
   16.8661900       21.6100006    
   16.8828564       21.3700008    
   16.8995228       21.1399994    
   16.9161892       20.8999996    
   16.9328556       20.6599998    
   16.9495220       20.4200001    
   16.9661884       20.1900005    
   16.9828548       19.9500008    
   16.9995213       19.7099991    
   17.0161877       19.4799995    
   17.0328541       19.2399998    
   17.0495205       19.0100002    
   17.0661869       18.7700005    
   17.0828533       18.5400009    
   17.0995197       18.2999992    
   17.1161861       18.0699997    
   17.1328526       17.8400002    
   17.1495190       17.6100006    
   17.1661854       17.3700008    
   17.1828518       17.1399994    
   17.1995182       16.9099998    
   17.2161846       16.6800003    
   17.2328510       16.4599991    
   17.2495174       16.2299995    
   17.2661839       16.0000000    
   17.2828503       15.7700005    
   17.2995167       15.5500002    
   17.3161831       15.3199997    
   17.3328495       15.1000004    
   17.3495159       14.8699999    
   17.3661823       14.6499996    
   17.3828487       14.4300003    
   17.3995152       14.2100000    
   17.4161816       13.9899998    
   17.4328480       13.7700005    
   17.4495144       13.5500002    
   17.4661808       13.3299999    
   17.4828472       13.1199999    
   17.4995136       12.8999996    
   17.5161800       12.6899996    
   17.5328465       12.4799995    
   17.5495129       12.2700005    
   17.5661793       12.0500002    
   17.5828457       11.8500004    
   17.5995121       11.6400003    
   17.6161785       11.4300003    
   17.6328449       11.2200003    
   17.6495113       11.0200005    
   17.6661777       10.8199997    
   17.6828442       10.6099997    
   17.6995106       10.4099998    
   17.7161770       10.2200003    
   17.7328434       10.0200005    
   17.7495098       9.82100010    
   17.7661762       9.62600040    
   17.7828426       9.43200016    
   17.7995090       9.23999977    
   17.8161755       9.05000019    
   17.8328419       8.86100006    
   17.8495083       8.67300034    
   17.8661747       8.48700047    
   17.8828411       8.30300045    
   17.8995075       8.11999989    
   17.9161739       7.93900013    
   17.9328403       7.76000023    
   17.9495068       7.58199978    
   17.9661732       7.40600014    
   17.9828396       7.23199987    
   17.9995060       7.05999994    
   18.0161724       6.88899994    
   18.0328388       6.71999979    
   18.0495052       6.55299997    
   18.0661716       6.38700008    
   18.0828381       6.22399998    
   18.0995045       6.06199980    
   18.1161709       5.90199995    
   18.1328373       5.74399996    
   18.1495037       5.58799982    
   18.1661701       5.43400002    
   18.1828365       5.28200006    
   18.1995029       5.13100004    
   18.2161694       4.98299980    
   18.2328358       4.83599997    
   18.2495022       4.69099998    
   18.2661686       4.54899979    
   18.2828350       4.40799999    
   18.2995014       4.26900005    
   18.3161678       4.13199997    
   18.3328342       3.99699998    
   18.3495007       3.86299992    
   18.3661671       3.73200011    
   18.3828335       3.60200000    
   18.3994999       3.47499990    
   18.4161663       3.34899998    
   18.4328327       3.22499990    
   18.4494991       3.10299993    
   18.4661655       2.98300004    
   18.4828320       2.86500001    
   18.4994984       2.74900007    
   18.5161648       2.63400006    
   18.5328312       2.52200007    
   18.5494976       2.41100001    
   18.5661640       2.30200005    
   18.5828304       2.19499993    
   18.5994968       2.08899999    
   18.6161633       1.98599994    
   18.6328297       1.88499999    
   18.6494961       1.78499997    
   18.6661625       1.68799996    
   18.6828289       1.59200001    
   18.6994953       1.49899995    
   18.7161617       1.40799999    
   18.7328281       1.31900001    
   18.7494946       1.23199999    
   18.7661610       1.14699996    
   18.7828274       1.06599998    
   18.7994938      0.986199975    
   18.8161602      0.909399986    
   18.8328266      0.835399985    
   18.8494930      0.764400005    
   18.8661594      0.696699977    
   18.8828259      0.632399976    
   18.8994923      0.572099984    
   18.9161587      0.508899987    
   18.9328251      0.444999993    
   18.9494915      0.392300010    
   18.9661579      0.348699987    
   18.9828243      0.312700003    
   18.9994907      0.263399988    
   19.0161572      0.226999998    
   19.0328236      0.195899993    
   19.0494900      0.164000005    
   19.0661564      0.136800006    
   19.0828228      0.113600001    
   19.0994892       9.36999992E-02
   19.1161556       7.70199969E-02
   19.1328220       6.12099990E-02
   19.1494884       4.93099988E-02
   19.1661549       3.90800014E-02
   19.1828213       3.11399996E-02
   19.1994877       2.42299996E-02
   19.2161541       1.88500006E-02
   19.2328205       1.45899998E-02
   19.2494869       1.12199998E-02
   19.2661533       8.56100023E-03
   19.2828197       6.49400009E-03
   19.2994862       4.89600003E-03
   19.3161526       3.54599999E-03
   19.3328190       2.60200002E-03
   19.3494854       1.82100001E-03
   19.3661518       1.25600002E-03
   19.3828182       8.47699994E-04
   19.3994846       5.54000027E-04
   19.4161510       3.43899999E-04
   19.4328175       1.96199995E-04
   19.4494839       9.49399982E-05
   19.4661503       3.42700005E-05
   19.4828167       5.52700021E-06
   19.4994831       2.09700005E-07
   19.5161495       3.84599996E-09
   19.5328159       1.91700007E-11
   19.5494823       2.42000007E-14
   19.5661488       1.20300003E-20
   19.5828152       0.00000000    
   19.5994816       0.00000000    
   19.6161480       0.00000000    
   19.6328144       0.00000000    
   19.6494808       0.00000000    
   19.6661472       0.00000000    
   19.6828136       0.00000000    
   19.6994801       0.00000000    
   19.7161465       0.00000000    
   19.7328129       0.00000000    
   19.7494793       0.00000000    
   19.7661457       0.00000000    
   19.7828121       0.00000000    
   19.7994785       0.00000000    
   19.8161449       0.00000000    
   19.8328114       0.00000000    
   19.8494778       0.00000000    
   19.8661442       0.00000000    
   19.8828106       0.00000000    
   19.8994770       0.00000000    
   19.9161434       0.00000000    
   19.9328098       0.00000000    
   19.9494762       0.00000000    
   19.9661427       0.00000000    
   19.9828091       0.00000000    
   19.9994755       0.00000000    
   20.0161419       0.00000000    
   20.0328083       0.00000000    
   20.0494747       0.00000000    
   20.0661411       0.00000000    
   20.0828075       0.00000000    
   20.0994740       0.00000000    
   20.1161404       0.00000000    
   20.1328068       0.00000000    
   20.1494732       0.00000000    
   20.1661396       0.00000000    
   20.1828060       0.00000000    
   20.1994724       0.00000000    
   20.2161388       0.00000000    
   20.2328053       0.00000000    
   20.2494717       0.00000000    
   20.2661381       0.00000000    
   20.2828045       0.00000000    
   20.2994709       0.00000000    
   20.3161373       0.00000000    
   20.3328037       0.00000000    
   20.3494701       0.00000000    
   20.3661366       0.00000000    
   20.3828030       0.00000000    
   20.3994694       0.00000000    
   20.4161358       0.00000000    
   20.4328022       0.00000000    
   20.4494686       0.00000000    
   20.4661350       0.00000000    
   20.4828014       0.00000000    
   20.4994678       0.00000000    
   20.5161343       0.00000000    
   20.5328007       0.00000000    
   20.5494671       0.00000000    
   20.5661335       0.00000000    
   20.5827999       0.00000000    
   20.5994663       0.00000000    
   20.6161327       0.00000000    
   20.6327991       0.00000000    
   20.6494656       0.00000000    
   20.6661320       0.00000000    
   20.6827984       0.00000000    
   20.6994648       0.00000000    
   20.7161312       0.00000000    
   20.7327976       0.00000000    
   20.7494640       0.00000000    
   20.7661304       0.00000000    
   20.7827969       0.00000000    
   20.7994633       0.00000000    
   20.8161297       0.00000000    
   20.8327961       0.00000000    
   20.8494625       0.00000000    
   20.8661289       0.00000000    
   20.8827953       0.00000000    
   20.8994617       0.00000000    
   20.9161282       0.00000000    
   20.9327946       0.00000000    
   20.9494610       0.00000000    
   20.9661274       0.00000000    
   20.9827938       0.00000000    
   20.9994602       0.00000000    
   21.0161266       0.00000000    
   21.0327930       0.00000000    
   21.0494595       0.00000000    
   21.0661259       0.00000000    
   21.0827923       0.00000000    
   21.0994587       0.00000000    
   21.1161251       0.00000000    
   21.1327915       0.00000000    
   21.1494579       0.00000000    
   21.1661243       0.00000000    
   21.1827908       0.00000000    
   21.1994572       0.00000000    
   21.2161236       0.00000000    
   21.2327900       0.00000000    
   21.2494564       0.00000000    
   21.2661228       0.00000000    
   21.2827892       0.00000000    
   21.2994556       0.00000000    
   21.3161221       0.00000000    
   21.3327885       0.00000000    
   21.3494549       0.00000000    
   21.3661213       0.00000000    
   21.3827877       0.00000000    
   21.3994541       0.00000000    
   21.4161205       0.00000000    
   21.4327869       0.00000000    
   21.4494534       0.00000000    
   21.4661198       0.00000000    
   21.4827862       0.00000000    
   21.4994526       0.00000000    
   21.5161190       0.00000000    
   21.5327854       0.00000000    
   21.5494518       0.00000000    
   21.5661182       0.00000000    
   21.5827847       0.00000000    
   21.5994511       0.00000000    
   21.6161175       0.00000000    
   21.6327839       0.00000000    
   21.6494503       0.00000000    
   21.6661167       0.00000000    
   21.6827831       0.00000000    
   21.6994495       0.00000000    
   21.7161160       0.00000000    
   21.7327824       0.00000000    
   21.7494488       0.00000000    
   21.7661152       0.00000000    
   21.7827816       0.00000000    
   21.7994480       0.00000000    
   21.8161144       0.00000000    
   21.8327808       0.00000000    
   21.8494473       0.00000000    
   21.8661137       0.00000000    
   21.8827801       0.00000000    
   21.8994465       0.00000000    
   21.9161129       0.00000000    
   21.9327793       0.00000000    
   21.9494457       0.00000000    
   21.9661121       0.00000000    
   21.9827785       0.00000000    
   21.9994450       0.00000000    
   22.0161114       0.00000000    
   22.0327778       0.00000000    
   22.0494442       0.00000000    
   22.0661106       0.00000000    
   22.0827770       0.00000000    
   22.0994434       0.00000000    
   22.1161098       0.00000000    
   22.1327763       0.00000000    
   22.1494427       0.00000000    
   22.1661091       0.00000000    
   22.1827755       0.00000000    
   22.1994419       0.00000000    
   22.2161083       0.00000000    
   22.2327747       0.00000000    
   22.2494411       0.00000000    
   22.2661076       0.00000000    
   22.2827740       0.00000000    
   22.2994404       0.00000000    
   22.3161068       0.00000000    
   22.3327732       0.00000000    
   22.3494396       0.00000000    
   22.3661060       0.00000000    
   22.3827724       0.00000000    
   22.3994389       0.00000000    
   22.4161053       0.00000000    
   22.4327717       0.00000000    
   22.4494381       0.00000000    
   22.4661045       0.00000000    
   22.4827709       0.00000000    
   22.4994373       0.00000000    
   22.5161037       0.00000000    
   22.5327702       0.00000000    
   22.5494366       0.00000000    
   22.5661030       0.00000000    
   22.5827694       0.00000000    
   22.5994358       0.00000000    
   22.6161022       0.00000000    
   22.6327686       0.00000000    
   22.6494350       0.00000000    
   22.6661015       0.00000000    
   22.6827679       0.00000000    
   22.6994343       0.00000000    
   22.7161007       0.00000000    
   22.7327671       0.00000000    
   22.7494335       0.00000000    
   22.7660999       0.00000000    
   22.7827663       0.00000000    
   22.7994328       0.00000000    
   22.8160992       0.00000000    
   22.8327656       0.00000000    
   22.8494320       0.00000000    
   22.8660984       0.00000000    
   22.8827648       0.00000000    
   22.8994312       0.00000000    
   22.9160976       0.00000000    
   22.9327641       0.00000000    
   22.9494305       0.00000000    
   22.9660969       0.00000000    
   22.9827633       0.00000000    
   22.9994297       0.00000000    
   23.0160961       0.00000000    
   23.0327625       0.00000000    
   23.0494289       0.00000000    
   23.0660954       0.00000000    
   23.0827618       0.00000000    
   23.0994282       0.00000000    
   23.1160946       0.00000000    
   23.1327610       0.00000000    
   23.1494274       0.00000000    
   23.1660938       0.00000000    
   23.1827602       0.00000000    
   23.1994267       0.00000000    
   23.2160931       0.00000000    
   23.2327595       0.00000000    
   23.2494259       0.00000000    
   23.2660923       0.00000000    
   23.2827587       0.00000000    
   23.2994251       0.00000000    
   23.3160915       0.00000000    
   23.3327579       0.00000000    
   23.3494244       0.00000000    
   23.3660908       0.00000000    
   23.3827572       0.00000000    
   23.3994236       0.00000000    
   23.4160900       0.00000000    
   23.4327564       0.00000000    
   23.4494228       0.00000000    
   23.4660892       0.00000000    
   23.4827557       0.00000000    
   23.4994221       0.00000000    
   23.5160885       0.00000000    
   23.5327549       0.00000000    
   23.5494213       0.00000000    
   23.5660877       0.00000000    
   23.5827541       0.00000000    
   23.5994205       0.00000000    
   23.6160870       0.00000000    
   23.6327534       0.00000000    
   23.6494198       0.00000000    
   23.6660862       0.00000000    
   23.6827526       0.00000000    
   23.6994190       0.00000000    
   23.7160854       0.00000000    
   23.7327518       0.00000000    
   23.7494183       0.00000000    
   23.7660847       0.00000000    
   23.7827511       0.00000000    
   23.7994175       0.00000000    
   23.8160839       0.00000000    
   23.8327503       0.00000000    
   23.8494167       0.00000000    
   23.8660831       0.00000000    
   23.8827496       0.00000000    
   23.8994160       0.00000000    
   23.9160824       0.00000000    
   23.9327488       0.00000000    
   23.9494152       0.00000000    
   23.9660816       0.00000000    
   23.9827480       0.00000000    
