   0.00000000       0.00000000    
   1.66660007E-02   0.00000000    
   3.33320014E-02   0.00000000    
   4.99980003E-02   0.00000000    
   6.66640028E-02   0.00000000    
   8.33300054E-02   0.00000000    
   9.99960080E-02   0.00000000    
  0.116662011       0.00000000    
  0.133328006       0.00000000    
  0.149994001       0.00000000    
  0.166659996       0.00000000    
  0.183325991       0.00000000    
  0.199991986       0.00000000    
  0.216657981       0.00000000    
  0.233323976       0.00000000    
  0.249989972       0.00000000    
  0.266655982       0.00000000    
  0.283321977       0.00000000    
  0.299987972       0.00000000    
  0.316653967       0.00000000    
  0.333319962       0.00000000    
  0.349985957       0.00000000    
  0.366651952       0.00000000    
  0.383317947       0.00000000    
  0.399983943       0.00000000    
  0.416649938       0.00000000    
  0.433315933       0.00000000    
  0.449981928       0.00000000    
  0.466647923       0.00000000    
  0.483313918       0.00000000    
  0.499979913       0.00000000    
  0.516645908       0.00000000    
  0.533311903       0.00000000    
  0.549977899       0.00000000    
  0.566643894       0.00000000    
  0.583309889       0.00000000    
  0.599975884       0.00000000    
  0.616641879       0.00000000    
  0.633307874       0.00000000    
  0.649973869       0.00000000    
  0.666639864       0.00000000    
  0.683305860       0.00000000    
  0.699971855       0.00000000    
  0.716637850       0.00000000    
  0.733303845       0.00000000    
  0.749969840       0.00000000    
  0.766635835       0.00000000    
  0.783301830       0.00000000    
  0.799967825       0.00000000    
  0.816633821       0.00000000    
  0.833299816       0.00000000    
  0.849965811       0.00000000    
  0.866631806       0.00000000    
  0.883297801       0.00000000    
  0.899963796       0.00000000    
  0.916629791       0.00000000    
  0.933295786       0.00000000    
  0.949961782       0.00000000    
  0.966627777       0.00000000    
  0.983293772       0.00000000    
  0.999959767       0.00000000    
   1.01662576       0.00000000    
   1.03329182       0.00000000    
   1.04995787       0.00000000    
   1.06662393       0.00000000    
   1.08328998       0.00000000    
   1.09995604       0.00000000    
   1.11662209       0.00000000    
   1.13328815       0.00000000    
   1.14995420       0.00000000    
   1.16662025       0.00000000    
   1.18328631       0.00000000    
   1.19995236       0.00000000    
   1.21661842       0.00000000    
   1.23328447       0.00000000    
   1.24995053       0.00000000    
   1.26661658       0.00000000    
   1.28328264       0.00000000    
   1.29994869       0.00000000    
   1.31661475       0.00000000    
   1.33328080       0.00000000    
   1.34994686       0.00000000    
   1.36661291       0.00000000    
   1.38327897       0.00000000    
   1.39994502       0.00000000    
   1.41661108       0.00000000    
   1.43327713       0.00000000    
   1.44994318       0.00000000    
   1.46660924       0.00000000    
   1.48327529       0.00000000    
   1.49994135       0.00000000    
   1.51660740       0.00000000    
   1.53327346       0.00000000    
   1.54993951       0.00000000    
   1.56660557       0.00000000    
   1.58327162       0.00000000    
   1.59993768       0.00000000    
   1.61660373       0.00000000    
   1.63326979       0.00000000    
   1.64993584       0.00000000    
   1.66660190       0.00000000    
   1.68326795       0.00000000    
   1.69993401       0.00000000    
   1.71660006       0.00000000    
   1.73326612       0.00000000    
   1.74993217       0.00000000    
   1.76659822       0.00000000    
   1.78326428       0.00000000    
   1.79993033       0.00000000    
   1.81659639       0.00000000    
   1.83326244       0.00000000    
   1.84992850       0.00000000    
   1.86659455       0.00000000    
   1.88326061       0.00000000    
   1.89992666       0.00000000    
   1.91659272       0.00000000    
   1.93325877       0.00000000    
   1.94992483       0.00000000    
   1.96659088       0.00000000    
   1.98325694       0.00000000    
   1.99992299       0.00000000    
   2.01658893       0.00000000    
   2.03325486       0.00000000    
   2.04992080       0.00000000    
   2.06658673       0.00000000    
   2.08325267       0.00000000    
   2.09991860       0.00000000    
   2.11658454       0.00000000    
   2.13325047       0.00000000    
   2.14991641       0.00000000    
   2.16658235       0.00000000    
   2.18324828       0.00000000    
   2.19991422       0.00000000    
   2.21658015       0.00000000    
   2.23324609       0.00000000    
   2.24991202       0.00000000    
   2.26657796       0.00000000    
   2.28324389       0.00000000    
   2.29990983       0.00000000    
   2.31657577       0.00000000    
   2.33324170       0.00000000    
   2.34990764       0.00000000    
   2.36657357       0.00000000    
   2.38323951       0.00000000    
   2.39990544       0.00000000    
   2.41657138       0.00000000    
   2.43323731       0.00000000    
   2.44990325       0.00000000    
   2.46656919       0.00000000    
   2.48323512       0.00000000    
   2.49990106       0.00000000    
   2.51656699       0.00000000    
   2.53323293       0.00000000    
   2.54989886       0.00000000    
   2.56656480       0.00000000    
   2.58323073       0.00000000    
   2.59989667       0.00000000    
   2.61656260       0.00000000    
   2.63322854       0.00000000    
   2.64989448       0.00000000    
   2.66656041       0.00000000    
   2.68322635       0.00000000    
   2.69989228       0.00000000    
   2.71655822       0.00000000    
   2.73322415       0.00000000    
   2.74989009       0.00000000    
   2.76655602       0.00000000    
   2.78322196       0.00000000    
   2.79988790       0.00000000    
   2.81655383       0.00000000    
   2.83321977       0.00000000    
   2.84988570       0.00000000    
   2.86655164       0.00000000    
   2.88321757       0.00000000    
   2.89988351       0.00000000    
   2.91654944       0.00000000    
   2.93321538       0.00000000    
   2.94988132       0.00000000    
   2.96654725       0.00000000    
   2.98321319       0.00000000    
   2.99987912       0.00000000    
   3.01654506       0.00000000    
   3.03321099       0.00000000    
   3.04987693       0.00000000    
   3.06654286       0.00000000    
   3.08320880       0.00000000    
   3.09987473       0.00000000    
   3.11654067       0.00000000    
   3.13320661       0.00000000    
   3.14987254       0.00000000    
   3.16653848       0.00000000    
   3.18320441       0.00000000    
   3.19987035       0.00000000    
   3.21653628       0.00000000    
   3.23320222       0.00000000    
   3.24986815       0.00000000    
   3.26653409       0.00000000    
   3.28320003       0.00000000    
   3.29986596       0.00000000    
   3.31653190       0.00000000    
   3.33319783       0.00000000    
   3.34986377       0.00000000    
   3.36652970       0.00000000    
   3.38319564       0.00000000    
   3.39986157       0.00000000    
   3.41652751       0.00000000    
   3.43319345       0.00000000    
   3.44985938       0.00000000    
   3.46652532       0.00000000    
   3.48319125       0.00000000    
   3.49985719       0.00000000    
   3.51652312       0.00000000    
   3.53318906       0.00000000    
   3.54985499       0.00000000    
   3.56652093       0.00000000    
   3.58318686       0.00000000    
   3.59985280       0.00000000    
   3.61651874       0.00000000    
   3.63318467       0.00000000    
   3.64985061       0.00000000    
   3.66651654       0.00000000    
   3.68318248       0.00000000    
   3.69984841       0.00000000    
   3.71651435       0.00000000    
   3.73318028       0.00000000    
   3.74984622       0.00000000    
   3.76651216       0.00000000    
   3.78317809       0.00000000    
   3.79984403       0.00000000    
   3.81650996       0.00000000    
   3.83317590       0.00000000    
   3.84984183       0.00000000    
   3.86650777       0.00000000    
   3.88317370       0.00000000    
   3.89983964       0.00000000    
   3.91650558       0.00000000    
   3.93317151       0.00000000    
   3.94983745       0.00000000    
   3.96650338       0.00000000    
   3.98316932       0.00000000    
   3.99983525       0.00000000    
   4.01650143       0.00000000    
   4.03316736       0.00000000    
   4.04983330       0.00000000    
   4.06649923       0.00000000    
   4.08316517       0.00000000    
   4.09983110       0.00000000    
   4.11649704       0.00000000    
   4.13316298       0.00000000    
   4.14982891       0.00000000    
   4.16649485       0.00000000    
   4.18316078       0.00000000    
   4.19982672       0.00000000    
   4.21649265       0.00000000    
   4.23315859       0.00000000    
   4.24982452       0.00000000    
   4.26649046       0.00000000    
   4.28315639       0.00000000    
   4.29982233       0.00000000    
   4.31648827       0.00000000    
   4.33315420       0.00000000    
   4.34982014       0.00000000    
   4.36648607       0.00000000    
   4.38315201       0.00000000    
   4.39981794       0.00000000    
   4.41648388       0.00000000    
   4.43314981       0.00000000    
   4.44981575       0.00000000    
   4.46648169       0.00000000    
   4.48314762       0.00000000    
   4.49981356       0.00000000    
   4.51647949       0.00000000    
   4.53314543       0.00000000    
   4.54981136       0.00000000    
   4.56647730       0.00000000    
   4.58314323       0.00000000    
   4.59980917       0.00000000    
   4.61647511       0.00000000    
   4.63314104       0.00000000    
   4.64980698       0.00000000    
   4.66647291       0.00000000    
   4.68313885       0.00000000    
   4.69980478       0.00000000    
   4.71647072       0.00000000    
   4.73313665       0.00000000    
   4.74980259       0.00000000    
   4.76646852       0.00000000    
   4.78313446       0.00000000    
   4.79980040       0.00000000    
   4.81646633       0.00000000    
   4.83313227       0.00000000    
   4.84979820       0.00000000    
   4.86646414       0.00000000    
   4.88313007       0.00000000    
   4.89979601       0.00000000    
   4.91646194       0.00000000    
   4.93312788       0.00000000    
   4.94979382       0.00000000    
   4.96645975       0.00000000    
   4.98312569       0.00000000    
   4.99979162       0.00000000    
   5.01645756       0.00000000    
   5.03312349       0.00000000    
   5.04978943       0.00000000    
   5.06645536       0.00000000    
   5.08312130       0.00000000    
   5.09978724       0.00000000    
   5.11645317       0.00000000    
   5.13311911       0.00000000    
   5.14978504       0.00000000    
   5.16645098       0.00000000    
   5.18311691       0.00000000    
   5.19978285       0.00000000    
   5.21644878       0.00000000    
   5.23311472       0.00000000    
   5.24978065       0.00000000    
   5.26644659       0.00000000    
   5.28311253       0.00000000    
   5.29977846       0.00000000    
   5.31644440       0.00000000    
   5.33311033       0.00000000    
   5.34977627       0.00000000    
   5.36644220       0.00000000    
   5.38310814       0.00000000    
   5.39977407       0.00000000    
   5.41644001       0.00000000    
   5.43310595       0.00000000    
   5.44977188       0.00000000    
   5.46643782       0.00000000    
   5.48310375       0.00000000    
   5.49976969       0.00000000    
   5.51643562       0.00000000    
   5.53310156       0.00000000    
   5.54976749       0.00000000    
   5.56643343       0.00000000    
   5.58309937       0.00000000    
   5.59976530       0.00000000    
   5.61643124       0.00000000    
   5.63309717       0.00000000    
   5.64976311       0.00000000    
   5.66642904       0.00000000    
   5.68309498       0.00000000    
   5.69976091       0.00000000    
   5.71642685       0.00000000    
   5.73309278       0.00000000    
   5.74975872       0.00000000    
   5.76642466       0.00000000    
   5.78309059       0.00000000    
   5.79975653       0.00000000    
   5.81642246       0.00000000    
   5.83308840       0.00000000    
   5.84975433       0.00000000    
   5.86642027       0.00000000    
   5.88308620       0.00000000    
   5.89975214       0.00000000    
   5.91641808       2.60299991E-22
   5.93308401       2.77400002E-18
   5.94974995       4.83500001E-15
   5.96641588       2.36000000E-12
   5.98308182       6.11300011E-10
   5.99974775       7.24799998E-09
   6.01641369       3.26699983E-08
   6.03307962       8.49000017E-08
   6.04974556       1.78199997E-07
   6.06641150       3.44099988E-07
   6.08307743       6.23699975E-07
   6.09974337       1.05599997E-06
   6.11640930       1.68700001E-06
   6.13307524       2.57300007E-06
   6.14974117       3.78699997E-06
   6.16640711       5.23100016E-06
   6.18307304       7.18299998E-06
   6.19973898       9.73300030E-06
   6.21640491       1.28199999E-05
   6.23307085       1.67100006E-05
   6.24973679       2.16000008E-05
   6.26640272       2.77100007E-05
   6.28306866       3.43700012E-05
   6.29973459       4.31000008E-05
   6.31640053       5.30500001E-05
   6.33306646       6.56600023E-05
   6.34973240       7.90699996E-05
   6.36639833       9.49599998E-05
   6.38306427       1.13399998E-04
   6.39973021       1.34500006E-04
   6.41639614       1.58900002E-04
   6.43306208       1.88200007E-04
   6.44972801       2.12900006E-04
   6.46639395       2.49400007E-04
   6.48305988       2.79100001E-04
   6.49972582       3.15300014E-04
   6.51639175       3.59500002E-04
   6.53305769       4.11399989E-04
   6.54972363       4.56400012E-04
   6.56638956       5.05000004E-04
   6.58305550       5.56899991E-04
   6.59972143       6.11900003E-04
   6.61638737       6.70099980E-04
   6.63305330       7.30999978E-04
   6.64971924       7.94899999E-04
   6.66638517       8.61599983E-04
   6.68305111       9.31199989E-04
   6.69971704       1.00399996E-03
   6.71638298       1.07899995E-03
   6.73304892       1.15699996E-03
   6.74971485       1.23900000E-03
   6.76638079       1.32299995E-03
   6.78304672       1.41000003E-03
   6.79971266       1.50000001E-03
   6.81637859       1.59300002E-03
   6.83304453       1.68900006E-03
   6.84971046       1.78799999E-03
   6.86637640       1.88999996E-03
   6.88304234       1.99600006E-03
   6.89970827       2.10499996E-03
   6.91637421       2.21699988E-03
   6.93304014       2.33200006E-03
   6.94970608       2.45100004E-03
   6.96637201       2.57300003E-03
   6.98303795       2.69800005E-03
   6.99970388       2.82800011E-03
   7.01636982       2.95999995E-03
   7.03303576       3.09600006E-03
   7.04970169       3.23599996E-03
   7.06636763       3.37999989E-03
   7.08303356       3.52800009E-03
   7.09969950       3.67900007E-03
   7.11636543       3.83500010E-03
   7.13303137       3.99400014E-03
   7.14969730       4.15800000E-03
   7.16636324       4.32500010E-03
   7.18302917       4.49799979E-03
   7.19969511       4.67400020E-03
   7.21636105       4.85499995E-03
   7.23302698       5.04000019E-03
   7.24969292       5.22900000E-03
   7.26635885       5.42399986E-03
   7.28302479       5.62300021E-03
   7.29969072       5.82600012E-03
   7.31635666       6.03500009E-03
   7.33302259       6.24800008E-03
   7.34968853       6.46599988E-03
   7.36635447       6.69000018E-03
   7.38302040       6.91800006E-03
   7.39968634       7.15199998E-03
   7.41635227       7.39100017E-03
   7.43301821       7.63500016E-03
   7.44968414       7.88400043E-03
   7.46635008       8.13999958E-03
   7.48301601       8.40099994E-03
   7.49968195       8.66699964E-03
   7.51634789       8.93899985E-03
   7.53301382       9.21699964E-03
   7.54967976       9.50099993E-03
   7.56634569       9.79099981E-03
   7.58301163       1.00900000E-02
   7.59967756       1.03900004E-02
   7.61634350       1.07000005E-02
   7.63300943       1.10099996E-02
   7.64967537       1.13300001E-02
   7.66634130       1.16600003E-02
   7.68300724       1.19899996E-02
   7.69967318       1.23300003E-02
   7.71633911       1.26799997E-02
   7.73300505       1.30300000E-02
   7.74967098       1.33900000E-02
   7.76633692       1.37599995E-02
   7.78300285       1.41300000E-02
   7.79966879       1.45100001E-02
   7.81633472       1.48999998E-02
   7.83300066       1.52899995E-02
   7.84966660       1.56900007E-02
   7.86633253       1.61000006E-02
   7.88299847       1.65199991E-02
   7.89966440       1.69399995E-02
   7.91633034       1.73700005E-02
   7.93299627       1.78100001E-02
   7.94966221       1.82600003E-02
   7.96632814       1.87100004E-02
   7.98299408       1.91699993E-02
   7.99966002       1.96400005E-02
   8.01632595       2.01099999E-02
   8.03299236       2.06000004E-02
   8.04965878       2.10900009E-02
   8.06632519       2.15900000E-02
   8.08299160       2.20899992E-02
   8.09965801       2.26099994E-02
   8.11632442       2.31299996E-02
   8.13299084       2.36600004E-02
   8.14965725       2.41999999E-02
   8.16632366       2.47399993E-02
   8.18299007       2.52999999E-02
   8.19965649       2.58600004E-02
   8.21632290       2.64299996E-02
   8.23298931       2.70099994E-02
   8.24965572       2.75999997E-02
   8.26632214       2.81900000E-02
   8.28298855       2.87999995E-02
   8.29965496       2.94100009E-02
   8.31632137       3.00299991E-02
   8.33298779       3.06599997E-02
   8.34965420       3.12899984E-02
   8.36632061       3.19399983E-02
   8.38298702       3.25900018E-02
   8.39965343       3.32599990E-02
   8.41631985       3.39200012E-02
   8.43298626       3.46000008E-02
   8.44965267       3.52899991E-02
   8.46631908       3.59800011E-02
   8.48298550       3.66900004E-02
   8.49965191       3.73999998E-02
   8.51631832       3.81200016E-02
   8.53298473       3.88499983E-02
   8.54965115       3.95900011E-02
   8.56631756       4.03300002E-02
   8.58298397       4.10900004E-02
   8.59965038       4.18500006E-02
   8.61631680       4.26199995E-02
   8.63298321       4.34000008E-02
   8.64964962       4.41799983E-02
   8.66631603       4.49800007E-02
   8.68298244       4.57799993E-02
   8.69964886       4.65999991E-02
   8.71631527       4.74199988E-02
   8.73298168       4.82399985E-02
   8.74964809       4.90799993E-02
   8.76631451       4.99299988E-02
   8.78298092       5.07799983E-02
   8.79964733       5.16400002E-02
   8.81631374       5.25100008E-02
   8.83298016       5.33800013E-02
   8.84964657       5.42699993E-02
   8.86631298       5.51600009E-02
   8.88297939       5.60600013E-02
   8.89964581       5.69700003E-02
   8.91631222       5.78900017E-02
   8.93297863       5.88099994E-02
   8.94964504       5.97399995E-02
   8.96631145       6.06799982E-02
   8.98297787       6.16299994E-02
   8.99964428       6.25799969E-02
   9.01631069       6.35500029E-02
   9.03297710       6.45100027E-02
   9.04964352       6.54899999E-02
   9.06630993       6.64800033E-02
   9.08297634       6.74699992E-02
   9.09964275       6.84600025E-02
   9.11630917       6.94700032E-02
   9.13297558       7.04799965E-02
   9.14964199       7.15000033E-02
   9.16630840       7.25300014E-02
   9.18297482       7.35599995E-02
   9.19964123       7.46000037E-02
   9.21630764       7.56200030E-02
   9.23297405       7.67000020E-02
   9.24964046       7.77399987E-02
   9.26630688       7.88199976E-02
   9.28297329       7.98999965E-02
   9.29963970       8.09800029E-02
   9.31630611       8.20700005E-02
   9.33297253       8.31599981E-02
   9.34963894       8.42600018E-02
   9.36630535       8.53599980E-02
   9.38297176       8.64700004E-02
   9.39963818       8.75900015E-02
   9.41630459       8.87100026E-02
   9.43297100       8.98400024E-02
   9.44963741       9.09700021E-02
   9.46630383       9.21000019E-02
   9.48297024       9.32300016E-02
   9.49963665       9.43899974E-02
   9.51630306       9.55500007E-02
   9.53296947       9.66999978E-02
   9.54963589       9.78699997E-02
   9.56630230       9.90300030E-02
   9.58296871      0.100199997    
   9.59963512      0.101400003    
   9.61630154      0.102600001    
   9.63296795      0.103799999    
   9.64963436      0.104900002    
   9.66630077      0.106100000    
   9.68296719      0.107299998    
   9.69963360      0.108499996    
   9.71630001      0.109700002    
   9.73296642      0.110900000    
   9.74963284      0.112199999    
   9.76629925      0.113399997    
   9.78296566      0.114600003    
   9.79963207      0.115800001    
   9.81629848      0.116999999    
   9.83296490      0.118299998    
   9.84963131      0.119499996    
   9.86629772      0.120700002    
   9.88296413      0.122000001    
   9.89963055      0.123199999    
   9.91629696      0.124499999    
   9.93296337      0.125699997    
   9.94962978      0.126900002    
   9.96629620      0.128199995    
   9.98296261      0.129400000    
   9.99962902      0.130700007    
   10.0162954      0.131899998    
   10.0329618      0.133200005    
   10.0496283      0.134399995    
   10.0662947      0.135700002    
   10.0829611      0.136999995    
   10.0996275      0.138200000    
   10.1162939      0.139500007    
   10.1329603      0.140699998    
   10.1496267      0.142000005    
   10.1662931      0.143299997    
   10.1829596      0.144500002    
   10.1996260      0.145799994    
   10.2162924      0.147100002    
   10.2329588      0.148300007    
   10.2496252      0.149599999    
   10.2662916      0.150800005    
   10.2829580      0.152099997    
   10.2996244      0.153400004    
   10.3162909      0.154599994    
   10.3329573      0.155900002    
   10.3496237      0.157100007    
   10.3662901      0.158399999    
   10.3829565      0.159600005    
   10.3996229      0.160899997    
   10.4162893      0.162100002    
   10.4329557      0.163399994    
   10.4496222      0.164600000    
   10.4662886      0.165800005    
   10.4829550      0.167099997    
   10.4996214      0.168400005    
   10.5162878      0.169599995    
   10.5329542      0.170800000    
   10.5496206      0.172099993    
   10.5662870      0.173299998    
   10.5829535      0.174500003    
   10.5996199      0.175699994    
   10.6162863      0.177000001    
   10.6329527      0.178200006    
   10.6496191      0.179399997    
   10.6662855      0.180600002    
   10.6829519      0.181799993    
   10.6996183      0.182999998    
   10.7162848      0.184200004    
   10.7329512      0.185299993    
   10.7496176      0.186600000    
   10.7662840      0.187700003    
   10.7829504      0.188899994    
   10.7996168      0.189999998    
   10.8162832      0.191300005    
   10.8329496      0.192399994    
   10.8496161      0.193599999    
   10.8662825      0.194800004    
   10.8829489      0.195899993    
   10.8996153      0.196999997    
   10.9162817      0.198200002    
   10.9329481      0.199300006    
   10.9496145      0.200399995    
   10.9662809      0.201600000    
   10.9829473      0.202700004    
   10.9996138      0.203799993    
   11.0162802      0.204899997    
   11.0329466      0.206000000    
   11.0496130      0.207100004    
   11.0662794      0.208100006    
   11.0829458      0.209199995    
   11.0996122      0.210299999    
   11.1162786      0.211300001    
   11.1329451      0.212300003    
   11.1496115      0.213400006    
   11.1662779      0.214499995    
   11.1829443      0.215499997    
   11.1996107      0.216499999    
   11.2162771      0.217500001    
   11.2329435      0.218500003    
   11.2496099      0.219500005    
   11.2662764      0.220200002    
   11.2829428      0.221300006    
   11.2996092      0.222399995    
   11.3162756      0.223299995    
   11.3329420      0.224399999    
   11.3496084      0.225299999    
   11.3662748      0.226199999    
   11.3829412      0.227200001    
   11.3996077      0.228100002    
   11.4162741      0.229000002    
   11.4329405      0.229900002    
   11.4496069      0.230800003    
   11.4662733      0.231600001    
   11.4829397      0.232500002    
   11.4996061      0.233300000    
   11.5162725      0.234200001    
   11.5329390      0.234899998    
   11.5496054      0.235900000    
   11.5662718      0.236699998    
   11.5829382      0.237299994    
   11.5996046      0.238299996    
   11.6162710      0.239099994    
   11.6329374      0.239899993    
   11.6496038      0.240600005    
   11.6662703      0.241400003    
   11.6829367      0.242100000    
   11.6996031      0.242899999    
   11.7162695      0.243599996    
   11.7329359      0.244299993    
   11.7496023      0.245000005    
   11.7662687      0.245700002    
   11.7829351      0.246399999    
   11.7996016      0.246999994    
   11.8162680      0.247700006    
   11.8329344      0.248300001    
   11.8496008      0.248999998    
   11.8662672      0.249599993    
   11.8829336      0.250099987    
   11.8996000      0.250800014    
   11.9162664      0.251399994    
   11.9329329      0.251899987    
   11.9495993      0.252499998    
   11.9662657      0.252999991    
   11.9829321      0.253600001    
   11.9995985      0.253899992    
   12.0162649      0.254599988    
   12.0329313      0.255100012    
   12.0495977      0.255600005    
   12.0662642      0.256000012    
   12.0829306      0.256500006    
   12.0995970      0.256900012    
   12.1162634      0.257400006    
   12.1329298      0.257600009    
   12.1495962      0.258199990    
   12.1662626      0.258500010    
   12.1829290      0.258899987    
   12.1995955      0.259400010    
   12.2162619      0.259700000    
   12.2329283      0.260100007    
   12.2495947      0.260399997    
   12.2662611      0.260699987    
   12.2829275      0.261000007    
   12.2995939      0.261299998    
   12.3162603      0.261400014    
   12.3329268      0.261700004    
   12.3495932      0.261799991    
   12.3662596      0.262300014    
   12.3829260      0.262600005    
   12.3995924      0.262800008    
   12.4162588      0.263000011    
   12.4329252      0.263200015    
   12.4495916      0.263300002    
   12.4662580      0.263500005    
   12.4829245      0.263599992    
   12.4995909      0.263700008    
   12.5162573      0.263700008    
   12.5329237      0.263799995    
   12.5495901      0.263900012    
   12.5662565      0.263999999    
   12.5829229      0.264099985    
   12.5995893      0.264200002    
   12.6162558      0.264200002    
   12.6329222      0.264200002    
   12.6495886      0.264299989    
   12.6662550      0.264200002    
   12.6829214      0.264200002    
   12.6995878      0.264200002    
   12.7162542      0.264099985    
   12.7329206      0.263999999    
   12.7495871      0.263900012    
   12.7662535      0.263799995    
   12.7829199      0.263700008    
   12.7995863      0.263700008    
   12.8162527      0.263599992    
   12.8329191      0.263500005    
   12.8495855      0.263399988    
   12.8662519      0.263200015    
   12.8829184      0.263000011    
   12.8995848      0.262800008    
   12.9162512      0.262600005    
   12.9329176      0.262400001    
   12.9495840      0.261900008    
   12.9662504      0.261700004    
   12.9829168      0.261500001    
   12.9995832      0.261299998    
   13.0162497      0.261099994    
   13.0329161      0.260800004    
   13.0495825      0.260500014    
   13.0662489      0.260100007    
   13.0829153      0.259799987    
   13.0995817      0.259400010    
   13.1162481      0.259000003    
   13.1329145      0.258500010    
   13.1495810      0.258300006    
   13.1662474      0.257800013    
   13.1829138      0.257400006    
   13.1995802      0.256999999    
   13.2162466      0.256599993    
   13.2329130      0.256099999    
   13.2495794      0.255699992    
   13.2662458      0.255199999    
   13.2829123      0.254700005    
   13.2995787      0.253899992    
   13.3162451      0.253699988    
   13.3329115      0.253100008    
   13.3495779      0.252600014    
   13.3662443      0.252000004    
   13.3829107      0.251500010    
   13.3995771      0.250900000    
   13.4162436      0.250299990    
   13.4329100      0.249699995    
   13.4495764      0.249100000    
   13.4662428      0.248500004    
   13.4829092      0.247799993    
   13.4995756      0.247199997    
   13.5162420      0.246500000    
   13.5329084      0.245800003    
   13.5495749      0.245100006    
   13.5662413      0.244399995    
   13.5829077      0.243699998    
   13.5995741      0.243000001    
   13.6162405      0.242300004    
   13.6329069      0.241500005    
   13.6495733      0.240799993    
   13.6662397      0.239999995    
   13.6829062      0.239299998    
   13.6995726      0.238499999    
   13.7162390      0.237499997    
   13.7329054      0.236900002    
   13.7495718      0.236100003    
   13.7662382      0.235200003    
   13.7829046      0.234400004    
   13.7995710      0.233500004    
   13.8162374      0.232700005    
   13.8329039      0.231800005    
   13.8495703      0.231000006    
   13.8662367      0.230100006    
   13.8829031      0.229200006    
   13.8995695      0.228200004    
   13.9162359      0.227300003    
   13.9329023      0.226400003    
   13.9495687      0.225500003    
   13.9662352      0.224600002    
   13.9829016      0.223600000    
   13.9995680      0.222599998    
   14.0162344      0.221699998    
   14.0329008      0.220599994    
   14.0495672      0.219699994    
   14.0662336      0.218700007    
   14.0829000      0.217700005    
   14.0995665      0.216700003    
   14.1162329      0.215700001    
   14.1328993      0.214699998    
   14.1495657      0.213599995    
   14.1662321      0.212500006    
   14.1828985      0.211500004    
   14.1995649      0.210500002    
   14.2162313      0.209399998    
   14.2328978      0.208399996    
   14.2495642      0.207300007    
   14.2662306      0.206000000    
   14.2828970      0.205100000    
   14.2995634      0.203999996    
   14.3162298      0.202900007    
   14.3328962      0.201800004    
   14.3495626      0.200700000    
   14.3662291      0.199499995    
   14.3828955      0.198400006    
   14.3995619      0.197300002    
   14.4162283      0.195999995    
   14.4328947      0.194999993    
   14.4495611      0.193800002    
   14.4662275      0.192699999    
   14.4828939      0.191499993    
   14.4995604      0.190300003    
   14.5162268      0.189199999    
   14.5328932      0.187999994    
   14.5495596      0.186800003    
   14.5662260      0.185599998    
   14.5828924      0.184400007    
   14.5995588      0.183300003    
   14.6162252      0.182099998    
   14.6328917      0.180899993    
   14.6495581      0.179600000    
   14.6662245      0.178299993    
   14.6828909      0.177200004    
   14.6995573      0.175999999    
   14.7162237      0.174799994    
   14.7328901      0.173600003    
   14.7495565      0.172299996    
   14.7662230      0.171100006    
   14.7828894      0.169900000    
   14.7995558      0.168599993    
   14.8162222      0.167400002    
   14.8328886      0.166099995    
   14.8495550      0.164800003    
   14.8662214      0.163599998    
   14.8828878      0.162400007    
   14.8995543      0.161200002    
   14.9162207      0.159799993    
   14.9328871      0.158600003    
   14.9495535      0.157399997    
   14.9662199      0.156100005    
   14.9828863      0.154899999    
   14.9995527      0.153600007    
   15.0162191      0.152400002    
   15.0328856      0.151099995    
   15.0495520      0.149900004    
   15.0662184      0.148599997    
   15.0828848      0.147300005    
   15.0995512      0.145999998    
   15.1162176      0.144800007    
   15.1328840      0.143500000    
   15.1495504      0.142299995    
   15.1662169      0.141000003    
   15.1828833      0.139699996    
   15.1995497      0.138500005    
   15.2162161      0.137199998    
   15.2328825      0.136000007    
   15.2495489      0.134700000    
   15.2662153      0.133499995    
   15.2828817      0.132200003    
   15.2995481      0.130999997    
   15.3162146      0.129700005    
   15.3328810      0.128500000    
   15.3495474      0.127200007    
   15.3662138      0.126000002    
   15.3828802      0.124700002    
   15.3995466      0.123499997    
   15.4162130      0.122199997    
   15.4328794      0.120999999    
   15.4495459      0.119800001    
   15.4662123      0.118500002    
   15.4828787      0.117299996    
   15.4995451      0.116099998    
   15.5162115      0.114900000    
   15.5328779      0.113700002    
   15.5495443      0.112400003    
   15.5662107      0.111199997    
   15.5828772      0.109999999    
   15.5995436      0.108800001    
   15.6162100      0.107600003    
   15.6328764      0.106399998    
   15.6495428      0.105200000    
   15.6662092      0.104000002    
   15.6828756      0.102799997    
   15.6995420      0.101700000    
   15.7162085      0.100500003    
   15.7328749       9.92999971E-02
   15.7495413       9.81300026E-02
   15.7662077       9.69699994E-02
   15.7828741       9.58100036E-02
   15.7995405       9.46599990E-02
   15.8162069       9.35100019E-02
   15.8328733       9.23200026E-02
   15.8495398       9.12299976E-02
   15.8662062       9.00800005E-02
   15.8828726       8.89699981E-02
   15.8995390       8.78499970E-02
   15.9162054       8.67300034E-02
   15.9328718       8.56299996E-02
   15.9495382       8.45199972E-02
   15.9662046       8.33899975E-02
   15.9828711       8.23300034E-02
   15.9995375       8.12399983E-02
   16.0162029       8.01599994E-02
   16.0328693       7.90800005E-02
   16.0495358       7.80199990E-02
   16.0662022       7.69599974E-02
   16.0828686       7.59000033E-02
   16.0995350       7.48500004E-02
   16.1162014       7.38100037E-02
   16.1328678       7.27799982E-02
   16.1495342       7.17500001E-02
   16.1662006       7.07200021E-02
   16.1828671       6.97200000E-02
   16.1995335       6.87099993E-02
   16.2161999       6.77099973E-02
   16.2328663       6.67200014E-02
   16.2495327       6.57299981E-02
   16.2661991       6.47599995E-02
   16.2828655       6.37800023E-02
   16.2995319       6.28200024E-02
   16.3161983       6.18599989E-02
   16.3328648       6.09200001E-02
   16.3495312       5.99699989E-02
   16.3661976       5.90399988E-02
   16.3828640       5.81200011E-02
   16.3995304       5.71999997E-02
   16.4161968       5.62900007E-02
   16.4328632       5.53900003E-02
   16.4495296       5.44900000E-02
   16.4661961       5.36100008E-02
   16.4828625       5.27300015E-02
   16.4995289       5.18600009E-02
   16.5161953       5.09900004E-02
   16.5328617       5.01400009E-02
   16.5495281       4.92900014E-02
   16.5661945       4.84599993E-02
   16.5828609       4.76300009E-02
   16.5995274       4.67999987E-02
   16.6161938       4.59900014E-02
   16.6328602       4.51800004E-02
   16.6495266       4.43900004E-02
   16.6661930       4.36000004E-02
   16.6828594       4.28199992E-02
   16.6995258       4.20500003E-02
   16.7161922       4.12800014E-02
   16.7328587       4.05299999E-02
   16.7495251       3.97799984E-02
   16.7661915       3.90399992E-02
   16.7828579       3.83099988E-02
   16.7995243       3.75900008E-02
   16.8161907       3.68699990E-02
   16.8328571       3.61699983E-02
   16.8495235       3.54700014E-02
   16.8661900       3.47799994E-02
   16.8828564       3.40999998E-02
   16.8995228       3.34299989E-02
   16.9161892       3.27700004E-02
   16.9328556       3.21099982E-02
   16.9495220       3.14700007E-02
   16.9661884       3.08299996E-02
   16.9828548       3.02000009E-02
   16.9995213       2.95700002E-02
   17.0161877       2.89600007E-02
   17.0328541       2.83599999E-02
   17.0495205       2.77600009E-02
   17.0661869       2.71700006E-02
   17.0828533       2.65900008E-02
   17.0995197       2.60199998E-02
   17.1161861       2.54500005E-02
   17.1328526       2.49000005E-02
   17.1495190       2.43500005E-02
   17.1661854       2.38099992E-02
   17.1828518       2.32699998E-02
   17.1995182       2.27499995E-02
   17.2161846       2.22299993E-02
   17.2328510       2.17300002E-02
   17.2495174       2.12200005E-02
   17.2661839       2.07300000E-02
   17.2828503       2.02500001E-02
   17.2995167       1.97700001E-02
   17.3161831       1.93000007E-02
   17.3328495       1.88400000E-02
   17.3495159       1.83799993E-02
   17.3661823       1.79399997E-02
   17.3828487       1.75000001E-02
   17.3995152       1.70600004E-02
   17.4161816       1.66400000E-02
   17.4328480       1.62199996E-02
   17.4495144       1.58099998E-02
   17.4661808       1.54100005E-02
   17.4828472       1.50100002E-02
   17.4995136       1.46199996E-02
   17.5161800       1.42400004E-02
   17.5328465       1.38600003E-02
   17.5495129       1.35000004E-02
   17.5661793       1.31299999E-02
   17.5828457       1.27800005E-02
   17.5995121       1.24300001E-02
   17.6161785       1.20900003E-02
   17.6328449       1.17600001E-02
   17.6495113       1.14300000E-02
   17.6661777       1.10999998E-02
   17.6828442       1.07899997E-02
   17.6995106       1.04799997E-02
   17.7161770       1.01800002E-02
   17.7328434       9.87899955E-03
   17.7495098       9.58700012E-03
   17.7661762       9.30199958E-03
   17.7828426       9.02299955E-03
   17.7995090       8.74899980E-03
   17.8161755       8.48099962E-03
   17.8328419       8.21899995E-03
   17.8495083       7.96199962E-03
   17.8661747       7.71099981E-03
   17.8828411       7.46499980E-03
   17.8995075       7.22499983E-03
   17.9161739       6.99000014E-03
   17.9328403       6.75999979E-03
   17.9495068       6.53500017E-03
   17.9661732       6.31600013E-03
   17.9828396       6.10100012E-03
   17.9995060       5.89099992E-03
   18.0161724       5.68599999E-03
   18.0328388       5.48599986E-03
   18.0495052       5.28999977E-03
   18.0661716       5.09899994E-03
   18.0828381       4.91299992E-03
   18.0995045       4.73099994E-03
   18.1161709       4.55299998E-03
   18.1328373       4.37999982E-03
   18.1495037       4.21100017E-03
   18.1661701       4.04699985E-03
   18.1828365       3.88600002E-03
   18.1995029       3.72899999E-03
   18.2161694       3.57700000E-03
   18.2328358       3.42800003E-03
   18.2495022       3.28300009E-03
   18.2661686       3.14199994E-03
   18.2828350       3.00500006E-03
   18.2995014       2.87099998E-03
   18.3161678       2.74099992E-03
   18.3328342       2.61400011E-03
   18.3495007       2.49100011E-03
   18.3661671       2.37099989E-03
   18.3828335       2.25499994E-03
   18.3994999       2.14200001E-03
   18.4161663       2.03200011E-03
   18.4328327       1.92600000E-03
   18.4494991       1.82300003E-03
   18.4661655       1.72199996E-03
   18.4828320       1.62500003E-03
   18.4994984       1.53100002E-03
   18.5161648       1.44000002E-03
   18.5328312       1.35200005E-03
   18.5494976       1.26699999E-03
   18.5661640       1.18499994E-03
   18.5828304       1.10600004E-03
   18.5994968       1.03000004E-03
   18.6161633       9.56400007E-04
   18.6328297       8.85799993E-04
   18.6494961       8.18100001E-04
   18.6661625       7.53299973E-04
   18.6828289       6.91400026E-04
   18.6994953       6.32299983E-04
   18.7161617       5.76300023E-04
   18.7328281       5.23300027E-04
   18.7494946       4.73499997E-04
   18.7661610       4.27199993E-04
   18.7828274       3.77799995E-04
   18.7994938       3.30400013E-04
   18.8161602       2.91500008E-04
   18.8328266       2.59699998E-04
   18.8494930       2.25199998E-04
   18.8661594       1.96299996E-04
   18.8828259       1.67200007E-04
   18.8994923       1.43400001E-04
   18.9161587       1.23799997E-04
   18.9328251       1.03799997E-04
   18.9494915       8.50500001E-05
   18.9661579       6.98799995E-05
   18.9828243       5.75699996E-05
   18.9994907       4.68299986E-05
   19.0161572       3.75999989E-05
   19.0328236       2.98199993E-05
   19.0494900       2.37900003E-05
   19.0661564       1.86100006E-05
   19.0828228       1.43300003E-05
   19.0994892       1.09000002E-05
   19.1161556       8.04499996E-06
   19.1328220       5.93300001E-06
   19.1494884       4.33400010E-06
   19.1661549       2.98999998E-06
   19.1828213       2.00799991E-06
   19.1994877       1.29700004E-06
   19.2161541       7.71700002E-07
   19.2328205       4.34899988E-07
   19.2494869       2.35100003E-07
   19.2661533       1.17399999E-07
   19.2828197       4.95300014E-08
   19.2994862       1.46700003E-08
   19.3161526       1.99100003E-09
   19.3328190       3.92600015E-11
   19.3494854       6.79499995E-14
   19.3661518       7.05000014E-17
   19.3828182       1.54200005E-20
   19.3994846       1.47100002E-26
   19.4161510       0.00000000    
   19.4328175       0.00000000    
   19.4494839       0.00000000    
   19.4661503       0.00000000    
   19.4828167       0.00000000    
   19.4994831       0.00000000    
   19.5161495       0.00000000    
   19.5328159       0.00000000    
   19.5494823       0.00000000    
   19.5661488       0.00000000    
   19.5828152       0.00000000    
   19.5994816       0.00000000    
   19.6161480       0.00000000    
   19.6328144       0.00000000    
   19.6494808       0.00000000    
   19.6661472       0.00000000    
   19.6828136       0.00000000    
   19.6994801       0.00000000    
   19.7161465       0.00000000    
   19.7328129       0.00000000    
   19.7494793       0.00000000    
   19.7661457       0.00000000    
   19.7828121       0.00000000    
   19.7994785       0.00000000    
   19.8161449       0.00000000    
   19.8328114       0.00000000    
   19.8494778       0.00000000    
   19.8661442       0.00000000    
   19.8828106       0.00000000    
   19.8994770       0.00000000    
   19.9161434       0.00000000    
   19.9328098       0.00000000    
   19.9494762       0.00000000    
   19.9661427       0.00000000    
   19.9828091       0.00000000    
   19.9994755       0.00000000    
   20.0161419       0.00000000    
   20.0328083       0.00000000    
   20.0494747       0.00000000    
   20.0661411       0.00000000    
   20.0828075       0.00000000    
   20.0994740       0.00000000    
   20.1161404       0.00000000    
   20.1328068       0.00000000    
   20.1494732       0.00000000    
   20.1661396       0.00000000    
   20.1828060       0.00000000    
   20.1994724       0.00000000    
   20.2161388       0.00000000    
   20.2328053       0.00000000    
   20.2494717       0.00000000    
   20.2661381       0.00000000    
   20.2828045       0.00000000    
   20.2994709       0.00000000    
   20.3161373       0.00000000    
   20.3328037       0.00000000    
   20.3494701       0.00000000    
   20.3661366       0.00000000    
   20.3828030       0.00000000    
   20.3994694       0.00000000    
   20.4161358       0.00000000    
   20.4328022       0.00000000    
   20.4494686       0.00000000    
   20.4661350       0.00000000    
   20.4828014       0.00000000    
   20.4994678       0.00000000    
   20.5161343       0.00000000    
   20.5328007       0.00000000    
   20.5494671       0.00000000    
   20.5661335       0.00000000    
   20.5827999       0.00000000    
   20.5994663       0.00000000    
   20.6161327       0.00000000    
   20.6327991       0.00000000    
   20.6494656       0.00000000    
   20.6661320       0.00000000    
   20.6827984       0.00000000    
   20.6994648       0.00000000    
   20.7161312       0.00000000    
   20.7327976       0.00000000    
   20.7494640       0.00000000    
   20.7661304       0.00000000    
   20.7827969       0.00000000    
   20.7994633       0.00000000    
   20.8161297       0.00000000    
   20.8327961       0.00000000    
   20.8494625       0.00000000    
   20.8661289       0.00000000    
   20.8827953       0.00000000    
   20.8994617       0.00000000    
   20.9161282       0.00000000    
   20.9327946       0.00000000    
   20.9494610       0.00000000    
   20.9661274       0.00000000    
   20.9827938       0.00000000    
   20.9994602       0.00000000    
   21.0161266       0.00000000    
   21.0327930       0.00000000    
   21.0494595       0.00000000    
   21.0661259       0.00000000    
   21.0827923       0.00000000    
   21.0994587       0.00000000    
   21.1161251       0.00000000    
   21.1327915       0.00000000    
   21.1494579       0.00000000    
   21.1661243       0.00000000    
   21.1827908       0.00000000    
   21.1994572       0.00000000    
   21.2161236       0.00000000    
   21.2327900       0.00000000    
   21.2494564       0.00000000    
   21.2661228       0.00000000    
   21.2827892       0.00000000    
   21.2994556       0.00000000    
   21.3161221       0.00000000    
   21.3327885       0.00000000    
   21.3494549       0.00000000    
   21.3661213       0.00000000    
   21.3827877       0.00000000    
   21.3994541       0.00000000    
   21.4161205       0.00000000    
   21.4327869       0.00000000    
   21.4494534       0.00000000    
   21.4661198       0.00000000    
   21.4827862       0.00000000    
   21.4994526       0.00000000    
   21.5161190       0.00000000    
   21.5327854       0.00000000    
   21.5494518       0.00000000    
   21.5661182       0.00000000    
   21.5827847       0.00000000    
   21.5994511       0.00000000    
   21.6161175       0.00000000    
   21.6327839       0.00000000    
   21.6494503       0.00000000    
   21.6661167       0.00000000    
   21.6827831       0.00000000    
   21.6994495       0.00000000    
   21.7161160       0.00000000    
   21.7327824       0.00000000    
   21.7494488       0.00000000    
   21.7661152       0.00000000    
   21.7827816       0.00000000    
   21.7994480       0.00000000    
   21.8161144       0.00000000    
   21.8327808       0.00000000    
   21.8494473       0.00000000    
   21.8661137       0.00000000    
   21.8827801       0.00000000    
   21.8994465       0.00000000    
   21.9161129       0.00000000    
   21.9327793       0.00000000    
   21.9494457       0.00000000    
   21.9661121       0.00000000    
   21.9827785       0.00000000    
   21.9994450       0.00000000    
   22.0161114       0.00000000    
   22.0327778       0.00000000    
   22.0494442       0.00000000    
   22.0661106       0.00000000    
   22.0827770       0.00000000    
   22.0994434       0.00000000    
   22.1161098       0.00000000    
   22.1327763       0.00000000    
   22.1494427       0.00000000    
   22.1661091       0.00000000    
   22.1827755       0.00000000    
   22.1994419       0.00000000    
   22.2161083       0.00000000    
   22.2327747       0.00000000    
   22.2494411       0.00000000    
   22.2661076       0.00000000    
   22.2827740       0.00000000    
   22.2994404       0.00000000    
   22.3161068       0.00000000    
   22.3327732       0.00000000    
   22.3494396       0.00000000    
   22.3661060       0.00000000    
   22.3827724       0.00000000    
   22.3994389       0.00000000    
   22.4161053       0.00000000    
   22.4327717       0.00000000    
   22.4494381       0.00000000    
   22.4661045       0.00000000    
   22.4827709       0.00000000    
   22.4994373       0.00000000    
   22.5161037       0.00000000    
   22.5327702       0.00000000    
   22.5494366       0.00000000    
   22.5661030       0.00000000    
   22.5827694       0.00000000    
   22.5994358       0.00000000    
   22.6161022       0.00000000    
   22.6327686       0.00000000    
   22.6494350       0.00000000    
   22.6661015       0.00000000    
   22.6827679       0.00000000    
   22.6994343       0.00000000    
   22.7161007       0.00000000    
   22.7327671       0.00000000    
   22.7494335       0.00000000    
   22.7660999       0.00000000    
   22.7827663       0.00000000    
   22.7994328       0.00000000    
   22.8160992       0.00000000    
   22.8327656       0.00000000    
   22.8494320       0.00000000    
   22.8660984       0.00000000    
   22.8827648       0.00000000    
   22.8994312       0.00000000    
   22.9160976       0.00000000    
   22.9327641       0.00000000    
   22.9494305       0.00000000    
   22.9660969       0.00000000    
   22.9827633       0.00000000    
   22.9994297       0.00000000    
   23.0160961       0.00000000    
   23.0327625       0.00000000    
   23.0494289       0.00000000    
   23.0660954       0.00000000    
   23.0827618       0.00000000    
   23.0994282       0.00000000    
   23.1160946       0.00000000    
   23.1327610       0.00000000    
   23.1494274       0.00000000    
   23.1660938       0.00000000    
   23.1827602       0.00000000    
   23.1994267       0.00000000    
   23.2160931       0.00000000    
   23.2327595       0.00000000    
   23.2494259       0.00000000    
   23.2660923       0.00000000    
   23.2827587       0.00000000    
   23.2994251       0.00000000    
   23.3160915       0.00000000    
   23.3327579       0.00000000    
   23.3494244       0.00000000    
   23.3660908       0.00000000    
   23.3827572       0.00000000    
   23.3994236       0.00000000    
   23.4160900       0.00000000    
   23.4327564       0.00000000    
   23.4494228       0.00000000    
   23.4660892       0.00000000    
   23.4827557       0.00000000    
   23.4994221       0.00000000    
   23.5160885       0.00000000    
   23.5327549       0.00000000    
   23.5494213       0.00000000    
   23.5660877       0.00000000    
   23.5827541       0.00000000    
   23.5994205       0.00000000    
   23.6160870       0.00000000    
   23.6327534       0.00000000    
   23.6494198       0.00000000    
   23.6660862       0.00000000    
   23.6827526       0.00000000    
   23.6994190       0.00000000    
   23.7160854       0.00000000    
   23.7327518       0.00000000    
   23.7494183       0.00000000    
   23.7660847       0.00000000    
   23.7827511       0.00000000    
   23.7994175       0.00000000    
   23.8160839       0.00000000    
   23.8327503       0.00000000    
   23.8494167       0.00000000    
   23.8660831       0.00000000    
   23.8827496       0.00000000    
   23.8994160       0.00000000    
   23.9160824       0.00000000    
   23.9327488       0.00000000    
   23.9494152       0.00000000    
   23.9660816       0.00000000    
   23.9827480       0.00000000    
