   0.00000000       0.00000000    
   1.66660007E-02   0.00000000    
   3.33320014E-02   0.00000000    
   4.99980003E-02   0.00000000    
   6.66640028E-02   0.00000000    
   8.33300054E-02   0.00000000    
   9.99960080E-02   0.00000000    
  0.116662011       0.00000000    
  0.133328006       0.00000000    
  0.149994001       0.00000000    
  0.166659996       0.00000000    
  0.183325991       0.00000000    
  0.199991986       0.00000000    
  0.216657981       0.00000000    
  0.233323976       0.00000000    
  0.249989972       0.00000000    
  0.266655982       0.00000000    
  0.283321977       0.00000000    
  0.299987972       0.00000000    
  0.316653967       0.00000000    
  0.333319962       0.00000000    
  0.349985957       0.00000000    
  0.366651952       0.00000000    
  0.383317947       0.00000000    
  0.399983943       0.00000000    
  0.416649938       0.00000000    
  0.433315933       0.00000000    
  0.449981928       0.00000000    
  0.466647923       0.00000000    
  0.483313918       0.00000000    
  0.499979913       0.00000000    
  0.516645908       0.00000000    
  0.533311903       0.00000000    
  0.549977899       0.00000000    
  0.566643894       0.00000000    
  0.583309889       0.00000000    
  0.599975884       0.00000000    
  0.616641879       0.00000000    
  0.633307874       0.00000000    
  0.649973869       0.00000000    
  0.666639864       0.00000000    
  0.683305860       0.00000000    
  0.699971855       0.00000000    
  0.716637850       0.00000000    
  0.733303845       0.00000000    
  0.749969840       0.00000000    
  0.766635835       0.00000000    
  0.783301830       0.00000000    
  0.799967825       0.00000000    
  0.816633821       0.00000000    
  0.833299816       0.00000000    
  0.849965811       0.00000000    
  0.866631806       0.00000000    
  0.883297801       0.00000000    
  0.899963796       0.00000000    
  0.916629791       0.00000000    
  0.933295786       0.00000000    
  0.949961782       0.00000000    
  0.966627777       0.00000000    
  0.983293772       0.00000000    
  0.999959767       0.00000000    
   1.01662576       0.00000000    
   1.03329182       0.00000000    
   1.04995787       0.00000000    
   1.06662393       0.00000000    
   1.08328998       0.00000000    
   1.09995604       0.00000000    
   1.11662209       0.00000000    
   1.13328815       0.00000000    
   1.14995420       0.00000000    
   1.16662025       0.00000000    
   1.18328631       0.00000000    
   1.19995236       0.00000000    
   1.21661842       0.00000000    
   1.23328447       0.00000000    
   1.24995053       0.00000000    
   1.26661658       0.00000000    
   1.28328264       0.00000000    
   1.29994869       0.00000000    
   1.31661475       0.00000000    
   1.33328080       0.00000000    
   1.34994686       0.00000000    
   1.36661291       0.00000000    
   1.38327897       0.00000000    
   1.39994502       0.00000000    
   1.41661108       0.00000000    
   1.43327713       0.00000000    
   1.44994318       0.00000000    
   1.46660924       0.00000000    
   1.48327529       0.00000000    
   1.49994135       0.00000000    
   1.51660740       0.00000000    
   1.53327346       0.00000000    
   1.54993951       0.00000000    
   1.56660557       0.00000000    
   1.58327162       0.00000000    
   1.59993768       0.00000000    
   1.61660373       0.00000000    
   1.63326979       0.00000000    
   1.64993584       0.00000000    
   1.66660190       0.00000000    
   1.68326795       0.00000000    
   1.69993401       0.00000000    
   1.71660006       0.00000000    
   1.73326612       0.00000000    
   1.74993217       0.00000000    
   1.76659822       0.00000000    
   1.78326428       0.00000000    
   1.79993033       0.00000000    
   1.81659639       0.00000000    
   1.83326244       0.00000000    
   1.84992850       0.00000000    
   1.86659455       0.00000000    
   1.88326061       0.00000000    
   1.89992666       0.00000000    
   1.91659272       0.00000000    
   1.93325877       0.00000000    
   1.94992483       0.00000000    
   1.96659088       0.00000000    
   1.98325694       0.00000000    
   1.99992299       0.00000000    
   2.01658893       0.00000000    
   2.03325486       0.00000000    
   2.04992080       0.00000000    
   2.06658673       0.00000000    
   2.08325267       0.00000000    
   2.09991860       0.00000000    
   2.11658454       0.00000000    
   2.13325047       0.00000000    
   2.14991641       0.00000000    
   2.16658235       0.00000000    
   2.18324828       0.00000000    
   2.19991422       0.00000000    
   2.21658015       0.00000000    
   2.23324609       0.00000000    
   2.24991202       0.00000000    
   2.26657796       0.00000000    
   2.28324389       0.00000000    
   2.29990983       0.00000000    
   2.31657577       0.00000000    
   2.33324170       0.00000000    
   2.34990764       0.00000000    
   2.36657357       0.00000000    
   2.38323951       0.00000000    
   2.39990544       0.00000000    
   2.41657138       0.00000000    
   2.43323731       0.00000000    
   2.44990325       0.00000000    
   2.46656919       0.00000000    
   2.48323512       0.00000000    
   2.49990106       0.00000000    
   2.51656699       0.00000000    
   2.53323293       0.00000000    
   2.54989886       0.00000000    
   2.56656480       0.00000000    
   2.58323073       0.00000000    
   2.59989667       0.00000000    
   2.61656260       0.00000000    
   2.63322854       0.00000000    
   2.64989448       0.00000000    
   2.66656041       0.00000000    
   2.68322635       0.00000000    
   2.69989228       0.00000000    
   2.71655822       0.00000000    
   2.73322415       0.00000000    
   2.74989009       0.00000000    
   2.76655602       0.00000000    
   2.78322196       0.00000000    
   2.79988790       0.00000000    
   2.81655383       0.00000000    
   2.83321977       0.00000000    
   2.84988570       0.00000000    
   2.86655164       0.00000000    
   2.88321757       0.00000000    
   2.89988351       0.00000000    
   2.91654944       0.00000000    
   2.93321538       0.00000000    
   2.94988132       0.00000000    
   2.96654725       0.00000000    
   2.98321319       0.00000000    
   2.99987912       0.00000000    
   3.01654506       0.00000000    
   3.03321099       0.00000000    
   3.04987693       0.00000000    
   3.06654286       0.00000000    
   3.08320880       0.00000000    
   3.09987473       0.00000000    
   3.11654067       0.00000000    
   3.13320661       0.00000000    
   3.14987254       0.00000000    
   3.16653848       0.00000000    
   3.18320441       0.00000000    
   3.19987035       0.00000000    
   3.21653628       0.00000000    
   3.23320222       0.00000000    
   3.24986815       0.00000000    
   3.26653409       0.00000000    
   3.28320003       0.00000000    
   3.29986596       0.00000000    
   3.31653190       0.00000000    
   3.33319783       0.00000000    
   3.34986377       0.00000000    
   3.36652970       0.00000000    
   3.38319564       0.00000000    
   3.39986157       0.00000000    
   3.41652751       0.00000000    
   3.43319345       0.00000000    
   3.44985938       0.00000000    
   3.46652532       0.00000000    
   3.48319125       0.00000000    
   3.49985719       0.00000000    
   3.51652312       0.00000000    
   3.53318906       0.00000000    
   3.54985499       0.00000000    
   3.56652093       0.00000000    
   3.58318686       0.00000000    
   3.59985280       0.00000000    
   3.61651874       0.00000000    
   3.63318467       0.00000000    
   3.64985061       0.00000000    
   3.66651654       0.00000000    
   3.68318248       0.00000000    
   3.69984841       0.00000000    
   3.71651435       0.00000000    
   3.73318028       0.00000000    
   3.74984622       0.00000000    
   3.76651216       0.00000000    
   3.78317809       0.00000000    
   3.79984403       0.00000000    
   3.81650996       0.00000000    
   3.83317590       0.00000000    
   3.84984183       0.00000000    
   3.86650777       0.00000000    
   3.88317370       0.00000000    
   3.89983964       0.00000000    
   3.91650558       0.00000000    
   3.93317151       0.00000000    
   3.94983745       0.00000000    
   3.96650338       0.00000000    
   3.98316932       0.00000000    
   3.99983525       0.00000000    
   4.01650143       0.00000000    
   4.03316736       0.00000000    
   4.04983330       0.00000000    
   4.06649923       0.00000000    
   4.08316517       0.00000000    
   4.09983110       0.00000000    
   4.11649704       0.00000000    
   4.13316298       0.00000000    
   4.14982891       0.00000000    
   4.16649485       0.00000000    
   4.18316078       0.00000000    
   4.19982672       0.00000000    
   4.21649265       0.00000000    
   4.23315859       0.00000000    
   4.24982452       0.00000000    
   4.26649046       0.00000000    
   4.28315639       0.00000000    
   4.29982233       0.00000000    
   4.31648827       0.00000000    
   4.33315420       0.00000000    
   4.34982014       0.00000000    
   4.36648607       0.00000000    
   4.38315201       0.00000000    
   4.39981794       0.00000000    
   4.41648388       0.00000000    
   4.43314981       0.00000000    
   4.44981575       0.00000000    
   4.46648169       0.00000000    
   4.48314762       0.00000000    
   4.49981356       0.00000000    
   4.51647949       0.00000000    
   4.53314543       0.00000000    
   4.54981136       0.00000000    
   4.56647730       0.00000000    
   4.58314323       0.00000000    
   4.59980917       0.00000000    
   4.61647511       0.00000000    
   4.63314104       0.00000000    
   4.64980698       0.00000000    
   4.66647291       0.00000000    
   4.68313885       0.00000000    
   4.69980478       0.00000000    
   4.71647072       0.00000000    
   4.73313665       0.00000000    
   4.74980259       0.00000000    
   4.76646852       0.00000000    
   4.78313446       0.00000000    
   4.79980040       0.00000000    
   4.81646633       0.00000000    
   4.83313227       0.00000000    
   4.84979820       0.00000000    
   4.86646414       0.00000000    
   4.88313007       0.00000000    
   4.89979601       0.00000000    
   4.91646194       0.00000000    
   4.93312788       0.00000000    
   4.94979382       0.00000000    
   4.96645975       0.00000000    
   4.98312569       0.00000000    
   4.99979162       0.00000000    
   5.01645756       0.00000000    
   5.03312349       0.00000000    
   5.04978943       0.00000000    
   5.06645536       0.00000000    
   5.08312130       0.00000000    
   5.09978724       0.00000000    
   5.11645317       0.00000000    
   5.13311911       0.00000000    
   5.14978504       0.00000000    
   5.16645098       0.00000000    
   5.18311691       0.00000000    
   5.19978285       0.00000000    
   5.21644878       0.00000000    
   5.23311472       0.00000000    
   5.24978065       0.00000000    
   5.26644659       0.00000000    
   5.28311253       0.00000000    
   5.29977846       0.00000000    
   5.31644440       0.00000000    
   5.33311033       0.00000000    
   5.34977627       0.00000000    
   5.36644220       0.00000000    
   5.38310814       0.00000000    
   5.39977407       0.00000000    
   5.41644001       0.00000000    
   5.43310595       0.00000000    
   5.44977188       0.00000000    
   5.46643782       0.00000000    
   5.48310375       0.00000000    
   5.49976969       0.00000000    
   5.51643562       0.00000000    
   5.53310156       0.00000000    
   5.54976749       0.00000000    
   5.56643343       0.00000000    
   5.58309937       0.00000000    
   5.59976530       0.00000000    
   5.61643124       0.00000000    
   5.63309717       0.00000000    
   5.64976311       0.00000000    
   5.66642904       0.00000000    
   5.68309498       0.00000000    
   5.69976091       0.00000000    
   5.71642685       0.00000000    
   5.73309278       0.00000000    
   5.74975872       0.00000000    
   5.76642466       0.00000000    
   5.78309059       0.00000000    
   5.79975653       0.00000000    
   5.81642246       0.00000000    
   5.83308840       0.00000000    
   5.84975433       0.00000000    
   5.86642027       0.00000000    
   5.88308620       0.00000000    
   5.89975214       3.86400015E-21
   5.91641808       1.84600005E-16
   5.93308401       1.19400000E-13
   5.94974995       1.56099994E-11
   5.96641588       6.32299990E-10
   5.98308182       8.86099993E-09
   5.99974775       3.71099986E-08
   6.01641369       9.46499981E-08
   6.03307962       1.96100004E-07
   6.04974556       3.75399992E-07
   6.06641150       6.72099986E-07
   6.08307743       1.16499996E-06
   6.09974337       1.92800007E-06
   6.11640930       2.96000007E-06
   6.13307524       4.38699999E-06
   6.14974117       6.33799982E-06
   6.16640711       8.66400023E-06
   6.18307304       1.17600002E-05
   6.19973898       1.59100000E-05
   6.21640491       2.08300007E-05
   6.23307085       2.70199998E-05
   6.24973679       3.47499990E-05
   6.26640272       4.32999987E-05
   6.28306866       5.43099995E-05
   6.29973459       6.83300023E-05
   6.31640053       8.26100004E-05
   6.33306646       1.00099998E-04
   6.34973240       1.22400001E-04
   6.36639833       1.46499995E-04
   6.38306427       1.73699998E-04
   6.39973021       2.01899995E-04
   6.41639614       2.32999999E-04
   6.43306208       2.71400000E-04
   6.44972801       3.11100011E-04
   6.46639395       3.55500000E-04
   6.48305988       3.98400007E-04
   6.49972582       4.50199994E-04
   6.51639175       5.12800005E-04
   6.53305769       5.76100021E-04
   6.54972363       6.37200021E-04
   6.56638956       7.02699996E-04
   6.58305550       7.72200001E-04
   6.59972143       8.45699979E-04
   6.61638737       9.22899984E-04
   6.63305330       1.00399996E-03
   6.64971924       1.08900003E-03
   6.66638517       1.17700000E-03
   6.68305111       1.26900000E-03
   6.69971704       1.36500003E-03
   6.71638298       1.46499998E-03
   6.73304892       1.56799995E-03
   6.74971485       1.67599996E-03
   6.76638079       1.78699999E-03
   6.78304672       1.90200005E-03
   6.79971266       2.02100002E-03
   6.81637859       2.14400003E-03
   6.83304453       2.27100006E-03
   6.84971046       2.40199990E-03
   6.86637640       2.53800000E-03
   6.88304234       2.67699989E-03
   6.89970827       2.82100006E-03
   6.91637421       2.97000003E-03
   6.93304014       3.12300003E-03
   6.94970608       3.28000006E-03
   6.96637201       3.44299991E-03
   6.98303795       3.61000001E-03
   6.99970388       3.78099992E-03
   7.01636982       3.95799987E-03
   7.03303576       4.13999986E-03
   7.04970169       4.32700012E-03
   7.06636763       4.51900018E-03
   7.08303356       4.71600005E-03
   7.09969950       4.91800020E-03
   7.11636543       5.12599992E-03
   7.13303137       5.34000015E-03
   7.14969730       5.55900019E-03
   7.16636324       5.78500004E-03
   7.18302917       6.01499993E-03
   7.19969511       6.25200011E-03
   7.21636105       6.49499986E-03
   7.23302698       6.74400013E-03
   7.24969292       6.99899998E-03
   7.26635885       7.25999987E-03
   7.28302479       7.52800005E-03
   7.29969072       7.80199980E-03
   7.31635666       8.08299985E-03
   7.33302259       8.37100018E-03
   7.34968853       8.66500009E-03
   7.36635447       8.96499958E-03
   7.38302040       9.27300006E-03
   7.39968634       9.58800036E-03
   7.41635227       9.90999956E-03
   7.43301821       1.02399997E-02
   7.44968414       1.05799995E-02
   7.46635008       1.09200003E-02
   7.48301601       1.12699997E-02
   7.49968195       1.16299996E-02
   7.51634789       1.20000001E-02
   7.53301382       1.23699997E-02
   7.54967976       1.27499998E-02
   7.56634569       1.31400004E-02
   7.58301163       1.35399997E-02
   7.59967756       1.39400000E-02
   7.61634350       1.43600004E-02
   7.63300943       1.47799999E-02
   7.64967537       1.52099999E-02
   7.66634130       1.56399999E-02
   7.68300724       1.60900000E-02
   7.69967318       1.65400002E-02
   7.71633911       1.70099996E-02
   7.73300505       1.74800009E-02
   7.74967098       1.79600008E-02
   7.76633692       1.84400007E-02
   7.78300285       1.89399999E-02
   7.79966879       1.94499996E-02
   7.81633472       1.99599992E-02
   7.83300066       2.04799995E-02
   7.84966660       2.10100003E-02
   7.86633253       2.15499997E-02
   7.88299847       2.20999997E-02
   7.89966440       2.26600002E-02
   7.91633034       2.32299995E-02
   7.93299627       2.38000005E-02
   7.94966221       2.43900008E-02
   7.96632814       2.49799993E-02
   7.98299408       2.55900007E-02
   7.99966002       2.62000002E-02
   8.01632595       2.68200003E-02
   8.03299236       2.74500009E-02
   8.04965878       2.80900002E-02
   8.06632519       2.87400000E-02
   8.08299160       2.94000003E-02
   8.09965801       3.00699994E-02
   8.11632442       3.07400003E-02
   8.13299084       3.14299986E-02
   8.14965725       3.21200006E-02
   8.16632366       3.28299999E-02
   8.18299007       3.35399993E-02
   8.19965649       3.42699997E-02
   8.21632290       3.50000001E-02
   8.23298931       3.57399993E-02
   8.24965572       3.64900008E-02
   8.26632214       3.72500010E-02
   8.28298855       3.80199999E-02
   8.29965496       3.88000011E-02
   8.31632137       3.95900011E-02
   8.33298779       4.03800011E-02
   8.34965420       4.11899984E-02
   8.36632061       4.20100018E-02
   8.38298702       4.28300016E-02
   8.39965343       4.36600000E-02
   8.41631985       4.45099995E-02
   8.43298626       4.53599989E-02
   8.44965267       4.62200008E-02
   8.46631908       4.70900014E-02
   8.48298550       4.79700007E-02
   8.49965191       4.88599986E-02
   8.51631832       4.97500002E-02
   8.53298473       5.06599993E-02
   8.54965115       5.15800007E-02
   8.56631756       5.24999984E-02
   8.58298397       5.34299985E-02
   8.59965038       5.43700010E-02
   8.61631680       5.53199984E-02
   8.63298321       5.62799983E-02
   8.64964962       5.72500005E-02
   8.66631603       5.82199991E-02
   8.68298244       5.92099987E-02
   8.69964886       6.01999983E-02
   8.71631527       6.12000003E-02
   8.73298168       6.22100011E-02
   8.74964809       6.32300004E-02
   8.76631451       6.42499998E-02
   8.78298092       6.52799979E-02
   8.79964733       6.63200021E-02
   8.81631374       6.73699975E-02
   8.83298016       6.84299991E-02
   8.84964657       6.94999993E-02
   8.86631298       7.05699995E-02
   8.88297939       7.16499984E-02
   8.89964581       7.27299973E-02
   8.91631222       7.38300011E-02
   8.93297863       7.49299973E-02
   8.94964504       7.60399997E-02
   8.96631145       7.71600008E-02
   8.98297787       7.82800019E-02
   8.99964428       7.94100016E-02
   9.01631069       8.05500001E-02
   9.03297710       8.16999972E-02
   9.04964352       8.28400031E-02
   9.06630993       8.39999989E-02
   9.08297634       8.51700008E-02
   9.09964275       8.63400027E-02
   9.11630917       8.75200033E-02
   9.13297558       8.86999965E-02
   9.14964199       8.98799971E-02
   9.16630840       9.10800025E-02
   9.18297482       9.22800004E-02
   9.19964123       9.34899971E-02
   9.21630764       9.47099999E-02
   9.23297405       9.59300026E-02
   9.24964046       9.71399993E-02
   9.26630688       9.83700007E-02
   9.28297329       9.96199995E-02
   9.29963970      0.100900002    
   9.31630611      0.102100000    
   9.33297253      0.103299998    
   9.34963894      0.104599997    
   9.36630535      0.105899997    
   9.38297176      0.107100002    
   9.39963818      0.108400002    
   9.41630459      0.109700002    
   9.43297100      0.110900000    
   9.44963741      0.112199999    
   9.46630383      0.113499999    
   9.48297024      0.114799999    
   9.49963665      0.116099998    
   9.51630306      0.117399998    
   9.53296947      0.118699998    
   9.54963589      0.119999997    
   9.56630230      0.121299997    
   9.58296871      0.122599997    
   9.59963512      0.123899996    
   9.61630154      0.125200003    
   9.63296795      0.126499996    
   9.64963436      0.127900004    
   9.66630077      0.129199997    
   9.68296719      0.130500004    
   9.69963360      0.131799996    
   9.71630001      0.133200005    
   9.73296642      0.134499997    
   9.74963284      0.135800004    
   9.76629925      0.137099996    
   9.78296566      0.138500005    
   9.79963207      0.139799997    
   9.81629848      0.141200006    
   9.83296490      0.142499998    
   9.84963131      0.143800005    
   9.86629772      0.145199999    
   9.88296413      0.146500006    
   9.89963055      0.147799999    
   9.91629696      0.149200007    
   9.93296337      0.150500000    
   9.94962978      0.151899993    
   9.96629620      0.153200001    
   9.98296261      0.154499993    
   9.99962902      0.155900002    
   10.0162954      0.157199994    
   10.0329618      0.158600003    
   10.0496283      0.159899995    
   10.0662947      0.161300004    
   10.0829611      0.162599996    
   10.0996275      0.163900003    
   10.1162939      0.165299997    
   10.1329603      0.166600004    
   10.1496267      0.167899996    
   10.1662931      0.169200003    
   10.1829596      0.170599997    
   10.1996260      0.171900004    
   10.2162924      0.173099995    
   10.2329588      0.174500003    
   10.2496252      0.175799996    
   10.2662916      0.177100003    
   10.2829580      0.178399995    
   10.2996244      0.179800004    
   10.3162909      0.181099996    
   10.3329573      0.182400003    
   10.3496237      0.183699995    
   10.3662901      0.184900001    
   10.3829565      0.186199993    
   10.3996229      0.187500000    
   10.4162893      0.188800007    
   10.4329557      0.190099999    
   10.4496222      0.191300005    
   10.4662886      0.192599997    
   10.4829550      0.193900004    
   10.4996214      0.195099995    
   10.5162878      0.196400002    
   10.5329542      0.197500005    
   10.5496206      0.198899999    
   10.5662870      0.200100005    
   10.5829535      0.201299995    
   10.5996199      0.202500001    
   10.6162863      0.203799993    
   10.6329527      0.204999998    
   10.6496191      0.206100002    
   10.6662855      0.207399994    
   10.6829519      0.208600000    
   10.6996183      0.209800005    
   10.7162848      0.210899994    
   10.7329512      0.212099999    
   10.7496176      0.213300005    
   10.7662840      0.214399993    
   10.7829504      0.215599999    
   10.7996168      0.216700003    
   10.8162832      0.217899993    
   10.8329496      0.218999997    
   10.8496161      0.220100001    
   10.8662825      0.221200004    
   10.8829489      0.222399995    
   10.8996153      0.223399997    
   10.9162817      0.224500000    
   10.9329481      0.225600004    
   10.9496145      0.226699993    
   10.9662809      0.227799997    
   10.9829473      0.228799999    
   10.9996138      0.229900002    
   11.0162802      0.230800003    
   11.0329466      0.231900007    
   11.0496130      0.232899994    
   11.0662794      0.233999997    
   11.0829458      0.234799996    
   11.0996122      0.235900000    
   11.1162786      0.236900002    
   11.1329451      0.237900004    
   11.1496115      0.238900006    
   11.1662779      0.239800006    
   11.1829443      0.240799993    
   11.1996107      0.241600007    
   11.2162771      0.242599994    
   11.2329435      0.243499994    
   11.2496099      0.244399995    
   11.2662764      0.245299995    
   11.2829428      0.246199995    
   11.2996092      0.246999994    
   11.3162756      0.247899994    
   11.3329420      0.248699993    
   11.3496084      0.249599993    
   11.3662748      0.250400007    
   11.3829412      0.251199991    
   11.3996077      0.252000004    
   11.4162741      0.252799988    
   11.4329405      0.253500015    
   11.4496069      0.254299998    
   11.4662733      0.255100012    
   11.4829397      0.255800009    
   11.4996061      0.256500006    
   11.5162725      0.257200003    
   11.5329390      0.257999986    
   11.5496054      0.258700013    
   11.5662718      0.259400010    
   11.5829382      0.259999990    
   11.5996046      0.260699987    
   11.6162710      0.261299998    
   11.6329374      0.261900008    
   11.6496038      0.262499988    
   11.6662703      0.263200015    
   11.6829367      0.263799995    
   11.6996031      0.264400005    
   11.7162695      0.264899999    
   11.7329359      0.265500009    
   11.7496023      0.266000003    
   11.7662687      0.266499996    
   11.7829351      0.266900003    
   11.7996016      0.267600000    
   11.8162680      0.268000007    
   11.8329344      0.268500000    
   11.8496008      0.268999994    
   11.8662672      0.269400001    
   11.8829336      0.269899994    
   11.8996000      0.270300001    
   11.9162664      0.270700008    
   11.9329329      0.271100014    
   11.9495993      0.271499991    
   11.9662657      0.271600008    
   11.9829321      0.272199988    
   11.9995985      0.272500008    
   12.0162649      0.272799999    
   12.0329313      0.273099989    
   12.0495977      0.273400009    
   12.0662642      0.273699999    
   12.0829306      0.273999989    
   12.0995970      0.274199992    
   12.1162634      0.274500012    
   12.1329298      0.274699986    
   12.1495962      0.274899989    
   12.1662626      0.275099993    
   12.1829290      0.275299996    
   12.1995955      0.275500000    
   12.2162619      0.275599986    
   12.2329283      0.275799990    
   12.2495947      0.275900006    
   12.2662611      0.275999993    
   12.2829275      0.276100010    
   12.2995939      0.276199996    
   12.3162603      0.276199996    
   12.3329268      0.276300013    
   12.3495932      0.276300013    
   12.3662596      0.276300013    
   12.3829260      0.276400000    
   12.3995924      0.276400000    
   12.4162588      0.276300013    
   12.4329252      0.276300013    
   12.4495916      0.276300013    
   12.4662580      0.276199996    
   12.4829245      0.276100010    
   12.4995909      0.275999993    
   12.5162573      0.275900006    
   12.5329237      0.275799990    
   12.5495901      0.275700003    
   12.5662565      0.275500000    
   12.5829229      0.275400013    
   12.5995893      0.275200009    
   12.6162558      0.275000006    
   12.6329222      0.274800003    
   12.6495886      0.274599999    
   12.6662550      0.274300009    
   12.6829214      0.274100006    
   12.6995878      0.273799986    
   12.7162542      0.273499995    
   12.7329206      0.273299992    
   12.7495871      0.273000002    
   12.7662535      0.272599995    
   12.7829199      0.272300005    
   12.7995863      0.271899998    
   12.8162527      0.271499991    
   12.8329191      0.271200001    
   12.8495855      0.270799994    
   12.8662519      0.270399988    
   12.8829184      0.270000011    
   12.8995848      0.269600004    
   12.9162512      0.269199997    
   12.9329176      0.268700004    
   12.9495840      0.268200010    
   12.9662504      0.267600000    
   12.9829168      0.267100006    
   12.9995832      0.266700000    
   13.0162497      0.266200006    
   13.0329161      0.265700012    
   13.0495825      0.265100002    
   13.0662489      0.264600009    
   13.0829153      0.263999999    
   13.0995817      0.263399988    
   13.1162481      0.262600005    
   13.1329145      0.262100011    
   13.1495810      0.261500001    
   13.1662474      0.260899991    
   13.1829138      0.259999990    
   13.1995802      0.259600013    
   13.2162466      0.258899987    
   13.2329130      0.258300006    
   13.2495794      0.257499993    
   13.2662458      0.256799996    
   13.2829123      0.256000012    
   13.2995787      0.255400002    
   13.3162451      0.254599988    
   13.3329115      0.253699988    
   13.3495779      0.253100008    
   13.3662443      0.252299994    
   13.3829107      0.251500010    
   13.3995771      0.250699997    
   13.4162436      0.249899998    
   13.4329100      0.248999998    
   13.4495764      0.248199999    
   13.4662428      0.247400001    
   13.4829092      0.246500000    
   13.4995756      0.245600000    
   13.5162420      0.244800001    
   13.5329084      0.243799999    
   13.5495749      0.242899999    
   13.5662413      0.241999999    
   13.5829077      0.241099998    
   13.5995741      0.240199998    
   13.6162405      0.239199996    
   13.6329069      0.238299996    
   13.6495733      0.237299994    
   13.6662397      0.236300007    
   13.6829062      0.235300004    
   13.6995726      0.234300002    
   13.7162390      0.233300000    
   13.7329054      0.232299998    
   13.7495718      0.231299996    
   13.7662382      0.230299994    
   13.7829046      0.229200006    
   13.7995710      0.228200004    
   13.8162374      0.227100000    
   13.8329039      0.225799993    
   13.8495703      0.224900007    
   13.8662367      0.223700002    
   13.8829031      0.222800002    
   13.8995695      0.221699998    
   13.9162359      0.220500007    
   13.9329023      0.219400004    
   13.9495687      0.218300000    
   13.9662352      0.217199996    
   13.9829016      0.216000006    
   13.9995680      0.214900002    
   14.0162344      0.213699996    
   14.0329008      0.212599993    
   14.0495672      0.211400002    
   14.0662336      0.210199997    
   14.0829000      0.209000006    
   14.0995665      0.207800001    
   14.1162329      0.206599995    
   14.1328993      0.205400005    
   14.1495657      0.204200000    
   14.1662321      0.202999994    
   14.1828985      0.201800004    
   14.1995649      0.200599998    
   14.2162313      0.199300006    
   14.2328978      0.198100001    
   14.2495642      0.196799994    
   14.2662306      0.195600003    
   14.2828970      0.194299996    
   14.2995634      0.193100005    
   14.3162298      0.191799998    
   14.3328962      0.190500006    
   14.3495626      0.189300001    
   14.3662291      0.187999994    
   14.3828955      0.186700001    
   14.3995619      0.185399994    
   14.4162283      0.184100002    
   14.4328947      0.182799995    
   14.4495611      0.181500003    
   14.4662275      0.180199996    
   14.4828939      0.178900003    
   14.4995604      0.177599996    
   14.5162268      0.176300004    
   14.5328932      0.174999997    
   14.5495596      0.173700005    
   14.5662260      0.172399998    
   14.5828924      0.171100006    
   14.5995588      0.169699997    
   14.6162252      0.168300003    
   14.6328917      0.166999996    
   14.6495581      0.165700004    
   14.6662245      0.164399996    
   14.6828909      0.163100004    
   14.6995573      0.161699995    
   14.7162237      0.160400003    
   14.7328901      0.159099996    
   14.7495565      0.157700002    
   14.7662230      0.156399995    
   14.7828894      0.155100003    
   14.7995558      0.153699994    
   14.8162222      0.152400002    
   14.8328886      0.150999993    
   14.8495550      0.149700001    
   14.8662214      0.148399994    
   14.8828878      0.147000000    
   14.8995543      0.145699993    
   14.9162207      0.144299999    
   14.9328871      0.143000007    
   14.9495535      0.141700000    
   14.9662199      0.140300006    
   14.9828863      0.138999999    
   14.9995527      0.137700006    
   15.0162191      0.136299998    
   15.0328856      0.135000005    
   15.0495520      0.133599997    
   15.0662184      0.132300004    
   15.0828848      0.130999997    
   15.0995512      0.129700005    
   15.1162176      0.128399998    
   15.1328840      0.127000004    
   15.1495504      0.125699997    
   15.1662169      0.124399997    
   15.1828833      0.123099998    
   15.1995497      0.121799998    
   15.2162161      0.120499998    
   15.2328825      0.119199999    
   15.2495489      0.117799997    
   15.2662153      0.116499998    
   15.2828817      0.115300000    
   15.2995481      0.114000000    
   15.3162146      0.112700000    
   15.3328810      0.111400001    
   15.3495474      0.110100001    
   15.3662138      0.108900003    
   15.3828802      0.107600003    
   15.3995466      0.106299996    
   15.4162130      0.105099998    
   15.4328794      0.103799999    
   15.4495459      0.102600001    
   15.4662123      0.101300001    
   15.4828787      0.100100003    
   15.4995451       9.88200009E-02
   15.5162115       9.75999981E-02
   15.5328779       9.63800028E-02
   15.5495443       9.51500013E-02
   15.5662107       9.39299986E-02
   15.5828772       9.27300006E-02
   15.5995436       9.15199965E-02
   15.6162100       9.03299972E-02
   15.6328764       8.91299993E-02
   15.6495428       8.79499987E-02
   15.6662092       8.67699981E-02
   15.6828756       8.56000036E-02
   15.6995420       8.44300017E-02
   15.7162085       8.32699984E-02
   15.7328749       8.21100026E-02
   15.7495413       8.09699968E-02
   15.7662077       7.98299983E-02
   15.7828741       7.86999986E-02
   15.7995405       7.75699988E-02
   15.8162069       7.64499977E-02
   15.8328733       7.53400028E-02
   15.8495398       7.42300004E-02
   15.8662062       7.31299967E-02
   15.8828726       7.20399991E-02
   15.8995390       7.09600002E-02
   15.9162054       6.98800012E-02
   15.9328718       6.88199997E-02
   15.9495382       6.77599981E-02
   15.9662046       6.67100027E-02
   15.9828711       6.56599998E-02
   15.9995375       6.46200031E-02
   16.0162029       6.36000037E-02
   16.0328693       6.25799969E-02
   16.0495358       6.15699999E-02
   16.0662022       6.05599992E-02
   16.0828686       5.95600009E-02
   16.0995350       5.85800000E-02
   16.1162014       5.75999990E-02
   16.1328678       5.66300005E-02
   16.1495342       5.56700006E-02
   16.1662006       5.47199994E-02
   16.1828671       5.37699983E-02
   16.1995335       5.28299995E-02
   16.2161999       5.19100018E-02
   16.2328663       5.09900004E-02
   16.2495327       5.00800014E-02
   16.2661991       4.91800010E-02
   16.2828655       4.82899994E-02
   16.2995319       4.74100001E-02
   16.3161983       4.65300009E-02
   16.3328648       4.56699990E-02
   16.3495312       4.48100008E-02
   16.3661976       4.39700000E-02
   16.3828640       4.31299992E-02
   16.3995304       4.23000008E-02
   16.4161968       4.14800011E-02
   16.4328632       4.06700000E-02
   16.4495296       3.98700014E-02
   16.4661961       3.90800014E-02
   16.4828625       3.83000001E-02
   16.4995289       3.75300013E-02
   16.5161953       3.67599986E-02
   16.5328617       3.60100009E-02
   16.5495281       3.52599993E-02
   16.5661945       3.45299989E-02
   16.5828609       3.37999985E-02
   16.5995274       3.30800004E-02
   16.6161938       3.23700011E-02
   16.6328602       3.16799991E-02
   16.6495266       3.09800003E-02
   16.6661930       3.03099994E-02
   16.6828594       2.96299998E-02
   16.6995258       2.89699994E-02
   16.7161922       2.83199996E-02
   16.7328587       2.76800003E-02
   16.7495251       2.70399991E-02
   16.7661915       2.64199991E-02
   16.7828579       2.58000009E-02
   16.7995243       2.52000000E-02
   16.8161907       2.45999992E-02
   16.8328571       2.40100008E-02
   16.8495235       2.34299991E-02
   16.8661900       2.28599999E-02
   16.8828564       2.22999994E-02
   16.8995228       2.17499994E-02
   16.9161892       2.11999994E-02
   16.9328556       2.06700005E-02
   16.9495220       2.01399997E-02
   16.9661884       1.96300000E-02
   16.9828548       1.91200003E-02
   16.9995213       1.86199993E-02
   17.0161877       1.81300007E-02
   17.0328541       1.76400002E-02
   17.0495205       1.71700008E-02
   17.0661869       1.66999996E-02
   17.0828533       1.62499994E-02
   17.0995197       1.57999992E-02
   17.1161861       1.53599996E-02
   17.1328526       1.49200000E-02
   17.1495190       1.44999996E-02
   17.1661854       1.40899997E-02
   17.1828518       1.36799999E-02
   17.1995182       1.32799996E-02
   17.2161846       1.28800003E-02
   17.2328510       1.25000002E-02
   17.2495174       1.21200001E-02
   17.2661839       1.17600001E-02
   17.2828503       1.13899997E-02
   17.2995167       1.10400002E-02
   17.3161831       1.06899999E-02
   17.3328495       1.03500001E-02
   17.3495159       1.00199999E-02
   17.3661823       9.69900005E-03
   17.3828487       9.38200019E-03
   17.3995152       9.06999968E-03
   17.4161816       8.76700040E-03
   17.4328480       8.47100001E-03
   17.4495144       8.18100013E-03
   17.4661808       7.89800007E-03
   17.4828472       7.62199983E-03
   17.4995136       7.35099986E-03
   17.5161800       7.08700018E-03
   17.5328465       6.82999985E-03
   17.5495129       6.57900004E-03
   17.5661793       6.33399980E-03
   17.5828457       6.09500008E-03
   17.5995121       5.86199993E-03
   17.6161785       5.63499983E-03
   17.6328449       5.41399978E-03
   17.6495113       5.19800000E-03
   17.6661777       4.98900004E-03
   17.6828442       4.78299987E-03
   17.6995106       4.58399998E-03
   17.7161770       4.39100014E-03
   17.7328434       4.20199987E-03
   17.7495098       4.01900010E-03
   17.7661762       3.83999990E-03
   17.7828426       3.66599998E-03
   17.7995090       3.49800009E-03
   17.8161755       3.33400001E-03
   17.8328419       3.17499996E-03
   17.8495083       3.02099995E-03
   17.8661747       2.86999997E-03
   17.8828411       2.72500003E-03
   17.8995075       2.58399989E-03
   17.9161739       2.44700001E-03
   17.9328403       2.31399992E-03
   17.9495068       2.18600011E-03
   17.9661732       2.06100009E-03
   17.9828396       1.94099999E-03
   17.9995060       1.82400004E-03
   18.0161724       1.71200000E-03
   18.0328388       1.60299998E-03
   18.0495052       1.49800000E-03
   18.0661716       1.39700004E-03
   18.0828381       1.30000000E-03
   18.0995045       1.20699999E-03
   18.1161709       1.11700001E-03
   18.1328373       1.03100005E-03
   18.1495037       9.48800007E-04
   18.1661701       8.70299991E-04
   18.1828365       7.95600004E-04
   18.1995029       7.24799989E-04
   18.2161694       6.58000004E-04
   18.2328358       5.95499994E-04
   18.2495022       5.35500003E-04
   18.2661686       4.69099992E-04
   18.2828350       4.14000009E-04
   18.2995014       3.68500012E-04
   18.3161678       3.30699986E-04
   18.3328342       2.82099994E-04
   18.3495007       2.46200012E-04
   18.3661671       2.13099993E-04
   18.3828335       1.80799994E-04
   18.3994999       1.52799999E-04
   18.4161663       1.28600004E-04
   18.4328327       1.07699998E-04
   18.4494991       8.79299987E-05
   18.4661655       7.18500014E-05
   18.4828320       5.86599999E-05
   18.4994984       4.67799982E-05
   18.5161648       3.68699984E-05
   18.5328312       2.89000000E-05
   18.5494976       2.23900006E-05
   18.5661640       1.70999992E-05
   18.5828304       1.28900001E-05
   18.5994968       9.62099966E-06
   18.6161633       6.93399988E-06
   18.6328297       4.94000005E-06
   18.6494961       3.35599998E-06
   18.6661625       2.20299989E-06
   18.6828289       1.37400002E-06
   18.6994953       8.03499972E-07
   18.7161617       4.50199991E-07
   18.7328281       2.39799988E-07
   18.7494946       1.20400003E-07
   18.7661610       5.16299998E-08
   18.7828274       1.46300003E-08
   18.7994938       1.75199999E-09
   18.8161602       5.03200016E-11
   18.8328266       5.98600000E-13
   18.8494930       1.47499999E-15
   18.8661594       3.36400009E-19
   18.8828259       0.00000000    
   18.8994923       0.00000000    
   18.9161587       0.00000000    
   18.9328251       0.00000000    
   18.9494915       0.00000000    
   18.9661579       0.00000000    
   18.9828243       0.00000000    
   18.9994907       0.00000000    
   19.0161572       0.00000000    
   19.0328236       0.00000000    
   19.0494900       0.00000000    
   19.0661564       0.00000000    
   19.0828228       0.00000000    
   19.0994892       0.00000000    
   19.1161556       0.00000000    
   19.1328220       0.00000000    
   19.1494884       0.00000000    
   19.1661549       0.00000000    
   19.1828213       0.00000000    
   19.1994877       0.00000000    
   19.2161541       0.00000000    
   19.2328205       0.00000000    
   19.2494869       0.00000000    
   19.2661533       0.00000000    
   19.2828197       0.00000000    
   19.2994862       0.00000000    
   19.3161526       0.00000000    
   19.3328190       0.00000000    
   19.3494854       0.00000000    
   19.3661518       0.00000000    
   19.3828182       0.00000000    
   19.3994846       0.00000000    
   19.4161510       0.00000000    
   19.4328175       0.00000000    
   19.4494839       0.00000000    
   19.4661503       0.00000000    
   19.4828167       0.00000000    
   19.4994831       0.00000000    
   19.5161495       0.00000000    
   19.5328159       0.00000000    
   19.5494823       0.00000000    
   19.5661488       0.00000000    
   19.5828152       0.00000000    
   19.5994816       0.00000000    
   19.6161480       0.00000000    
   19.6328144       0.00000000    
   19.6494808       0.00000000    
   19.6661472       0.00000000    
   19.6828136       0.00000000    
   19.6994801       0.00000000    
   19.7161465       0.00000000    
   19.7328129       0.00000000    
   19.7494793       0.00000000    
   19.7661457       0.00000000    
   19.7828121       0.00000000    
   19.7994785       0.00000000    
   19.8161449       0.00000000    
   19.8328114       0.00000000    
   19.8494778       0.00000000    
   19.8661442       0.00000000    
   19.8828106       0.00000000    
   19.8994770       0.00000000    
   19.9161434       0.00000000    
   19.9328098       0.00000000    
   19.9494762       0.00000000    
   19.9661427       0.00000000    
   19.9828091       0.00000000    
   19.9994755       0.00000000    
   20.0161419       0.00000000    
   20.0328083       0.00000000    
   20.0494747       0.00000000    
   20.0661411       0.00000000    
   20.0828075       0.00000000    
   20.0994740       0.00000000    
   20.1161404       0.00000000    
   20.1328068       0.00000000    
   20.1494732       0.00000000    
   20.1661396       0.00000000    
   20.1828060       0.00000000    
   20.1994724       0.00000000    
   20.2161388       0.00000000    
   20.2328053       0.00000000    
   20.2494717       0.00000000    
   20.2661381       0.00000000    
   20.2828045       0.00000000    
   20.2994709       0.00000000    
   20.3161373       0.00000000    
   20.3328037       0.00000000    
   20.3494701       0.00000000    
   20.3661366       0.00000000    
   20.3828030       0.00000000    
   20.3994694       0.00000000    
   20.4161358       0.00000000    
   20.4328022       0.00000000    
   20.4494686       0.00000000    
   20.4661350       0.00000000    
   20.4828014       0.00000000    
   20.4994678       0.00000000    
   20.5161343       0.00000000    
   20.5328007       0.00000000    
   20.5494671       0.00000000    
   20.5661335       0.00000000    
   20.5827999       0.00000000    
   20.5994663       0.00000000    
   20.6161327       0.00000000    
   20.6327991       0.00000000    
   20.6494656       0.00000000    
   20.6661320       0.00000000    
   20.6827984       0.00000000    
   20.6994648       0.00000000    
   20.7161312       0.00000000    
   20.7327976       0.00000000    
   20.7494640       0.00000000    
   20.7661304       0.00000000    
   20.7827969       0.00000000    
   20.7994633       0.00000000    
   20.8161297       0.00000000    
   20.8327961       0.00000000    
   20.8494625       0.00000000    
   20.8661289       0.00000000    
   20.8827953       0.00000000    
   20.8994617       0.00000000    
   20.9161282       0.00000000    
   20.9327946       0.00000000    
   20.9494610       0.00000000    
   20.9661274       0.00000000    
   20.9827938       0.00000000    
   20.9994602       0.00000000    
   21.0161266       0.00000000    
   21.0327930       0.00000000    
   21.0494595       0.00000000    
   21.0661259       0.00000000    
   21.0827923       0.00000000    
   21.0994587       0.00000000    
   21.1161251       0.00000000    
   21.1327915       0.00000000    
   21.1494579       0.00000000    
   21.1661243       0.00000000    
   21.1827908       0.00000000    
   21.1994572       0.00000000    
   21.2161236       0.00000000    
   21.2327900       0.00000000    
   21.2494564       0.00000000    
   21.2661228       0.00000000    
   21.2827892       0.00000000    
   21.2994556       0.00000000    
   21.3161221       0.00000000    
   21.3327885       0.00000000    
   21.3494549       0.00000000    
   21.3661213       0.00000000    
   21.3827877       0.00000000    
   21.3994541       0.00000000    
   21.4161205       0.00000000    
   21.4327869       0.00000000    
   21.4494534       0.00000000    
   21.4661198       0.00000000    
   21.4827862       0.00000000    
   21.4994526       0.00000000    
   21.5161190       0.00000000    
   21.5327854       0.00000000    
   21.5494518       0.00000000    
   21.5661182       0.00000000    
   21.5827847       0.00000000    
   21.5994511       0.00000000    
   21.6161175       0.00000000    
   21.6327839       0.00000000    
   21.6494503       0.00000000    
   21.6661167       0.00000000    
   21.6827831       0.00000000    
   21.6994495       0.00000000    
   21.7161160       0.00000000    
   21.7327824       0.00000000    
   21.7494488       0.00000000    
   21.7661152       0.00000000    
   21.7827816       0.00000000    
   21.7994480       0.00000000    
   21.8161144       0.00000000    
   21.8327808       0.00000000    
   21.8494473       0.00000000    
   21.8661137       0.00000000    
   21.8827801       0.00000000    
   21.8994465       0.00000000    
   21.9161129       0.00000000    
   21.9327793       0.00000000    
   21.9494457       0.00000000    
   21.9661121       0.00000000    
   21.9827785       0.00000000    
   21.9994450       0.00000000    
   22.0161114       0.00000000    
   22.0327778       0.00000000    
   22.0494442       0.00000000    
   22.0661106       0.00000000    
   22.0827770       0.00000000    
   22.0994434       0.00000000    
   22.1161098       0.00000000    
   22.1327763       0.00000000    
   22.1494427       0.00000000    
   22.1661091       0.00000000    
   22.1827755       0.00000000    
   22.1994419       0.00000000    
   22.2161083       0.00000000    
   22.2327747       0.00000000    
   22.2494411       0.00000000    
   22.2661076       0.00000000    
   22.2827740       0.00000000    
   22.2994404       0.00000000    
   22.3161068       0.00000000    
   22.3327732       0.00000000    
   22.3494396       0.00000000    
   22.3661060       0.00000000    
   22.3827724       0.00000000    
   22.3994389       0.00000000    
   22.4161053       0.00000000    
   22.4327717       0.00000000    
   22.4494381       0.00000000    
   22.4661045       0.00000000    
   22.4827709       0.00000000    
   22.4994373       0.00000000    
   22.5161037       0.00000000    
   22.5327702       0.00000000    
   22.5494366       0.00000000    
   22.5661030       0.00000000    
   22.5827694       0.00000000    
   22.5994358       0.00000000    
   22.6161022       0.00000000    
   22.6327686       0.00000000    
   22.6494350       0.00000000    
   22.6661015       0.00000000    
   22.6827679       0.00000000    
   22.6994343       0.00000000    
   22.7161007       0.00000000    
   22.7327671       0.00000000    
   22.7494335       0.00000000    
   22.7660999       0.00000000    
   22.7827663       0.00000000    
   22.7994328       0.00000000    
   22.8160992       0.00000000    
   22.8327656       0.00000000    
   22.8494320       0.00000000    
   22.8660984       0.00000000    
   22.8827648       0.00000000    
   22.8994312       0.00000000    
   22.9160976       0.00000000    
   22.9327641       0.00000000    
   22.9494305       0.00000000    
   22.9660969       0.00000000    
   22.9827633       0.00000000    
   22.9994297       0.00000000    
   23.0160961       0.00000000    
   23.0327625       0.00000000    
   23.0494289       0.00000000    
   23.0660954       0.00000000    
   23.0827618       0.00000000    
   23.0994282       0.00000000    
   23.1160946       0.00000000    
   23.1327610       0.00000000    
   23.1494274       0.00000000    
   23.1660938       0.00000000    
   23.1827602       0.00000000    
   23.1994267       0.00000000    
   23.2160931       0.00000000    
   23.2327595       0.00000000    
   23.2494259       0.00000000    
   23.2660923       0.00000000    
   23.2827587       0.00000000    
   23.2994251       0.00000000    
   23.3160915       0.00000000    
   23.3327579       0.00000000    
   23.3494244       0.00000000    
   23.3660908       0.00000000    
   23.3827572       0.00000000    
   23.3994236       0.00000000    
   23.4160900       0.00000000    
   23.4327564       0.00000000    
   23.4494228       0.00000000    
   23.4660892       0.00000000    
   23.4827557       0.00000000    
   23.4994221       0.00000000    
   23.5160885       0.00000000    
   23.5327549       0.00000000    
   23.5494213       0.00000000    
   23.5660877       0.00000000    
   23.5827541       0.00000000    
   23.5994205       0.00000000    
   23.6160870       0.00000000    
   23.6327534       0.00000000    
   23.6494198       0.00000000    
   23.6660862       0.00000000    
   23.6827526       0.00000000    
   23.6994190       0.00000000    
   23.7160854       0.00000000    
   23.7327518       0.00000000    
   23.7494183       0.00000000    
   23.7660847       0.00000000    
   23.7827511       0.00000000    
   23.7994175       0.00000000    
   23.8160839       0.00000000    
   23.8327503       0.00000000    
   23.8494167       0.00000000    
   23.8660831       0.00000000    
   23.8827496       0.00000000    
   23.8994160       0.00000000    
   23.9160824       0.00000000    
   23.9327488       0.00000000    
   23.9494152       0.00000000    
   23.9660816       0.00000000    
   23.9827480       0.00000000    
