   0.00000000       0.00000000    
   1.66660007E-02   0.00000000    
   3.33320014E-02   0.00000000    
   4.99980003E-02   0.00000000    
   6.66640028E-02   0.00000000    
   8.33300054E-02   0.00000000    
   9.99960080E-02   0.00000000    
  0.116662011       0.00000000    
  0.133328006       0.00000000    
  0.149994001       0.00000000    
  0.166659996       0.00000000    
  0.183325991       0.00000000    
  0.199991986       0.00000000    
  0.216657981       0.00000000    
  0.233323976       0.00000000    
  0.249989972       0.00000000    
  0.266655982       0.00000000    
  0.283321977       0.00000000    
  0.299987972       0.00000000    
  0.316653967       0.00000000    
  0.333319962       0.00000000    
  0.349985957       0.00000000    
  0.366651952       0.00000000    
  0.383317947       0.00000000    
  0.399983943       0.00000000    
  0.416649938       0.00000000    
  0.433315933       0.00000000    
  0.449981928       0.00000000    
  0.466647923       0.00000000    
  0.483313918       0.00000000    
  0.499979913       0.00000000    
  0.516645908       0.00000000    
  0.533311903       0.00000000    
  0.549977899       0.00000000    
  0.566643894       0.00000000    
  0.583309889       0.00000000    
  0.599975884       0.00000000    
  0.616641879       0.00000000    
  0.633307874       0.00000000    
  0.649973869       0.00000000    
  0.666639864       0.00000000    
  0.683305860       0.00000000    
  0.699971855       0.00000000    
  0.716637850       0.00000000    
  0.733303845       0.00000000    
  0.749969840       0.00000000    
  0.766635835       0.00000000    
  0.783301830       0.00000000    
  0.799967825       0.00000000    
  0.816633821       0.00000000    
  0.833299816       0.00000000    
  0.849965811       0.00000000    
  0.866631806       0.00000000    
  0.883297801       0.00000000    
  0.899963796       0.00000000    
  0.916629791       0.00000000    
  0.933295786       0.00000000    
  0.949961782       0.00000000    
  0.966627777       0.00000000    
  0.983293772       0.00000000    
  0.999959767       0.00000000    
   1.01662576       0.00000000    
   1.03329182       0.00000000    
   1.04995787       0.00000000    
   1.06662393       0.00000000    
   1.08328998       0.00000000    
   1.09995604       0.00000000    
   1.11662209       0.00000000    
   1.13328815       0.00000000    
   1.14995420       0.00000000    
   1.16662025       0.00000000    
   1.18328631       0.00000000    
   1.19995236       0.00000000    
   1.21661842       0.00000000    
   1.23328447       0.00000000    
   1.24995053       0.00000000    
   1.26661658       0.00000000    
   1.28328264       0.00000000    
   1.29994869       0.00000000    
   1.31661475       0.00000000    
   1.33328080       0.00000000    
   1.34994686       0.00000000    
   1.36661291       0.00000000    
   1.38327897       0.00000000    
   1.39994502       0.00000000    
   1.41661108       0.00000000    
   1.43327713       0.00000000    
   1.44994318       0.00000000    
   1.46660924       0.00000000    
   1.48327529       0.00000000    
   1.49994135       0.00000000    
   1.51660740       0.00000000    
   1.53327346       0.00000000    
   1.54993951       0.00000000    
   1.56660557       0.00000000    
   1.58327162       0.00000000    
   1.59993768       0.00000000    
   1.61660373       0.00000000    
   1.63326979       0.00000000    
   1.64993584       0.00000000    
   1.66660190       0.00000000    
   1.68326795       0.00000000    
   1.69993401       0.00000000    
   1.71660006       0.00000000    
   1.73326612       0.00000000    
   1.74993217       0.00000000    
   1.76659822       0.00000000    
   1.78326428       0.00000000    
   1.79993033       0.00000000    
   1.81659639       0.00000000    
   1.83326244       0.00000000    
   1.84992850       0.00000000    
   1.86659455       0.00000000    
   1.88326061       0.00000000    
   1.89992666       0.00000000    
   1.91659272       0.00000000    
   1.93325877       0.00000000    
   1.94992483       0.00000000    
   1.96659088       0.00000000    
   1.98325694       0.00000000    
   1.99992299       0.00000000    
   2.01658893       0.00000000    
   2.03325486       0.00000000    
   2.04992080       0.00000000    
   2.06658673       0.00000000    
   2.08325267       0.00000000    
   2.09991860       0.00000000    
   2.11658454       0.00000000    
   2.13325047       0.00000000    
   2.14991641       0.00000000    
   2.16658235       0.00000000    
   2.18324828       0.00000000    
   2.19991422       0.00000000    
   2.21658015       0.00000000    
   2.23324609       0.00000000    
   2.24991202       0.00000000    
   2.26657796       0.00000000    
   2.28324389       0.00000000    
   2.29990983       0.00000000    
   2.31657577       0.00000000    
   2.33324170       0.00000000    
   2.34990764       0.00000000    
   2.36657357       0.00000000    
   2.38323951       0.00000000    
   2.39990544       0.00000000    
   2.41657138       0.00000000    
   2.43323731       0.00000000    
   2.44990325       0.00000000    
   2.46656919       0.00000000    
   2.48323512       0.00000000    
   2.49990106       0.00000000    
   2.51656699       0.00000000    
   2.53323293       0.00000000    
   2.54989886       0.00000000    
   2.56656480       0.00000000    
   2.58323073       0.00000000    
   2.59989667       0.00000000    
   2.61656260       0.00000000    
   2.63322854       0.00000000    
   2.64989448       0.00000000    
   2.66656041       0.00000000    
   2.68322635       0.00000000    
   2.69989228       0.00000000    
   2.71655822       0.00000000    
   2.73322415       0.00000000    
   2.74989009       0.00000000    
   2.76655602       0.00000000    
   2.78322196       0.00000000    
   2.79988790       0.00000000    
   2.81655383       0.00000000    
   2.83321977       0.00000000    
   2.84988570       0.00000000    
   2.86655164       0.00000000    
   2.88321757       0.00000000    
   2.89988351       0.00000000    
   2.91654944       0.00000000    
   2.93321538       0.00000000    
   2.94988132       0.00000000    
   2.96654725       0.00000000    
   2.98321319       0.00000000    
   2.99987912       0.00000000    
   3.01654506       0.00000000    
   3.03321099       0.00000000    
   3.04987693       0.00000000    
   3.06654286       0.00000000    
   3.08320880       0.00000000    
   3.09987473       0.00000000    
   3.11654067       0.00000000    
   3.13320661       0.00000000    
   3.14987254       0.00000000    
   3.16653848       0.00000000    
   3.18320441       0.00000000    
   3.19987035       0.00000000    
   3.21653628       0.00000000    
   3.23320222       0.00000000    
   3.24986815       0.00000000    
   3.26653409       0.00000000    
   3.28320003       0.00000000    
   3.29986596       0.00000000    
   3.31653190       0.00000000    
   3.33319783       0.00000000    
   3.34986377       0.00000000    
   3.36652970       0.00000000    
   3.38319564       0.00000000    
   3.39986157       0.00000000    
   3.41652751       0.00000000    
   3.43319345       0.00000000    
   3.44985938       0.00000000    
   3.46652532       0.00000000    
   3.48319125       0.00000000    
   3.49985719       0.00000000    
   3.51652312       0.00000000    
   3.53318906       0.00000000    
   3.54985499       0.00000000    
   3.56652093       0.00000000    
   3.58318686       0.00000000    
   3.59985280       0.00000000    
   3.61651874       0.00000000    
   3.63318467       0.00000000    
   3.64985061       0.00000000    
   3.66651654       0.00000000    
   3.68318248       0.00000000    
   3.69984841       0.00000000    
   3.71651435       0.00000000    
   3.73318028       0.00000000    
   3.74984622       0.00000000    
   3.76651216       0.00000000    
   3.78317809       0.00000000    
   3.79984403       0.00000000    
   3.81650996       0.00000000    
   3.83317590       0.00000000    
   3.84984183       0.00000000    
   3.86650777       0.00000000    
   3.88317370       0.00000000    
   3.89983964       0.00000000    
   3.91650558       0.00000000    
   3.93317151       0.00000000    
   3.94983745       0.00000000    
   3.96650338       0.00000000    
   3.98316932       0.00000000    
   3.99983525       0.00000000    
   4.01650143       0.00000000    
   4.03316736       0.00000000    
   4.04983330       0.00000000    
   4.06649923       0.00000000    
   4.08316517       0.00000000    
   4.09983110       0.00000000    
   4.11649704       0.00000000    
   4.13316298       0.00000000    
   4.14982891       0.00000000    
   4.16649485       0.00000000    
   4.18316078       0.00000000    
   4.19982672       0.00000000    
   4.21649265       0.00000000    
   4.23315859       0.00000000    
   4.24982452       0.00000000    
   4.26649046       0.00000000    
   4.28315639       0.00000000    
   4.29982233       0.00000000    
   4.31648827       0.00000000    
   4.33315420       0.00000000    
   4.34982014       0.00000000    
   4.36648607       0.00000000    
   4.38315201       0.00000000    
   4.39981794       0.00000000    
   4.41648388       0.00000000    
   4.43314981       0.00000000    
   4.44981575       0.00000000    
   4.46648169       0.00000000    
   4.48314762       0.00000000    
   4.49981356       0.00000000    
   4.51647949       0.00000000    
   4.53314543       0.00000000    
   4.54981136       0.00000000    
   4.56647730       0.00000000    
   4.58314323       0.00000000    
   4.59980917       0.00000000    
   4.61647511       0.00000000    
   4.63314104       0.00000000    
   4.64980698       0.00000000    
   4.66647291       0.00000000    
   4.68313885       0.00000000    
   4.69980478       0.00000000    
   4.71647072       0.00000000    
   4.73313665       0.00000000    
   4.74980259       0.00000000    
   4.76646852       0.00000000    
   4.78313446       0.00000000    
   4.79980040       0.00000000    
   4.81646633       0.00000000    
   4.83313227       0.00000000    
   4.84979820       0.00000000    
   4.86646414       0.00000000    
   4.88313007       0.00000000    
   4.89979601       0.00000000    
   4.91646194       0.00000000    
   4.93312788       0.00000000    
   4.94979382       0.00000000    
   4.96645975       0.00000000    
   4.98312569       0.00000000    
   4.99979162       0.00000000    
   5.01645756       0.00000000    
   5.03312349       0.00000000    
   5.04978943       0.00000000    
   5.06645536       0.00000000    
   5.08312130       0.00000000    
   5.09978724       0.00000000    
   5.11645317       0.00000000    
   5.13311911       0.00000000    
   5.14978504       0.00000000    
   5.16645098       0.00000000    
   5.18311691       0.00000000    
   5.19978285       0.00000000    
   5.21644878       0.00000000    
   5.23311472       0.00000000    
   5.24978065       0.00000000    
   5.26644659       0.00000000    
   5.28311253       0.00000000    
   5.29977846       0.00000000    
   5.31644440       0.00000000    
   5.33311033       0.00000000    
   5.34977627       0.00000000    
   5.36644220       0.00000000    
   5.38310814       0.00000000    
   5.39977407       0.00000000    
   5.41644001       0.00000000    
   5.43310595       0.00000000    
   5.44977188       0.00000000    
   5.46643782       0.00000000    
   5.48310375       0.00000000    
   5.49976969       0.00000000    
   5.51643562       0.00000000    
   5.53310156       0.00000000    
   5.54976749       0.00000000    
   5.56643343       0.00000000    
   5.58309937       0.00000000    
   5.59976530       0.00000000    
   5.61643124       0.00000000    
   5.63309717       0.00000000    
   5.64976311       0.00000000    
   5.66642904       0.00000000    
   5.68309498       0.00000000    
   5.69976091       0.00000000    
   5.71642685       0.00000000    
   5.73309278       0.00000000    
   5.74975872       0.00000000    
   5.76642466       0.00000000    
   5.78309059       0.00000000    
   5.79975653       0.00000000    
   5.81642246       0.00000000    
   5.83308840       0.00000000    
   5.84975433       0.00000000    
   5.86642027       0.00000000    
   5.88308620       0.00000000    
   5.89975214       0.00000000    
   5.91641808       0.00000000    
   5.93308401       0.00000000    
   5.94974995       0.00000000    
   5.96641588       0.00000000    
   5.98308182       0.00000000    
   5.99974775       0.00000000    
   6.01641369       0.00000000    
   6.03307962       0.00000000    
   6.04974556       0.00000000    
   6.06641150       6.32499884E-40
   6.08307743       7.95599994E-19
   6.09974337       1.56399996E-15
   6.11640930       5.54100006E-13
   6.13307524       4.13499998E-11
   6.14974117       1.78500004E-09
   6.16640711       1.43800003E-08
   6.18307304       4.86000005E-08
   6.19973898       1.15399999E-07
   6.21640491       2.30599994E-07
   6.23307085       4.28699991E-07
   6.24973679       7.56900022E-07
   6.26640272       1.27700002E-06
   6.28306866       2.06300001E-06
   6.29973459       3.18899993E-06
   6.31640053       4.61099989E-06
   6.33306646       6.51900018E-06
   6.34973240       8.86399994E-06
   6.36639833       1.19500000E-05
   6.38306427       1.59899992E-05
   6.39973021       2.08199999E-05
   6.41639614       2.67800006E-05
   6.43306208       3.35500008E-05
   6.44972801       4.21600016E-05
   6.46639395       5.30100006E-05
   6.48305988       6.45199980E-05
   6.49972582       8.00199996E-05
   6.51639175       9.57500015E-05
   6.53305769       1.14299997E-04
   6.54972363       1.36000002E-04
   6.56638956       1.60600001E-04
   6.58305550       1.88399994E-04
   6.59972143       2.20400005E-04
   6.61638737       2.58499989E-04
   6.63305330       2.89399992E-04
   6.64971924       3.37100006E-04
   6.66638517       3.74099996E-04
   6.68305111       4.18599986E-04
   6.69971704       4.72000014E-04
   6.71638298       5.36000007E-04
   6.73304892       5.95399993E-04
   6.74971485       6.55599986E-04
   6.76638079       7.20000011E-04
   6.78304672       7.88000005E-04
   6.79971266       8.59800028E-04
   6.81637859       9.35100019E-04
   6.83304453       1.01400004E-03
   6.84971046       1.09599996E-03
   6.86637640       1.18200004E-03
   6.88304234       1.27200002E-03
   6.89970827       1.36400003E-03
   6.91637421       1.46000006E-03
   6.93304014       1.56000000E-03
   6.94970608       1.66399998E-03
   6.96637201       1.77099998E-03
   6.98303795       1.88100000E-03
   6.99970388       1.99500006E-03
   7.01636982       2.11300002E-03
   7.03303576       2.23500002E-03
   7.04970169       2.36000004E-03
   7.06636763       2.48900009E-03
   7.08303356       2.62199994E-03
   7.09969950       2.75900005E-03
   7.11636543       2.89999996E-03
   7.13303137       3.04499990E-03
   7.14969730       3.19500011E-03
   7.16636324       3.34800011E-03
   7.18302917       3.50599992E-03
   7.19969511       3.66799999E-03
   7.21636105       3.83400009E-03
   7.23302698       4.00500000E-03
   7.24969292       4.18099994E-03
   7.26635885       4.36000014E-03
   7.28302479       4.54499992E-03
   7.29969072       4.73499997E-03
   7.31635666       4.92900005E-03
   7.33302259       5.12799993E-03
   7.34968853       5.33299986E-03
   7.36635447       5.54199982E-03
   7.38302040       5.75600006E-03
   7.39968634       5.97599987E-03
   7.41635227       6.20099995E-03
   7.43301821       6.43099984E-03
   7.44968414       6.66699978E-03
   7.46635008       6.90700021E-03
   7.48301601       7.15399999E-03
   7.49968195       7.40699982E-03
   7.51634789       7.66499992E-03
   7.53301382       7.92900007E-03
   7.54967976       8.19799956E-03
   7.56634569       8.47299956E-03
   7.58301163       8.75500031E-03
   7.59967756       9.04299971E-03
   7.61634350       9.33699962E-03
   7.63300943       9.63700004E-03
   7.64967537       9.94300004E-03
   7.66634130       1.02599999E-02
   7.68300724       1.05699999E-02
   7.69967318       1.09000001E-02
   7.71633911       1.12300003E-02
   7.73300505       1.15700001E-02
   7.74967098       1.19200004E-02
   7.76633692       1.22699998E-02
   7.78300285       1.26299998E-02
   7.79966879       1.29899997E-02
   7.81633472       1.33600002E-02
   7.83300066       1.37400003E-02
   7.84966660       1.41300000E-02
   7.86633253       1.45199997E-02
   7.88299847       1.49200000E-02
   7.89966440       1.53299998E-02
   7.91633034       1.57500003E-02
   7.93299627       1.61700007E-02
   7.94966221       1.65999997E-02
   7.96632814       1.70300007E-02
   7.98299408       1.74800009E-02
   7.99966002       1.79299992E-02
   8.01632595       1.83799993E-02
   8.03299236       1.88500006E-02
   8.04965878       1.93200000E-02
   8.06632519       1.98100004E-02
   8.08299160       2.02900004E-02
   8.09965801       2.07899995E-02
   8.11632442       2.12900005E-02
   8.13299084       2.18000002E-02
   8.14965725       2.23200005E-02
   8.16632366       2.28499994E-02
   8.18299007       2.33800001E-02
   8.19965649       2.39300001E-02
   8.21632290       2.44699996E-02
   8.23298931       2.50300001E-02
   8.24965572       2.55999994E-02
   8.26632214       2.61700004E-02
   8.28298855       2.67500002E-02
   8.29965496       2.73400005E-02
   8.31632137       2.79300008E-02
   8.33298779       2.85400003E-02
   8.34965420       2.91499998E-02
   8.36632061       2.97699999E-02
   8.38298702       3.03900000E-02
   8.39965343       3.10299993E-02
   8.41631985       3.16700004E-02
   8.43298626       3.23200002E-02
   8.44965267       3.29799987E-02
   8.46631908       3.36400010E-02
   8.48298550       3.43200006E-02
   8.49965191       3.49900015E-02
   8.51631832       3.56799997E-02
   8.53298473       3.63800004E-02
   8.54965115       3.70800011E-02
   8.56631756       3.77900004E-02
   8.58298397       3.85099985E-02
   8.59965038       3.92399989E-02
   8.61631680       3.99699993E-02
   8.63298321       4.07099985E-02
   8.64964962       4.14600000E-02
   8.66631603       4.22200002E-02
   8.68298244       4.29800004E-02
   8.69964886       4.37499993E-02
   8.71631527       4.45300005E-02
   8.73298168       4.53100018E-02
   8.74964809       4.61000018E-02
   8.76631451       4.69000004E-02
   8.78298092       4.77100015E-02
   8.79964733       4.85199988E-02
   8.81631374       4.93399985E-02
   8.83298016       5.01700006E-02
   8.84964657       5.09999990E-02
   8.86631298       5.18399999E-02
   8.88297939       5.26899993E-02
   8.89964581       5.35399988E-02
   8.91631222       5.44000007E-02
   8.93297863       5.52700013E-02
   8.94964504       5.61500005E-02
   8.96631145       5.70200011E-02
   8.98297787       5.79099990E-02
   8.99964428       5.88000007E-02
   9.01631069       5.97000010E-02
   9.03297710       6.06100000E-02
   9.04964352       6.15199991E-02
   9.06630993       6.24300018E-02
   9.08297634       6.33599982E-02
   9.09964275       6.42800033E-02
   9.11630917       6.52199984E-02
   9.13297558       6.61600009E-02
   9.14964199       6.71000034E-02
   9.16630840       6.80499971E-02
   9.18297482       6.90099970E-02
   9.19964123       6.99699968E-02
   9.21630764       7.09400028E-02
   9.23297405       7.19100013E-02
   9.24964046       7.28899986E-02
   9.26630688       7.38700032E-02
   9.28297329       7.48599991E-02
   9.29963970       7.58500025E-02
   9.31630611       7.68399984E-02
   9.33297253       7.78400004E-02
   9.34963894       7.88500011E-02
   9.36630535       7.98600018E-02
   9.38297176       8.08700025E-02
   9.39963818       8.18900019E-02
   9.41630459       8.29100013E-02
   9.43297100       8.39300007E-02
   9.44963741       8.49599987E-02
   9.46630383       8.60000029E-02
   9.48297024       8.70399997E-02
   9.49963665       8.80799964E-02
   9.51630306       8.91200006E-02
   9.53296947       9.01599973E-02
   9.54963589       9.12100002E-02
   9.56630230       9.22700018E-02
   9.58296871       9.33199972E-02
   9.59963512       9.43799987E-02
   9.61630154       9.54400003E-02
   9.63296795       9.64900032E-02
   9.64963436       9.75600034E-02
   9.66630077       9.86300036E-02
   9.68296719       9.97100025E-02
   9.69963360      0.100800000    
   9.71630001      0.101899996    
   9.73296642      0.102899998    
   9.74963284      0.104000002    
   9.76629925      0.105099998    
   9.78296566      0.106200002    
   9.79963207      0.107299998    
   9.81629848      0.108300000    
   9.83296490      0.109399997    
   9.84963131      0.110500000    
   9.86629772      0.111599997    
   9.88296413      0.112700000    
   9.89963055      0.113799997    
   9.91629696      0.114900000    
   9.93296337      0.115999997    
   9.94962978      0.117100000    
   9.96629620      0.118100002    
   9.98296261      0.119199999    
   9.99962902      0.120300002    
   10.0162954      0.121399999    
   10.0329618      0.122500002    
   10.0496283      0.123499997    
   10.0662947      0.124700002    
   10.0829611      0.125799999    
   10.0996275      0.126800001    
   10.1162939      0.127900004    
   10.1329603      0.128999993    
   10.1496267      0.130099997    
   10.1662931      0.131200001    
   10.1829596      0.132200003    
   10.1996260      0.133300006    
   10.2162924      0.134399995    
   10.2329588      0.135499999    
   10.2496252      0.136600003    
   10.2662916      0.137600005    
   10.2829580      0.138699993    
   10.2996244      0.139799997    
   10.3162909      0.140799999    
   10.3329573      0.141900003    
   10.3496237      0.142900005    
   10.3662901      0.143999994    
   10.3829565      0.145099998    
   10.3996229      0.146100000    
   10.4162893      0.147100002    
   10.4329557      0.148200005    
   10.4496222      0.149200007    
   10.4662886      0.150299996    
   10.4829550      0.151299998    
   10.4996214      0.152300000    
   10.5162878      0.153300002    
   10.5329542      0.154400006    
   10.5496206      0.155399993    
   10.5662870      0.156399995    
   10.5829535      0.157399997    
   10.5996199      0.158399999    
   10.6162863      0.159400001    
   10.6329527      0.160400003    
   10.6496191      0.161300004    
   10.6662855      0.162300006    
   10.6829519      0.163299993    
   10.6996183      0.164299995    
   10.7162848      0.165199995    
   10.7329512      0.166199997    
   10.7496176      0.167099997    
   10.7662840      0.168099999    
   10.7829504      0.169000000    
   10.7996168      0.169900000    
   10.8162832      0.170900002    
   10.8329496      0.171700001    
   10.8496161      0.172700003    
   10.8662825      0.173600003    
   10.8829489      0.174500003    
   10.8996153      0.175400004    
   10.9162817      0.176300004    
   10.9329481      0.177200004    
   10.9496145      0.178000003    
   10.9662809      0.178900003    
   10.9829473      0.179800004    
   10.9996138      0.180600002    
   11.0162802      0.181400001    
   11.0329466      0.182300001    
   11.0496130      0.183100000    
   11.0662794      0.183899999    
   11.0829458      0.184699997    
   11.0996122      0.185399994    
   11.1162786      0.186299995    
   11.1329451      0.187099993    
   11.1496115      0.187700003    
   11.1662779      0.188600004    
   11.1829443      0.189400002    
   11.1996107      0.190200001    
   11.2162771      0.190899998    
   11.2329435      0.191599995    
   11.2496099      0.192300007    
   11.2662764      0.193100005    
   11.2829428      0.193800002    
   11.2996092      0.194499999    
   11.3162756      0.195099995    
   11.3329420      0.195800006    
   11.3496084      0.196500003    
   11.3662748      0.197099999    
   11.3829412      0.197699994    
   11.3996077      0.198400006    
   11.4162741      0.199100003    
   11.4329405      0.199699998    
   11.4496069      0.200200006    
   11.4662733      0.200900003    
   11.4829397      0.201499999    
   11.4996061      0.202000007    
   11.5162725      0.202600002    
   11.5329390      0.203199998    
   11.5496054      0.203700006    
   11.5662718      0.204200000    
   11.5829382      0.204799995    
   11.5996046      0.205300003    
   11.6162710      0.205799997    
   11.6329374      0.206300005    
   11.6496038      0.206799999    
   11.6662703      0.207200006    
   11.6829367      0.207699999    
   11.6996031      0.208100006    
   11.7162695      0.208600000    
   11.7329359      0.208900005    
   11.7496023      0.209399998    
   11.7662687      0.209800005    
   11.7829351      0.210199997    
   11.7996016      0.210600004    
   11.8162680      0.210899994    
   11.8329344      0.211300001    
   11.8496008      0.211600006    
   11.8662672      0.211899996    
   11.8829336      0.212300003    
   11.8996000      0.212599993    
   11.9162664      0.212799996    
   11.9329329      0.213200003    
   11.9495993      0.213499993    
   11.9662657      0.213699996    
   11.9829321      0.214000002    
   11.9995985      0.214200005    
   12.0162649      0.214399993    
   12.0329313      0.214599997    
   12.0495977      0.214800000    
   12.0662642      0.215000004    
   12.0829306      0.215200007    
   12.0995970      0.215399995    
   12.1162634      0.215599999    
   12.1329298      0.215599999    
   12.1495962      0.215599999    
   12.1662626      0.215900004    
   12.1829290      0.216000006    
   12.1995955      0.216100007    
   12.2162619      0.216199994    
   12.2329283      0.216100007    
   12.2495947      0.216199994    
   12.2662611      0.216199994    
   12.2829275      0.216299996    
   12.2995939      0.216299996    
   12.3162603      0.216299996    
   12.3329268      0.216299996    
   12.3495932      0.216299996    
   12.3662596      0.216199994    
   12.3829260      0.216199994    
   12.3995924      0.216199994    
   12.4162588      0.216199994    
   12.4329252      0.216199994    
   12.4495916      0.216100007    
   12.4662580      0.216000006    
   12.4829245      0.215700001    
   12.4995909      0.215599999    
   12.5162573      0.215599999    
   12.5329237      0.215499997    
   12.5495901      0.215299994    
   12.5662565      0.215100005    
   12.5829229      0.214900002    
   12.5995893      0.214699998    
   12.6162558      0.214499995    
   12.6329222      0.214300007    
   12.6495886      0.214100003    
   12.6662550      0.213799998    
   12.6829214      0.213599995    
   12.6995878      0.213300005    
   12.7162542      0.213000000    
   12.7329206      0.212699994    
   12.7495871      0.212400004    
   12.7662535      0.211899996    
   12.7829199      0.211799994    
   12.7995863      0.211400002    
   12.8162527      0.211099997    
   12.8329191      0.210700005    
   12.8495855      0.210299999    
   12.8662519      0.209999993    
   12.8829184      0.209600002    
   12.8995848      0.209099993    
   12.9162512      0.208700001    
   12.9329176      0.208299994    
   12.9495840      0.207900003    
   12.9662504      0.207399994    
   12.9829168      0.206900001    
   12.9995832      0.206499994    
   13.0162497      0.205799997    
   13.0329161      0.205500007    
   13.0495825      0.204999998    
   13.0662489      0.204500005    
   13.0829153      0.203899994    
   13.0995817      0.203400001    
   13.1162481      0.202800006    
   13.1329145      0.202299997    
   13.1495810      0.201700002    
   13.1662474      0.201100007    
   13.1829138      0.200499997    
   13.1995802      0.199900001    
   13.2162466      0.199300006    
   13.2329130      0.198599994    
   13.2495794      0.197999999    
   13.2662458      0.197400004    
   13.2829123      0.196799994    
   13.2995787      0.195999995    
   13.3162451      0.195299998    
   13.3329115      0.194700003    
   13.3495779      0.193900004    
   13.3662443      0.193299994    
   13.3829107      0.192599997    
   13.3995771      0.191900000    
   13.4162436      0.191200003    
   13.4329100      0.190500006    
   13.4495764      0.189600006    
   13.4662428      0.188899994    
   13.4829092      0.188199997    
   13.4995756      0.187399998    
   13.5162420      0.186600000    
   13.5329084      0.185800001    
   13.5495749      0.185000002    
   13.5662413      0.184200004    
   13.5829077      0.183400005    
   13.5995741      0.182600006    
   13.6162405      0.181799993    
   13.6329069      0.180899993    
   13.6495733      0.180099994    
   13.6662397      0.179199994    
   13.6829062      0.178399995    
   13.6995726      0.177399993    
   13.7162390      0.176599994    
   13.7329054      0.175799996    
   13.7495718      0.174899995    
   13.7662382      0.173999995    
   13.7829046      0.173099995    
   13.7995710      0.172199994    
   13.8162374      0.171200007    
   13.8329039      0.170300007    
   13.8495703      0.169400007    
   13.8662367      0.168500006    
   13.8829031      0.167500004    
   13.8995695      0.166600004    
   13.9162359      0.165500000    
   13.9329023      0.164600000    
   13.9495687      0.163699999    
   13.9662352      0.162699997    
   13.9829016      0.161699995    
   13.9995680      0.160799995    
   14.0162344      0.159799993    
   14.0329008      0.158800006    
   14.0495672      0.157800004    
   14.0662336      0.156800002    
   14.0829000      0.155800000    
   14.0995665      0.154799998    
   14.1162329      0.153600007    
   14.1328993      0.152700007    
   14.1495657      0.151700005    
   14.1662321      0.150700003    
   14.1828985      0.149599999    
   14.1995649      0.148599997    
   14.2162313      0.147499993    
   14.2328978      0.146500006    
   14.2495642      0.145500004    
   14.2662306      0.144400001    
   14.2828970      0.143399999    
   14.2995634      0.142299995    
   14.3162298      0.141299993    
   14.3328962      0.140200004    
   14.3495626      0.139100000    
   14.3662291      0.138099998    
   14.3828955      0.136999995    
   14.3995619      0.135900006    
   14.4162283      0.134900004    
   14.4328947      0.133800000    
   14.4495611      0.132699996    
   14.4662275      0.131600007    
   14.4828939      0.130500004    
   14.4995604      0.129400000    
   14.5162268      0.128399998    
   14.5328932      0.127299994    
   14.5495596      0.126200005    
   14.5662260      0.125100002    
   14.5828924      0.123999998    
   14.5995588      0.122900002    
   14.6162252      0.121799998    
   14.6328917      0.120700002    
   14.6495581      0.119700000    
   14.6662245      0.118500002    
   14.6828909      0.117500000    
   14.6995573      0.116400003    
   14.7162237      0.115300000    
   14.7328901      0.114200003    
   14.7495565      0.113100000    
   14.7662230      0.112000003    
   14.7828894      0.111000001    
   14.7995558      0.109899998    
   14.8162222      0.108800001    
   14.8328886      0.107699998    
   14.8495550      0.106600001    
   14.8662214      0.105499998    
   14.8828878      0.104500003    
   14.8995543      0.103399999    
   14.9162207      0.102300003    
   14.9328871      0.101199999    
   14.9495535      0.100100003    
   14.9662199       9.90699977E-02
   14.9828863       9.79999974E-02
   14.9995527       9.69400033E-02
   15.0162191       9.58800018E-02
   15.0328856       9.48100016E-02
   15.0495520       9.37500000E-02
   15.0662184       9.26899984E-02
   15.0828848       9.16400030E-02
   15.0995512       9.05900002E-02
   15.1162176       8.95399973E-02
   15.1328840       8.85000005E-02
   15.1495504       8.74599963E-02
   15.1662169       8.64199996E-02
   15.1828833       8.53800029E-02
   15.1995497       8.43499973E-02
   15.2162161       8.33299980E-02
   15.2328825       8.22999999E-02
   15.2495489       8.12800005E-02
   15.2662153       8.02699998E-02
   15.2828817       7.92599991E-02
   15.2995481       7.82499984E-02
   15.3162146       7.72499964E-02
   15.3328810       7.62500018E-02
   15.3495474       7.52599984E-02
   15.3662138       7.42700025E-02
   15.3828802       7.32899979E-02
   15.3995466       7.23100007E-02
   15.4162130       7.13400021E-02
   15.4328794       7.03599975E-02
   15.4495459       6.93999976E-02
   15.4662123       6.84399977E-02
   15.4828787       6.74899966E-02
   15.4995451       6.65400028E-02
   15.5162115       6.56000003E-02
   15.5328779       6.46599978E-02
   15.5495443       6.37300014E-02
   15.5662107       6.28099963E-02
   15.5828772       6.18899986E-02
   15.5995436       6.09799996E-02
   15.6162100       6.00700006E-02
   15.6328764       5.91700003E-02
   15.6495428       5.82699999E-02
   15.6662092       5.73900007E-02
   15.6828756       5.64999990E-02
   15.6995420       5.56299984E-02
   15.7162085       5.47600016E-02
   15.7328749       5.38900010E-02
   15.7495413       5.30400015E-02
   15.7662077       5.21899983E-02
   15.7828741       5.13500012E-02
   15.7995405       5.05100004E-02
   15.8162069       4.96799983E-02
   15.8328733       4.88599986E-02
   15.8495398       4.80399989E-02
   15.8662062       4.72300015E-02
   15.8828726       4.64299992E-02
   15.8995390       4.56300005E-02
   15.9162054       4.48499992E-02
   15.9328718       4.40700017E-02
   15.9495382       4.32900004E-02
   15.9662046       4.25300002E-02
   15.9828711       4.17700000E-02
   15.9995375       4.10199985E-02
   16.0162029       4.02700007E-02
   16.0328693       3.95400003E-02
   16.0495358       3.88099998E-02
   16.0662022       3.80900018E-02
   16.0828686       3.73700000E-02
   16.0995350       3.66699994E-02
   16.1162014       3.59699987E-02
   16.1328678       3.52800004E-02
   16.1495342       3.45899984E-02
   16.1662006       3.39200012E-02
   16.1828671       3.32500003E-02
   16.1995335       3.25900018E-02
   16.2161999       3.19399983E-02
   16.2328663       3.12899984E-02
   16.2495327       3.06499992E-02
   16.2661991       3.00200004E-02
   16.2828655       2.94000003E-02
   16.2995319       2.87900008E-02
   16.3161983       2.81799994E-02
   16.3328648       2.75800005E-02
   16.3495312       2.69900002E-02
   16.3661976       2.64100004E-02
   16.3828640       2.58300006E-02
   16.3995304       2.52599996E-02
   16.4161968       2.47000009E-02
   16.4328632       2.41500009E-02
   16.4495296       2.36099996E-02
   16.4661961       2.30700001E-02
   16.4828625       2.25399993E-02
   16.4995289       2.20199991E-02
   16.5161953       2.15000007E-02
   16.5328617       2.09999997E-02
   16.5495281       2.05000006E-02
   16.5661945       2.00100001E-02
   16.5828609       1.95199996E-02
   16.5995274       1.90500002E-02
   16.6161938       1.85800008E-02
   16.6328602       1.81200001E-02
   16.6495266       1.76599994E-02
   16.6661930       1.72099993E-02
   16.6828594       1.67800002E-02
   16.6995258       1.63400006E-02
   16.7161922       1.59200002E-02
   16.7328587       1.54999997E-02
   16.7495251       1.50899999E-02
   16.7661915       1.46899996E-02
   16.7828579       1.42900003E-02
   16.7995243       1.38999997E-02
   16.8161907       1.35199996E-02
   16.8328571       1.31500000E-02
   16.8495235       1.27800005E-02
   16.8661900       1.24199996E-02
   16.8828564       1.20599996E-02
   16.8995228       1.17100002E-02
   16.9161892       1.13700004E-02
   16.9328556       1.10400002E-02
   16.9495220       1.07100001E-02
   16.9661884       1.03900004E-02
   16.9828548       1.00699998E-02
   16.9995213       9.76399984E-03
   17.0161877       9.46099963E-03
   17.0328541       9.16500017E-03
   17.0495205       8.87400005E-03
   17.0661869       8.58999975E-03
   17.0828533       8.31199996E-03
   17.0995197       8.03999975E-03
   17.1161861       7.77400006E-03
   17.1328526       7.51300016E-03
   17.1495190       7.25900009E-03
   17.1661854       7.00999983E-03
   17.1828518       6.76700007E-03
   17.1995182       6.52900012E-03
   17.2161846       6.29599998E-03
   17.2328510       6.06899988E-03
   17.2495174       5.84700005E-03
   17.2661839       5.63099980E-03
   17.2828503       5.41999983E-03
   17.2995167       5.21299988E-03
   17.3161831       5.01199998E-03
   17.3328495       4.81599988E-03
   17.3495159       4.62399982E-03
   17.3661823       4.43799980E-03
   17.3828487       4.25599981E-03
   17.3995152       4.07799985E-03
   17.4161816       3.90499993E-03
   17.4328480       3.73700005E-03
   17.4495144       3.57299997E-03
   17.4661808       3.41399992E-03
   17.4828472       3.25899990E-03
   17.4995136       3.10799992E-03
   17.5161800       2.96099996E-03
   17.5328465       2.81800004E-03
   17.5495129       2.67899991E-03
   17.5661793       2.54500005E-03
   17.5828457       2.41399999E-03
   17.5995121       2.28699995E-03
   17.6161785       2.16399995E-03
   17.6328449       2.04399996E-03
   17.6495113       1.92900002E-03
   17.6661777       1.81699998E-03
   17.6828442       1.70799997E-03
   17.6995106       1.60299998E-03
   17.7161770       1.50200003E-03
   17.7328434       1.40399998E-03
   17.7495098       1.30999996E-03
   17.7661762       1.21899997E-03
   17.7828426       1.13200000E-03
   17.7995090       1.04799995E-03
   17.8161755       9.67999978E-04
   17.8328419       8.91199976E-04
   17.8495083       8.17900000E-04
   17.8661747       7.48199993E-04
   17.8828411       6.82300015E-04
   17.8995075       6.20300008E-04
   17.9161739       5.62599977E-04
   17.9328403       4.97600005E-04
   17.9495068       4.39900003E-04
   17.9661732       3.91899986E-04
   17.9828396       3.51900002E-04
   17.9995060       3.06300004E-04
   18.0161724       2.70499993E-04
   18.0328388       2.32599996E-04
   18.0495052       2.01699993E-04
   18.0661716       1.75299996E-04
   18.0828381       1.48499996E-04
   18.0995045       1.25399994E-04
   18.1161709       1.03500002E-04
   18.1328373       8.54699974E-05
   18.1495037       7.08399966E-05
   18.1661701       5.73299985E-05
   18.1828365       4.66700003E-05
   18.1995029       3.70000016E-05
   18.2161694       2.92500008E-05
   18.2328358       2.29500001E-05
   18.2495022       1.77099992E-05
   18.2661686       1.34399997E-05
   18.2828350       1.00699999E-05
   18.2995014       7.46900014E-06
   18.3161678       5.36100015E-06
   18.3328342       3.74599995E-06
   18.3495007       2.48900005E-06
   18.3661671       1.60100001E-06
   18.3828335       9.59499971E-07
   18.3994999       5.48000003E-07
   18.4161663       3.03900009E-07
   18.4328327       1.61000003E-07
   18.4494991       7.21599989E-08
   18.4661655       2.52499994E-08
   18.4828320       5.25600008E-09
   18.4994984       2.39700010E-10
   18.5161648       3.78199989E-12
   18.5328312       2.19900002E-14
   18.5494976       2.98100011E-17
   18.5661640       5.55200002E-22
   18.5828304       0.00000000    
   18.5994968       0.00000000    
   18.6161633       0.00000000    
   18.6328297       0.00000000    
   18.6494961       0.00000000    
   18.6661625       0.00000000    
   18.6828289       0.00000000    
   18.6994953       0.00000000    
   18.7161617       0.00000000    
   18.7328281       0.00000000    
   18.7494946       0.00000000    
   18.7661610       0.00000000    
   18.7828274       0.00000000    
   18.7994938       0.00000000    
   18.8161602       0.00000000    
   18.8328266       0.00000000    
   18.8494930       0.00000000    
   18.8661594       0.00000000    
   18.8828259       0.00000000    
   18.8994923       0.00000000    
   18.9161587       0.00000000    
   18.9328251       0.00000000    
   18.9494915       0.00000000    
   18.9661579       0.00000000    
   18.9828243       0.00000000    
   18.9994907       0.00000000    
   19.0161572       0.00000000    
   19.0328236       0.00000000    
   19.0494900       0.00000000    
   19.0661564       0.00000000    
   19.0828228       0.00000000    
   19.0994892       0.00000000    
   19.1161556       0.00000000    
   19.1328220       0.00000000    
   19.1494884       0.00000000    
   19.1661549       0.00000000    
   19.1828213       0.00000000    
   19.1994877       0.00000000    
   19.2161541       0.00000000    
   19.2328205       0.00000000    
   19.2494869       0.00000000    
   19.2661533       0.00000000    
   19.2828197       0.00000000    
   19.2994862       0.00000000    
   19.3161526       0.00000000    
   19.3328190       0.00000000    
   19.3494854       0.00000000    
   19.3661518       0.00000000    
   19.3828182       0.00000000    
   19.3994846       0.00000000    
   19.4161510       0.00000000    
   19.4328175       0.00000000    
   19.4494839       0.00000000    
   19.4661503       0.00000000    
   19.4828167       0.00000000    
   19.4994831       0.00000000    
   19.5161495       0.00000000    
   19.5328159       0.00000000    
   19.5494823       0.00000000    
   19.5661488       0.00000000    
   19.5828152       0.00000000    
   19.5994816       0.00000000    
   19.6161480       0.00000000    
   19.6328144       0.00000000    
   19.6494808       0.00000000    
   19.6661472       0.00000000    
   19.6828136       0.00000000    
   19.6994801       0.00000000    
   19.7161465       0.00000000    
   19.7328129       0.00000000    
   19.7494793       0.00000000    
   19.7661457       0.00000000    
   19.7828121       0.00000000    
   19.7994785       0.00000000    
   19.8161449       0.00000000    
   19.8328114       0.00000000    
   19.8494778       0.00000000    
   19.8661442       0.00000000    
   19.8828106       0.00000000    
   19.8994770       0.00000000    
   19.9161434       0.00000000    
   19.9328098       0.00000000    
   19.9494762       0.00000000    
   19.9661427       0.00000000    
   19.9828091       0.00000000    
   19.9994755       0.00000000    
   20.0161419       0.00000000    
   20.0328083       0.00000000    
   20.0494747       0.00000000    
   20.0661411       0.00000000    
   20.0828075       0.00000000    
   20.0994740       0.00000000    
   20.1161404       0.00000000    
   20.1328068       0.00000000    
   20.1494732       0.00000000    
   20.1661396       0.00000000    
   20.1828060       0.00000000    
   20.1994724       0.00000000    
   20.2161388       0.00000000    
   20.2328053       0.00000000    
   20.2494717       0.00000000    
   20.2661381       0.00000000    
   20.2828045       0.00000000    
   20.2994709       0.00000000    
   20.3161373       0.00000000    
   20.3328037       0.00000000    
   20.3494701       0.00000000    
   20.3661366       0.00000000    
   20.3828030       0.00000000    
   20.3994694       0.00000000    
   20.4161358       0.00000000    
   20.4328022       0.00000000    
   20.4494686       0.00000000    
   20.4661350       0.00000000    
   20.4828014       0.00000000    
   20.4994678       0.00000000    
   20.5161343       0.00000000    
   20.5328007       0.00000000    
   20.5494671       0.00000000    
   20.5661335       0.00000000    
   20.5827999       0.00000000    
   20.5994663       0.00000000    
   20.6161327       0.00000000    
   20.6327991       0.00000000    
   20.6494656       0.00000000    
   20.6661320       0.00000000    
   20.6827984       0.00000000    
   20.6994648       0.00000000    
   20.7161312       0.00000000    
   20.7327976       0.00000000    
   20.7494640       0.00000000    
   20.7661304       0.00000000    
   20.7827969       0.00000000    
   20.7994633       0.00000000    
   20.8161297       0.00000000    
   20.8327961       0.00000000    
   20.8494625       0.00000000    
   20.8661289       0.00000000    
   20.8827953       0.00000000    
   20.8994617       0.00000000    
   20.9161282       0.00000000    
   20.9327946       0.00000000    
   20.9494610       0.00000000    
   20.9661274       0.00000000    
   20.9827938       0.00000000    
   20.9994602       0.00000000    
   21.0161266       0.00000000    
   21.0327930       0.00000000    
   21.0494595       0.00000000    
   21.0661259       0.00000000    
   21.0827923       0.00000000    
   21.0994587       0.00000000    
   21.1161251       0.00000000    
   21.1327915       0.00000000    
   21.1494579       0.00000000    
   21.1661243       0.00000000    
   21.1827908       0.00000000    
   21.1994572       0.00000000    
   21.2161236       0.00000000    
   21.2327900       0.00000000    
   21.2494564       0.00000000    
   21.2661228       0.00000000    
   21.2827892       0.00000000    
   21.2994556       0.00000000    
   21.3161221       0.00000000    
   21.3327885       0.00000000    
   21.3494549       0.00000000    
   21.3661213       0.00000000    
   21.3827877       0.00000000    
   21.3994541       0.00000000    
   21.4161205       0.00000000    
   21.4327869       0.00000000    
   21.4494534       0.00000000    
   21.4661198       0.00000000    
   21.4827862       0.00000000    
   21.4994526       0.00000000    
   21.5161190       0.00000000    
   21.5327854       0.00000000    
   21.5494518       0.00000000    
   21.5661182       0.00000000    
   21.5827847       0.00000000    
   21.5994511       0.00000000    
   21.6161175       0.00000000    
   21.6327839       0.00000000    
   21.6494503       0.00000000    
   21.6661167       0.00000000    
   21.6827831       0.00000000    
   21.6994495       0.00000000    
   21.7161160       0.00000000    
   21.7327824       0.00000000    
   21.7494488       0.00000000    
   21.7661152       0.00000000    
   21.7827816       0.00000000    
   21.7994480       0.00000000    
   21.8161144       0.00000000    
   21.8327808       0.00000000    
   21.8494473       0.00000000    
   21.8661137       0.00000000    
   21.8827801       0.00000000    
   21.8994465       0.00000000    
   21.9161129       0.00000000    
   21.9327793       0.00000000    
   21.9494457       0.00000000    
   21.9661121       0.00000000    
   21.9827785       0.00000000    
   21.9994450       0.00000000    
   22.0161114       0.00000000    
   22.0327778       0.00000000    
   22.0494442       0.00000000    
   22.0661106       0.00000000    
   22.0827770       0.00000000    
   22.0994434       0.00000000    
   22.1161098       0.00000000    
   22.1327763       0.00000000    
   22.1494427       0.00000000    
   22.1661091       0.00000000    
   22.1827755       0.00000000    
   22.1994419       0.00000000    
   22.2161083       0.00000000    
   22.2327747       0.00000000    
   22.2494411       0.00000000    
   22.2661076       0.00000000    
   22.2827740       0.00000000    
   22.2994404       0.00000000    
   22.3161068       0.00000000    
   22.3327732       0.00000000    
   22.3494396       0.00000000    
   22.3661060       0.00000000    
   22.3827724       0.00000000    
   22.3994389       0.00000000    
   22.4161053       0.00000000    
   22.4327717       0.00000000    
   22.4494381       0.00000000    
   22.4661045       0.00000000    
   22.4827709       0.00000000    
   22.4994373       0.00000000    
   22.5161037       0.00000000    
   22.5327702       0.00000000    
   22.5494366       0.00000000    
   22.5661030       0.00000000    
   22.5827694       0.00000000    
   22.5994358       0.00000000    
   22.6161022       0.00000000    
   22.6327686       0.00000000    
   22.6494350       0.00000000    
   22.6661015       0.00000000    
   22.6827679       0.00000000    
   22.6994343       0.00000000    
   22.7161007       0.00000000    
   22.7327671       0.00000000    
   22.7494335       0.00000000    
   22.7660999       0.00000000    
   22.7827663       0.00000000    
   22.7994328       0.00000000    
   22.8160992       0.00000000    
   22.8327656       0.00000000    
   22.8494320       0.00000000    
   22.8660984       0.00000000    
   22.8827648       0.00000000    
   22.8994312       0.00000000    
   22.9160976       0.00000000    
   22.9327641       0.00000000    
   22.9494305       0.00000000    
   22.9660969       0.00000000    
   22.9827633       0.00000000    
   22.9994297       0.00000000    
   23.0160961       0.00000000    
   23.0327625       0.00000000    
   23.0494289       0.00000000    
   23.0660954       0.00000000    
   23.0827618       0.00000000    
   23.0994282       0.00000000    
   23.1160946       0.00000000    
   23.1327610       0.00000000    
   23.1494274       0.00000000    
   23.1660938       0.00000000    
   23.1827602       0.00000000    
   23.1994267       0.00000000    
   23.2160931       0.00000000    
   23.2327595       0.00000000    
   23.2494259       0.00000000    
   23.2660923       0.00000000    
   23.2827587       0.00000000    
   23.2994251       0.00000000    
   23.3160915       0.00000000    
   23.3327579       0.00000000    
   23.3494244       0.00000000    
   23.3660908       0.00000000    
   23.3827572       0.00000000    
   23.3994236       0.00000000    
   23.4160900       0.00000000    
   23.4327564       0.00000000    
   23.4494228       0.00000000    
   23.4660892       0.00000000    
   23.4827557       0.00000000    
   23.4994221       0.00000000    
   23.5160885       0.00000000    
   23.5327549       0.00000000    
   23.5494213       0.00000000    
   23.5660877       0.00000000    
   23.5827541       0.00000000    
   23.5994205       0.00000000    
   23.6160870       0.00000000    
   23.6327534       0.00000000    
   23.6494198       0.00000000    
   23.6660862       0.00000000    
   23.6827526       0.00000000    
   23.6994190       0.00000000    
   23.7160854       0.00000000    
   23.7327518       0.00000000    
   23.7494183       0.00000000    
   23.7660847       0.00000000    
   23.7827511       0.00000000    
   23.7994175       0.00000000    
   23.8160839       0.00000000    
   23.8327503       0.00000000    
   23.8494167       0.00000000    
   23.8660831       0.00000000    
   23.8827496       0.00000000    
   23.8994160       0.00000000    
   23.9160824       0.00000000    
   23.9327488       0.00000000    
   23.9494152       0.00000000    
   23.9660816       0.00000000    
   23.9827480       0.00000000    
