   0.00000000       0.00000000    
   1.66660007E-02   0.00000000    
   3.33320014E-02   0.00000000    
   4.99980003E-02   0.00000000    
   6.66640028E-02   0.00000000    
   8.33300054E-02   0.00000000    
   9.99960080E-02   0.00000000    
  0.116662011       0.00000000    
  0.133328006       0.00000000    
  0.149994001       0.00000000    
  0.166659996       0.00000000    
  0.183325991       0.00000000    
  0.199991986       0.00000000    
  0.216657981       0.00000000    
  0.233323976       0.00000000    
  0.249989972       0.00000000    
  0.266655982       0.00000000    
  0.283321977       0.00000000    
  0.299987972       0.00000000    
  0.316653967       0.00000000    
  0.333319962       0.00000000    
  0.349985957       0.00000000    
  0.366651952       0.00000000    
  0.383317947       0.00000000    
  0.399983943       0.00000000    
  0.416649938       0.00000000    
  0.433315933       0.00000000    
  0.449981928       0.00000000    
  0.466647923       0.00000000    
  0.483313918       0.00000000    
  0.499979913       0.00000000    
  0.516645908       0.00000000    
  0.533311903       0.00000000    
  0.549977899       0.00000000    
  0.566643894       0.00000000    
  0.583309889       0.00000000    
  0.599975884       0.00000000    
  0.616641879       0.00000000    
  0.633307874       0.00000000    
  0.649973869       0.00000000    
  0.666639864       0.00000000    
  0.683305860       0.00000000    
  0.699971855       0.00000000    
  0.716637850       0.00000000    
  0.733303845       0.00000000    
  0.749969840       0.00000000    
  0.766635835       0.00000000    
  0.783301830       0.00000000    
  0.799967825       0.00000000    
  0.816633821       0.00000000    
  0.833299816       0.00000000    
  0.849965811       0.00000000    
  0.866631806       0.00000000    
  0.883297801       0.00000000    
  0.899963796       0.00000000    
  0.916629791       0.00000000    
  0.933295786       0.00000000    
  0.949961782       0.00000000    
  0.966627777       0.00000000    
  0.983293772       0.00000000    
  0.999959767       0.00000000    
   1.01662576       0.00000000    
   1.03329182       0.00000000    
   1.04995787       0.00000000    
   1.06662393       0.00000000    
   1.08328998       0.00000000    
   1.09995604       0.00000000    
   1.11662209       0.00000000    
   1.13328815       0.00000000    
   1.14995420       0.00000000    
   1.16662025       0.00000000    
   1.18328631       0.00000000    
   1.19995236       0.00000000    
   1.21661842       0.00000000    
   1.23328447       0.00000000    
   1.24995053       0.00000000    
   1.26661658       0.00000000    
   1.28328264       0.00000000    
   1.29994869       0.00000000    
   1.31661475       0.00000000    
   1.33328080       0.00000000    
   1.34994686       0.00000000    
   1.36661291       0.00000000    
   1.38327897       0.00000000    
   1.39994502       0.00000000    
   1.41661108       0.00000000    
   1.43327713       0.00000000    
   1.44994318       0.00000000    
   1.46660924       0.00000000    
   1.48327529       0.00000000    
   1.49994135       0.00000000    
   1.51660740       0.00000000    
   1.53327346       0.00000000    
   1.54993951       0.00000000    
   1.56660557       0.00000000    
   1.58327162       0.00000000    
   1.59993768       0.00000000    
   1.61660373       0.00000000    
   1.63326979       0.00000000    
   1.64993584       0.00000000    
   1.66660190       0.00000000    
   1.68326795       0.00000000    
   1.69993401       0.00000000    
   1.71660006       0.00000000    
   1.73326612       0.00000000    
   1.74993217       0.00000000    
   1.76659822       0.00000000    
   1.78326428       0.00000000    
   1.79993033       0.00000000    
   1.81659639       0.00000000    
   1.83326244       0.00000000    
   1.84992850       0.00000000    
   1.86659455       0.00000000    
   1.88326061       0.00000000    
   1.89992666       0.00000000    
   1.91659272       0.00000000    
   1.93325877       0.00000000    
   1.94992483       0.00000000    
   1.96659088       0.00000000    
   1.98325694       0.00000000    
   1.99992299       0.00000000    
   2.01658893       0.00000000    
   2.03325486       0.00000000    
   2.04992080       0.00000000    
   2.06658673       0.00000000    
   2.08325267       0.00000000    
   2.09991860       0.00000000    
   2.11658454       0.00000000    
   2.13325047       0.00000000    
   2.14991641       0.00000000    
   2.16658235       0.00000000    
   2.18324828       0.00000000    
   2.19991422       0.00000000    
   2.21658015       0.00000000    
   2.23324609       0.00000000    
   2.24991202       0.00000000    
   2.26657796       0.00000000    
   2.28324389       0.00000000    
   2.29990983       0.00000000    
   2.31657577       0.00000000    
   2.33324170       0.00000000    
   2.34990764       0.00000000    
   2.36657357       0.00000000    
   2.38323951       0.00000000    
   2.39990544       0.00000000    
   2.41657138       0.00000000    
   2.43323731       0.00000000    
   2.44990325       0.00000000    
   2.46656919       0.00000000    
   2.48323512       0.00000000    
   2.49990106       0.00000000    
   2.51656699       0.00000000    
   2.53323293       0.00000000    
   2.54989886       0.00000000    
   2.56656480       0.00000000    
   2.58323073       0.00000000    
   2.59989667       0.00000000    
   2.61656260       0.00000000    
   2.63322854       0.00000000    
   2.64989448       0.00000000    
   2.66656041       0.00000000    
   2.68322635       0.00000000    
   2.69989228       0.00000000    
   2.71655822       0.00000000    
   2.73322415       0.00000000    
   2.74989009       0.00000000    
   2.76655602       0.00000000    
   2.78322196       0.00000000    
   2.79988790       0.00000000    
   2.81655383       0.00000000    
   2.83321977       0.00000000    
   2.84988570       0.00000000    
   2.86655164       0.00000000    
   2.88321757       0.00000000    
   2.89988351       0.00000000    
   2.91654944       0.00000000    
   2.93321538       0.00000000    
   2.94988132       0.00000000    
   2.96654725       0.00000000    
   2.98321319       0.00000000    
   2.99987912       0.00000000    
   3.01654506       0.00000000    
   3.03321099       0.00000000    
   3.04987693       0.00000000    
   3.06654286       0.00000000    
   3.08320880       0.00000000    
   3.09987473       0.00000000    
   3.11654067       0.00000000    
   3.13320661       0.00000000    
   3.14987254       0.00000000    
   3.16653848       0.00000000    
   3.18320441       0.00000000    
   3.19987035       0.00000000    
   3.21653628       0.00000000    
   3.23320222       0.00000000    
   3.24986815       0.00000000    
   3.26653409       0.00000000    
   3.28320003       0.00000000    
   3.29986596       0.00000000    
   3.31653190       0.00000000    
   3.33319783       0.00000000    
   3.34986377       0.00000000    
   3.36652970       0.00000000    
   3.38319564       0.00000000    
   3.39986157       0.00000000    
   3.41652751       0.00000000    
   3.43319345       0.00000000    
   3.44985938       0.00000000    
   3.46652532       0.00000000    
   3.48319125       0.00000000    
   3.49985719       0.00000000    
   3.51652312       0.00000000    
   3.53318906       0.00000000    
   3.54985499       0.00000000    
   3.56652093       0.00000000    
   3.58318686       0.00000000    
   3.59985280       0.00000000    
   3.61651874       0.00000000    
   3.63318467       0.00000000    
   3.64985061       0.00000000    
   3.66651654       0.00000000    
   3.68318248       0.00000000    
   3.69984841       0.00000000    
   3.71651435       0.00000000    
   3.73318028       0.00000000    
   3.74984622       0.00000000    
   3.76651216       0.00000000    
   3.78317809       0.00000000    
   3.79984403       0.00000000    
   3.81650996       0.00000000    
   3.83317590       0.00000000    
   3.84984183       0.00000000    
   3.86650777       0.00000000    
   3.88317370       0.00000000    
   3.89983964       0.00000000    
   3.91650558       0.00000000    
   3.93317151       0.00000000    
   3.94983745       0.00000000    
   3.96650338       0.00000000    
   3.98316932       0.00000000    
   3.99983525       0.00000000    
   4.01650143       0.00000000    
   4.03316736       0.00000000    
   4.04983330       0.00000000    
   4.06649923       0.00000000    
   4.08316517       0.00000000    
   4.09983110       0.00000000    
   4.11649704       0.00000000    
   4.13316298       0.00000000    
   4.14982891       0.00000000    
   4.16649485       0.00000000    
   4.18316078       0.00000000    
   4.19982672       0.00000000    
   4.21649265       0.00000000    
   4.23315859       0.00000000    
   4.24982452       0.00000000    
   4.26649046       0.00000000    
   4.28315639       0.00000000    
   4.29982233       0.00000000    
   4.31648827       0.00000000    
   4.33315420       0.00000000    
   4.34982014       0.00000000    
   4.36648607       0.00000000    
   4.38315201       0.00000000    
   4.39981794       0.00000000    
   4.41648388       0.00000000    
   4.43314981       0.00000000    
   4.44981575       0.00000000    
   4.46648169       0.00000000    
   4.48314762       0.00000000    
   4.49981356       0.00000000    
   4.51647949       0.00000000    
   4.53314543       0.00000000    
   4.54981136       0.00000000    
   4.56647730       0.00000000    
   4.58314323       0.00000000    
   4.59980917       0.00000000    
   4.61647511       0.00000000    
   4.63314104       0.00000000    
   4.64980698       0.00000000    
   4.66647291       0.00000000    
   4.68313885       0.00000000    
   4.69980478       0.00000000    
   4.71647072       0.00000000    
   4.73313665       0.00000000    
   4.74980259       0.00000000    
   4.76646852       0.00000000    
   4.78313446       0.00000000    
   4.79980040       0.00000000    
   4.81646633       0.00000000    
   4.83313227       0.00000000    
   4.84979820       0.00000000    
   4.86646414       0.00000000    
   4.88313007       0.00000000    
   4.89979601       0.00000000    
   4.91646194       0.00000000    
   4.93312788       0.00000000    
   4.94979382       0.00000000    
   4.96645975       0.00000000    
   4.98312569       0.00000000    
   4.99979162       0.00000000    
   5.01645756       0.00000000    
   5.03312349       0.00000000    
   5.04978943       0.00000000    
   5.06645536       0.00000000    
   5.08312130       0.00000000    
   5.09978724       0.00000000    
   5.11645317       0.00000000    
   5.13311911       0.00000000    
   5.14978504       0.00000000    
   5.16645098       0.00000000    
   5.18311691       0.00000000    
   5.19978285       0.00000000    
   5.21644878       0.00000000    
   5.23311472       0.00000000    
   5.24978065       0.00000000    
   5.26644659       0.00000000    
   5.28311253       0.00000000    
   5.29977846       0.00000000    
   5.31644440       0.00000000    
   5.33311033       0.00000000    
   5.34977627       0.00000000    
   5.36644220       0.00000000    
   5.38310814       0.00000000    
   5.39977407       0.00000000    
   5.41644001       0.00000000    
   5.43310595       0.00000000    
   5.44977188       0.00000000    
   5.46643782       0.00000000    
   5.48310375       0.00000000    
   5.49976969       0.00000000    
   5.51643562       0.00000000    
   5.53310156       0.00000000    
   5.54976749       0.00000000    
   5.56643343       0.00000000    
   5.58309937       0.00000000    
   5.59976530       0.00000000    
   5.61643124       0.00000000    
   5.63309717       0.00000000    
   5.64976311       0.00000000    
   5.66642904       0.00000000    
   5.68309498       0.00000000    
   5.69976091       0.00000000    
   5.71642685       0.00000000    
   5.73309278       0.00000000    
   5.74975872       0.00000000    
   5.76642466       0.00000000    
   5.78309059       0.00000000    
   5.79975653       0.00000000    
   5.81642246       0.00000000    
   5.83308840       0.00000000    
   5.84975433       0.00000000    
   5.86642027       0.00000000    
   5.88308620       0.00000000    
   5.89975214       0.00000000    
   5.91641808       0.00000000    
   5.93308401       0.00000000    
   5.94974995       0.00000000    
   5.96641588       0.00000000    
   5.98308182       0.00000000    
   5.99974775       0.00000000    
   6.01641369       0.00000000    
   6.03307962       0.00000000    
   6.04974556       0.00000000    
   6.06641150       0.00000000    
   6.08307743       0.00000000    
   6.09974337       0.00000000    
   6.11640930       8.24300008E-19
   6.13307524       2.59999999E-14
   6.14974117       2.49099994E-11
   6.16640711       5.38399991E-09
   6.18307304       5.82600023E-07
   6.19973898       1.04299997E-05
   6.21640491       4.81600000E-05
   6.23307085       1.23000005E-04
   6.24973679       2.36299995E-04
   6.26640272       3.98900011E-04
   6.28306866       6.29000016E-04
   6.29973459       9.52099974E-04
   6.31640053       1.40199997E-03
   6.33306646       2.02600006E-03
   6.34973240       2.79300008E-03
   6.36639833       3.87699995E-03
   6.38306427       5.18300012E-03
   6.39973021       6.90900022E-03
   6.41639614       9.25000012E-03
   6.43306208       1.20599996E-02
   6.44972801       1.56699996E-02
   6.46639395       1.99400000E-02
   6.48305988       2.53899992E-02
   6.49972582       3.25100012E-02
   6.51639175       4.08499986E-02
   6.53305769       5.14300019E-02
   6.54972363       6.34699985E-02
   6.56638956       7.88400024E-02
   6.58305550       9.78199989E-02
   6.59972143      0.118400000    
   6.61638737      0.142700002    
   6.63305330      0.166500002    
   6.64971924      0.195099995    
   6.66638517      0.230900005    
   6.68305111      0.263700008    
   6.69971704      0.307399988    
   6.71638298      0.344000012    
   6.73304892      0.388399988    
   6.74971485      0.442400008    
   6.76638079      0.505500019    
   6.78304672      0.558700025    
   6.79971266      0.615700006    
   6.81637859      0.676100016    
   6.83304453      0.739499986    
   6.84971046      0.805599988    
   6.86637640      0.874199986    
   6.88304234      0.945299983    
   6.89970827       1.01800001    
   6.91637421       1.09399998    
   6.93304014       1.17200005    
   6.94970608       1.25100005    
   6.96637201       1.33299994    
   6.98303795       1.41600001    
   6.99970388       1.50100005    
   7.01636982       1.58800006    
   7.03303576       1.67700005    
   7.04970169       1.76699996    
   7.06636763       1.85899997    
   7.08303356       1.95200002    
   7.09969950       2.04699993    
   7.11636543       2.14400005    
   7.13303137       2.24200010    
   7.14969730       2.34100008    
   7.16636324       2.44199991    
   7.18302917       2.54399991    
   7.19969511       2.64800000    
   7.21636105       2.75399995    
   7.23302698       2.85999990    
   7.24969292       2.96799994    
   7.26635885       3.07800007    
   7.28302479       3.18899989    
   7.29969072       3.30100012    
   7.31635666       3.41499996    
   7.33302259       3.52999997    
   7.34968853       3.64700007    
   7.36635447       3.76399994    
   7.38302040       3.88400006    
   7.39968634       4.00500011    
   7.41635227       4.12699986    
   7.43301821       4.25099993    
   7.44968414       4.37599993    
   7.46635008       4.50199986    
   7.48301601       4.63000011    
   7.49968195       4.76000023    
   7.51634789       4.89099979    
   7.53301382       5.02299976    
   7.54967976       5.15600014    
   7.56634569       5.29099989    
   7.58301163       5.42799997    
   7.59967756       5.56599998    
   7.61634350       5.70499992    
   7.63300943       5.84600019    
   7.64967537       5.98799992    
   7.66634130       6.13100004    
   7.68300724       6.27600002    
   7.69967318       6.42199993    
   7.71633911       6.56899977    
   7.73300505       6.71799994    
   7.74967098       6.86800003    
   7.76633692       7.01900005    
   7.78300285       7.17199993    
   7.79966879       7.32600021    
   7.81633472       7.48099995    
   7.83300066       7.63700008    
   7.84966660       7.79500008    
   7.86633253       7.95300007    
   7.88299847       8.11299992    
   7.89966440       8.27499962    
   7.91633034       8.43700027    
   7.93299627       8.60000038    
   7.94966221       8.76399994    
   7.96632814       8.93000031    
   7.98299408       9.09700012    
   7.99966002       9.26399994    
   8.01632595       9.43299961    
   8.03299236       9.60200024    
   8.04965878       9.77299976    
   8.06632519       9.94499969    
   8.08299160       10.1199999    
   8.09965801       10.2900000    
   8.11632442       10.4700003    
   8.13299084       10.6400003    
   8.14965725       10.8199997    
   8.16632366       10.9899998    
   8.18299007       11.1700001    
   8.19965649       11.3500004    
   8.21632290       11.5299997    
   8.23298931       11.7100000    
   8.24965572       11.8900003    
   8.26632214       12.0699997    
   8.28298855       12.2600002    
   8.29965496       12.4399996    
   8.31632137       12.6199999    
   8.33298779       12.8100004    
   8.34965420       12.9899998    
   8.36632061       13.1800003    
   8.38298702       13.3599997    
   8.39965343       13.5500002    
   8.41631985       13.7399998    
   8.43298626       13.9200001    
   8.44965267       14.1099997    
   8.46631908       14.3000002    
   8.48298550       14.4899998    
   8.49965191       14.6800003    
   8.51631832       14.8699999    
   8.53298473       15.0600004    
   8.54965115       15.2500000    
   8.56631756       15.4399996    
   8.58298397       15.6300001    
   8.59965038       15.8299999    
   8.61631680       16.0200005    
   8.63298321       16.2099991    
   8.64964962       16.3999996    
   8.66631603       16.6000004    
   8.68298244       16.7900009    
   8.69964886       16.9799995    
   8.71631527       17.1700001    
   8.73298168       17.3700008    
   8.74964809       17.5599995    
   8.76631451       17.7600002    
   8.78298092       17.9500008    
   8.79964733       18.1399994    
   8.81631374       18.3400002    
   8.83298016       18.5300007    
   8.84964657       18.7299995    
   8.86631298       18.9200001    
   8.88297939       19.1200008    
   8.89964581       19.3099995    
   8.91631222       19.5100002    
   8.93297863       19.7000008    
   8.94964504       19.8899994    
   8.96631145       20.0900002    
   8.98297787       20.2800007    
   8.99964428       20.4799995    
   9.01631069       20.6700001    
   9.03297710       20.8600006    
   9.04964352       21.0599995    
   9.06630993       21.2500000    
   9.08297634       21.4400005    
   9.09964275       21.6399994    
   9.11630917       21.8299999    
   9.13297558       22.0200005    
   9.14964199       22.2199993    
   9.16630840       22.4099998    
   9.18297482       22.6000004    
   9.19964123       22.7900009    
   9.21630764       22.9799995    
   9.23297405       23.1800003    
   9.24964046       23.3700008    
   9.26630688       23.5599995    
   9.28297329       23.7500000    
   9.29963970       23.9400005    
   9.31630611       24.1299992    
   9.33297253       24.3199997    
   9.34963894       24.5000000    
   9.36630535       24.6900005    
   9.38297176       24.8799992    
   9.39963818       25.0699997    
   9.41630459       25.2600002    
   9.43297100       25.4400005    
   9.44963741       25.6299992    
   9.46630383       25.8099995    
   9.48297024       26.0000000    
   9.49963665       26.1800003    
   9.51630306       26.3700008    
   9.53296947       26.5499992    
   9.54963589       26.7399998    
   9.56630230       26.9200001    
   9.58296871       27.1000004    
   9.59963512       27.2800007    
   9.61630154       27.4599991    
   9.63296795       27.6399994    
   9.64963436       27.8199997    
   9.66630077       28.0000000    
   9.68296719       28.1800003    
   9.69963360       28.3600006    
   9.71630001       28.5300007    
   9.73296642       28.7099991    
   9.74963284       28.8899994    
   9.76629925       29.0599995    
   9.78296566       29.2399998    
   9.79963207       29.4099998    
   9.81629848       29.5799999    
   9.83296490       29.7600002    
   9.84963131       29.9300003    
   9.86629772       30.1000004    
   9.88296413       30.2700005    
   9.89963055       30.4400005    
   9.91629696       30.6100006    
   9.93296337       30.7800007    
   9.94962978       30.9400005    
   9.96629620       31.1100006    
   9.98296261       31.2800007    
   9.99962902       31.4400005    
   10.0162954       31.6000004    
   10.0329618       31.7700005    
   10.0496283       31.9300003    
   10.0662947       32.0900002    
   10.0829611       32.2500000    
   10.0996275       32.4099998    
   10.1162939       32.5699997    
   10.1329603       32.7299995    
   10.1496267       32.8899994    
   10.1662931       33.0400009    
   10.1829596       33.2000008    
   10.1996260       33.3499985    
   10.2162924       33.5099983    
   10.2329588       33.6599998    
   10.2496252       33.8100014    
   10.2662916       33.9599991    
   10.2829580       34.1100006    
   10.2996244       34.2599983    
   10.3162909       34.4099998    
   10.3329573       34.5600014    
   10.3496237       34.7000008    
   10.3662901       34.8499985    
   10.3829565       34.9900017    
   10.3996229       35.1399994    
   10.4162893       35.2799988    
   10.4329557       35.4199982    
   10.4496222       35.5600014    
   10.4662886       35.7000008    
   10.4829550       35.8400002    
   10.4996214       35.9799995    
   10.5162878       36.1100006    
   10.5329542       36.2500000    
   10.5496206       36.3800011    
   10.5662870       36.5099983    
   10.5829535       36.6500015    
   10.5996199       36.7799988    
   10.6162863       36.9099998    
   10.6329527       37.0400009    
   10.6496191       37.1599998    
   10.6662855       37.2900009    
   10.6829519       37.4199982    
   10.6996183       37.5400009    
   10.7162848       37.6599998    
   10.7329512       37.7900009    
   10.7496176       37.9099998    
   10.7662840       38.0299988    
   10.7829504       38.1399994    
   10.7996168       38.2599983    
   10.8162832       38.3800011    
   10.8329496       38.5000000    
   10.8496161       38.6100006    
   10.8662825       38.7200012    
   10.8829489       38.8400002    
   10.8996153       38.9500008    
   10.9162817       39.0600014    
   10.9329481       39.1699982    
   10.9496145       39.2700005    
   10.9662809       39.3800011    
   10.9829473       39.4799995    
   10.9996138       39.5900002    
   11.0162802       39.6899986    
   11.0329466       39.7900009    
   11.0496130       39.8899994    
   11.0662794       39.9900017    
   11.0829458       40.0900002    
   11.0996122       40.1899986    
   11.1162786       40.2799988    
   11.1329451       40.3800011    
   11.1496115       40.4700012    
   11.1662779       40.5600014    
   11.1829443       40.6500015    
   11.1996107       40.7400017    
   11.2162771       40.8300018    
   11.2329435       40.9199982    
   11.2496099       41.0000000    
   11.2662764       41.0900002    
   11.2829428       41.1699982    
   11.2996092       41.2500000    
   11.3162756       41.3300018    
   11.3329420       41.4099998    
   11.3496084       41.4900017    
   11.3662748       41.5699997    
   11.3829412       41.6399994    
   11.3996077       41.7200012    
   11.4162741       41.7900009    
   11.4329405       41.8600006    
   11.4496069       41.9300003    
   11.4662733       42.0000000    
   11.4829397       42.0699997    
   11.4996061       42.1399994    
   11.5162725       42.2000008    
   11.5329390       42.2700005    
   11.5496054       42.3300018    
   11.5662718       42.3899994    
   11.5829382       42.4500008    
   11.5996046       42.5099983    
   11.6162710       42.5699997    
   11.6329374       42.6300011    
   11.6496038       42.6800003    
   11.6662703       42.7400017    
   11.6829367       42.7900009    
   11.6996031       42.8400002    
   11.7162695       42.8899994    
   11.7329359       42.9399986    
   11.7496023       42.9799995    
   11.7662687       43.0299988    
   11.7829351       43.0699997    
   11.7996016       43.1199989    
   11.8162680       43.1599998    
   11.8329344       43.2000008    
   11.8496008       43.2400017    
   11.8662672       43.2799988    
   11.8829336       43.3100014    
   11.8996000       43.3499985    
   11.9162664       43.3800011    
   11.9329329       43.4199982    
   11.9495993       43.4500008    
   11.9662657       43.4799995    
   11.9829321       43.5099983    
   11.9995985       43.5299988    
   12.0162649       43.5600014    
   12.0329313       43.5800018    
   12.0495977       43.6100006    
   12.0662642       43.6300011    
   12.0829306       43.6500015    
   12.0995970       43.6699982    
   12.1162634       43.6899986    
   12.1329298       43.7000008    
   12.1495962       43.7200012    
   12.1662626       43.7299995    
   12.1829290       43.7400017    
   12.1995955       43.7599983    
   12.2162619       43.7700005    
   12.2329283       43.7700005    
   12.2495947       43.7799988    
   12.2662611       43.7900009    
   12.2829275       43.7900009    
   12.2995939       43.7900009    
   12.3162603       43.7999992    
   12.3329268       43.7999992    
   12.3495932       43.7900009    
   12.3662596       43.7900009    
   12.3829260       43.7900009    
   12.3995924       43.7799988    
   12.4162588       43.7799988    
   12.4329252       43.7700005    
   12.4495916       43.7599983    
   12.4662580       43.7500000    
   12.4829245       43.7400017    
   12.4995909       43.7200012    
   12.5162573       43.7099991    
   12.5329237       43.6899986    
   12.5495901       43.6800003    
   12.5662565       43.6599998    
   12.5829229       43.6399994    
   12.5995893       43.6199989    
   12.6162558       43.5900002    
   12.6329222       43.5699997    
   12.6495886       43.5400009    
   12.6662550       43.5200005    
   12.6829214       43.4900017    
   12.6995878       43.4599991    
   12.7162542       43.4300003    
   12.7329206       43.4000015    
   12.7495871       43.3600006    
   12.7662535       43.3300018    
   12.7829199       43.2900009    
   12.7995863       43.2599983    
   12.8162527       43.2200012    
   12.8329191       43.1800003    
   12.8495855       43.1399994    
   12.8662519       43.0900002    
   12.8829184       43.0499992    
   12.8995848       43.0000000    
   12.9162512       42.9599991    
   12.9329176       42.9099998    
   12.9495840       42.8600006    
   12.9662504       42.8100014    
   12.9829168       42.7599983    
   12.9995832       42.7000008    
   13.0162497       42.6500015    
   13.0329161       42.5900002    
   13.0495825       42.5400009    
   13.0662489       42.4799995    
   13.0829153       42.4199982    
   13.0995817       42.3600006    
   13.1162481       42.2900009    
   13.1329145       42.2299995    
   13.1495810       42.1699982    
   13.1662474       42.0999985    
   13.1829138       42.0299988    
   13.1995802       41.9599991    
   13.2162466       41.8899994    
   13.2329130       41.8199997    
   13.2495794       41.7500000    
   13.2662458       41.6699982    
   13.2829123       41.5999985    
   13.2995787       41.5200005    
   13.3162451       41.4500008    
   13.3329115       41.3699989    
   13.3495779       41.2900009    
   13.3662443       41.2000008    
   13.3829107       41.1199989    
   13.3995771       41.0400009    
   13.4162436       40.9500008    
   13.4329100       40.8699989    
   13.4495764       40.7799988    
   13.4662428       40.6899986    
   13.4829092       40.5999985    
   13.4995756       40.5099983    
   13.5162420       40.4199982    
   13.5329084       40.3199997    
   13.5495749       40.2299995    
   13.5662413       40.1300011    
   13.5829077       40.0299988    
   13.5995741       39.9300003    
   13.6162405       39.8300018    
   13.6329069       39.7299995    
   13.6495733       39.6300011    
   13.6662397       39.5299988    
   13.6829062       39.4199982    
   13.6995726       39.3199997    
   13.7162390       39.2099991    
   13.7329054       39.0999985    
   13.7495718       38.9900017    
   13.7662382       38.8800011    
   13.7829046       38.7700005    
   13.7995710       38.6599998    
   13.8162374       38.5400009    
   13.8329039       38.4300003    
   13.8495703       38.3100014    
   13.8662367       38.1899986    
   13.8829031       38.0800018    
   13.8995695       37.9599991    
   13.9162359       37.8400002    
   13.9329023       37.7099991    
   13.9495687       37.5900002    
   13.9662352       37.4700012    
   13.9829016       37.3400002    
   13.9995680       37.2200012    
   14.0162344       37.0900002    
   14.0329008       36.9599991    
   14.0495672       36.8300018    
   14.0662336       36.7000008    
   14.0829000       36.5699997    
   14.0995665       36.4399986    
   14.1162329       36.2999992    
   14.1328993       36.1699982    
   14.1495657       36.0299988    
   14.1662321       35.9000015    
   14.1828985       35.7599983    
   14.1995649       35.6199989    
   14.2162313       35.4799995    
   14.2328978       35.3400002    
   14.2495642       35.2000008    
   14.2662306       35.0499992    
   14.2828970       34.9099998    
   14.2995634       34.7599983    
   14.3162298       34.6199989    
   14.3328962       34.4700012    
   14.3495626       34.3199997    
   14.3662291       34.1800003    
   14.3828955       34.0299988    
   14.3995619       33.8699989    
   14.4162283       33.7200012    
   14.4328947       33.5699997    
   14.4495611       33.4199982    
   14.4662275       33.2599983    
   14.4828939       33.1100006    
   14.4995604       32.9500008    
   14.5162268       32.7999992    
   14.5328932       32.6399994    
   14.5495596       32.4799995    
   14.5662260       32.3199997    
   14.5828924       32.1599998    
   14.5995588       32.0000000    
   14.6162252       31.8400002    
   14.6328917       31.6700001    
   14.6495581       31.5100002    
   14.6662245       31.3400002    
   14.6828909       31.1800003    
   14.6995573       31.0100002    
   14.7162237       30.8500004    
   14.7328901       30.6800003    
   14.7495565       30.5100002    
   14.7662230       30.3400002    
   14.7828894       30.1700001    
   14.7995558       30.0000000    
   14.8162222       29.8299999    
   14.8328886       29.6599998    
   14.8495550       29.4799995    
   14.8662214       29.3099995    
   14.8828878       29.1399994    
   14.8995543       28.9599991    
   14.9162207       28.7900009    
   14.9328871       28.6100006    
   14.9495535       28.4300003    
   14.9662199       28.2500000    
   14.9828863       28.0799999    
   14.9995527       27.8999996    
   15.0162191       27.7199993    
   15.0328856       27.5400009    
   15.0495520       27.3600006    
   15.0662184       27.1800003    
   15.0828848       26.9899998    
   15.0995512       26.8099995    
   15.1162176       26.6299992    
   15.1328840       26.4500008    
   15.1495504       26.2600002    
   15.1662169       26.0799999    
   15.1828833       25.8899994    
   15.1995497       25.7099991    
   15.2162161       25.5200005    
   15.2328825       25.3299999    
   15.2495489       25.1499996    
   15.2662153       24.9599991    
   15.2828817       24.7700005    
   15.2995481       24.5799999    
   15.3162146       24.3999996    
   15.3328810       24.2099991    
   15.3495474       24.0200005    
   15.3662138       23.8299999    
   15.3828802       23.6399994    
   15.3995466       23.4500008    
   15.4162130       23.2600002    
   15.4328794       23.0599995    
   15.4495459       22.8700008    
   15.4662123       22.6800003    
   15.4828787       22.4899998    
   15.4995451       22.2999992    
   15.5162115       22.1000004    
   15.5328779       21.9099998    
   15.5495443       21.7199993    
   15.5662107       21.5300007    
   15.5828772       21.3299999    
   15.5995436       21.1399994    
   15.6162100       20.9500008    
   15.6328764       20.7500000    
   15.6495428       20.5599995    
   15.6662092       20.3600006    
   15.6828756       20.1700001    
   15.6995420       19.9799995    
   15.7162085       19.7800007    
   15.7328749       19.5900002    
   15.7495413       19.3899994    
   15.7662077       19.2000008    
   15.7828741       19.0000000    
   15.7995405       18.8099995    
   15.8162069       18.6100006    
   15.8328733       18.4200001    
   15.8495398       18.2299995    
   15.8662062       18.0300007    
   15.8828726       17.8400002    
   15.8995390       17.6399994    
   15.9162054       17.4500008    
   15.9328718       17.2600002    
   15.9495382       17.0599995    
   15.9662046       16.8700008    
   15.9828711       16.6800003    
   15.9995375       16.4799995    
   16.0162029       16.2900009    
   16.0328693       16.1000004    
   16.0495358       15.9099998    
   16.0662022       15.7100000    
   16.0828686       15.5200005    
   16.0995350       15.3299999    
   16.1162014       15.1400003    
   16.1328678       14.9499998    
   16.1495342       14.7600002    
   16.1662006       14.5699997    
   16.1828671       14.3800001    
   16.1995335       14.1899996    
   16.2161999       14.0000000    
   16.2328663       13.8199997    
   16.2495327       13.6300001    
   16.2661991       13.4399996    
   16.2828655       13.2500000    
   16.2995319       13.0699997    
   16.3161983       12.8800001    
   16.3328648       12.6999998    
   16.3495312       12.5200005    
   16.3661976       12.3299999    
   16.3828640       12.1499996    
   16.3995304       11.9700003    
   16.4161968       11.7900000    
   16.4328632       11.6099997    
   16.4495296       11.4300003    
   16.4661961       11.2500000    
   16.4828625       11.0699997    
   16.4995289       10.8900003    
   16.5161953       10.7200003    
   16.5328617       10.5400000    
   16.5495281       10.3599997    
   16.5661945       10.1899996    
   16.5828609       10.0200005    
   16.5995274       9.84599972    
   16.6161938       9.67500019    
   16.6328602       9.50500011    
   16.6495266       9.33500004    
   16.6661930       9.16699982    
   16.6828594       9.00000000    
   16.6995258       8.83399963    
   16.7161922       8.67000008    
   16.7328587       8.50599957    
   16.7495251       8.34300041    
   16.7661915       8.18099976    
   16.7828579       8.02099991    
   16.7995243       7.86199999    
   16.8161907       7.70400000    
   16.8328571       7.54699993    
   16.8495235       7.39099979    
   16.8661900       7.23699999    
   16.8828564       7.08400011    
   16.8995228       6.93200016    
   16.9161892       6.78200006    
   16.9328556       6.63199997    
   16.9495220       6.48400021    
   16.9661884       6.33799982    
   16.9828548       6.19299984    
   16.9995213       6.04899979    
   17.0161877       5.90600014    
   17.0328541       5.76499987    
   17.0495205       5.62500000    
   17.0661869       5.48699999    
   17.0828533       5.34999990    
   17.0995197       5.21400023    
   17.1161861       5.07999992    
   17.1328526       4.94700003    
   17.1495190       4.81500006    
   17.1661854       4.68499994    
   17.1828518       4.55700016    
   17.1995182       4.42999983    
   17.2161846       4.30399990    
   17.2328510       4.17999983    
   17.2495174       4.05700016    
   17.2661839       3.93499994    
   17.2828503       3.81500006    
   17.2995167       3.69700003    
   17.3161831       3.57900000    
   17.3328495       3.46399999    
   17.3495159       3.34899998    
   17.3661823       3.23699999    
   17.3828487       3.12500000    
   17.3995152       3.01500010    
   17.4161816       2.90599990    
   17.4328480       2.79900002    
   17.4495144       2.69300008    
   17.4661808       2.58899999    
   17.4828472       2.48600006    
   17.4995136       2.38400006    
   17.5161800       2.28399992    
   17.5328465       2.18600011    
   17.5495129       2.08899999    
   17.5661793       1.99300003    
   17.5828457       1.89900005    
   17.5995121       1.80599999    
   17.6161785       1.71500003    
   17.6328449       1.62600005    
   17.6495113       1.53799999    
   17.6661777       1.45299995    
   17.6828442       1.36800003    
   17.6995106       1.28600001    
   17.7161770       1.20599997    
   17.7328434       1.12699997    
   17.7495098       1.05100000    
   17.7661762      0.976400018    
   17.7828426      0.904399991    
   17.7995090      0.834699988    
   17.8161755      0.767600000    
   17.8328419      0.703000009    
   17.8495083      0.641399980    
   17.8661747      0.582799971    
   17.8828411      0.527899981    
   17.8995075      0.469099998    
   17.9161739      0.410400003    
   17.9328403      0.362100005    
   17.9495068      0.322400004    
   17.9661732      0.289299995    
   17.9828396      0.243399993    
   17.9995060      0.210400000    
   18.0161724      0.180700004    
   18.0328388      0.151099995    
   18.0495052      0.126000002    
   18.0661716      0.104400001    
   18.0828381       8.59199986E-02
   18.0995045       7.04400018E-02
   18.1161709       5.65100014E-02
   18.1328373       4.50499989E-02
   18.1495037       3.64600010E-02
   18.1661701       2.83300001E-02
   18.1828365       2.20999997E-02
   18.1995029       1.72499996E-02
   18.2161694       1.34100001E-02
   18.2328358       1.02800000E-02
   18.2495022       7.78899994E-03
   18.2661686       5.87899983E-03
   18.2828350       4.41899989E-03
   18.2995014       3.21500003E-03
   18.3161678       2.33900012E-03
   18.3328342       1.63700001E-03
   18.3495007       1.12899998E-03
   18.3661671       7.64600001E-04
   18.3828335       4.97500005E-04
   18.3994999       3.02100001E-04
   18.4161663       1.66300000E-04
   18.4328327       7.46799997E-05
   18.4494991       2.32200000E-05
   18.4661655       2.52800010E-06
   18.4828320       4.09700007E-08
   18.4994984       3.32600003E-10
   18.5161648       6.45000004E-13
   18.5328312       2.12799995E-16
   18.5494976       2.42200006E-38
   18.5661640       0.00000000    
   18.5828304       0.00000000    
   18.5994968       0.00000000    
   18.6161633       0.00000000    
   18.6328297       0.00000000    
   18.6494961       0.00000000    
   18.6661625       0.00000000    
   18.6828289       0.00000000    
   18.6994953       0.00000000    
   18.7161617       0.00000000    
   18.7328281       0.00000000    
   18.7494946       0.00000000    
   18.7661610       0.00000000    
   18.7828274       0.00000000    
   18.7994938       0.00000000    
   18.8161602       0.00000000    
   18.8328266       0.00000000    
   18.8494930       0.00000000    
   18.8661594       0.00000000    
   18.8828259       0.00000000    
   18.8994923       0.00000000    
   18.9161587       0.00000000    
   18.9328251       0.00000000    
   18.9494915       0.00000000    
   18.9661579       0.00000000    
   18.9828243       0.00000000    
   18.9994907       0.00000000    
   19.0161572       0.00000000    
   19.0328236       0.00000000    
   19.0494900       0.00000000    
   19.0661564       0.00000000    
   19.0828228       0.00000000    
   19.0994892       0.00000000    
   19.1161556       0.00000000    
   19.1328220       0.00000000    
   19.1494884       0.00000000    
   19.1661549       0.00000000    
   19.1828213       0.00000000    
   19.1994877       0.00000000    
   19.2161541       0.00000000    
   19.2328205       0.00000000    
   19.2494869       0.00000000    
   19.2661533       0.00000000    
   19.2828197       0.00000000    
   19.2994862       0.00000000    
   19.3161526       0.00000000    
   19.3328190       0.00000000    
   19.3494854       0.00000000    
   19.3661518       0.00000000    
   19.3828182       0.00000000    
   19.3994846       0.00000000    
   19.4161510       0.00000000    
   19.4328175       0.00000000    
   19.4494839       0.00000000    
   19.4661503       0.00000000    
   19.4828167       0.00000000    
   19.4994831       0.00000000    
   19.5161495       0.00000000    
   19.5328159       0.00000000    
   19.5494823       0.00000000    
   19.5661488       0.00000000    
   19.5828152       0.00000000    
   19.5994816       0.00000000    
   19.6161480       0.00000000    
   19.6328144       0.00000000    
   19.6494808       0.00000000    
   19.6661472       0.00000000    
   19.6828136       0.00000000    
   19.6994801       0.00000000    
   19.7161465       0.00000000    
   19.7328129       0.00000000    
   19.7494793       0.00000000    
   19.7661457       0.00000000    
   19.7828121       0.00000000    
   19.7994785       0.00000000    
   19.8161449       0.00000000    
   19.8328114       0.00000000    
   19.8494778       0.00000000    
   19.8661442       0.00000000    
   19.8828106       0.00000000    
   19.8994770       0.00000000    
   19.9161434       0.00000000    
   19.9328098       0.00000000    
   19.9494762       0.00000000    
   19.9661427       0.00000000    
   19.9828091       0.00000000    
   19.9994755       0.00000000    
   20.0161419       0.00000000    
   20.0328083       0.00000000    
   20.0494747       0.00000000    
   20.0661411       0.00000000    
   20.0828075       0.00000000    
   20.0994740       0.00000000    
   20.1161404       0.00000000    
   20.1328068       0.00000000    
   20.1494732       0.00000000    
   20.1661396       0.00000000    
   20.1828060       0.00000000    
   20.1994724       0.00000000    
   20.2161388       0.00000000    
   20.2328053       0.00000000    
   20.2494717       0.00000000    
   20.2661381       0.00000000    
   20.2828045       0.00000000    
   20.2994709       0.00000000    
   20.3161373       0.00000000    
   20.3328037       0.00000000    
   20.3494701       0.00000000    
   20.3661366       0.00000000    
   20.3828030       0.00000000    
   20.3994694       0.00000000    
   20.4161358       0.00000000    
   20.4328022       0.00000000    
   20.4494686       0.00000000    
   20.4661350       0.00000000    
   20.4828014       0.00000000    
   20.4994678       0.00000000    
   20.5161343       0.00000000    
   20.5328007       0.00000000    
   20.5494671       0.00000000    
   20.5661335       0.00000000    
   20.5827999       0.00000000    
   20.5994663       0.00000000    
   20.6161327       0.00000000    
   20.6327991       0.00000000    
   20.6494656       0.00000000    
   20.6661320       0.00000000    
   20.6827984       0.00000000    
   20.6994648       0.00000000    
   20.7161312       0.00000000    
   20.7327976       0.00000000    
   20.7494640       0.00000000    
   20.7661304       0.00000000    
   20.7827969       0.00000000    
   20.7994633       0.00000000    
   20.8161297       0.00000000    
   20.8327961       0.00000000    
   20.8494625       0.00000000    
   20.8661289       0.00000000    
   20.8827953       0.00000000    
   20.8994617       0.00000000    
   20.9161282       0.00000000    
   20.9327946       0.00000000    
   20.9494610       0.00000000    
   20.9661274       0.00000000    
   20.9827938       0.00000000    
   20.9994602       0.00000000    
   21.0161266       0.00000000    
   21.0327930       0.00000000    
   21.0494595       0.00000000    
   21.0661259       0.00000000    
   21.0827923       0.00000000    
   21.0994587       0.00000000    
   21.1161251       0.00000000    
   21.1327915       0.00000000    
   21.1494579       0.00000000    
   21.1661243       0.00000000    
   21.1827908       0.00000000    
   21.1994572       0.00000000    
   21.2161236       0.00000000    
   21.2327900       0.00000000    
   21.2494564       0.00000000    
   21.2661228       0.00000000    
   21.2827892       0.00000000    
   21.2994556       0.00000000    
   21.3161221       0.00000000    
   21.3327885       0.00000000    
   21.3494549       0.00000000    
   21.3661213       0.00000000    
   21.3827877       0.00000000    
   21.3994541       0.00000000    
   21.4161205       0.00000000    
   21.4327869       0.00000000    
   21.4494534       0.00000000    
   21.4661198       0.00000000    
   21.4827862       0.00000000    
   21.4994526       0.00000000    
   21.5161190       0.00000000    
   21.5327854       0.00000000    
   21.5494518       0.00000000    
   21.5661182       0.00000000    
   21.5827847       0.00000000    
   21.5994511       0.00000000    
   21.6161175       0.00000000    
   21.6327839       0.00000000    
   21.6494503       0.00000000    
   21.6661167       0.00000000    
   21.6827831       0.00000000    
   21.6994495       0.00000000    
   21.7161160       0.00000000    
   21.7327824       0.00000000    
   21.7494488       0.00000000    
   21.7661152       0.00000000    
   21.7827816       0.00000000    
   21.7994480       0.00000000    
   21.8161144       0.00000000    
   21.8327808       0.00000000    
   21.8494473       0.00000000    
   21.8661137       0.00000000    
   21.8827801       0.00000000    
   21.8994465       0.00000000    
   21.9161129       0.00000000    
   21.9327793       0.00000000    
   21.9494457       0.00000000    
   21.9661121       0.00000000    
   21.9827785       0.00000000    
   21.9994450       0.00000000    
   22.0161114       0.00000000    
   22.0327778       0.00000000    
   22.0494442       0.00000000    
   22.0661106       0.00000000    
   22.0827770       0.00000000    
   22.0994434       0.00000000    
   22.1161098       0.00000000    
   22.1327763       0.00000000    
   22.1494427       0.00000000    
   22.1661091       0.00000000    
   22.1827755       0.00000000    
   22.1994419       0.00000000    
   22.2161083       0.00000000    
   22.2327747       0.00000000    
   22.2494411       0.00000000    
   22.2661076       0.00000000    
   22.2827740       0.00000000    
   22.2994404       0.00000000    
   22.3161068       0.00000000    
   22.3327732       0.00000000    
   22.3494396       0.00000000    
   22.3661060       0.00000000    
   22.3827724       0.00000000    
   22.3994389       0.00000000    
   22.4161053       0.00000000    
   22.4327717       0.00000000    
   22.4494381       0.00000000    
   22.4661045       0.00000000    
   22.4827709       0.00000000    
   22.4994373       0.00000000    
   22.5161037       0.00000000    
   22.5327702       0.00000000    
   22.5494366       0.00000000    
   22.5661030       0.00000000    
   22.5827694       0.00000000    
   22.5994358       0.00000000    
   22.6161022       0.00000000    
   22.6327686       0.00000000    
   22.6494350       0.00000000    
   22.6661015       0.00000000    
   22.6827679       0.00000000    
   22.6994343       0.00000000    
   22.7161007       0.00000000    
   22.7327671       0.00000000    
   22.7494335       0.00000000    
   22.7660999       0.00000000    
   22.7827663       0.00000000    
   22.7994328       0.00000000    
   22.8160992       0.00000000    
   22.8327656       0.00000000    
   22.8494320       0.00000000    
   22.8660984       0.00000000    
   22.8827648       0.00000000    
   22.8994312       0.00000000    
   22.9160976       0.00000000    
   22.9327641       0.00000000    
   22.9494305       0.00000000    
   22.9660969       0.00000000    
   22.9827633       0.00000000    
   22.9994297       0.00000000    
   23.0160961       0.00000000    
   23.0327625       0.00000000    
   23.0494289       0.00000000    
   23.0660954       0.00000000    
   23.0827618       0.00000000    
   23.0994282       0.00000000    
   23.1160946       0.00000000    
   23.1327610       0.00000000    
   23.1494274       0.00000000    
   23.1660938       0.00000000    
   23.1827602       0.00000000    
   23.1994267       0.00000000    
   23.2160931       0.00000000    
   23.2327595       0.00000000    
   23.2494259       0.00000000    
   23.2660923       0.00000000    
   23.2827587       0.00000000    
   23.2994251       0.00000000    
   23.3160915       0.00000000    
   23.3327579       0.00000000    
   23.3494244       0.00000000    
   23.3660908       0.00000000    
   23.3827572       0.00000000    
   23.3994236       0.00000000    
   23.4160900       0.00000000    
   23.4327564       0.00000000    
   23.4494228       0.00000000    
   23.4660892       0.00000000    
   23.4827557       0.00000000    
   23.4994221       0.00000000    
   23.5160885       0.00000000    
   23.5327549       0.00000000    
   23.5494213       0.00000000    
   23.5660877       0.00000000    
   23.5827541       0.00000000    
   23.5994205       0.00000000    
   23.6160870       0.00000000    
   23.6327534       0.00000000    
   23.6494198       0.00000000    
   23.6660862       0.00000000    
   23.6827526       0.00000000    
   23.6994190       0.00000000    
   23.7160854       0.00000000    
   23.7327518       0.00000000    
   23.7494183       0.00000000    
   23.7660847       0.00000000    
   23.7827511       0.00000000    
   23.7994175       0.00000000    
   23.8160839       0.00000000    
   23.8327503       0.00000000    
   23.8494167       0.00000000    
   23.8660831       0.00000000    
   23.8827496       0.00000000    
   23.8994160       0.00000000    
   23.9160824       0.00000000    
   23.9327488       0.00000000    
   23.9494152       0.00000000    
   23.9660816       0.00000000    
   23.9827480       0.00000000    
