   0.00000000       0.00000000    
   1.66660007E-02   0.00000000    
   3.33320014E-02   0.00000000    
   4.99980003E-02   0.00000000    
   6.66640028E-02   0.00000000    
   8.33300054E-02   0.00000000    
   9.99960080E-02   0.00000000    
  0.116662011       0.00000000    
  0.133328006       0.00000000    
  0.149994001       0.00000000    
  0.166659996       0.00000000    
  0.183325991       0.00000000    
  0.199991986       0.00000000    
  0.216657981       0.00000000    
  0.233323976       0.00000000    
  0.249989972       0.00000000    
  0.266655982       0.00000000    
  0.283321977       0.00000000    
  0.299987972       0.00000000    
  0.316653967       0.00000000    
  0.333319962       0.00000000    
  0.349985957       0.00000000    
  0.366651952       0.00000000    
  0.383317947       0.00000000    
  0.399983943       0.00000000    
  0.416649938       0.00000000    
  0.433315933       0.00000000    
  0.449981928       0.00000000    
  0.466647923       0.00000000    
  0.483313918       0.00000000    
  0.499979913       0.00000000    
  0.516645908       0.00000000    
  0.533311903       0.00000000    
  0.549977899       0.00000000    
  0.566643894       0.00000000    
  0.583309889       0.00000000    
  0.599975884       0.00000000    
  0.616641879       0.00000000    
  0.633307874       0.00000000    
  0.649973869       0.00000000    
  0.666639864       0.00000000    
  0.683305860       0.00000000    
  0.699971855       0.00000000    
  0.716637850       0.00000000    
  0.733303845       0.00000000    
  0.749969840       0.00000000    
  0.766635835       0.00000000    
  0.783301830       0.00000000    
  0.799967825       0.00000000    
  0.816633821       0.00000000    
  0.833299816       0.00000000    
  0.849965811       0.00000000    
  0.866631806       0.00000000    
  0.883297801       0.00000000    
  0.899963796       0.00000000    
  0.916629791       0.00000000    
  0.933295786       0.00000000    
  0.949961782       0.00000000    
  0.966627777       0.00000000    
  0.983293772       0.00000000    
  0.999959767       0.00000000    
   1.01662576       0.00000000    
   1.03329182       0.00000000    
   1.04995787       0.00000000    
   1.06662393       0.00000000    
   1.08328998       0.00000000    
   1.09995604       0.00000000    
   1.11662209       0.00000000    
   1.13328815       0.00000000    
   1.14995420       0.00000000    
   1.16662025       0.00000000    
   1.18328631       0.00000000    
   1.19995236       0.00000000    
   1.21661842       0.00000000    
   1.23328447       0.00000000    
   1.24995053       0.00000000    
   1.26661658       0.00000000    
   1.28328264       0.00000000    
   1.29994869       0.00000000    
   1.31661475       0.00000000    
   1.33328080       0.00000000    
   1.34994686       0.00000000    
   1.36661291       0.00000000    
   1.38327897       0.00000000    
   1.39994502       0.00000000    
   1.41661108       0.00000000    
   1.43327713       0.00000000    
   1.44994318       0.00000000    
   1.46660924       0.00000000    
   1.48327529       0.00000000    
   1.49994135       0.00000000    
   1.51660740       0.00000000    
   1.53327346       0.00000000    
   1.54993951       0.00000000    
   1.56660557       0.00000000    
   1.58327162       0.00000000    
   1.59993768       0.00000000    
   1.61660373       0.00000000    
   1.63326979       0.00000000    
   1.64993584       0.00000000    
   1.66660190       0.00000000    
   1.68326795       0.00000000    
   1.69993401       0.00000000    
   1.71660006       0.00000000    
   1.73326612       0.00000000    
   1.74993217       0.00000000    
   1.76659822       0.00000000    
   1.78326428       0.00000000    
   1.79993033       0.00000000    
   1.81659639       0.00000000    
   1.83326244       0.00000000    
   1.84992850       0.00000000    
   1.86659455       0.00000000    
   1.88326061       0.00000000    
   1.89992666       0.00000000    
   1.91659272       0.00000000    
   1.93325877       0.00000000    
   1.94992483       0.00000000    
   1.96659088       0.00000000    
   1.98325694       0.00000000    
   1.99992299       0.00000000    
   2.01658893       0.00000000    
   2.03325486       0.00000000    
   2.04992080       0.00000000    
   2.06658673       0.00000000    
   2.08325267       0.00000000    
   2.09991860       0.00000000    
   2.11658454       0.00000000    
   2.13325047       0.00000000    
   2.14991641       0.00000000    
   2.16658235       0.00000000    
   2.18324828       0.00000000    
   2.19991422       0.00000000    
   2.21658015       0.00000000    
   2.23324609       0.00000000    
   2.24991202       0.00000000    
   2.26657796       0.00000000    
   2.28324389       0.00000000    
   2.29990983       0.00000000    
   2.31657577       0.00000000    
   2.33324170       0.00000000    
   2.34990764       0.00000000    
   2.36657357       0.00000000    
   2.38323951       0.00000000    
   2.39990544       0.00000000    
   2.41657138       0.00000000    
   2.43323731       0.00000000    
   2.44990325       0.00000000    
   2.46656919       0.00000000    
   2.48323512       0.00000000    
   2.49990106       0.00000000    
   2.51656699       0.00000000    
   2.53323293       0.00000000    
   2.54989886       0.00000000    
   2.56656480       0.00000000    
   2.58323073       0.00000000    
   2.59989667       0.00000000    
   2.61656260       0.00000000    
   2.63322854       0.00000000    
   2.64989448       0.00000000    
   2.66656041       0.00000000    
   2.68322635       0.00000000    
   2.69989228       0.00000000    
   2.71655822       0.00000000    
   2.73322415       0.00000000    
   2.74989009       0.00000000    
   2.76655602       0.00000000    
   2.78322196       0.00000000    
   2.79988790       0.00000000    
   2.81655383       0.00000000    
   2.83321977       0.00000000    
   2.84988570       0.00000000    
   2.86655164       0.00000000    
   2.88321757       0.00000000    
   2.89988351       0.00000000    
   2.91654944       0.00000000    
   2.93321538       0.00000000    
   2.94988132       0.00000000    
   2.96654725       0.00000000    
   2.98321319       0.00000000    
   2.99987912       0.00000000    
   3.01654506       0.00000000    
   3.03321099       0.00000000    
   3.04987693       0.00000000    
   3.06654286       0.00000000    
   3.08320880       0.00000000    
   3.09987473       0.00000000    
   3.11654067       0.00000000    
   3.13320661       0.00000000    
   3.14987254       0.00000000    
   3.16653848       0.00000000    
   3.18320441       0.00000000    
   3.19987035       0.00000000    
   3.21653628       0.00000000    
   3.23320222       0.00000000    
   3.24986815       0.00000000    
   3.26653409       0.00000000    
   3.28320003       0.00000000    
   3.29986596       0.00000000    
   3.31653190       0.00000000    
   3.33319783       0.00000000    
   3.34986377       0.00000000    
   3.36652970       0.00000000    
   3.38319564       0.00000000    
   3.39986157       0.00000000    
   3.41652751       0.00000000    
   3.43319345       0.00000000    
   3.44985938       0.00000000    
   3.46652532       0.00000000    
   3.48319125       0.00000000    
   3.49985719       0.00000000    
   3.51652312       0.00000000    
   3.53318906       0.00000000    
   3.54985499       0.00000000    
   3.56652093       0.00000000    
   3.58318686       0.00000000    
   3.59985280       0.00000000    
   3.61651874       0.00000000    
   3.63318467       0.00000000    
   3.64985061       0.00000000    
   3.66651654       0.00000000    
   3.68318248       0.00000000    
   3.69984841       0.00000000    
   3.71651435       0.00000000    
   3.73318028       0.00000000    
   3.74984622       0.00000000    
   3.76651216       0.00000000    
   3.78317809       0.00000000    
   3.79984403       0.00000000    
   3.81650996       0.00000000    
   3.83317590       0.00000000    
   3.84984183       0.00000000    
   3.86650777       0.00000000    
   3.88317370       0.00000000    
   3.89983964       0.00000000    
   3.91650558       0.00000000    
   3.93317151       0.00000000    
   3.94983745       0.00000000    
   3.96650338       0.00000000    
   3.98316932       0.00000000    
   3.99983525       0.00000000    
   4.01650143       0.00000000    
   4.03316736       0.00000000    
   4.04983330       0.00000000    
   4.06649923       0.00000000    
   4.08316517       0.00000000    
   4.09983110       0.00000000    
   4.11649704       0.00000000    
   4.13316298       0.00000000    
   4.14982891       0.00000000    
   4.16649485       0.00000000    
   4.18316078       0.00000000    
   4.19982672       0.00000000    
   4.21649265       0.00000000    
   4.23315859       0.00000000    
   4.24982452       0.00000000    
   4.26649046       0.00000000    
   4.28315639       0.00000000    
   4.29982233       0.00000000    
   4.31648827       0.00000000    
   4.33315420       0.00000000    
   4.34982014       0.00000000    
   4.36648607       0.00000000    
   4.38315201       0.00000000    
   4.39981794       0.00000000    
   4.41648388       0.00000000    
   4.43314981       0.00000000    
   4.44981575       0.00000000    
   4.46648169       0.00000000    
   4.48314762       0.00000000    
   4.49981356       0.00000000    
   4.51647949       0.00000000    
   4.53314543       0.00000000    
   4.54981136       0.00000000    
   4.56647730       0.00000000    
   4.58314323       0.00000000    
   4.59980917       0.00000000    
   4.61647511       0.00000000    
   4.63314104       0.00000000    
   4.64980698       0.00000000    
   4.66647291       0.00000000    
   4.68313885       0.00000000    
   4.69980478       0.00000000    
   4.71647072       0.00000000    
   4.73313665       0.00000000    
   4.74980259       0.00000000    
   4.76646852       0.00000000    
   4.78313446       0.00000000    
   4.79980040       0.00000000    
   4.81646633       0.00000000    
   4.83313227       0.00000000    
   4.84979820       0.00000000    
   4.86646414       0.00000000    
   4.88313007       0.00000000    
   4.89979601       0.00000000    
   4.91646194       0.00000000    
   4.93312788       0.00000000    
   4.94979382       0.00000000    
   4.96645975       0.00000000    
   4.98312569       0.00000000    
   4.99979162       0.00000000    
   5.01645756       0.00000000    
   5.03312349       0.00000000    
   5.04978943       0.00000000    
   5.06645536       0.00000000    
   5.08312130       0.00000000    
   5.09978724       0.00000000    
   5.11645317       0.00000000    
   5.13311911       0.00000000    
   5.14978504       0.00000000    
   5.16645098       0.00000000    
   5.18311691       0.00000000    
   5.19978285       0.00000000    
   5.21644878       0.00000000    
   5.23311472       0.00000000    
   5.24978065       0.00000000    
   5.26644659       0.00000000    
   5.28311253       0.00000000    
   5.29977846       0.00000000    
   5.31644440       0.00000000    
   5.33311033       0.00000000    
   5.34977627       0.00000000    
   5.36644220       0.00000000    
   5.38310814       0.00000000    
   5.39977407       0.00000000    
   5.41644001       0.00000000    
   5.43310595       0.00000000    
   5.44977188       0.00000000    
   5.46643782       0.00000000    
   5.48310375       0.00000000    
   5.49976969       0.00000000    
   5.51643562       0.00000000    
   5.53310156       0.00000000    
   5.54976749       0.00000000    
   5.56643343       0.00000000    
   5.58309937       0.00000000    
   5.59976530       0.00000000    
   5.61643124       0.00000000    
   5.63309717       0.00000000    
   5.64976311       0.00000000    
   5.66642904       0.00000000    
   5.68309498       0.00000000    
   5.69976091       0.00000000    
   5.71642685       0.00000000    
   5.73309278       0.00000000    
   5.74975872       0.00000000    
   5.76642466       0.00000000    
   5.78309059       0.00000000    
   5.79975653       0.00000000    
   5.81642246       0.00000000    
   5.83308840       0.00000000    
   5.84975433       0.00000000    
   5.86642027       0.00000000    
   5.88308620       0.00000000    
   5.89975214       0.00000000    
   5.91641808       0.00000000    
   5.93308401       0.00000000    
   5.94974995       0.00000000    
   5.96641588       0.00000000    
   5.98308182       0.00000000    
   5.99974775       0.00000000    
   6.01641369       0.00000000    
   6.03307962       0.00000000    
   6.04974556       0.00000000    
   6.06641150       0.00000000    
   6.08307743       0.00000000    
   6.09974337       0.00000000    
   6.11640930       0.00000000    
   6.13307524       0.00000000    
   6.14974117       0.00000000    
   6.16640711       0.00000000    
   6.18307304       0.00000000    
   6.19973898       0.00000000    
   6.21640491       0.00000000    
   6.23307085       0.00000000    
   6.24973679       0.00000000    
   6.26640272       0.00000000    
   6.28306866       0.00000000    
   6.29973459       0.00000000    
   6.31640053       0.00000000    
   6.33306646       0.00000000    
   6.34973240       0.00000000    
   6.36639833       0.00000000    
   6.38306427       0.00000000    
   6.39973021       0.00000000    
   6.41639614       1.39100004E-25
   6.43306208       1.12100001E-20
   6.44972801       3.15399997E-17
   6.46639395       2.74099997E-14
   6.48305988       1.27700003E-11
   6.49972582       1.18999999E-09
   6.51639175       9.23699961E-09
   6.53305769       3.53400011E-08
   6.54972363       8.79400019E-08
   6.56638956       1.77000004E-07
   6.58305550       3.25000002E-07
   6.59972143       5.71499982E-07
   6.61638737       9.63599973E-07
   6.63305330       1.55500004E-06
   6.64971924       2.29600005E-06
   6.66638517       3.35000004E-06
   6.68305111       4.59500006E-06
   6.69971704       6.19200000E-06
   6.71638298       8.22800030E-06
   6.73304892       1.07899996E-05
   6.74971485       1.39200001E-05
   6.76638079       1.77700003E-05
   6.78304672       2.25200001E-05
   6.79971266       2.84500002E-05
   6.81637859       3.46999987E-05
   6.83304453       4.31699991E-05
   6.84971046       5.19499990E-05
   6.86637640       6.27100017E-05
   6.88304234       7.66800003E-05
   6.89970827       9.10399976E-05
   6.91637421       1.07599997E-04
   6.93304014       1.27000007E-04
   6.94970608       1.44799997E-04
   6.96637201       1.67699996E-04
   6.98303795       1.95899993E-04
   6.99970388       2.19699999E-04
   7.01636982       2.54899991E-04
   7.03303576       2.82399997E-04
   7.04970169       3.15200014E-04
   7.06636763       3.54699994E-04
   7.08303356       4.02000005E-04
   7.09969950       4.46499995E-04
   7.11636543       4.90400009E-04
   7.13303137       5.37200016E-04
   7.14969730       5.86799986E-04
   7.16636324       6.38899975E-04
   7.18302917       6.93399983E-04
   7.19969511       7.50500010E-04
   7.21636105       8.09999998E-04
   7.23302698       8.71900003E-04
   7.24969292       9.36200027E-04
   7.26635885       1.00299995E-03
   7.28302479       1.07200001E-03
   7.29969072       1.14299997E-03
   7.31635666       1.21699995E-03
   7.33302259       1.29299995E-03
   7.34968853       1.37199997E-03
   7.36635447       1.45300000E-03
   7.38302040       1.53600005E-03
   7.39968634       1.62200001E-03
   7.41635227       1.71099999E-03
   7.43301821       1.80099998E-03
   7.44968414       1.89499999E-03
   7.46635008       1.99000002E-03
   7.48301601       2.08900007E-03
   7.49968195       2.18999991E-03
   7.51634789       2.29400001E-03
   7.53301382       2.40000011E-03
   7.54967976       2.50900001E-03
   7.56634569       2.62099993E-03
   7.58301163       2.73500010E-03
   7.59967756       2.85200006E-03
   7.61634350       2.97200005E-03
   7.63300943       3.09500005E-03
   7.64967537       3.22000007E-03
   7.66634130       3.34899989E-03
   7.68300724       3.48099996E-03
   7.69967318       3.61500005E-03
   7.71633911       3.75299994E-03
   7.73300505       3.89300007E-03
   7.74967098       4.03699977E-03
   7.76633692       4.18299995E-03
   7.78300285       4.33300016E-03
   7.79966879       4.48699994E-03
   7.81633472       4.64300020E-03
   7.83300066       4.80199978E-03
   7.84966660       4.96499985E-03
   7.86633253       5.13100019E-03
   7.88299847       5.30100008E-03
   7.89966440       5.47399977E-03
   7.91633034       5.65099996E-03
   7.93299627       5.83000015E-03
   7.94966221       6.01400016E-03
   7.96632814       6.20099995E-03
   7.98299408       6.39199978E-03
   7.99966002       6.58599986E-03
   8.01632595       6.78399997E-03
   8.03299236       6.98600011E-03
   8.04965878       7.19100004E-03
   8.06632519       7.40099978E-03
   8.08299160       7.61399977E-03
   8.09965801       7.83099979E-03
   8.11632442       8.05199984E-03
   8.13299084       8.27599969E-03
   8.14965725       8.50499980E-03
   8.16632366       8.73799995E-03
   8.18299007       8.97500012E-03
   8.19965649       9.21600033E-03
   8.21632290       9.46000032E-03
   8.23298931       9.70899966E-03
   8.24965572       9.96300019E-03
   8.26632214       1.02199996E-02
   8.28298855       1.04799997E-02
   8.29965496       1.07500004E-02
   8.31632137       1.10200001E-02
   8.33298779       1.12899998E-02
   8.34965420       1.15700001E-02
   8.36632061       1.18500004E-02
   8.38298702       1.21400002E-02
   8.39965343       1.24300001E-02
   8.41631985       1.27299996E-02
   8.43298626       1.30300000E-02
   8.44965267       1.33300005E-02
   8.46631908       1.36399996E-02
   8.48298550       1.39600001E-02
   8.49965191       1.42799998E-02
   8.51631832       1.46000003E-02
   8.53298473       1.49299996E-02
   8.54965115       1.52599998E-02
   8.56631756       1.55999996E-02
   8.58298397       1.59399994E-02
   8.59965038       1.62799992E-02
   8.61631680       1.66299995E-02
   8.63298321       1.69900004E-02
   8.64964962       1.73499994E-02
   8.66631603       1.77100003E-02
   8.68298244       1.80799998E-02
   8.69964886       1.84599999E-02
   8.71631527       1.88400000E-02
   8.73298168       1.92200001E-02
   8.74964809       1.96100008E-02
   8.76631451       1.99999996E-02
   8.78298092       2.03900002E-02
   8.79964733       2.08000001E-02
   8.81631374       2.11999994E-02
   8.83298016       2.16099992E-02
   8.84964657       2.20299996E-02
   8.86631298       2.24500000E-02
   8.88297939       2.28700005E-02
   8.89964581       2.32999995E-02
   8.91631222       2.37399992E-02
   8.93297863       2.41800006E-02
   8.94964504       2.46200003E-02
   8.96631145       2.50700004E-02
   8.98297787       2.55200006E-02
   8.99964428       2.59799995E-02
   9.01631069       2.64400002E-02
   9.03297710       2.69000009E-02
   9.04964352       2.73700003E-02
   9.06630993       2.78500002E-02
   9.08297634       2.83300001E-02
   9.09964275       2.88100000E-02
   9.11630917       2.93000005E-02
   9.13297558       2.97899991E-02
   9.14964199       3.02900001E-02
   9.16630840       3.07899993E-02
   9.18297482       3.12899984E-02
   9.19964123       3.18000019E-02
   9.21630764       3.23200002E-02
   9.23297405       3.28399986E-02
   9.24964046       3.33600007E-02
   9.26630688       3.38799991E-02
   9.28297329       3.44099998E-02
   9.29963970       3.49499993E-02
   9.31630611       3.54899988E-02
   9.33297253       3.60299982E-02
   9.34963894       3.65700014E-02
   9.36630535       3.71199995E-02
   9.38297176       3.76800001E-02
   9.39963818       3.82400006E-02
   9.41630459       3.88000011E-02
   9.43297100       3.93600017E-02
   9.44963741       3.99300009E-02
   9.46630383       4.05000001E-02
   9.48297024       4.10800017E-02
   9.49963665       4.16599996E-02
   9.51630306       4.22400013E-02
   9.53296947       4.28199992E-02
   9.54963589       4.34099995E-02
   9.56630230       4.40099984E-02
   9.58296871       4.45999987E-02
   9.59963512       4.52000014E-02
   9.61630154       4.58000004E-02
   9.63296795       4.64100018E-02
   9.64963436       4.70100008E-02
   9.66630077       4.76199985E-02
   9.68296719       4.82399985E-02
   9.69963360       4.88499999E-02
   9.71630001       4.94700000E-02
   9.73296642       5.00900000E-02
   9.74963284       5.07199988E-02
   9.76629925       5.13500012E-02
   9.78296566       5.19800000E-02
   9.79963207       5.26099987E-02
   9.81629848       5.32400012E-02
   9.83296490       5.38799986E-02
   9.84963131       5.45100011E-02
   9.86629772       5.51499985E-02
   9.88296413       5.57999983E-02
   9.89963055       5.64399995E-02
   9.91629696       5.70899993E-02
   9.93296337       5.77300005E-02
   9.94962978       5.83800003E-02
   9.96629620       5.90399988E-02
   9.98296261       5.96899986E-02
   9.99962902       6.03399985E-02
   10.0162954       6.10000007E-02
   10.0329618       6.16599992E-02
   10.0496283       6.23099990E-02
   10.0662947       6.29699975E-02
   10.0829611       6.36299998E-02
   10.0996275       6.43000007E-02
   10.1162939       6.49600029E-02
   10.1329603       6.56199977E-02
   10.1496267       6.62899986E-02
   10.1662931       6.69500008E-02
   10.1829596       6.76200017E-02
   10.1996260       6.82799965E-02
   10.2162924       6.89499974E-02
   10.2329588       6.96199983E-02
   10.2496252       7.02800006E-02
   10.2662916       7.09500015E-02
   10.2829580       7.16100037E-02
   10.2996244       7.22799972E-02
   10.3162909       7.29499981E-02
   10.3329573       7.36199990E-02
   10.3496237       7.42899999E-02
   10.3662901       7.49500021E-02
   10.3829565       7.56200030E-02
   10.3996229       7.62799978E-02
   10.4162893       7.69499987E-02
   10.4329557       7.76100010E-02
   10.4496222       7.82499984E-02
   10.4662886       7.89199993E-02
   10.4829550       7.95999989E-02
   10.4996214       8.02399963E-02
   10.5162878       8.09200034E-02
   10.5329542       8.15699995E-02
   10.5496206       8.22400004E-02
   10.5662870       8.28899965E-02
   10.5829535       8.35400000E-02
   10.5996199       8.41900036E-02
   10.6162863       8.48499984E-02
   10.6329527       8.54699984E-02
   10.6496191       8.61300007E-02
   10.6662855       8.67900029E-02
   10.6829519       8.73999968E-02
   10.6996183       8.80799964E-02
   10.7162848       8.87200013E-02
   10.7329512       8.93500000E-02
   10.7496176       8.99799988E-02
   10.7662840       9.06200036E-02
   10.7829504       9.12299976E-02
   10.7996168       9.18800011E-02
   10.8162832       9.25000012E-02
   10.8329496       9.31200013E-02
   10.8496161       9.37400013E-02
   10.8662825       9.43600014E-02
   10.8829489       9.49599966E-02
   10.8996153       9.55799967E-02
   10.9162817       9.61700007E-02
   10.9329481       9.67399999E-02
   10.9496145       9.73600000E-02
   10.9662809       9.79800001E-02
   10.9829473       9.85699967E-02
   10.9996138       9.91600007E-02
   11.0162802       9.97499973E-02
   11.0329466      0.100299999    
   11.0496130      0.100900002    
   11.0662794      0.101499997    
   11.0829458      0.102100000    
   11.0996122      0.102600001    
   11.1162786      0.103200004    
   11.1329451      0.103699997    
   11.1496115      0.104300000    
   11.1662779      0.104800001    
   11.1829443      0.105400003    
   11.1996107      0.105899997    
   11.2162771      0.106399998    
   11.2329435      0.106899999    
   11.2496099      0.107500002    
   11.2662764      0.108000003    
   11.2829428      0.108499996    
   11.2996092      0.108999997    
   11.3162756      0.109600000    
   11.3329420      0.110100001    
   11.3496084      0.110500000    
   11.3662748      0.110900000    
   11.3829412      0.111500002    
   11.3996077      0.112000003    
   11.4162741      0.112499997    
   11.4329405      0.112899996    
   11.4496069      0.113399997    
   11.4662733      0.113799997    
   11.4829397      0.114299998    
   11.4996061      0.114699997    
   11.5162725      0.115199998    
   11.5329390      0.115599997    
   11.5496054      0.115999997    
   11.5662718      0.116499998    
   11.5829382      0.116899997    
   11.5996046      0.117299996    
   11.6162710      0.117700003    
   11.6329374      0.118100002    
   11.6496038      0.118500002    
   11.6662703      0.118799999    
   11.6829367      0.119199999    
   11.6996031      0.119599998    
   11.7162695      0.119800001    
   11.7329359      0.120300002    
   11.7496023      0.120600000    
   11.7662687      0.120999999    
   11.7829351      0.121299997    
   11.7996016      0.121600002    
   11.8162680      0.122000001    
   11.8329344      0.122299999    
   11.8496008      0.122599997    
   11.8662672      0.122900002    
   11.8829336      0.123199999    
   11.8996000      0.123499997    
   11.9162664      0.123700000    
   11.9329329      0.123999998    
   11.9495993      0.124200001    
   11.9662657      0.124499999    
   11.9829321      0.124799997    
   11.9995985      0.125000000    
   12.0162649      0.125300005    
   12.0329313      0.125400007    
   12.0495977      0.125699997    
   12.0662642      0.125900000    
   12.0829306      0.126100004    
   12.0995970      0.126300007    
   12.1162634      0.126499996    
   12.1329298      0.126699999    
   12.1495962      0.126800001    
   12.1662626      0.127000004    
   12.1829290      0.127200007    
   12.1995955      0.127299994    
   12.2162619      0.127499998    
   12.2329283      0.127599999    
   12.2495947      0.127700001    
   12.2662611      0.127800003    
   12.2829275      0.128000006    
   12.2995939      0.128099993    
   12.3162603      0.128199995    
   12.3329268      0.128199995    
   12.3495932      0.128299996    
   12.3662596      0.128399998    
   12.3829260      0.128500000    
   12.3995924      0.128500000    
   12.4162588      0.128600001    
   12.4329252      0.128600001    
   12.4495916      0.128600001    
   12.4662580      0.128700003    
   12.4829245      0.128700003    
   12.4995909      0.128700003    
   12.5162573      0.128700003    
   12.5329237      0.128700003    
   12.5495901      0.128700003    
   12.5662565      0.128600001    
   12.5829229      0.128600001    
   12.5995893      0.128600001    
   12.6162558      0.128500000    
   12.6329222      0.128500000    
   12.6495886      0.128399998    
   12.6662550      0.128299996    
   12.6829214      0.128199995    
   12.6995878      0.128199995    
   12.7162542      0.128099993    
   12.7329206      0.128000006    
   12.7495871      0.127800003    
   12.7662535      0.127700001    
   12.7829199      0.127599999    
   12.7995863      0.127499998    
   12.8162527      0.127299994    
   12.8329191      0.127200007    
   12.8495855      0.127000004    
   12.8662519      0.126800001    
   12.8829184      0.126699999    
   12.8995848      0.126499996    
   12.9162512      0.126300007    
   12.9329176      0.126100004    
   12.9495840      0.125900000    
   12.9662504      0.125699997    
   12.9829168      0.125400007    
   12.9995832      0.125200003    
   13.0162497      0.125000000    
   13.0329161      0.124700002    
   13.0495825      0.124499999    
   13.0662489      0.124200001    
   13.0829153      0.123999998    
   13.0995817      0.123700000    
   13.1162481      0.123400003    
   13.1329145      0.123199999    
   13.1495810      0.122900002    
   13.1662474      0.122599997    
   13.1829138      0.122199997    
   13.1995802      0.121900000    
   13.2162466      0.121600002    
   13.2329130      0.121299997    
   13.2495794      0.120999999    
   13.2662458      0.120600000    
   13.2829123      0.120300002    
   13.2995787      0.119800001    
   13.3162451      0.119599998    
   13.3329115      0.119099997    
   13.3495779      0.118799999    
   13.3662443      0.118400000    
   13.3829107      0.118000001    
   13.3995771      0.117600001    
   13.4162436      0.117200002    
   13.4329100      0.116800003    
   13.4495764      0.116400003    
   13.4662428      0.115999997    
   13.4829092      0.115599997    
   13.4995756      0.115099996    
   13.5162420      0.114699997    
   13.5329084      0.114200003    
   13.5495749      0.113799997    
   13.5662413      0.113399997    
   13.5829077      0.112899996    
   13.5995741      0.112400003    
   13.6162405      0.112000003    
   13.6329069      0.111500002    
   13.6495733      0.111000001    
   13.6662397      0.110500000    
   13.6829062      0.109999999    
   13.6995726      0.109499998    
   13.7162390      0.108999997    
   13.7329054      0.108499996    
   13.7495718      0.108000003    
   13.7662382      0.107500002    
   13.7829046      0.106899999    
   13.7995710      0.106399998    
   13.8162374      0.105899997    
   13.8329039      0.105300002    
   13.8495703      0.104800001    
   13.8662367      0.104199998    
   13.8829031      0.103699997    
   13.8995695      0.103100002    
   13.9162359      0.102600001    
   13.9329023      0.101999998    
   13.9495687      0.101400003    
   13.9662352      0.100900002    
   13.9829016      0.100299999    
   13.9995680       9.96999964E-02
   14.0162344       9.91099998E-02
   14.0329008       9.85200033E-02
   14.0495672       9.79299992E-02
   14.0662336       9.73000005E-02
   14.0829000       9.67399999E-02
   14.0995665       9.61299986E-02
   14.1162329       9.55300033E-02
   14.1328993       9.49200019E-02
   14.1495657       9.43000019E-02
   14.1662321       9.36900005E-02
   14.1828985       9.30700004E-02
   14.1995649       9.24300030E-02
   14.2162313       9.18200016E-02
   14.2328978       9.11900029E-02
   14.2495642       9.05599967E-02
   14.2662306       8.99100006E-02
   14.2828970       8.92700031E-02
   14.2995634       8.86500031E-02
   14.3162298       8.80199969E-02
   14.3328962       8.73799995E-02
   14.3495626       8.67099985E-02
   14.3662291       8.60799998E-02
   14.3828955       8.54400024E-02
   14.3995619       8.47899988E-02
   14.4162283       8.41099992E-02
   14.4328947       8.34899992E-02
   14.4495611       8.28199983E-02
   14.4662275       8.21800008E-02
   14.4828939       8.15099999E-02
   14.4995604       8.08599964E-02
   14.5162268       8.01699981E-02
   14.5328932       7.95399994E-02
   14.5495596       7.88599998E-02
   14.5662260       7.82200024E-02
   14.5828924       7.75400028E-02
   14.5995588       7.68899992E-02
   14.6162252       7.62299970E-02
   14.6328917       7.55499974E-02
   14.6495581       7.48900026E-02
   14.6662245       7.42300004E-02
   14.6828909       7.35599995E-02
   14.6995573       7.28899986E-02
   14.7162237       7.22299963E-02
   14.7328901       7.15600029E-02
   14.7495565       7.08900020E-02
   14.7662230       7.02299997E-02
   14.7828894       6.95599988E-02
   14.7995558       6.88899979E-02
   14.8162222       6.82300031E-02
   14.8328886       6.75600022E-02
   14.8495550       6.68900013E-02
   14.8662214       6.62299991E-02
   14.8828878       6.55699968E-02
   14.8995543       6.49000034E-02
   14.9162207       6.42400011E-02
   14.9328871       6.35799989E-02
   14.9495535       6.29199967E-02
   14.9662199       6.22599982E-02
   14.9828863       6.15999997E-02
   14.9995527       6.09400012E-02
   15.0162191       6.02900013E-02
   15.0328856       5.96299991E-02
   15.0495520       5.89799993E-02
   15.0662184       5.83299994E-02
   15.0828848       5.76799996E-02
   15.0995512       5.70299998E-02
   15.1162176       5.63899986E-02
   15.1328840       5.57399988E-02
   15.1495504       5.51000014E-02
   15.1662169       5.44600002E-02
   15.1828833       5.38199991E-02
   15.1995497       5.31900004E-02
   15.2162161       5.25499992E-02
   15.2328825       5.19200005E-02
   15.2495489       5.12900017E-02
   15.2662153       5.06700017E-02
   15.2828817       5.00399992E-02
   15.2995481       4.94199991E-02
   15.3162146       4.87999991E-02
   15.3328810       4.81900014E-02
   15.3495474       4.75700013E-02
   15.3662138       4.69599999E-02
   15.3828802       4.63499986E-02
   15.3995466       4.57499996E-02
   15.4162130       4.51500006E-02
   15.4328794       4.45500016E-02
   15.4495459       4.39600013E-02
   15.4662123       4.33599986E-02
   15.4828787       4.27699983E-02
   15.4995451       4.21900004E-02
   15.5162115       4.16099988E-02
   15.5328779       4.10300009E-02
   15.5495443       4.04499993E-02
   15.5662107       3.98800001E-02
   15.5828772       3.93100008E-02
   15.5995436       3.87500003E-02
   15.6162100       3.81899998E-02
   15.6328764       3.76299992E-02
   15.6495428       3.70800011E-02
   15.6662092       3.65299992E-02
   15.6828756       3.59800011E-02
   15.6995420       3.54400016E-02
   15.7162085       3.48999985E-02
   15.7328749       3.43700014E-02
   15.7495413       3.38400006E-02
   15.7662077       3.33099999E-02
   15.7828741       3.27900015E-02
   15.7995405       3.22699994E-02
   15.8162069       3.17599997E-02
   15.8328733       3.12500000E-02
   15.8495398       3.07500008E-02
   15.8662062       3.02499998E-02
   15.8828726       2.97500007E-02
   15.8995390       2.92600002E-02
   15.9162054       2.87699997E-02
   15.9328718       2.82899998E-02
   15.9495382       2.78099999E-02
   15.9662046       2.73300000E-02
   15.9828711       2.68600006E-02
   15.9995375       2.63999999E-02
   16.0162029       2.59399991E-02
   16.0328693       2.54800003E-02
   16.0495358       2.50300001E-02
   16.0662022       2.45800000E-02
   16.0828686       2.41400003E-02
   16.0995350       2.37000007E-02
   16.1162014       2.32699998E-02
   16.1328678       2.28400007E-02
   16.1495342       2.24099997E-02
   16.1662006       2.19899993E-02
   16.1828671       2.15799995E-02
   16.1995335       2.11699996E-02
   16.2161999       2.07599998E-02
   16.2328663       2.03600004E-02
   16.2495327       1.99699998E-02
   16.2661991       1.95700005E-02
   16.2828655       1.91900004E-02
   16.2995319       1.87999997E-02
   16.3161983       1.84300002E-02
   16.3328648       1.80500001E-02
   16.3495312       1.76800005E-02
   16.3661976       1.73199996E-02
   16.3828640       1.69600006E-02
   16.3995304       1.66100003E-02
   16.4161968       1.62599999E-02
   16.4328632       1.59099996E-02
   16.4495296       1.55699998E-02
   16.4661961       1.52300000E-02
   16.4828625       1.48999998E-02
   16.4995289       1.45699997E-02
   16.5161953       1.42500000E-02
   16.5328617       1.39300004E-02
   16.5495281       1.36200003E-02
   16.5661945       1.33100003E-02
   16.5828609       1.30099999E-02
   16.5995274       1.26999998E-02
   16.6161938       1.24100000E-02
   16.6328602       1.21200001E-02
   16.6495266       1.18300002E-02
   16.6661930       1.15499999E-02
   16.6828594       1.12699997E-02
   16.6995258       1.09999999E-02
   16.7161922       1.07300002E-02
   16.7328587       1.04599996E-02
   16.7495251       1.02000004E-02
   16.7661915       9.94199980E-03
   16.7828579       9.68900044E-03
   16.7995243       9.44000017E-03
   16.8161907       9.19600017E-03
   16.8328571       8.95600021E-03
   16.8495235       8.71900003E-03
   16.8661900       8.48700013E-03
   16.8828564       8.25800002E-03
   16.8995228       8.03400017E-03
   16.9161892       7.81300012E-03
   16.9328556       7.59699987E-03
   16.9495220       7.38399988E-03
   16.9661884       7.17499992E-03
   16.9828548       6.96999999E-03
   16.9995213       6.76799985E-03
   17.0161877       6.57099998E-03
   17.0328541       6.37699990E-03
   17.0495205       6.18600007E-03
   17.0661869       5.99899981E-03
   17.0828533       5.81600005E-03
   17.0995197       5.63600007E-03
   17.1161861       5.46000013E-03
   17.1328526       5.28699998E-03
   17.1495190       5.11799986E-03
   17.1661854       4.95199999E-03
   17.1828518       4.78899991E-03
   17.1995182       4.62999986E-03
   17.2161846       4.47400007E-03
   17.2328510       4.32100007E-03
   17.2495174       4.17200010E-03
   17.2661839       4.02500015E-03
   17.2828503       3.88199999E-03
   17.2995167       3.74200009E-03
   17.3161831       3.60399997E-03
   17.3328495       3.47000011E-03
   17.3495159       3.33900005E-03
   17.3661823       3.21000000E-03
   17.3828487       3.08499997E-03
   17.3995152       2.96299998E-03
   17.4161816       2.84299999E-03
   17.4328480       2.72600004E-03
   17.4495144       2.61200010E-03
   17.4661808       2.49999994E-03
   17.4828472       2.39100005E-03
   17.4995136       2.28499994E-03
   17.5161800       2.18200008E-03
   17.5328465       2.08100001E-03
   17.5495129       1.98299997E-03
   17.5661793       1.88700005E-03
   17.5828457       1.79400004E-03
   17.5995121       1.70300005E-03
   17.6161785       1.61499996E-03
   17.6328449       1.53000001E-03
   17.6495113       1.44599995E-03
   17.6661777       1.36600004E-03
   17.6828442       1.28700002E-03
   17.6995106       1.21100002E-03
   17.7161770       1.13800005E-03
   17.7328434       1.06599997E-03
   17.7495098       9.97500028E-04
   17.7661762       9.31099989E-04
   17.7828426       8.67000024E-04
   17.7995090       8.05300020E-04
   17.8161755       7.45999976E-04
   17.8328419       6.89100008E-04
   17.8495083       6.34700002E-04
   17.8661747       5.82900015E-04
   17.8828411       5.33499988E-04
   17.8995075       4.86900011E-04
   17.9161739       4.43199999E-04
   17.9328403       3.98000004E-04
   17.9495068       3.51199997E-04
   17.9661732       3.12499993E-04
   17.9828396       2.80100008E-04
   17.9995060       2.53000006E-04
   18.0161724       2.17599998E-04
   18.0328388       1.94299995E-04
   18.0495052       1.65999998E-04
   18.0661716       1.42899997E-04
   18.0828381       1.23599995E-04
   18.0995045       1.06599997E-04
   18.1161709       9.01199965E-05
   18.1328373       7.44599965E-05
   18.1495037       6.17499973E-05
   18.1661701       5.13099985E-05
   18.1828365       4.27099985E-05
   18.1995029       3.41900013E-05
   18.2161694       2.78499992E-05
   18.2328358       2.21999999E-05
   18.2495022       1.74699999E-05
   18.2661686       1.36500003E-05
   18.2828350       1.05600002E-05
   18.2995014       8.05600030E-06
   18.3161678       6.06799995E-06
   18.3328342       4.51200003E-06
   18.3495007       3.21399989E-06
   18.3661671       2.23999996E-06
   18.3828335       1.47699996E-06
   18.3994999       9.36599974E-07
   18.4161663       5.50200014E-07
   18.4328327       3.10199994E-07
   18.4494991       1.67400003E-07
   18.4661655       8.25000015E-08
   18.4828320       3.27000009E-08
   18.4994984       8.34799962E-09
   18.5161648       9.44500034E-10
   18.5328312       7.92199986E-12
   18.5494976       1.88500000E-14
   18.5661640       1.85600007E-17
   18.5828304       4.90600014E-21
   18.5994968       2.06499996E-26
   18.6161633       0.00000000    
   18.6328297       0.00000000    
   18.6494961       0.00000000    
   18.6661625       0.00000000    
   18.6828289       0.00000000    
   18.6994953       0.00000000    
   18.7161617       0.00000000    
   18.7328281       0.00000000    
   18.7494946       0.00000000    
   18.7661610       0.00000000    
   18.7828274       0.00000000    
   18.7994938       0.00000000    
   18.8161602       0.00000000    
   18.8328266       0.00000000    
   18.8494930       0.00000000    
   18.8661594       0.00000000    
   18.8828259       0.00000000    
   18.8994923       0.00000000    
   18.9161587       0.00000000    
   18.9328251       0.00000000    
   18.9494915       0.00000000    
   18.9661579       0.00000000    
   18.9828243       0.00000000    
   18.9994907       0.00000000    
   19.0161572       0.00000000    
   19.0328236       0.00000000    
   19.0494900       0.00000000    
   19.0661564       0.00000000    
   19.0828228       0.00000000    
   19.0994892       0.00000000    
   19.1161556       0.00000000    
   19.1328220       0.00000000    
   19.1494884       0.00000000    
   19.1661549       0.00000000    
   19.1828213       0.00000000    
   19.1994877       0.00000000    
   19.2161541       0.00000000    
   19.2328205       0.00000000    
   19.2494869       0.00000000    
   19.2661533       0.00000000    
   19.2828197       0.00000000    
   19.2994862       0.00000000    
   19.3161526       0.00000000    
   19.3328190       0.00000000    
   19.3494854       0.00000000    
   19.3661518       0.00000000    
   19.3828182       0.00000000    
   19.3994846       0.00000000    
   19.4161510       0.00000000    
   19.4328175       0.00000000    
   19.4494839       0.00000000    
   19.4661503       0.00000000    
   19.4828167       0.00000000    
   19.4994831       0.00000000    
   19.5161495       0.00000000    
   19.5328159       0.00000000    
   19.5494823       0.00000000    
   19.5661488       0.00000000    
   19.5828152       0.00000000    
   19.5994816       0.00000000    
   19.6161480       0.00000000    
   19.6328144       0.00000000    
   19.6494808       0.00000000    
   19.6661472       0.00000000    
   19.6828136       0.00000000    
   19.6994801       0.00000000    
   19.7161465       0.00000000    
   19.7328129       0.00000000    
   19.7494793       0.00000000    
   19.7661457       0.00000000    
   19.7828121       0.00000000    
   19.7994785       0.00000000    
   19.8161449       0.00000000    
   19.8328114       0.00000000    
   19.8494778       0.00000000    
   19.8661442       0.00000000    
   19.8828106       0.00000000    
   19.8994770       0.00000000    
   19.9161434       0.00000000    
   19.9328098       0.00000000    
   19.9494762       0.00000000    
   19.9661427       0.00000000    
   19.9828091       0.00000000    
   19.9994755       0.00000000    
   20.0161419       0.00000000    
   20.0328083       0.00000000    
   20.0494747       0.00000000    
   20.0661411       0.00000000    
   20.0828075       0.00000000    
   20.0994740       0.00000000    
   20.1161404       0.00000000    
   20.1328068       0.00000000    
   20.1494732       0.00000000    
   20.1661396       0.00000000    
   20.1828060       0.00000000    
   20.1994724       0.00000000    
   20.2161388       0.00000000    
   20.2328053       0.00000000    
   20.2494717       0.00000000    
   20.2661381       0.00000000    
   20.2828045       0.00000000    
   20.2994709       0.00000000    
   20.3161373       0.00000000    
   20.3328037       0.00000000    
   20.3494701       0.00000000    
   20.3661366       0.00000000    
   20.3828030       0.00000000    
   20.3994694       0.00000000    
   20.4161358       0.00000000    
   20.4328022       0.00000000    
   20.4494686       0.00000000    
   20.4661350       0.00000000    
   20.4828014       0.00000000    
   20.4994678       0.00000000    
   20.5161343       0.00000000    
   20.5328007       0.00000000    
   20.5494671       0.00000000    
   20.5661335       0.00000000    
   20.5827999       0.00000000    
   20.5994663       0.00000000    
   20.6161327       0.00000000    
   20.6327991       0.00000000    
   20.6494656       0.00000000    
   20.6661320       0.00000000    
   20.6827984       0.00000000    
   20.6994648       0.00000000    
   20.7161312       0.00000000    
   20.7327976       0.00000000    
   20.7494640       0.00000000    
   20.7661304       0.00000000    
   20.7827969       0.00000000    
   20.7994633       0.00000000    
   20.8161297       0.00000000    
   20.8327961       0.00000000    
   20.8494625       0.00000000    
   20.8661289       0.00000000    
   20.8827953       0.00000000    
   20.8994617       0.00000000    
   20.9161282       0.00000000    
   20.9327946       0.00000000    
   20.9494610       0.00000000    
   20.9661274       0.00000000    
   20.9827938       0.00000000    
   20.9994602       0.00000000    
   21.0161266       0.00000000    
   21.0327930       0.00000000    
   21.0494595       0.00000000    
   21.0661259       0.00000000    
   21.0827923       0.00000000    
   21.0994587       0.00000000    
   21.1161251       0.00000000    
   21.1327915       0.00000000    
   21.1494579       0.00000000    
   21.1661243       0.00000000    
   21.1827908       0.00000000    
   21.1994572       0.00000000    
   21.2161236       0.00000000    
   21.2327900       0.00000000    
   21.2494564       0.00000000    
   21.2661228       0.00000000    
   21.2827892       0.00000000    
   21.2994556       0.00000000    
   21.3161221       0.00000000    
   21.3327885       0.00000000    
   21.3494549       0.00000000    
   21.3661213       0.00000000    
   21.3827877       0.00000000    
   21.3994541       0.00000000    
   21.4161205       0.00000000    
   21.4327869       0.00000000    
   21.4494534       0.00000000    
   21.4661198       0.00000000    
   21.4827862       0.00000000    
   21.4994526       0.00000000    
   21.5161190       0.00000000    
   21.5327854       0.00000000    
   21.5494518       0.00000000    
   21.5661182       0.00000000    
   21.5827847       0.00000000    
   21.5994511       0.00000000    
   21.6161175       0.00000000    
   21.6327839       0.00000000    
   21.6494503       0.00000000    
   21.6661167       0.00000000    
   21.6827831       0.00000000    
   21.6994495       0.00000000    
   21.7161160       0.00000000    
   21.7327824       0.00000000    
   21.7494488       0.00000000    
   21.7661152       0.00000000    
   21.7827816       0.00000000    
   21.7994480       0.00000000    
   21.8161144       0.00000000    
   21.8327808       0.00000000    
   21.8494473       0.00000000    
   21.8661137       0.00000000    
   21.8827801       0.00000000    
   21.8994465       0.00000000    
   21.9161129       0.00000000    
   21.9327793       0.00000000    
   21.9494457       0.00000000    
   21.9661121       0.00000000    
   21.9827785       0.00000000    
   21.9994450       0.00000000    
   22.0161114       0.00000000    
   22.0327778       0.00000000    
   22.0494442       0.00000000    
   22.0661106       0.00000000    
   22.0827770       0.00000000    
   22.0994434       0.00000000    
   22.1161098       0.00000000    
   22.1327763       0.00000000    
   22.1494427       0.00000000    
   22.1661091       0.00000000    
   22.1827755       0.00000000    
   22.1994419       0.00000000    
   22.2161083       0.00000000    
   22.2327747       0.00000000    
   22.2494411       0.00000000    
   22.2661076       0.00000000    
   22.2827740       0.00000000    
   22.2994404       0.00000000    
   22.3161068       0.00000000    
   22.3327732       0.00000000    
   22.3494396       0.00000000    
   22.3661060       0.00000000    
   22.3827724       0.00000000    
   22.3994389       0.00000000    
   22.4161053       0.00000000    
   22.4327717       0.00000000    
   22.4494381       0.00000000    
   22.4661045       0.00000000    
   22.4827709       0.00000000    
   22.4994373       0.00000000    
   22.5161037       0.00000000    
   22.5327702       0.00000000    
   22.5494366       0.00000000    
   22.5661030       0.00000000    
   22.5827694       0.00000000    
   22.5994358       0.00000000    
   22.6161022       0.00000000    
   22.6327686       0.00000000    
   22.6494350       0.00000000    
   22.6661015       0.00000000    
   22.6827679       0.00000000    
   22.6994343       0.00000000    
   22.7161007       0.00000000    
   22.7327671       0.00000000    
   22.7494335       0.00000000    
   22.7660999       0.00000000    
   22.7827663       0.00000000    
   22.7994328       0.00000000    
   22.8160992       0.00000000    
   22.8327656       0.00000000    
   22.8494320       0.00000000    
   22.8660984       0.00000000    
   22.8827648       0.00000000    
   22.8994312       0.00000000    
   22.9160976       0.00000000    
   22.9327641       0.00000000    
   22.9494305       0.00000000    
   22.9660969       0.00000000    
   22.9827633       0.00000000    
   22.9994297       0.00000000    
   23.0160961       0.00000000    
   23.0327625       0.00000000    
   23.0494289       0.00000000    
   23.0660954       0.00000000    
   23.0827618       0.00000000    
   23.0994282       0.00000000    
   23.1160946       0.00000000    
   23.1327610       0.00000000    
   23.1494274       0.00000000    
   23.1660938       0.00000000    
   23.1827602       0.00000000    
   23.1994267       0.00000000    
   23.2160931       0.00000000    
   23.2327595       0.00000000    
   23.2494259       0.00000000    
   23.2660923       0.00000000    
   23.2827587       0.00000000    
   23.2994251       0.00000000    
   23.3160915       0.00000000    
   23.3327579       0.00000000    
   23.3494244       0.00000000    
   23.3660908       0.00000000    
   23.3827572       0.00000000    
   23.3994236       0.00000000    
   23.4160900       0.00000000    
   23.4327564       0.00000000    
   23.4494228       0.00000000    
   23.4660892       0.00000000    
   23.4827557       0.00000000    
   23.4994221       0.00000000    
   23.5160885       0.00000000    
   23.5327549       0.00000000    
   23.5494213       0.00000000    
   23.5660877       0.00000000    
   23.5827541       0.00000000    
   23.5994205       0.00000000    
   23.6160870       0.00000000    
   23.6327534       0.00000000    
   23.6494198       0.00000000    
   23.6660862       0.00000000    
   23.6827526       0.00000000    
   23.6994190       0.00000000    
   23.7160854       0.00000000    
   23.7327518       0.00000000    
   23.7494183       0.00000000    
   23.7660847       0.00000000    
   23.7827511       0.00000000    
   23.7994175       0.00000000    
   23.8160839       0.00000000    
   23.8327503       0.00000000    
   23.8494167       0.00000000    
   23.8660831       0.00000000    
   23.8827496       0.00000000    
   23.8994160       0.00000000    
   23.9160824       0.00000000    
   23.9327488       0.00000000    
   23.9494152       0.00000000    
   23.9660816       0.00000000    
   23.9827480       0.00000000    
