   0.00000000       0.00000000    
   1.66660007E-02   0.00000000    
   3.33320014E-02   0.00000000    
   4.99980003E-02   0.00000000    
   6.66640028E-02   0.00000000    
   8.33300054E-02   0.00000000    
   9.99960080E-02   0.00000000    
  0.116662011       0.00000000    
  0.133328006       0.00000000    
  0.149994001       0.00000000    
  0.166659996       0.00000000    
  0.183325991       0.00000000    
  0.199991986       0.00000000    
  0.216657981       0.00000000    
  0.233323976       0.00000000    
  0.249989972       0.00000000    
  0.266655982       0.00000000    
  0.283321977       0.00000000    
  0.299987972       0.00000000    
  0.316653967       0.00000000    
  0.333319962       0.00000000    
  0.349985957       0.00000000    
  0.366651952       0.00000000    
  0.383317947       0.00000000    
  0.399983943       0.00000000    
  0.416649938       0.00000000    
  0.433315933       0.00000000    
  0.449981928       0.00000000    
  0.466647923       0.00000000    
  0.483313918       0.00000000    
  0.499979913       0.00000000    
  0.516645908       0.00000000    
  0.533311903       0.00000000    
  0.549977899       0.00000000    
  0.566643894       0.00000000    
  0.583309889       0.00000000    
  0.599975884       0.00000000    
  0.616641879       0.00000000    
  0.633307874       0.00000000    
  0.649973869       0.00000000    
  0.666639864       0.00000000    
  0.683305860       0.00000000    
  0.699971855       0.00000000    
  0.716637850       0.00000000    
  0.733303845       0.00000000    
  0.749969840       0.00000000    
  0.766635835       0.00000000    
  0.783301830       0.00000000    
  0.799967825       0.00000000    
  0.816633821       0.00000000    
  0.833299816       0.00000000    
  0.849965811       0.00000000    
  0.866631806       0.00000000    
  0.883297801       0.00000000    
  0.899963796       0.00000000    
  0.916629791       0.00000000    
  0.933295786       0.00000000    
  0.949961782       0.00000000    
  0.966627777       0.00000000    
  0.983293772       0.00000000    
  0.999959767       0.00000000    
   1.01662576       0.00000000    
   1.03329182       0.00000000    
   1.04995787       0.00000000    
   1.06662393       0.00000000    
   1.08328998       0.00000000    
   1.09995604       0.00000000    
   1.11662209       0.00000000    
   1.13328815       0.00000000    
   1.14995420       0.00000000    
   1.16662025       0.00000000    
   1.18328631       0.00000000    
   1.19995236       0.00000000    
   1.21661842       0.00000000    
   1.23328447       0.00000000    
   1.24995053       0.00000000    
   1.26661658       0.00000000    
   1.28328264       0.00000000    
   1.29994869       0.00000000    
   1.31661475       0.00000000    
   1.33328080       0.00000000    
   1.34994686       0.00000000    
   1.36661291       0.00000000    
   1.38327897       0.00000000    
   1.39994502       0.00000000    
   1.41661108       0.00000000    
   1.43327713       0.00000000    
   1.44994318       0.00000000    
   1.46660924       0.00000000    
   1.48327529       0.00000000    
   1.49994135       0.00000000    
   1.51660740       0.00000000    
   1.53327346       0.00000000    
   1.54993951       0.00000000    
   1.56660557       0.00000000    
   1.58327162       0.00000000    
   1.59993768       0.00000000    
   1.61660373       0.00000000    
   1.63326979       0.00000000    
   1.64993584       0.00000000    
   1.66660190       0.00000000    
   1.68326795       0.00000000    
   1.69993401       0.00000000    
   1.71660006       0.00000000    
   1.73326612       0.00000000    
   1.74993217       0.00000000    
   1.76659822       0.00000000    
   1.78326428       0.00000000    
   1.79993033       0.00000000    
   1.81659639       0.00000000    
   1.83326244       0.00000000    
   1.84992850       0.00000000    
   1.86659455       0.00000000    
   1.88326061       0.00000000    
   1.89992666       0.00000000    
   1.91659272       0.00000000    
   1.93325877       0.00000000    
   1.94992483       0.00000000    
   1.96659088       0.00000000    
   1.98325694       0.00000000    
   1.99992299       0.00000000    
   2.01658893       0.00000000    
   2.03325486       0.00000000    
   2.04992080       0.00000000    
   2.06658673       0.00000000    
   2.08325267       0.00000000    
   2.09991860       0.00000000    
   2.11658454       0.00000000    
   2.13325047       0.00000000    
   2.14991641       0.00000000    
   2.16658235       0.00000000    
   2.18324828       0.00000000    
   2.19991422       0.00000000    
   2.21658015       0.00000000    
   2.23324609       0.00000000    
   2.24991202       0.00000000    
   2.26657796       0.00000000    
   2.28324389       0.00000000    
   2.29990983       0.00000000    
   2.31657577       0.00000000    
   2.33324170       0.00000000    
   2.34990764       0.00000000    
   2.36657357       0.00000000    
   2.38323951       0.00000000    
   2.39990544       0.00000000    
   2.41657138       0.00000000    
   2.43323731       0.00000000    
   2.44990325       0.00000000    
   2.46656919       0.00000000    
   2.48323512       0.00000000    
   2.49990106       0.00000000    
   2.51656699       0.00000000    
   2.53323293       0.00000000    
   2.54989886       0.00000000    
   2.56656480       0.00000000    
   2.58323073       0.00000000    
   2.59989667       0.00000000    
   2.61656260       0.00000000    
   2.63322854       0.00000000    
   2.64989448       0.00000000    
   2.66656041       0.00000000    
   2.68322635       0.00000000    
   2.69989228       0.00000000    
   2.71655822       0.00000000    
   2.73322415       0.00000000    
   2.74989009       0.00000000    
   2.76655602       0.00000000    
   2.78322196       0.00000000    
   2.79988790       0.00000000    
   2.81655383       0.00000000    
   2.83321977       0.00000000    
   2.84988570       0.00000000    
   2.86655164       0.00000000    
   2.88321757       0.00000000    
   2.89988351       0.00000000    
   2.91654944       0.00000000    
   2.93321538       0.00000000    
   2.94988132       0.00000000    
   2.96654725       0.00000000    
   2.98321319       0.00000000    
   2.99987912       0.00000000    
   3.01654506       0.00000000    
   3.03321099       0.00000000    
   3.04987693       0.00000000    
   3.06654286       0.00000000    
   3.08320880       0.00000000    
   3.09987473       0.00000000    
   3.11654067       0.00000000    
   3.13320661       0.00000000    
   3.14987254       0.00000000    
   3.16653848       0.00000000    
   3.18320441       0.00000000    
   3.19987035       0.00000000    
   3.21653628       0.00000000    
   3.23320222       0.00000000    
   3.24986815       0.00000000    
   3.26653409       0.00000000    
   3.28320003       0.00000000    
   3.29986596       0.00000000    
   3.31653190       0.00000000    
   3.33319783       0.00000000    
   3.34986377       0.00000000    
   3.36652970       0.00000000    
   3.38319564       0.00000000    
   3.39986157       0.00000000    
   3.41652751       0.00000000    
   3.43319345       0.00000000    
   3.44985938       0.00000000    
   3.46652532       0.00000000    
   3.48319125       0.00000000    
   3.49985719       0.00000000    
   3.51652312       0.00000000    
   3.53318906       0.00000000    
   3.54985499       0.00000000    
   3.56652093       0.00000000    
   3.58318686       0.00000000    
   3.59985280       0.00000000    
   3.61651874       0.00000000    
   3.63318467       0.00000000    
   3.64985061       0.00000000    
   3.66651654       0.00000000    
   3.68318248       0.00000000    
   3.69984841       0.00000000    
   3.71651435       0.00000000    
   3.73318028       0.00000000    
   3.74984622       0.00000000    
   3.76651216       0.00000000    
   3.78317809       0.00000000    
   3.79984403       0.00000000    
   3.81650996       0.00000000    
   3.83317590       0.00000000    
   3.84984183       0.00000000    
   3.86650777       0.00000000    
   3.88317370       0.00000000    
   3.89983964       0.00000000    
   3.91650558       0.00000000    
   3.93317151       0.00000000    
   3.94983745       0.00000000    
   3.96650338       0.00000000    
   3.98316932       0.00000000    
   3.99983525       0.00000000    
   4.01650143       0.00000000    
   4.03316736       0.00000000    
   4.04983330       0.00000000    
   4.06649923       0.00000000    
   4.08316517       0.00000000    
   4.09983110       0.00000000    
   4.11649704       0.00000000    
   4.13316298       0.00000000    
   4.14982891       0.00000000    
   4.16649485       0.00000000    
   4.18316078       0.00000000    
   4.19982672       0.00000000    
   4.21649265       0.00000000    
   4.23315859       0.00000000    
   4.24982452       0.00000000    
   4.26649046       0.00000000    
   4.28315639       0.00000000    
   4.29982233       0.00000000    
   4.31648827       0.00000000    
   4.33315420       0.00000000    
   4.34982014       0.00000000    
   4.36648607       0.00000000    
   4.38315201       0.00000000    
   4.39981794       0.00000000    
   4.41648388       0.00000000    
   4.43314981       0.00000000    
   4.44981575       0.00000000    
   4.46648169       0.00000000    
   4.48314762       0.00000000    
   4.49981356       0.00000000    
   4.51647949       0.00000000    
   4.53314543       0.00000000    
   4.54981136       0.00000000    
   4.56647730       0.00000000    
   4.58314323       0.00000000    
   4.59980917       0.00000000    
   4.61647511       0.00000000    
   4.63314104       0.00000000    
   4.64980698       0.00000000    
   4.66647291       0.00000000    
   4.68313885       0.00000000    
   4.69980478       0.00000000    
   4.71647072       0.00000000    
   4.73313665       0.00000000    
   4.74980259       0.00000000    
   4.76646852       0.00000000    
   4.78313446       0.00000000    
   4.79980040       0.00000000    
   4.81646633       0.00000000    
   4.83313227       0.00000000    
   4.84979820       0.00000000    
   4.86646414       0.00000000    
   4.88313007       0.00000000    
   4.89979601       0.00000000    
   4.91646194       0.00000000    
   4.93312788       0.00000000    
   4.94979382       0.00000000    
   4.96645975       0.00000000    
   4.98312569       0.00000000    
   4.99979162       0.00000000    
   5.01645756       0.00000000    
   5.03312349       0.00000000    
   5.04978943       0.00000000    
   5.06645536       0.00000000    
   5.08312130       0.00000000    
   5.09978724       0.00000000    
   5.11645317       0.00000000    
   5.13311911       0.00000000    
   5.14978504       0.00000000    
   5.16645098       0.00000000    
   5.18311691       0.00000000    
   5.19978285       0.00000000    
   5.21644878       0.00000000    
   5.23311472       0.00000000    
   5.24978065       0.00000000    
   5.26644659       0.00000000    
   5.28311253       0.00000000    
   5.29977846       0.00000000    
   5.31644440       0.00000000    
   5.33311033       0.00000000    
   5.34977627       0.00000000    
   5.36644220       0.00000000    
   5.38310814       0.00000000    
   5.39977407       0.00000000    
   5.41644001       0.00000000    
   5.43310595       0.00000000    
   5.44977188       0.00000000    
   5.46643782       0.00000000    
   5.48310375       0.00000000    
   5.49976969       0.00000000    
   5.51643562       0.00000000    
   5.53310156       0.00000000    
   5.54976749       0.00000000    
   5.56643343       0.00000000    
   5.58309937       0.00000000    
   5.59976530       0.00000000    
   5.61643124       0.00000000    
   5.63309717       0.00000000    
   5.64976311       0.00000000    
   5.66642904       0.00000000    
   5.68309498       0.00000000    
   5.69976091       0.00000000    
   5.71642685       0.00000000    
   5.73309278       0.00000000    
   5.74975872       0.00000000    
   5.76642466       0.00000000    
   5.78309059       0.00000000    
   5.79975653       0.00000000    
   5.81642246       0.00000000    
   5.83308840       0.00000000    
   5.84975433       0.00000000    
   5.86642027       0.00000000    
   5.88308620       0.00000000    
   5.89975214       0.00000000    
   5.91641808       0.00000000    
   5.93308401       0.00000000    
   5.94974995       0.00000000    
   5.96641588       0.00000000    
   5.98308182       0.00000000    
   5.99974775       0.00000000    
   6.01641369       0.00000000    
   6.03307962       0.00000000    
   6.04974556       0.00000000    
   6.06641150       0.00000000    
   6.08307743       0.00000000    
   6.09974337       0.00000000    
   6.11640930       0.00000000    
   6.13307524       0.00000000    
   6.14974117       0.00000000    
   6.16640711       0.00000000    
   6.18307304       0.00000000    
   6.19973898       0.00000000    
   6.21640491       0.00000000    
   6.23307085       0.00000000    
   6.24973679       0.00000000    
   6.26640272       0.00000000    
   6.28306866       0.00000000    
   6.29973459       0.00000000    
   6.31640053       0.00000000    
   6.33306646       0.00000000    
   6.34973240       0.00000000    
   6.36639833       0.00000000    
   6.38306427       0.00000000    
   6.39973021       0.00000000    
   6.41639614       0.00000000    
   6.43306208       0.00000000    
   6.44972801       0.00000000    
   6.46639395       0.00000000    
   6.48305988       0.00000000    
   6.49972582       0.00000000    
   6.51639175       1.72000008E-27
   6.53305769       1.70600004E-18
   6.54972363       8.28299967E-15
   6.56638956       9.64199987E-12
   6.58305550       3.21800009E-09
   6.59972143       6.65400023E-07
   6.61638737       1.00300003E-05
   6.63305330       4.39899995E-05
   6.64971924       1.09599998E-04
   6.66638517       2.06800003E-04
   6.68305111       3.42799991E-04
   6.69971704       5.33199986E-04
   6.71638298       7.99999980E-04
   6.73304892       1.13800005E-03
   6.74971485       1.61799998E-03
   6.76638079       2.22999998E-03
   6.78304672       3.05399997E-03
   6.79971266       4.05000011E-03
   6.81637859       5.34000015E-03
   6.83304453       6.99299993E-03
   6.84971046       9.07600019E-03
   6.86637640       1.16800005E-02
   6.88304234       1.49800004E-02
   6.89970827       1.92200001E-02
   6.91637421       2.41899993E-02
   6.93304014       3.04600000E-02
   6.94970608       3.79699990E-02
   6.96637201       4.77400012E-02
   6.98303795       5.82900010E-02
   6.99970388       7.10600019E-02
   7.01636982       8.60499963E-02
   7.03303576      0.103600003    
   7.04970169      0.124100000    
   7.06636763      0.148399994    
   7.08303356      0.171299994    
   7.09969950      0.199200004    
   7.11636543      0.230599999    
   7.13303137      0.263500005    
   7.14969730      0.294499993    
   7.16636324      0.331900001    
   7.18302917      0.377099991    
   7.19969511      0.428600013    
   7.21636105      0.472000003    
   7.23302698      0.518400013    
   7.24969292      0.567399979    
   7.26635885      0.618600011    
   7.28302479      0.671999991    
   7.29969072      0.727400005    
   7.31635666      0.784699976    
   7.33302259      0.843800008    
   7.34968853      0.904600024    
   7.36635447      0.966899991    
   7.38302040       1.03100002    
   7.39968634       1.09599996    
   7.41635227       1.16299999    
   7.43301821       1.23199999    
   7.44968414       1.30100000    
   7.46635008       1.37199998    
   7.48301601       1.44500005    
   7.49968195       1.51800001    
   7.51634789       1.59300005    
   7.53301382       1.66900003    
   7.54967976       1.74600005    
   7.56634569       1.82500005    
   7.58301163       1.90400004    
   7.59967756       1.98399997    
   7.61634350       2.06599998    
   7.63300943       2.14899993    
   7.64967537       2.23200011    
   7.66634130       2.31699991    
   7.68300724       2.40300012    
   7.69967318       2.49000001    
   7.71633911       2.57800007    
   7.73300505       2.66700006    
   7.74967098       2.75699997    
   7.76633692       2.84800005    
   7.78300285       2.94000006    
   7.79966879       3.03299999    
   7.81633472       3.12700009    
   7.83300066       3.22199988    
   7.84966660       3.31800008    
   7.86633253       3.41499996    
   7.88299847       3.51300001    
   7.89966440       3.61199999    
   7.91633034       3.71199989    
   7.93299627       3.81299996    
   7.94966221       3.91499996    
   7.96632814       4.01800013    
   7.98299408       4.12200022    
   7.99966002       4.22700024    
   8.01632595       4.33300018    
   8.03299236       4.44000006    
   8.04965878       4.54799986    
   8.06632519       4.65700006    
   8.08299160       4.76700020    
   8.09965801       4.87799978    
   8.11632442       4.98999977    
   8.13299084       5.10300016    
   8.14965725       5.21799994    
   8.16632366       5.33300018    
   8.18299007       5.44899988    
   8.19965649       5.56599998    
   8.21632290       5.68400002    
   8.23298931       5.80299997    
   8.24965572       5.92299986    
   8.26632214       6.04400015    
   8.28298855       6.16499996    
   8.29965496       6.28800011    
   8.31632137       6.41200018    
   8.33298779       6.53700018    
   8.34965420       6.66200018    
   8.36632061       6.78900003    
   8.38298702       6.91599989    
   8.39965343       7.04400015    
   8.41631985       7.17299986    
   8.43298626       7.30299997    
   8.44965267       7.43400002    
   8.46631908       7.56599998    
   8.48298550       7.69899988    
   8.49965191       7.83199978    
   8.51631832       7.96600008    
   8.53298473       8.10099983    
   8.54965115       8.23700047    
   8.56631756       8.37399960    
   8.58298397       8.51099968    
   8.59965038       8.64900017    
   8.61631680       8.78800011    
   8.63298321       8.92800045    
   8.64964962       9.06799984    
   8.66631603       9.20899963    
   8.68298244       9.35099983    
   8.69964886       9.49300003    
   8.71631527       9.63599968    
   8.73298168       9.77999973    
   8.74964809       9.92399979    
   8.76631451       10.0699997    
   8.78298092       10.2100000    
   8.79964733       10.3599997    
   8.81631374       10.5100002    
   8.83298016       10.6499996    
   8.84964657       10.8000002    
   8.86631298       10.9499998    
   8.88297939       11.1000004    
   8.89964581       11.2500000    
   8.91631222       11.3999996    
   8.93297863       11.5500002    
   8.94964504       11.6999998    
   8.96631145       11.8500004    
   8.98297787       12.0000000    
   8.99964428       12.1499996    
   9.01631069       12.3100004    
   9.03297710       12.4600000    
   9.04964352       12.6099997    
   9.06630993       12.7600002    
   9.08297634       12.9200001    
   9.09964275       13.0699997    
   9.11630917       13.2299995    
   9.13297558       13.3800001    
   9.14964199       13.5400000    
   9.16630840       13.6899996    
   9.18297482       13.8500004    
   9.19964123       14.0000000    
   9.21630764       14.1599998    
   9.23297405       14.3100004    
   9.24964046       14.4700003    
   9.26630688       14.6300001    
   9.28297329       14.7799997    
   9.29963970       14.9399996    
   9.31630611       15.1000004    
   9.33297253       15.2500000    
   9.34963894       15.4099998    
   9.36630535       15.5699997    
   9.38297176       15.7200003    
   9.39963818       15.8800001    
   9.41630459       16.0400009    
   9.43297100       16.1900005    
   9.44963741       16.3500004    
   9.46630383       16.5100002    
   9.48297024       16.6700001    
   9.49963665       16.8199997    
   9.51630306       16.9799995    
   9.53296947       17.1399994    
   9.54963589       17.2900009    
   9.56630230       17.4500008    
   9.58296871       17.6100006    
   9.59963512       17.7600002    
   9.61630154       17.9200001    
   9.63296795       18.0699997    
   9.64963436       18.2299995    
   9.66630077       18.3899994    
   9.68296719       18.5400009    
   9.69963360       18.7000008    
   9.71630001       18.8500004    
   9.73296642       19.0100002    
   9.74963284       19.1599998    
   9.76629925       19.3199997    
   9.78296566       19.4699993    
   9.79963207       19.6299992    
   9.81629848       19.7800007    
   9.83296490       19.9300003    
   9.84963131       20.0900002    
   9.86629772       20.2399998    
   9.88296413       20.3899994    
   9.89963055       20.5400009    
   9.91629696       20.6900005    
   9.93296337       20.8500004    
   9.94962978       21.0000000    
   9.96629620       21.1499996    
   9.98296261       21.2999992    
   9.99962902       21.4500008    
   10.0162954       21.6000004    
   10.0329618       21.7500000    
   10.0496283       21.8899994    
   10.0662947       22.0400009    
   10.0829611       22.1900005    
   10.0996275       22.3400002    
   10.1162939       22.4799995    
   10.1329603       22.6299992    
   10.1496267       22.7800007    
   10.1662931       22.9200001    
   10.1829596       23.0599995    
   10.1996260       23.2099991    
   10.2162924       23.3500004    
   10.2329588       23.5000000    
   10.2496252       23.6399994    
   10.2662916       23.7800007    
   10.2829580       23.9200001    
   10.2996244       24.0599995    
   10.3162909       24.2000008    
   10.3329573       24.3400002    
   10.3496237       24.4799995    
   10.3662901       24.6200008    
   10.3829565       24.7500000    
   10.3996229       24.8899994    
   10.4162893       25.0300007    
   10.4329557       25.1599998    
   10.4496222       25.2999992    
   10.4662886       25.4300003    
   10.4829550       25.5699997    
   10.4996214       25.7000008    
   10.5162878       25.8299999    
   10.5329542       25.9599991    
   10.5496206       26.0900002    
   10.5662870       26.2199993    
   10.5829535       26.3500004    
   10.5996199       26.4799995    
   10.6162863       26.6100006    
   10.6329527       26.7299995    
   10.6496191       26.8600006    
   10.6662855       26.9899998    
   10.6829519       27.1100006    
   10.6996183       27.2299995    
   10.7162848       27.3600006    
   10.7329512       27.4799995    
   10.7496176       27.6000004    
   10.7662840       27.7199993    
   10.7829504       27.8400002    
   10.7996168       27.9599991    
   10.8162832       28.0799999    
   10.8329496       28.1900005    
   10.8496161       28.3099995    
   10.8662825       28.4300003    
   10.8829489       28.5400009    
   10.8996153       28.6499996    
   10.9162817       28.7700005    
   10.9329481       28.8799992    
   10.9496145       28.9899998    
   10.9662809       29.1000004    
   10.9829473       29.2099991    
   10.9996138       29.3199997    
   11.0162802       29.4200001    
   11.0329466       29.5300007    
   11.0496130       29.6399994    
   11.0662794       29.7399998    
   11.0829458       29.8400002    
   11.0996122       29.9500008    
   11.1162786       30.0499992    
   11.1329451       30.1499996    
   11.1496115       30.2500000    
   11.1662779       30.3500004    
   11.1829443       30.4400005    
   11.1996107       30.5400009    
   11.2162771       30.6399994    
   11.2329435       30.7299995    
   11.2496099       30.8299999    
   11.2662764       30.9200001    
   11.2829428       31.0100002    
   11.2996092       31.1000004    
   11.3162756       31.1900005    
   11.3329420       31.2800007    
   11.3496084       31.3700008    
   11.3662748       31.4500008    
   11.3829412       31.5400009    
   11.3996077       31.6200008    
   11.4162741       31.7099991    
   11.4329405       31.7900009    
   11.4496069       31.8700008    
   11.4662733       31.9500008    
   11.4829397       32.0299988    
   11.4996061       32.1100006    
   11.5162725       32.1899986    
   11.5329390       32.2599983    
   11.5496054       32.3400002    
   11.5662718       32.4099998    
   11.5829382       32.4799995    
   11.5996046       32.5499992    
   11.6162710       32.6300011    
   11.6329374       32.6899986    
   11.6496038       32.7599983    
   11.6662703       32.8300018    
   11.6829367       32.9000015    
   11.6996031       32.9599991    
   11.7162695       33.0299988    
   11.7329359       33.0900002    
   11.7496023       33.1500015    
   11.7662687       33.2099991    
   11.7829351       33.2700005    
   11.7996016       33.3300018    
   11.8162680       33.3899994    
   11.8329344       33.4399986    
   11.8496008       33.5000000    
   11.8662672       33.5499992    
   11.8829336       33.5999985    
   11.8996000       33.6500015    
   11.9162664       33.7099991    
   11.9329329       33.7500000    
   11.9495993       33.7999992    
   11.9662657       33.8499985    
   11.9829321       33.8899994    
   11.9995985       33.9399986    
   12.0162649       33.9799995    
   12.0329313       34.0200005    
   12.0495977       34.0699997    
   12.0662642       34.1100006    
   12.0829306       34.1399994    
   12.0995970       34.1800003    
   12.1162634       34.2200012    
   12.1329298       34.2500000    
   12.1495962       34.2900009    
   12.1662626       34.3199997    
   12.1829290       34.3499985    
   12.1995955       34.3800011    
   12.2162619       34.4099998    
   12.2329283       34.4399986    
   12.2495947       34.4700012    
   12.2662611       34.4900017    
   12.2829275       34.5200005    
   12.2995939       34.5400009    
   12.3162603       34.5600014    
   12.3329268       34.5800018    
   12.3495932       34.5999985    
   12.3662596       34.6199989    
   12.3829260       34.6399994    
   12.3995924       34.6500015    
   12.4162588       34.6699982    
   12.4329252       34.6800003    
   12.4495916       34.7000008    
   12.4662580       34.7099991    
   12.4829245       34.7200012    
   12.4995909       34.7299995    
   12.5162573       34.7299995    
   12.5329237       34.7400017    
   12.5495901       34.7500000    
   12.5662565       34.7500000    
   12.5829229       34.7500000    
   12.5995893       34.7500000    
   12.6162558       34.7599983    
   12.6329222       34.7500000    
   12.6495886       34.7500000    
   12.6662550       34.7500000    
   12.6829214       34.7500000    
   12.6995878       34.7400017    
   12.7162542       34.7299995    
   12.7329206       34.7200012    
   12.7495871       34.7200012    
   12.7662535       34.7099991    
   12.7829199       34.6899986    
   12.7995863       34.6800003    
   12.8162527       34.6699982    
   12.8329191       34.6500015    
   12.8495855       34.6399994    
   12.8662519       34.6199989    
   12.8829184       34.5999985    
   12.8995848       34.5800018    
   12.9162512       34.5600014    
   12.9329176       34.5400009    
   12.9495840       34.5099983    
   12.9662504       34.4900017    
   12.9829168       34.4599991    
   12.9995832       34.4399986    
   13.0162497       34.4099998    
   13.0329161       34.3800011    
   13.0495825       34.3499985    
   13.0662489       34.3100014    
   13.0829153       34.2799988    
   13.0995817       34.2500000    
   13.1162481       34.2099991    
   13.1329145       34.1800003    
   13.1495810       34.1399994    
   13.1662474       34.0999985    
   13.1829138       34.0600014    
   13.1995802       34.0200005    
   13.2162466       33.9799995    
   13.2329130       33.9300003    
   13.2495794       33.8899994    
   13.2662458       33.8400002    
   13.2829123       33.7900009    
   13.2995787       33.7500000    
   13.3162451       33.7000008    
   13.3329115       33.6500015    
   13.3495779       33.5900002    
   13.3662443       33.5400009    
   13.3829107       33.4900017    
   13.3995771       33.4300003    
   13.4162436       33.3800011    
   13.4329100       33.3199997    
   13.4495764       33.2599983    
   13.4662428       33.2000008    
   13.4829092       33.1399994    
   13.4995756       33.0800018    
   13.5162420       33.0200005    
   13.5329084       32.9500008    
   13.5495749       32.8899994    
   13.5662413       32.8199997    
   13.5829077       32.7500000    
   13.5995741       32.6800003    
   13.6162405       32.6100006    
   13.6329069       32.5400009    
   13.6495733       32.4700012    
   13.6662397       32.4000015    
   13.6829062       32.3199997    
   13.6995726       32.2500000    
   13.7162390       32.1699982    
   13.7329054       32.0999985    
   13.7495718       32.0200005    
   13.7662382       31.9400005    
   13.7829046       31.8600006    
   13.7995710       31.7800007    
   13.8162374       31.6900005    
   13.8329039       31.6100006    
   13.8495703       31.5200005    
   13.8662367       31.4400005    
   13.8829031       31.3500004    
   13.8995695       31.2600002    
   13.9162359       31.1800003    
   13.9329023       31.0900002    
   13.9495687       30.9899998    
   13.9662352       30.8999996    
   13.9829016       30.8099995    
   13.9995680       30.7199993    
   14.0162344       30.6200008    
   14.0329008       30.5300007    
   14.0495672       30.4300003    
   14.0662336       30.3299999    
   14.0829000       30.2299995    
   14.0995665       30.1299992    
   14.1162329       30.0300007    
   14.1328993       29.9300003    
   14.1495657       29.8299999    
   14.1662321       29.7199993    
   14.1828985       29.6200008    
   14.1995649       29.5100002    
   14.2162313       29.4099998    
   14.2328978       29.2999992    
   14.2495642       29.1900005    
   14.2662306       29.0799999    
   14.2828970       28.9699993    
   14.2995634       28.8600006    
   14.3162298       28.7500000    
   14.3328962       28.6299992    
   14.3495626       28.5200005    
   14.3662291       28.4099998    
   14.3828955       28.2900009    
   14.3995619       28.1700001    
   14.4162283       28.0599995    
   14.4328947       27.9400005    
   14.4495611       27.8199997    
   14.4662275       27.7000008    
   14.4828939       27.5799999    
   14.4995604       27.4599991    
   14.5162268       27.3400002    
   14.5328932       27.2099991    
   14.5495596       27.0900002    
   14.5662260       26.9599991    
   14.5828924       26.8400002    
   14.5995588       26.7099991    
   14.6162252       26.5900002    
   14.6328917       26.4599991    
   14.6495581       26.3299999    
   14.6662245       26.2000008    
   14.6828909       26.0699997    
   14.6995573       25.9400005    
   14.7162237       25.8099995    
   14.7328901       25.6800003    
   14.7495565       25.5400009    
   14.7662230       25.4099998    
   14.7828894       25.2800007    
   14.7995558       25.1399994    
   14.8162222       25.0100002    
   14.8328886       24.8700008    
   14.8495550       24.7299995    
   14.8662214       24.5900002    
   14.8828878       24.4599991    
   14.8995543       24.3199997    
   14.9162207       24.1800003    
   14.9328871       24.0400009    
   14.9495535       23.8999996    
   14.9662199       23.7600002    
   14.9828863       23.6100006    
   14.9995527       23.4699993    
   15.0162191       23.3299999    
   15.0328856       23.1800003    
   15.0495520       23.0400009    
   15.0662184       22.8999996    
   15.0828848       22.7500000    
   15.0995512       22.6100006    
   15.1162176       22.4599991    
   15.1328840       22.3099995    
   15.1495504       22.1700001    
   15.1662169       22.0200005    
   15.1828833       21.8700008    
   15.1995497       21.7199993    
   15.2162161       21.5699997    
   15.2328825       21.4200001    
   15.2495489       21.2700005    
   15.2662153       21.1200008    
   15.2828817       20.9699993    
   15.2995481       20.8199997    
   15.3162146       20.6700001    
   15.3328810       20.5200005    
   15.3495474       20.3700008    
   15.3662138       20.2099991    
   15.3828802       20.0599995    
   15.3995466       19.9099998    
   15.4162130       19.7500000    
   15.4328794       19.6000004    
   15.4495459       19.4500008    
   15.4662123       19.2900009    
   15.4828787       19.1399994    
   15.4995451       18.9799995    
   15.5162115       18.8299999    
   15.5328779       18.6700001    
   15.5495443       18.5200005    
   15.5662107       18.3600006    
   15.5828772       18.2000008    
   15.5995436       18.0499992    
   15.6162100       17.8899994    
   15.6328764       17.7399998    
   15.6495428       17.5799999    
   15.6662092       17.4200001    
   15.6828756       17.2700005    
   15.6995420       17.1100006    
   15.7162085       16.9500008    
   15.7328749       16.7999992    
   15.7495413       16.6399994    
   15.7662077       16.4799995    
   15.7828741       16.3199997    
   15.7995405       16.1700001    
   15.8162069       16.0100002    
   15.8328733       15.8500004    
   15.8495398       15.6999998    
   15.8662062       15.5400000    
   15.8828726       15.3800001    
   15.8995390       15.2299995    
   15.9162054       15.0699997    
   15.9328718       14.9099998    
   15.9495382       14.7600002    
   15.9662046       14.6000004    
   15.9828711       14.4399996    
   15.9995375       14.2900000    
   16.0162029       14.1300001    
   16.0328693       13.9799995    
   16.0495358       13.8199997    
   16.0662022       13.6599998    
   16.0828686       13.5100002    
   16.0995350       13.3599997    
   16.1162014       13.1999998    
   16.1328678       13.0500002    
   16.1495342       12.8900003    
   16.1662006       12.7399998    
   16.1828671       12.5900002    
   16.1995335       12.4300003    
   16.2161999       12.2799997    
   16.2328663       12.1300001    
   16.2495327       11.9799995    
   16.2661991       11.8199997    
   16.2828655       11.6700001    
   16.2995319       11.5200005    
   16.3161983       11.3699999    
   16.3328648       11.2200003    
   16.3495312       11.0699997    
   16.3661976       10.9300003    
   16.3828640       10.7799997    
   16.3995304       10.6300001    
   16.4161968       10.4799995    
   16.4328632       10.3400002    
   16.4495296       10.1899996    
   16.4661961       10.0400000    
   16.4828625       9.89900017    
   16.4995289       9.75500011    
   16.5161953       9.61100006    
   16.5328617       9.46800041    
   16.5495281       9.32600021    
   16.5661945       9.18500042    
   16.5828609       9.04399967    
   16.5995274       8.90400028    
   16.6161938       8.76399994    
   16.6328602       8.62500000    
   16.6495266       8.48700047    
   16.6661930       8.35000038    
   16.6828594       8.21399975    
   16.6995258       8.07800007    
   16.7161922       7.94299984    
   16.7328587       7.80900002    
   16.7495251       7.67600012    
   16.7661915       7.54300022    
   16.7828579       7.41099977    
   16.7995243       7.28100014    
   16.8161907       7.15100002    
   16.8328571       7.02199984    
   16.8495235       6.89400005    
   16.8661900       6.76599979    
   16.8828564       6.63999987    
   16.8995228       6.51499987    
   16.9161892       6.38999987    
   16.9328556       6.26700020    
   16.9495220       6.14400005    
   16.9661884       6.02199984    
   16.9828548       5.90199995    
   16.9995213       5.78200006    
   17.0161877       5.66300011    
   17.0328541       5.54500008    
   17.0495205       5.42799997    
   17.0661869       5.31199980    
   17.0828533       5.19700003    
   17.0995197       5.08300018    
   17.1161861       4.97100019    
   17.1328526       4.85900021    
   17.1495190       4.74800014    
   17.1661854       4.63800001    
   17.1828518       4.52899981    
   17.1995182       4.42100000    
   17.2161846       4.31400013    
   17.2328510       4.20800018    
   17.2495174       4.10300016    
   17.2661839       4.00000000    
   17.2828503       3.89700007    
   17.2995167       3.79500008    
   17.3161831       3.69400001    
   17.3328495       3.59400010    
   17.3495159       3.49499989    
   17.3661823       3.39700007    
   17.3828487       3.30100012    
   17.3995152       3.20499992    
   17.4161816       3.10999990    
   17.4328480       3.01600003    
   17.4495144       2.92300010    
   17.4661808       2.83200002    
   17.4828472       2.74099994    
   17.4995136       2.65100002    
   17.5161800       2.56200004    
   17.5328465       2.47499990    
   17.5495129       2.38800001    
   17.5661793       2.30200005    
   17.5828457       2.21799994    
   17.5995121       2.13400006    
   17.6161785       2.05100012    
   17.6328449       1.97000003    
   17.6495113       1.88999999    
   17.6661777       1.80999994    
   17.6828442       1.73199999    
   17.6995106       1.65499997    
   17.7161770       1.58000004    
   17.7328434       1.50500000    
   17.7495098       1.43200004    
   17.7661762       1.36000001    
   17.7828426       1.28900003    
   17.7995090       1.21899998    
   17.8161755       1.15100002    
   17.8328419       1.08500004    
   17.8495083       1.01900005    
   17.8661747      0.955699980    
   17.8828411      0.893599987    
   17.8995075      0.833000004    
   17.9161739      0.774299979    
   17.9328403      0.717299998    
   17.9495068      0.662199974    
   17.9661732      0.609300017    
   17.9828396      0.558399975    
   17.9995060      0.509800017    
   18.0161724      0.463900000    
   18.0328388      0.421099991    
   18.0495052      0.368299991    
   18.0661716      0.324600011    
   18.0828381      0.288500011    
   18.0995045      0.258399993    
   18.1161709      0.223100007    
   18.1328373      0.194900006    
   18.1495037      0.165999994    
   18.1661701      0.145199999    
   18.1828365      0.121100001    
   18.1995029      0.100800000    
   18.2161694       8.35400000E-02
   18.2328358       6.89100027E-02
   18.2495022       5.66500016E-02
   18.2661686       4.56399992E-02
   18.2828350       3.64399999E-02
   18.2995014       2.95299999E-02
   18.3161678       2.31100004E-02
   18.3328342       1.84400007E-02
   18.3495007       1.44499997E-02
   18.3661671       1.12100001E-02
   18.3828335       8.66900012E-03
   18.3994999       6.67499984E-03
   18.4161663       5.11199981E-03
   18.4328327       3.89300007E-03
   18.4494991       2.86699994E-03
   18.4661655       2.11100001E-03
   18.4828320       1.51700003E-03
   18.4994984       1.07500004E-03
   18.5161648       7.34300003E-04
   18.5328312       4.89500002E-04
   18.5494976       3.13400000E-04
   18.5661640       1.85600002E-04
   18.5828304       9.37899968E-05
   18.5994968       3.40500010E-05
   18.6161633       7.26899998E-06
   18.6328297       3.06099992E-07
   18.6494961       1.05700004E-09
   18.6661625       2.91999996E-12
   18.6828289       2.14200000E-15
   18.6994953       2.04100005E-19
   18.7161617       1.40129846E-44
   18.7328281       0.00000000    
   18.7494946       0.00000000    
   18.7661610       0.00000000    
   18.7828274       0.00000000    
   18.7994938       0.00000000    
   18.8161602       0.00000000    
   18.8328266       0.00000000    
   18.8494930       0.00000000    
   18.8661594       0.00000000    
   18.8828259       0.00000000    
   18.8994923       0.00000000    
   18.9161587       0.00000000    
   18.9328251       0.00000000    
   18.9494915       0.00000000    
   18.9661579       0.00000000    
   18.9828243       0.00000000    
   18.9994907       0.00000000    
   19.0161572       0.00000000    
   19.0328236       0.00000000    
   19.0494900       0.00000000    
   19.0661564       0.00000000    
   19.0828228       0.00000000    
   19.0994892       0.00000000    
   19.1161556       0.00000000    
   19.1328220       0.00000000    
   19.1494884       0.00000000    
   19.1661549       0.00000000    
   19.1828213       0.00000000    
   19.1994877       0.00000000    
   19.2161541       0.00000000    
   19.2328205       0.00000000    
   19.2494869       0.00000000    
   19.2661533       0.00000000    
   19.2828197       0.00000000    
   19.2994862       0.00000000    
   19.3161526       0.00000000    
   19.3328190       0.00000000    
   19.3494854       0.00000000    
   19.3661518       0.00000000    
   19.3828182       0.00000000    
   19.3994846       0.00000000    
   19.4161510       0.00000000    
   19.4328175       0.00000000    
   19.4494839       0.00000000    
   19.4661503       0.00000000    
   19.4828167       0.00000000    
   19.4994831       0.00000000    
   19.5161495       0.00000000    
   19.5328159       0.00000000    
   19.5494823       0.00000000    
   19.5661488       0.00000000    
   19.5828152       0.00000000    
   19.5994816       0.00000000    
   19.6161480       0.00000000    
   19.6328144       0.00000000    
   19.6494808       0.00000000    
   19.6661472       0.00000000    
   19.6828136       0.00000000    
   19.6994801       0.00000000    
   19.7161465       0.00000000    
   19.7328129       0.00000000    
   19.7494793       0.00000000    
   19.7661457       0.00000000    
   19.7828121       0.00000000    
   19.7994785       0.00000000    
   19.8161449       0.00000000    
   19.8328114       0.00000000    
   19.8494778       0.00000000    
   19.8661442       0.00000000    
   19.8828106       0.00000000    
   19.8994770       0.00000000    
   19.9161434       0.00000000    
   19.9328098       0.00000000    
   19.9494762       0.00000000    
   19.9661427       0.00000000    
   19.9828091       0.00000000    
   19.9994755       0.00000000    
   20.0161419       0.00000000    
   20.0328083       0.00000000    
   20.0494747       0.00000000    
   20.0661411       0.00000000    
   20.0828075       0.00000000    
   20.0994740       0.00000000    
   20.1161404       0.00000000    
   20.1328068       0.00000000    
   20.1494732       0.00000000    
   20.1661396       0.00000000    
   20.1828060       0.00000000    
   20.1994724       0.00000000    
   20.2161388       0.00000000    
   20.2328053       0.00000000    
   20.2494717       0.00000000    
   20.2661381       0.00000000    
   20.2828045       0.00000000    
   20.2994709       0.00000000    
   20.3161373       0.00000000    
   20.3328037       0.00000000    
   20.3494701       0.00000000    
   20.3661366       0.00000000    
   20.3828030       0.00000000    
   20.3994694       0.00000000    
   20.4161358       0.00000000    
   20.4328022       0.00000000    
   20.4494686       0.00000000    
   20.4661350       0.00000000    
   20.4828014       0.00000000    
   20.4994678       0.00000000    
   20.5161343       0.00000000    
   20.5328007       0.00000000    
   20.5494671       0.00000000    
   20.5661335       0.00000000    
   20.5827999       0.00000000    
   20.5994663       0.00000000    
   20.6161327       0.00000000    
   20.6327991       0.00000000    
   20.6494656       0.00000000    
   20.6661320       0.00000000    
   20.6827984       0.00000000    
   20.6994648       0.00000000    
   20.7161312       0.00000000    
   20.7327976       0.00000000    
   20.7494640       0.00000000    
   20.7661304       0.00000000    
   20.7827969       0.00000000    
   20.7994633       0.00000000    
   20.8161297       0.00000000    
   20.8327961       0.00000000    
   20.8494625       0.00000000    
   20.8661289       0.00000000    
   20.8827953       0.00000000    
   20.8994617       0.00000000    
   20.9161282       0.00000000    
   20.9327946       0.00000000    
   20.9494610       0.00000000    
   20.9661274       0.00000000    
   20.9827938       0.00000000    
   20.9994602       0.00000000    
   21.0161266       0.00000000    
   21.0327930       0.00000000    
   21.0494595       0.00000000    
   21.0661259       0.00000000    
   21.0827923       0.00000000    
   21.0994587       0.00000000    
   21.1161251       0.00000000    
   21.1327915       0.00000000    
   21.1494579       0.00000000    
   21.1661243       0.00000000    
   21.1827908       0.00000000    
   21.1994572       0.00000000    
   21.2161236       0.00000000    
   21.2327900       0.00000000    
   21.2494564       0.00000000    
   21.2661228       0.00000000    
   21.2827892       0.00000000    
   21.2994556       0.00000000    
   21.3161221       0.00000000    
   21.3327885       0.00000000    
   21.3494549       0.00000000    
   21.3661213       0.00000000    
   21.3827877       0.00000000    
   21.3994541       0.00000000    
   21.4161205       0.00000000    
   21.4327869       0.00000000    
   21.4494534       0.00000000    
   21.4661198       0.00000000    
   21.4827862       0.00000000    
   21.4994526       0.00000000    
   21.5161190       0.00000000    
   21.5327854       0.00000000    
   21.5494518       0.00000000    
   21.5661182       0.00000000    
   21.5827847       0.00000000    
   21.5994511       0.00000000    
   21.6161175       0.00000000    
   21.6327839       0.00000000    
   21.6494503       0.00000000    
   21.6661167       0.00000000    
   21.6827831       0.00000000    
   21.6994495       0.00000000    
   21.7161160       0.00000000    
   21.7327824       0.00000000    
   21.7494488       0.00000000    
   21.7661152       0.00000000    
   21.7827816       0.00000000    
   21.7994480       0.00000000    
   21.8161144       0.00000000    
   21.8327808       0.00000000    
   21.8494473       0.00000000    
   21.8661137       0.00000000    
   21.8827801       0.00000000    
   21.8994465       0.00000000    
   21.9161129       0.00000000    
   21.9327793       0.00000000    
   21.9494457       0.00000000    
   21.9661121       0.00000000    
   21.9827785       0.00000000    
   21.9994450       0.00000000    
   22.0161114       0.00000000    
   22.0327778       0.00000000    
   22.0494442       0.00000000    
   22.0661106       0.00000000    
   22.0827770       0.00000000    
   22.0994434       0.00000000    
   22.1161098       0.00000000    
   22.1327763       0.00000000    
   22.1494427       0.00000000    
   22.1661091       0.00000000    
   22.1827755       0.00000000    
   22.1994419       0.00000000    
   22.2161083       0.00000000    
   22.2327747       0.00000000    
   22.2494411       0.00000000    
   22.2661076       0.00000000    
   22.2827740       0.00000000    
   22.2994404       0.00000000    
   22.3161068       0.00000000    
   22.3327732       0.00000000    
   22.3494396       0.00000000    
   22.3661060       0.00000000    
   22.3827724       0.00000000    
   22.3994389       0.00000000    
   22.4161053       0.00000000    
   22.4327717       0.00000000    
   22.4494381       0.00000000    
   22.4661045       0.00000000    
   22.4827709       0.00000000    
   22.4994373       0.00000000    
   22.5161037       0.00000000    
   22.5327702       0.00000000    
   22.5494366       0.00000000    
   22.5661030       0.00000000    
   22.5827694       0.00000000    
   22.5994358       0.00000000    
   22.6161022       0.00000000    
   22.6327686       0.00000000    
   22.6494350       0.00000000    
   22.6661015       0.00000000    
   22.6827679       0.00000000    
   22.6994343       0.00000000    
   22.7161007       0.00000000    
   22.7327671       0.00000000    
   22.7494335       0.00000000    
   22.7660999       0.00000000    
   22.7827663       0.00000000    
   22.7994328       0.00000000    
   22.8160992       0.00000000    
   22.8327656       0.00000000    
   22.8494320       0.00000000    
   22.8660984       0.00000000    
   22.8827648       0.00000000    
   22.8994312       0.00000000    
   22.9160976       0.00000000    
   22.9327641       0.00000000    
   22.9494305       0.00000000    
   22.9660969       0.00000000    
   22.9827633       0.00000000    
   22.9994297       0.00000000    
   23.0160961       0.00000000    
   23.0327625       0.00000000    
   23.0494289       0.00000000    
   23.0660954       0.00000000    
   23.0827618       0.00000000    
   23.0994282       0.00000000    
   23.1160946       0.00000000    
   23.1327610       0.00000000    
   23.1494274       0.00000000    
   23.1660938       0.00000000    
   23.1827602       0.00000000    
   23.1994267       0.00000000    
   23.2160931       0.00000000    
   23.2327595       0.00000000    
   23.2494259       0.00000000    
   23.2660923       0.00000000    
   23.2827587       0.00000000    
   23.2994251       0.00000000    
   23.3160915       0.00000000    
   23.3327579       0.00000000    
   23.3494244       0.00000000    
   23.3660908       0.00000000    
   23.3827572       0.00000000    
   23.3994236       0.00000000    
   23.4160900       0.00000000    
   23.4327564       0.00000000    
   23.4494228       0.00000000    
   23.4660892       0.00000000    
   23.4827557       0.00000000    
   23.4994221       0.00000000    
   23.5160885       0.00000000    
   23.5327549       0.00000000    
   23.5494213       0.00000000    
   23.5660877       0.00000000    
   23.5827541       0.00000000    
   23.5994205       0.00000000    
   23.6160870       0.00000000    
   23.6327534       0.00000000    
   23.6494198       0.00000000    
   23.6660862       0.00000000    
   23.6827526       0.00000000    
   23.6994190       0.00000000    
   23.7160854       0.00000000    
   23.7327518       0.00000000    
   23.7494183       0.00000000    
   23.7660847       0.00000000    
   23.7827511       0.00000000    
   23.7994175       0.00000000    
   23.8160839       0.00000000    
   23.8327503       0.00000000    
   23.8494167       0.00000000    
   23.8660831       0.00000000    
   23.8827496       0.00000000    
   23.8994160       0.00000000    
   23.9160824       0.00000000    
   23.9327488       0.00000000    
   23.9494152       0.00000000    
   23.9660816       0.00000000    
   23.9827480       0.00000000    
