   0.00000000       0.00000000    
   1.66660007E-02   0.00000000    
   3.33320014E-02   0.00000000    
   4.99980003E-02   0.00000000    
   6.66640028E-02   0.00000000    
   8.33300054E-02   0.00000000    
   9.99960080E-02   0.00000000    
  0.116662011       0.00000000    
  0.133328006       0.00000000    
  0.149994001       0.00000000    
  0.166659996       0.00000000    
  0.183325991       0.00000000    
  0.199991986       0.00000000    
  0.216657981       0.00000000    
  0.233323976       0.00000000    
  0.249989972       0.00000000    
  0.266655982       0.00000000    
  0.283321977       0.00000000    
  0.299987972       0.00000000    
  0.316653967       0.00000000    
  0.333319962       0.00000000    
  0.349985957       0.00000000    
  0.366651952       0.00000000    
  0.383317947       0.00000000    
  0.399983943       0.00000000    
  0.416649938       0.00000000    
  0.433315933       0.00000000    
  0.449981928       0.00000000    
  0.466647923       0.00000000    
  0.483313918       0.00000000    
  0.499979913       0.00000000    
  0.516645908       0.00000000    
  0.533311903       0.00000000    
  0.549977899       0.00000000    
  0.566643894       0.00000000    
  0.583309889       0.00000000    
  0.599975884       0.00000000    
  0.616641879       0.00000000    
  0.633307874       0.00000000    
  0.649973869       0.00000000    
  0.666639864       0.00000000    
  0.683305860       0.00000000    
  0.699971855       0.00000000    
  0.716637850       0.00000000    
  0.733303845       0.00000000    
  0.749969840       0.00000000    
  0.766635835       0.00000000    
  0.783301830       0.00000000    
  0.799967825       0.00000000    
  0.816633821       0.00000000    
  0.833299816       0.00000000    
  0.849965811       0.00000000    
  0.866631806       0.00000000    
  0.883297801       0.00000000    
  0.899963796       0.00000000    
  0.916629791       0.00000000    
  0.933295786       0.00000000    
  0.949961782       0.00000000    
  0.966627777       0.00000000    
  0.983293772       0.00000000    
  0.999959767       0.00000000    
   1.01662576       0.00000000    
   1.03329182       0.00000000    
   1.04995787       0.00000000    
   1.06662393       0.00000000    
   1.08328998       0.00000000    
   1.09995604       0.00000000    
   1.11662209       0.00000000    
   1.13328815       0.00000000    
   1.14995420       0.00000000    
   1.16662025       0.00000000    
   1.18328631       0.00000000    
   1.19995236       0.00000000    
   1.21661842       0.00000000    
   1.23328447       0.00000000    
   1.24995053       0.00000000    
   1.26661658       0.00000000    
   1.28328264       0.00000000    
   1.29994869       0.00000000    
   1.31661475       0.00000000    
   1.33328080       0.00000000    
   1.34994686       0.00000000    
   1.36661291       0.00000000    
   1.38327897       0.00000000    
   1.39994502       0.00000000    
   1.41661108       0.00000000    
   1.43327713       0.00000000    
   1.44994318       0.00000000    
   1.46660924       0.00000000    
   1.48327529       0.00000000    
   1.49994135       0.00000000    
   1.51660740       0.00000000    
   1.53327346       0.00000000    
   1.54993951       0.00000000    
   1.56660557       0.00000000    
   1.58327162       0.00000000    
   1.59993768       0.00000000    
   1.61660373       0.00000000    
   1.63326979       0.00000000    
   1.64993584       0.00000000    
   1.66660190       0.00000000    
   1.68326795       0.00000000    
   1.69993401       0.00000000    
   1.71660006       0.00000000    
   1.73326612       0.00000000    
   1.74993217       0.00000000    
   1.76659822       0.00000000    
   1.78326428       0.00000000    
   1.79993033       0.00000000    
   1.81659639       0.00000000    
   1.83326244       0.00000000    
   1.84992850       0.00000000    
   1.86659455       0.00000000    
   1.88326061       0.00000000    
   1.89992666       0.00000000    
   1.91659272       0.00000000    
   1.93325877       0.00000000    
   1.94992483       0.00000000    
   1.96659088       0.00000000    
   1.98325694       0.00000000    
   1.99992299       0.00000000    
   2.01658893       0.00000000    
   2.03325486       0.00000000    
   2.04992080       0.00000000    
   2.06658673       0.00000000    
   2.08325267       0.00000000    
   2.09991860       0.00000000    
   2.11658454       0.00000000    
   2.13325047       0.00000000    
   2.14991641       0.00000000    
   2.16658235       0.00000000    
   2.18324828       0.00000000    
   2.19991422       0.00000000    
   2.21658015       0.00000000    
   2.23324609       0.00000000    
   2.24991202       0.00000000    
   2.26657796       0.00000000    
   2.28324389       0.00000000    
   2.29990983       0.00000000    
   2.31657577       0.00000000    
   2.33324170       0.00000000    
   2.34990764       0.00000000    
   2.36657357       0.00000000    
   2.38323951       0.00000000    
   2.39990544       0.00000000    
   2.41657138       0.00000000    
   2.43323731       0.00000000    
   2.44990325       0.00000000    
   2.46656919       0.00000000    
   2.48323512       0.00000000    
   2.49990106       0.00000000    
   2.51656699       0.00000000    
   2.53323293       0.00000000    
   2.54989886       0.00000000    
   2.56656480       0.00000000    
   2.58323073       0.00000000    
   2.59989667       0.00000000    
   2.61656260       0.00000000    
   2.63322854       0.00000000    
   2.64989448       0.00000000    
   2.66656041       0.00000000    
   2.68322635       0.00000000    
   2.69989228       0.00000000    
   2.71655822       0.00000000    
   2.73322415       0.00000000    
   2.74989009       0.00000000    
   2.76655602       0.00000000    
   2.78322196       0.00000000    
   2.79988790       0.00000000    
   2.81655383       0.00000000    
   2.83321977       0.00000000    
   2.84988570       0.00000000    
   2.86655164       0.00000000    
   2.88321757       0.00000000    
   2.89988351       0.00000000    
   2.91654944       0.00000000    
   2.93321538       0.00000000    
   2.94988132       0.00000000    
   2.96654725       0.00000000    
   2.98321319       0.00000000    
   2.99987912       0.00000000    
   3.01654506       0.00000000    
   3.03321099       0.00000000    
   3.04987693       0.00000000    
   3.06654286       0.00000000    
   3.08320880       0.00000000    
   3.09987473       0.00000000    
   3.11654067       0.00000000    
   3.13320661       0.00000000    
   3.14987254       0.00000000    
   3.16653848       0.00000000    
   3.18320441       0.00000000    
   3.19987035       0.00000000    
   3.21653628       0.00000000    
   3.23320222       0.00000000    
   3.24986815       0.00000000    
   3.26653409       0.00000000    
   3.28320003       0.00000000    
   3.29986596       0.00000000    
   3.31653190       0.00000000    
   3.33319783       0.00000000    
   3.34986377       0.00000000    
   3.36652970       0.00000000    
   3.38319564       0.00000000    
   3.39986157       0.00000000    
   3.41652751       0.00000000    
   3.43319345       0.00000000    
   3.44985938       0.00000000    
   3.46652532       0.00000000    
   3.48319125       0.00000000    
   3.49985719       0.00000000    
   3.51652312       0.00000000    
   3.53318906       0.00000000    
   3.54985499       0.00000000    
   3.56652093       0.00000000    
   3.58318686       0.00000000    
   3.59985280       0.00000000    
   3.61651874       0.00000000    
   3.63318467       0.00000000    
   3.64985061       0.00000000    
   3.66651654       0.00000000    
   3.68318248       0.00000000    
   3.69984841       0.00000000    
   3.71651435       0.00000000    
   3.73318028       0.00000000    
   3.74984622       0.00000000    
   3.76651216       0.00000000    
   3.78317809       0.00000000    
   3.79984403       0.00000000    
   3.81650996       0.00000000    
   3.83317590       0.00000000    
   3.84984183       0.00000000    
   3.86650777       0.00000000    
   3.88317370       0.00000000    
   3.89983964       0.00000000    
   3.91650558       0.00000000    
   3.93317151       0.00000000    
   3.94983745       0.00000000    
   3.96650338       0.00000000    
   3.98316932       0.00000000    
   3.99983525       0.00000000    
   4.01650143       0.00000000    
   4.03316736       0.00000000    
   4.04983330       0.00000000    
   4.06649923       0.00000000    
   4.08316517       0.00000000    
   4.09983110       0.00000000    
   4.11649704       0.00000000    
   4.13316298       0.00000000    
   4.14982891       0.00000000    
   4.16649485       0.00000000    
   4.18316078       0.00000000    
   4.19982672       0.00000000    
   4.21649265       0.00000000    
   4.23315859       0.00000000    
   4.24982452       0.00000000    
   4.26649046       0.00000000    
   4.28315639       0.00000000    
   4.29982233       0.00000000    
   4.31648827       0.00000000    
   4.33315420       0.00000000    
   4.34982014       0.00000000    
   4.36648607       0.00000000    
   4.38315201       0.00000000    
   4.39981794       0.00000000    
   4.41648388       0.00000000    
   4.43314981       0.00000000    
   4.44981575       0.00000000    
   4.46648169       0.00000000    
   4.48314762       0.00000000    
   4.49981356       0.00000000    
   4.51647949       0.00000000    
   4.53314543       0.00000000    
   4.54981136       0.00000000    
   4.56647730       0.00000000    
   4.58314323       0.00000000    
   4.59980917       0.00000000    
   4.61647511       0.00000000    
   4.63314104       0.00000000    
   4.64980698       0.00000000    
   4.66647291       0.00000000    
   4.68313885       0.00000000    
   4.69980478       0.00000000    
   4.71647072       0.00000000    
   4.73313665       0.00000000    
   4.74980259       0.00000000    
   4.76646852       0.00000000    
   4.78313446       0.00000000    
   4.79980040       0.00000000    
   4.81646633       0.00000000    
   4.83313227       0.00000000    
   4.84979820       0.00000000    
   4.86646414       0.00000000    
   4.88313007       0.00000000    
   4.89979601       0.00000000    
   4.91646194       0.00000000    
   4.93312788       0.00000000    
   4.94979382       0.00000000    
   4.96645975       0.00000000    
   4.98312569       0.00000000    
   4.99979162       0.00000000    
   5.01645756       0.00000000    
   5.03312349       0.00000000    
   5.04978943       0.00000000    
   5.06645536       0.00000000    
   5.08312130       0.00000000    
   5.09978724       0.00000000    
   5.11645317       0.00000000    
   5.13311911       0.00000000    
   5.14978504       0.00000000    
   5.16645098       0.00000000    
   5.18311691       0.00000000    
   5.19978285       0.00000000    
   5.21644878       0.00000000    
   5.23311472       0.00000000    
   5.24978065       0.00000000    
   5.26644659       0.00000000    
   5.28311253       0.00000000    
   5.29977846       0.00000000    
   5.31644440       0.00000000    
   5.33311033       0.00000000    
   5.34977627       0.00000000    
   5.36644220       0.00000000    
   5.38310814       0.00000000    
   5.39977407       0.00000000    
   5.41644001       0.00000000    
   5.43310595       0.00000000    
   5.44977188       0.00000000    
   5.46643782       0.00000000    
   5.48310375       0.00000000    
   5.49976969       0.00000000    
   5.51643562       0.00000000    
   5.53310156       0.00000000    
   5.54976749       0.00000000    
   5.56643343       0.00000000    
   5.58309937       0.00000000    
   5.59976530       0.00000000    
   5.61643124       0.00000000    
   5.63309717       0.00000000    
   5.64976311       0.00000000    
   5.66642904       0.00000000    
   5.68309498       0.00000000    
   5.69976091       0.00000000    
   5.71642685       0.00000000    
   5.73309278       0.00000000    
   5.74975872       0.00000000    
   5.76642466       0.00000000    
   5.78309059       0.00000000    
   5.79975653       0.00000000    
   5.81642246       0.00000000    
   5.83308840       0.00000000    
   5.84975433       0.00000000    
   5.86642027       0.00000000    
   5.88308620       0.00000000    
   5.89975214       0.00000000    
   5.91641808       0.00000000    
   5.93308401       0.00000000    
   5.94974995       0.00000000    
   5.96641588       0.00000000    
   5.98308182       0.00000000    
   5.99974775       0.00000000    
   6.01641369       0.00000000    
   6.03307962       0.00000000    
   6.04974556       0.00000000    
   6.06641150       0.00000000    
   6.08307743       0.00000000    
   6.09974337       0.00000000    
   6.11640930       0.00000000    
   6.13307524       0.00000000    
   6.14974117       0.00000000    
   6.16640711       0.00000000    
   6.18307304       0.00000000    
   6.19973898       0.00000000    
   6.21640491       0.00000000    
   6.23307085       0.00000000    
   6.24973679       0.00000000    
   6.26640272       0.00000000    
   6.28306866       0.00000000    
   6.29973459       0.00000000    
   6.31640053       0.00000000    
   6.33306646       0.00000000    
   6.34973240       0.00000000    
   6.36639833       0.00000000    
   6.38306427       0.00000000    
   6.39973021       2.40700000E-24
   6.41639614       8.49900021E-17
   6.43306208       2.30799998E-13
   6.44972801       1.13199998E-10
   6.46639395       1.82100006E-08
   6.48305988       1.66999996E-06
   6.49972582       1.74199995E-05
   6.51639175       5.99900013E-05
   6.53305769       1.37800002E-04
   6.54972363       2.51199992E-04
   6.56638956       4.09900007E-04
   6.58305550       6.31799980E-04
   6.59972143       9.42500017E-04
   6.61638737       1.35599996E-03
   6.63305330       1.90000003E-03
   6.64971924       2.66300002E-03
   6.66638517       3.56599991E-03
   6.68305111       4.74199979E-03
   6.69971704       6.27700007E-03
   6.71638298       8.28300044E-03
   6.73304892       1.07399998E-02
   6.74971485       1.36599997E-02
   6.76638079       1.74100008E-02
   6.78304672       2.22399998E-02
   6.79971266       2.85100006E-02
   6.81637859       3.51400003E-02
   6.83304453       4.41699997E-02
   6.84971046       5.47199994E-02
   6.86637640       6.67700022E-02
   6.88304234       8.12499970E-02
   6.89970827       9.82500017E-02
   6.91637421      0.117899999    
   6.93304014      0.140599996    
   6.94970608      0.167400002    
   6.96637201      0.194499999    
   6.98303795      0.224099994    
   6.99970388      0.261599988    
   7.01636982      0.295100003    
   7.03303576      0.329800010    
   7.04970169      0.371699989    
   7.06636763      0.422399998    
   7.08303356      0.477800012    
   7.09969950      0.526000023    
   7.11636543      0.577400029    
   7.13303137      0.631600022    
   7.14969730      0.688499987    
   7.16636324      0.747600019    
   7.18302917      0.808799982    
   7.19969511      0.872200012    
   7.21636105      0.937600017    
   7.23302698       1.00500000    
   7.24969292       1.07400000    
   7.26635885       1.14400005    
   7.28302479       1.21700001    
   7.29969072       1.29100001    
   7.31635666       1.36699998    
   7.33302259       1.44400001    
   7.34968853       1.52199996    
   7.36635447       1.60200000    
   7.38302040       1.68299997    
   7.39968634       1.76600003    
   7.41635227       1.85000002    
   7.43301821       1.93499994    
   7.44968414       2.02200007    
   7.46635008       2.10899997    
   7.48301601       2.19799995    
   7.49968195       2.28900003    
   7.51634789       2.38000011    
   7.53301382       2.47300005    
   7.54967976       2.56599998    
   7.56634569       2.66100001    
   7.58301163       2.75699997    
   7.59967756       2.85500002    
   7.61634350       2.95300007    
   7.63300943       3.05299997    
   7.64967537       3.15300012    
   7.66634130       3.25500011    
   7.68300724       3.35800004    
   7.69967318       3.46199989    
   7.71633911       3.56800008    
   7.73300505       3.67400002    
   7.74967098       3.78099990    
   7.76633692       3.89000010    
   7.78300285       4.00000000    
   7.79966879       4.11100006    
   7.81633472       4.22300005    
   7.83300066       4.33599997    
   7.84966660       4.45100021    
   7.86633253       4.56699991    
   7.88299847       4.68300009    
   7.89966440       4.80100012    
   7.91633034       4.92000008    
   7.93299627       5.03999996    
   7.94966221       5.16200018    
   7.96632814       5.28399992    
   7.98299408       5.40799999    
   7.99966002       5.53200006    
   8.01632595       5.65799999    
   8.03299236       5.78499985    
   8.04965878       5.91300011    
   8.06632519       6.04199982    
   8.08299160       6.17199993    
   8.09965801       6.30299997    
   8.11632442       6.43499994    
   8.13299084       6.56899977    
   8.14965725       6.70300007    
   8.16632366       6.83900023    
   8.18299007       6.97499990    
   8.19965649       7.11299992    
   8.21632290       7.25099993    
   8.23298931       7.38999987    
   8.24965572       7.53100014    
   8.26632214       7.67199993    
   8.28298855       7.81400013    
   8.29965496       7.95699978    
   8.31632137       8.10099983    
   8.33298779       8.24699974    
   8.34965420       8.39299965    
   8.36632061       8.53899956    
   8.38298702       8.68700027    
   8.39965343       8.83500004    
   8.41631985       8.98499966    
   8.43298626       9.13500023    
   8.44965267       9.28600025    
   8.46631908       9.43799973    
   8.48298550       9.59000015    
   8.49965191       9.74300003    
   8.51631832       9.89700031    
   8.53298473       10.0500002    
   8.54965115       10.2100000    
   8.56631756       10.3599997    
   8.58298397       10.5200005    
   8.59965038       10.6800003    
   8.61631680       10.8400002    
   8.63298321       10.9899998    
   8.64964962       11.1499996    
   8.66631603       11.3100004    
   8.68298244       11.4700003    
   8.69964886       11.6300001    
   8.71631527       11.8000002    
   8.73298168       11.9600000    
   8.74964809       12.1199999    
   8.76631451       12.2799997    
   8.78298092       12.4499998    
   8.79964733       12.6099997    
   8.81631374       12.7700005    
   8.83298016       12.9399996    
   8.84964657       13.1000004    
   8.86631298       13.2700005    
   8.88297939       13.4300003    
   8.89964581       13.6000004    
   8.91631222       13.7700005    
   8.93297863       13.9300003    
   8.94964504       14.1000004    
   8.96631145       14.2700005    
   8.98297787       14.4300003    
   8.99964428       14.6000004    
   9.01631069       14.7700005    
   9.03297710       14.9399996    
   9.04964352       15.1099997    
   9.06630993       15.2700005    
   9.08297634       15.4399996    
   9.09964275       15.6099997    
   9.11630917       15.7799997    
   9.13297558       15.9499998    
   9.14964199       16.1200008    
   9.16630840       16.2900009    
   9.18297482       16.4599991    
   9.19964123       16.6299992    
   9.21630764       16.7999992    
   9.23297405       16.9699993    
   9.24964046       17.1299992    
   9.26630688       17.2999992    
   9.28297329       17.4699993    
   9.29963970       17.6399994    
   9.31630611       17.8099995    
   9.33297253       17.9799995    
   9.34963894       18.1499996    
   9.36630535       18.3199997    
   9.38297176       18.4899998    
   9.39963818       18.6599998    
   9.41630459       18.8199997    
   9.43297100       18.9899998    
   9.44963741       19.1599998    
   9.46630383       19.3299999    
   9.48297024       19.5000000    
   9.49963665       19.6599998    
   9.51630306       19.8299999    
   9.53296947       20.0000000    
   9.54963589       20.1599998    
   9.56630230       20.3299999    
   9.58296871       20.5000000    
   9.59963512       20.6599998    
   9.61630154       20.8299999    
   9.63296795       20.9899998    
   9.64963436       21.1599998    
   9.66630077       21.3199997    
   9.68296719       21.4899998    
   9.69963360       21.6499996    
   9.71630001       21.8199997    
   9.73296642       21.9799995    
   9.74963284       22.1399994    
   9.76629925       22.3099995    
   9.78296566       22.4699993    
   9.79963207       22.6299992    
   9.81629848       22.7900009    
   9.83296490       22.9500008    
   9.84963131       23.1100006    
   9.86629772       23.2700005    
   9.88296413       23.4300003    
   9.89963055       23.5900002    
   9.91629696       23.7500000    
   9.93296337       23.8999996    
   9.94962978       24.0599995    
   9.96629620       24.2199993    
   9.98296261       24.3700008    
   9.99962902       24.5300007    
   10.0162954       24.6900005    
   10.0329618       24.8400002    
   10.0496283       24.9899998    
   10.0662947       25.1499996    
   10.0829611       25.2999992    
   10.0996275       25.4500008    
   10.1162939       25.6000004    
   10.1329603       25.7500000    
   10.1496267       25.8999996    
   10.1662931       26.0499992    
   10.1829596       26.2000008    
   10.1996260       26.3500004    
   10.2162924       26.5000000    
   10.2329588       26.6399994    
   10.2496252       26.7900009    
   10.2662916       26.9300003    
   10.2829580       27.0799999    
   10.2996244       27.2199993    
   10.3162909       27.3700008    
   10.3329573       27.5100002    
   10.3496237       27.6499996    
   10.3662901       27.7900009    
   10.3829565       27.9300003    
   10.3996229       28.0699997    
   10.4162893       28.2099991    
   10.4329557       28.3500004    
   10.4496222       28.4799995    
   10.4662886       28.6200008    
   10.4829550       28.7500000    
   10.4996214       28.8899994    
   10.5162878       29.0200005    
   10.5329542       29.1499996    
   10.5496206       29.2900009    
   10.5662870       29.4200001    
   10.5829535       29.5499992    
   10.5996199       29.6800003    
   10.6162863       29.8099995    
   10.6329527       29.9300003    
   10.6496191       30.0599995    
   10.6662855       30.1900005    
   10.6829519       30.3099995    
   10.6996183       30.4300003    
   10.7162848       30.5599995    
   10.7329512       30.6800003    
   10.7496176       30.7999992    
   10.7662840       30.9200001    
   10.7829504       31.0400009    
   10.7996168       31.1599998    
   10.8162832       31.2800007    
   10.8329496       31.3899994    
   10.8496161       31.5100002    
   10.8662825       31.6200008    
   10.8829489       31.7299995    
   10.8996153       31.8500004    
   10.9162817       31.9599991    
   10.9329481       32.0699997    
   10.9496145       32.1800003    
   10.9662809       32.2900009    
   10.9829473       32.3899994    
   10.9996138       32.5000000    
   11.0162802       32.6100006    
   11.0329466       32.7099991    
   11.0496130       32.8100014    
   11.0662794       32.9199982    
   11.0829458       33.0200005    
   11.0996122       33.1199989    
   11.1162786       33.2200012    
   11.1329451       33.3199997    
   11.1496115       33.4099998    
   11.1662779       33.5099983    
   11.1829443       33.5999985    
   11.1996107       33.7000008    
   11.2162771       33.7900009    
   11.2329435       33.8800011    
   11.2496099       33.9700012    
   11.2662764       34.0600014    
   11.2829428       34.1500015    
   11.2996092       34.2400017    
   11.3162756       34.3199997    
   11.3329420       34.4099998    
   11.3496084       34.4900017    
   11.3662748       34.5800018    
   11.3829412       34.6599998    
   11.3996077       34.7400017    
   11.4162741       34.8199997    
   11.4329405       34.9000015    
   11.4496069       34.9700012    
   11.4662733       35.0499992    
   11.4829397       35.1199989    
   11.4996061       35.2000008    
   11.5162725       35.2700005    
   11.5329390       35.3400002    
   11.5496054       35.4099998    
   11.5662718       35.4799995    
   11.5829382       35.5499992    
   11.5996046       35.6199989    
   11.6162710       35.6800003    
   11.6329374       35.7500000    
   11.6496038       35.8100014    
   11.6662703       35.8699989    
   11.6829367       35.9300003    
   11.6996031       35.9900017    
   11.7162695       36.0499992    
   11.7329359       36.1100006    
   11.7496023       36.1599998    
   11.7662687       36.2200012    
   11.7829351       36.2700005    
   11.7996016       36.3199997    
   11.8162680       36.3800011    
   11.8329344       36.4300003    
   11.8496008       36.4700012    
   11.8662672       36.5200005    
   11.8829336       36.5699997    
   11.8996000       36.6100006    
   11.9162664       36.6599998    
   11.9329329       36.7000008    
   11.9495993       36.7400017    
   11.9662657       36.7799988    
   11.9829321       36.8199997    
   11.9995985       36.8600006    
   12.0162649       36.9000015    
   12.0329313       36.9300003    
   12.0495977       36.9700012    
   12.0662642       37.0000000    
   12.0829306       37.0299988    
   12.0995970       37.0600014    
   12.1162634       37.0900002    
   12.1329298       37.1199989    
   12.1495962       37.1500015    
   12.1662626       37.1699982    
   12.1829290       37.2000008    
   12.1995955       37.2200012    
   12.2162619       37.2400017    
   12.2329283       37.2599983    
   12.2495947       37.2799988    
   12.2662611       37.2999992    
   12.2829275       37.3199997    
   12.2995939       37.3300018    
   12.3162603       37.3499985    
   12.3329268       37.3600006    
   12.3495932       37.3699989    
   12.3662596       37.3800011    
   12.3829260       37.3899994    
   12.3995924       37.4000015    
   12.4162588       37.4099998    
   12.4329252       37.4099998    
   12.4495916       37.4199982    
   12.4662580       37.4199982    
   12.4829245       37.4199982    
   12.4995909       37.4199982    
   12.5162573       37.4199982    
   12.5329237       37.4199982    
   12.5495901       37.4199982    
   12.5662565       37.4099998    
   12.5829229       37.4099998    
   12.5995893       37.4000015    
   12.6162558       37.3899994    
   12.6329222       37.3800011    
   12.6495886       37.3699989    
   12.6662550       37.3600006    
   12.6829214       37.3400002    
   12.6995878       37.3300018    
   12.7162542       37.3100014    
   12.7329206       37.2999992    
   12.7495871       37.2799988    
   12.7662535       37.2599983    
   12.7829199       37.2400017    
   12.7995863       37.2200012    
   12.8162527       37.1899986    
   12.8329191       37.1699982    
   12.8495855       37.1399994    
   12.8662519       37.1199989    
   12.8829184       37.0900002    
   12.8995848       37.0600014    
   12.9162512       37.0299988    
   12.9329176       37.0000000    
   12.9495840       36.9599991    
   12.9662504       36.9300003    
   12.9829168       36.9000015    
   12.9995832       36.8600006    
   13.0162497       36.8199997    
   13.0329161       36.7799988    
   13.0495825       36.7400017    
   13.0662489       36.7000008    
   13.0829153       36.6599998    
   13.0995817       36.6100006    
   13.1162481       36.5699997    
   13.1329145       36.5200005    
   13.1495810       36.4700012    
   13.1662474       36.4199982    
   13.1829138       36.3699989    
   13.1995802       36.3199997    
   13.2162466       36.2700005    
   13.2329130       36.2200012    
   13.2495794       36.1599998    
   13.2662458       36.0999985    
   13.2829123       36.0499992    
   13.2995787       35.9900017    
   13.3162451       35.9300003    
   13.3329115       35.8699989    
   13.3495779       35.8100014    
   13.3662443       35.7400017    
   13.3829107       35.6800003    
   13.3995771       35.6100006    
   13.4162436       35.5499992    
   13.4329100       35.4799995    
   13.4495764       35.4099998    
   13.4662428       35.3400002    
   13.4829092       35.2700005    
   13.4995756       35.1899986    
   13.5162420       35.1199989    
   13.5329084       35.0499992    
   13.5495749       34.9700012    
   13.5662413       34.8899994    
   13.5829077       34.8100014    
   13.5995741       34.7299995    
   13.6162405       34.6500015    
   13.6329069       34.5699997    
   13.6495733       34.4900017    
   13.6662397       34.4099998    
   13.6829062       34.3199997    
   13.6995726       34.2299995    
   13.7162390       34.1500015    
   13.7329054       34.0600014    
   13.7495718       33.9700012    
   13.7662382       33.8800011    
   13.7829046       33.7900009    
   13.7995710       33.6899986    
   13.8162374       33.5999985    
   13.8329039       33.5000000    
   13.8495703       33.4099998    
   13.8662367       33.3100014    
   13.8829031       33.2099991    
   13.8995695       33.1100006    
   13.9162359       33.0099983    
   13.9329023       32.9099998    
   13.9495687       32.8100014    
   13.9662352       32.7099991    
   13.9829016       32.5999985    
   13.9995680       32.5000000    
   14.0162344       32.3899994    
   14.0329008       32.2799988    
   14.0495672       32.1699982    
   14.0662336       32.0600014    
   14.0829000       31.9500008    
   14.0995665       31.8400002    
   14.1162329       31.7299995    
   14.1328993       31.6200008    
   14.1495657       31.5000000    
   14.1662321       31.3899994    
   14.1828985       31.2700005    
   14.1995649       31.1499996    
   14.2162313       31.0300007    
   14.2328978       30.9099998    
   14.2495642       30.7900009    
   14.2662306       30.6700001    
   14.2828970       30.5499992    
   14.2995634       30.4300003    
   14.3162298       30.2999992    
   14.3328962       30.1800003    
   14.3495626       30.0499992    
   14.3662291       29.9300003    
   14.3828955       29.7999992    
   14.3995619       29.6700001    
   14.4162283       29.5400009    
   14.4328947       29.4099998    
   14.4495611       29.2800007    
   14.4662275       29.1499996    
   14.4828939       29.0200005    
   14.4995604       28.8799992    
   14.5162268       28.7500000    
   14.5328932       28.6100006    
   14.5495596       28.4799995    
   14.5662260       28.3400002    
   14.5828924       28.2000008    
   14.5995588       28.0599995    
   14.6162252       27.9200001    
   14.6328917       27.7800007    
   14.6495581       27.6399994    
   14.6662245       27.5000000    
   14.6828909       27.3600006    
   14.6995573       27.2199993    
   14.7162237       27.0699997    
   14.7328901       26.9300003    
   14.7495565       26.7800007    
   14.7662230       26.6399994    
   14.7828894       26.4899998    
   14.7995558       26.3400002    
   14.8162222       26.1900005    
   14.8328886       26.0499992    
   14.8495550       25.8999996    
   14.8662214       25.7500000    
   14.8828878       25.6000004    
   14.8995543       25.4400005    
   14.9162207       25.2900009    
   14.9328871       25.1399994    
   14.9495535       24.9899998    
   14.9662199       24.8299999    
   14.9828863       24.6800003    
   14.9995527       24.5200005    
   15.0162191       24.3700008    
   15.0328856       24.2099991    
   15.0495520       24.0599995    
   15.0662184       23.8999996    
   15.0828848       23.7399998    
   15.0995512       23.5799999    
   15.1162176       23.4200001    
   15.1328840       23.2600002    
   15.1495504       23.1000004    
   15.1662169       22.9400005    
   15.1828833       22.7800007    
   15.1995497       22.6200008    
   15.2162161       22.4599991    
   15.2328825       22.2999992    
   15.2495489       22.1399994    
   15.2662153       21.9699993    
   15.2828817       21.8099995    
   15.2995481       21.6499996    
   15.3162146       21.4799995    
   15.3328810       21.3199997    
   15.3495474       21.1499996    
   15.3662138       20.9899998    
   15.3828802       20.8199997    
   15.3995466       20.6599998    
   15.4162130       20.4899998    
   15.4328794       20.3199997    
   15.4495459       20.1599998    
   15.4662123       19.9899998    
   15.4828787       19.8199997    
   15.4995451       19.6599998    
   15.5162115       19.4899998    
   15.5328779       19.3199997    
   15.5495443       19.1499996    
   15.5662107       18.9799995    
   15.5828772       18.8199997    
   15.5995436       18.6499996    
   15.6162100       18.4799995    
   15.6328764       18.3099995    
   15.6495428       18.1399994    
   15.6662092       17.9699993    
   15.6828756       17.7999992    
   15.6995420       17.6299992    
   15.7162085       17.4699993    
   15.7328749       17.2999992    
   15.7495413       17.1299992    
   15.7662077       16.9599991    
   15.7828741       16.7900009    
   15.7995405       16.6200008    
   15.8162069       16.4500008    
   15.8328733       16.2800007    
   15.8495398       16.1100006    
   15.8662062       15.9399996    
   15.8828726       15.7700005    
   15.8995390       15.6000004    
   15.9162054       15.4399996    
   15.9328718       15.2700005    
   15.9495382       15.1000004    
   15.9662046       14.9300003    
   15.9828711       14.7600002    
   15.9995375       14.5900002    
   16.0162029       14.4300003    
   16.0328693       14.2600002    
   16.0495358       14.0900002    
   16.0662022       13.9300003    
   16.0828686       13.7600002    
   16.0995350       13.5900002    
   16.1162014       13.4300003    
   16.1328678       13.2600002    
   16.1495342       13.1000004    
   16.1662006       12.9300003    
   16.1828671       12.7700005    
   16.1995335       12.6000004    
   16.2161999       12.4399996    
   16.2328663       12.2799997    
   16.2495327       12.1099997    
   16.2661991       11.9499998    
   16.2828655       11.7900000    
   16.2995319       11.6300001    
   16.3161983       11.4700003    
   16.3328648       11.3100004    
   16.3495312       11.1499996    
   16.3661976       10.9899998    
   16.3828640       10.8299999    
   16.3995304       10.6700001    
   16.4161968       10.5100002    
   16.4328632       10.3599997    
   16.4495296       10.1999998    
   16.4661961       10.0500002    
   16.4828625       9.89099979    
   16.4995289       9.73700047    
   16.5161953       9.58399963    
   16.5328617       9.43099976    
   16.5495281       9.27999973    
   16.5661945       9.12899971    
   16.5828609       8.97900009    
   16.5995274       8.82900047    
   16.6161938       8.68099976    
   16.6328602       8.53299999    
   16.6495266       8.38599968    
   16.6661930       8.24100018    
   16.6828594       8.09599972    
   16.6995258       7.95100021    
   16.7161922       7.80800009    
   16.7328587       7.66599989    
   16.7495251       7.52500010    
   16.7661915       7.38399982    
   16.7828579       7.24499989    
   16.7995243       7.10699987    
   16.8161907       6.96899986    
   16.8328571       6.83300018    
   16.8495235       6.69799995    
   16.8661900       6.56300020    
   16.8828564       6.42999983    
   16.8995228       6.29799986    
   16.9161892       6.16699982    
   16.9328556       6.03700018    
   16.9495220       5.90799999    
   16.9661884       5.78000021    
   16.9828548       5.65299988    
   16.9995213       5.52699995    
   17.0161877       5.40299988    
   17.0328541       5.27899981    
   17.0495205       5.15700006    
   17.0661869       5.03499985    
   17.0828533       4.91499996    
   17.0995197       4.79600000    
   17.1161861       4.67899990    
   17.1328526       4.56199980    
   17.1495190       4.44600010    
   17.1661854       4.33199978    
   17.1828518       4.21899986    
   17.1995182       4.10599995    
   17.2161846       3.99600005    
   17.2328510       3.88599992    
   17.2495174       3.77699995    
   17.2661839       3.67000008    
   17.2828503       3.56299996    
   17.2995167       3.45799994    
   17.3161831       3.35400009    
   17.3328495       3.25099993    
   17.3495159       3.14899993    
   17.3661823       3.04800010    
   17.3828487       2.94899988    
   17.3995152       2.85100007    
   17.4161816       2.75399995    
   17.4328480       2.65700006    
   17.4495144       2.56299996    
   17.4661808       2.46900010    
   17.4828472       2.37599993    
   17.4995136       2.28500009    
   17.5161800       2.19499993    
   17.5328465       2.10599995    
   17.5495129       2.01799989    
   17.5661793       1.93200004    
   17.5828457       1.84700000    
   17.5995121       1.76300001    
   17.6161785       1.67999995    
   17.6328449       1.59899998    
   17.6495113       1.51900005    
   17.6661777       1.44000006    
   17.6828442       1.36399996    
   17.6995106       1.28799999    
   17.7161770       1.21399999    
   17.7328434       1.14199996    
   17.7495098       1.07099998    
   17.7661762       1.00199997    
   17.7828426      0.935000002    
   17.7995090      0.869700015    
   17.8161755      0.806400001    
   17.8328419      0.745199978    
   17.8495083      0.686100006    
   17.8661747      0.629499972    
   17.8828411      0.575399995    
   17.8995075      0.524100006    
   17.9161739      0.476000011    
   17.9328403      0.420100003    
   17.9495068      0.369899988    
   17.9661732      0.328399986    
   17.9828396      0.293900013    
   17.9995060      0.259000003    
   18.0161724      0.223000005    
   18.0328388      0.192800000    
   18.0495052      0.166700006    
   18.0661716      0.139899999    
   18.0828381      0.117200002    
   18.0995045       9.75899994E-02
   18.1161709       8.06799978E-02
   18.1328373       6.63200021E-02
   18.1495037       5.44000007E-02
   18.1661701       4.36000004E-02
   18.1828365       3.48899998E-02
   18.1995029       2.79600006E-02
   18.2161694       2.20800005E-02
   18.2328358       1.72600001E-02
   18.2495022       1.35100000E-02
   18.2661686       1.05299996E-02
   18.2828350       8.12499970E-03
   18.2995014       6.19600015E-03
   18.3161678       4.69300011E-03
   18.3328342       3.53599992E-03
   18.3495007       2.60400004E-03
   18.3661671       1.88100000E-03
   18.3828335       1.33100001E-03
   18.3994999       9.32700001E-04
   18.4161663       6.23999978E-04
   18.4328327       4.04099992E-04
   18.4494991       2.47099990E-04
   18.4661655       1.35099996E-04
   18.4828320       5.83600013E-05
   18.4994984       1.61400003E-05
   18.5161648       1.49000005E-06
   18.5328312       1.56599995E-08
   18.5494976       9.33899971E-11
   18.5661640       1.67899996E-13
   18.5828304       6.47200008E-17
   18.5994968       9.77500030E-25
   18.6161633       0.00000000    
   18.6328297       0.00000000    
   18.6494961       0.00000000    
   18.6661625       0.00000000    
   18.6828289       0.00000000    
   18.6994953       0.00000000    
   18.7161617       0.00000000    
   18.7328281       0.00000000    
   18.7494946       0.00000000    
   18.7661610       0.00000000    
   18.7828274       0.00000000    
   18.7994938       0.00000000    
   18.8161602       0.00000000    
   18.8328266       0.00000000    
   18.8494930       0.00000000    
   18.8661594       0.00000000    
   18.8828259       0.00000000    
   18.8994923       0.00000000    
   18.9161587       0.00000000    
   18.9328251       0.00000000    
   18.9494915       0.00000000    
   18.9661579       0.00000000    
   18.9828243       0.00000000    
   18.9994907       0.00000000    
   19.0161572       0.00000000    
   19.0328236       0.00000000    
   19.0494900       0.00000000    
   19.0661564       0.00000000    
   19.0828228       0.00000000    
   19.0994892       0.00000000    
   19.1161556       0.00000000    
   19.1328220       0.00000000    
   19.1494884       0.00000000    
   19.1661549       0.00000000    
   19.1828213       0.00000000    
   19.1994877       0.00000000    
   19.2161541       0.00000000    
   19.2328205       0.00000000    
   19.2494869       0.00000000    
   19.2661533       0.00000000    
   19.2828197       0.00000000    
   19.2994862       0.00000000    
   19.3161526       0.00000000    
   19.3328190       0.00000000    
   19.3494854       0.00000000    
   19.3661518       0.00000000    
   19.3828182       0.00000000    
   19.3994846       0.00000000    
   19.4161510       0.00000000    
   19.4328175       0.00000000    
   19.4494839       0.00000000    
   19.4661503       0.00000000    
   19.4828167       0.00000000    
   19.4994831       0.00000000    
   19.5161495       0.00000000    
   19.5328159       0.00000000    
   19.5494823       0.00000000    
   19.5661488       0.00000000    
   19.5828152       0.00000000    
   19.5994816       0.00000000    
   19.6161480       0.00000000    
   19.6328144       0.00000000    
   19.6494808       0.00000000    
   19.6661472       0.00000000    
   19.6828136       0.00000000    
   19.6994801       0.00000000    
   19.7161465       0.00000000    
   19.7328129       0.00000000    
   19.7494793       0.00000000    
   19.7661457       0.00000000    
   19.7828121       0.00000000    
   19.7994785       0.00000000    
   19.8161449       0.00000000    
   19.8328114       0.00000000    
   19.8494778       0.00000000    
   19.8661442       0.00000000    
   19.8828106       0.00000000    
   19.8994770       0.00000000    
   19.9161434       0.00000000    
   19.9328098       0.00000000    
   19.9494762       0.00000000    
   19.9661427       0.00000000    
   19.9828091       0.00000000    
   19.9994755       0.00000000    
   20.0161419       0.00000000    
   20.0328083       0.00000000    
   20.0494747       0.00000000    
   20.0661411       0.00000000    
   20.0828075       0.00000000    
   20.0994740       0.00000000    
   20.1161404       0.00000000    
   20.1328068       0.00000000    
   20.1494732       0.00000000    
   20.1661396       0.00000000    
   20.1828060       0.00000000    
   20.1994724       0.00000000    
   20.2161388       0.00000000    
   20.2328053       0.00000000    
   20.2494717       0.00000000    
   20.2661381       0.00000000    
   20.2828045       0.00000000    
   20.2994709       0.00000000    
   20.3161373       0.00000000    
   20.3328037       0.00000000    
   20.3494701       0.00000000    
   20.3661366       0.00000000    
   20.3828030       0.00000000    
   20.3994694       0.00000000    
   20.4161358       0.00000000    
   20.4328022       0.00000000    
   20.4494686       0.00000000    
   20.4661350       0.00000000    
   20.4828014       0.00000000    
   20.4994678       0.00000000    
   20.5161343       0.00000000    
   20.5328007       0.00000000    
   20.5494671       0.00000000    
   20.5661335       0.00000000    
   20.5827999       0.00000000    
   20.5994663       0.00000000    
   20.6161327       0.00000000    
   20.6327991       0.00000000    
   20.6494656       0.00000000    
   20.6661320       0.00000000    
   20.6827984       0.00000000    
   20.6994648       0.00000000    
   20.7161312       0.00000000    
   20.7327976       0.00000000    
   20.7494640       0.00000000    
   20.7661304       0.00000000    
   20.7827969       0.00000000    
   20.7994633       0.00000000    
   20.8161297       0.00000000    
   20.8327961       0.00000000    
   20.8494625       0.00000000    
   20.8661289       0.00000000    
   20.8827953       0.00000000    
   20.8994617       0.00000000    
   20.9161282       0.00000000    
   20.9327946       0.00000000    
   20.9494610       0.00000000    
   20.9661274       0.00000000    
   20.9827938       0.00000000    
   20.9994602       0.00000000    
   21.0161266       0.00000000    
   21.0327930       0.00000000    
   21.0494595       0.00000000    
   21.0661259       0.00000000    
   21.0827923       0.00000000    
   21.0994587       0.00000000    
   21.1161251       0.00000000    
   21.1327915       0.00000000    
   21.1494579       0.00000000    
   21.1661243       0.00000000    
   21.1827908       0.00000000    
   21.1994572       0.00000000    
   21.2161236       0.00000000    
   21.2327900       0.00000000    
   21.2494564       0.00000000    
   21.2661228       0.00000000    
   21.2827892       0.00000000    
   21.2994556       0.00000000    
   21.3161221       0.00000000    
   21.3327885       0.00000000    
   21.3494549       0.00000000    
   21.3661213       0.00000000    
   21.3827877       0.00000000    
   21.3994541       0.00000000    
   21.4161205       0.00000000    
   21.4327869       0.00000000    
   21.4494534       0.00000000    
   21.4661198       0.00000000    
   21.4827862       0.00000000    
   21.4994526       0.00000000    
   21.5161190       0.00000000    
   21.5327854       0.00000000    
   21.5494518       0.00000000    
   21.5661182       0.00000000    
   21.5827847       0.00000000    
   21.5994511       0.00000000    
   21.6161175       0.00000000    
   21.6327839       0.00000000    
   21.6494503       0.00000000    
   21.6661167       0.00000000    
   21.6827831       0.00000000    
   21.6994495       0.00000000    
   21.7161160       0.00000000    
   21.7327824       0.00000000    
   21.7494488       0.00000000    
   21.7661152       0.00000000    
   21.7827816       0.00000000    
   21.7994480       0.00000000    
   21.8161144       0.00000000    
   21.8327808       0.00000000    
   21.8494473       0.00000000    
   21.8661137       0.00000000    
   21.8827801       0.00000000    
   21.8994465       0.00000000    
   21.9161129       0.00000000    
   21.9327793       0.00000000    
   21.9494457       0.00000000    
   21.9661121       0.00000000    
   21.9827785       0.00000000    
   21.9994450       0.00000000    
   22.0161114       0.00000000    
   22.0327778       0.00000000    
   22.0494442       0.00000000    
   22.0661106       0.00000000    
   22.0827770       0.00000000    
   22.0994434       0.00000000    
   22.1161098       0.00000000    
   22.1327763       0.00000000    
   22.1494427       0.00000000    
   22.1661091       0.00000000    
   22.1827755       0.00000000    
   22.1994419       0.00000000    
   22.2161083       0.00000000    
   22.2327747       0.00000000    
   22.2494411       0.00000000    
   22.2661076       0.00000000    
   22.2827740       0.00000000    
   22.2994404       0.00000000    
   22.3161068       0.00000000    
   22.3327732       0.00000000    
   22.3494396       0.00000000    
   22.3661060       0.00000000    
   22.3827724       0.00000000    
   22.3994389       0.00000000    
   22.4161053       0.00000000    
   22.4327717       0.00000000    
   22.4494381       0.00000000    
   22.4661045       0.00000000    
   22.4827709       0.00000000    
   22.4994373       0.00000000    
   22.5161037       0.00000000    
   22.5327702       0.00000000    
   22.5494366       0.00000000    
   22.5661030       0.00000000    
   22.5827694       0.00000000    
   22.5994358       0.00000000    
   22.6161022       0.00000000    
   22.6327686       0.00000000    
   22.6494350       0.00000000    
   22.6661015       0.00000000    
   22.6827679       0.00000000    
   22.6994343       0.00000000    
   22.7161007       0.00000000    
   22.7327671       0.00000000    
   22.7494335       0.00000000    
   22.7660999       0.00000000    
   22.7827663       0.00000000    
   22.7994328       0.00000000    
   22.8160992       0.00000000    
   22.8327656       0.00000000    
   22.8494320       0.00000000    
   22.8660984       0.00000000    
   22.8827648       0.00000000    
   22.8994312       0.00000000    
   22.9160976       0.00000000    
   22.9327641       0.00000000    
   22.9494305       0.00000000    
   22.9660969       0.00000000    
   22.9827633       0.00000000    
   22.9994297       0.00000000    
   23.0160961       0.00000000    
   23.0327625       0.00000000    
   23.0494289       0.00000000    
   23.0660954       0.00000000    
   23.0827618       0.00000000    
   23.0994282       0.00000000    
   23.1160946       0.00000000    
   23.1327610       0.00000000    
   23.1494274       0.00000000    
   23.1660938       0.00000000    
   23.1827602       0.00000000    
   23.1994267       0.00000000    
   23.2160931       0.00000000    
   23.2327595       0.00000000    
   23.2494259       0.00000000    
   23.2660923       0.00000000    
   23.2827587       0.00000000    
   23.2994251       0.00000000    
   23.3160915       0.00000000    
   23.3327579       0.00000000    
   23.3494244       0.00000000    
   23.3660908       0.00000000    
   23.3827572       0.00000000    
   23.3994236       0.00000000    
   23.4160900       0.00000000    
   23.4327564       0.00000000    
   23.4494228       0.00000000    
   23.4660892       0.00000000    
   23.4827557       0.00000000    
   23.4994221       0.00000000    
   23.5160885       0.00000000    
   23.5327549       0.00000000    
   23.5494213       0.00000000    
   23.5660877       0.00000000    
   23.5827541       0.00000000    
   23.5994205       0.00000000    
   23.6160870       0.00000000    
   23.6327534       0.00000000    
   23.6494198       0.00000000    
   23.6660862       0.00000000    
   23.6827526       0.00000000    
   23.6994190       0.00000000    
   23.7160854       0.00000000    
   23.7327518       0.00000000    
   23.7494183       0.00000000    
   23.7660847       0.00000000    
   23.7827511       0.00000000    
   23.7994175       0.00000000    
   23.8160839       0.00000000    
   23.8327503       0.00000000    
   23.8494167       0.00000000    
   23.8660831       0.00000000    
   23.8827496       0.00000000    
   23.8994160       0.00000000    
   23.9160824       0.00000000    
   23.9327488       0.00000000    
   23.9494152       0.00000000    
   23.9660816       0.00000000    
   23.9827480       0.00000000    
