   0.00000000       0.00000000    
   1.66660007E-02   0.00000000    
   3.33320014E-02   0.00000000    
   4.99980003E-02   0.00000000    
   6.66640028E-02   0.00000000    
   8.33300054E-02   0.00000000    
   9.99960080E-02   0.00000000    
  0.116662011       0.00000000    
  0.133328006       0.00000000    
  0.149994001       0.00000000    
  0.166659996       0.00000000    
  0.183325991       0.00000000    
  0.199991986       0.00000000    
  0.216657981       0.00000000    
  0.233323976       0.00000000    
  0.249989972       0.00000000    
  0.266655982       0.00000000    
  0.283321977       0.00000000    
  0.299987972       0.00000000    
  0.316653967       0.00000000    
  0.333319962       0.00000000    
  0.349985957       0.00000000    
  0.366651952       0.00000000    
  0.383317947       0.00000000    
  0.399983943       0.00000000    
  0.416649938       0.00000000    
  0.433315933       0.00000000    
  0.449981928       0.00000000    
  0.466647923       0.00000000    
  0.483313918       0.00000000    
  0.499979913       0.00000000    
  0.516645908       0.00000000    
  0.533311903       0.00000000    
  0.549977899       0.00000000    
  0.566643894       0.00000000    
  0.583309889       0.00000000    
  0.599975884       0.00000000    
  0.616641879       0.00000000    
  0.633307874       0.00000000    
  0.649973869       0.00000000    
  0.666639864       0.00000000    
  0.683305860       0.00000000    
  0.699971855       0.00000000    
  0.716637850       0.00000000    
  0.733303845       0.00000000    
  0.749969840       0.00000000    
  0.766635835       0.00000000    
  0.783301830       0.00000000    
  0.799967825       0.00000000    
  0.816633821       0.00000000    
  0.833299816       0.00000000    
  0.849965811       0.00000000    
  0.866631806       0.00000000    
  0.883297801       0.00000000    
  0.899963796       0.00000000    
  0.916629791       0.00000000    
  0.933295786       0.00000000    
  0.949961782       0.00000000    
  0.966627777       0.00000000    
  0.983293772       0.00000000    
  0.999959767       0.00000000    
   1.01662576       0.00000000    
   1.03329182       0.00000000    
   1.04995787       0.00000000    
   1.06662393       0.00000000    
   1.08328998       0.00000000    
   1.09995604       0.00000000    
   1.11662209       0.00000000    
   1.13328815       0.00000000    
   1.14995420       0.00000000    
   1.16662025       0.00000000    
   1.18328631       0.00000000    
   1.19995236       0.00000000    
   1.21661842       0.00000000    
   1.23328447       0.00000000    
   1.24995053       0.00000000    
   1.26661658       0.00000000    
   1.28328264       0.00000000    
   1.29994869       0.00000000    
   1.31661475       0.00000000    
   1.33328080       0.00000000    
   1.34994686       0.00000000    
   1.36661291       0.00000000    
   1.38327897       0.00000000    
   1.39994502       0.00000000    
   1.41661108       0.00000000    
   1.43327713       0.00000000    
   1.44994318       0.00000000    
   1.46660924       0.00000000    
   1.48327529       0.00000000    
   1.49994135       0.00000000    
   1.51660740       0.00000000    
   1.53327346       0.00000000    
   1.54993951       0.00000000    
   1.56660557       0.00000000    
   1.58327162       0.00000000    
   1.59993768       0.00000000    
   1.61660373       0.00000000    
   1.63326979       0.00000000    
   1.64993584       0.00000000    
   1.66660190       0.00000000    
   1.68326795       0.00000000    
   1.69993401       0.00000000    
   1.71660006       0.00000000    
   1.73326612       0.00000000    
   1.74993217       0.00000000    
   1.76659822       0.00000000    
   1.78326428       0.00000000    
   1.79993033       0.00000000    
   1.81659639       0.00000000    
   1.83326244       0.00000000    
   1.84992850       0.00000000    
   1.86659455       0.00000000    
   1.88326061       0.00000000    
   1.89992666       0.00000000    
   1.91659272       0.00000000    
   1.93325877       0.00000000    
   1.94992483       0.00000000    
   1.96659088       0.00000000    
   1.98325694       0.00000000    
   1.99992299       0.00000000    
   2.01658893       0.00000000    
   2.03325486       0.00000000    
   2.04992080       0.00000000    
   2.06658673       0.00000000    
   2.08325267       0.00000000    
   2.09991860       0.00000000    
   2.11658454       0.00000000    
   2.13325047       0.00000000    
   2.14991641       0.00000000    
   2.16658235       0.00000000    
   2.18324828       0.00000000    
   2.19991422       0.00000000    
   2.21658015       0.00000000    
   2.23324609       0.00000000    
   2.24991202       0.00000000    
   2.26657796       0.00000000    
   2.28324389       0.00000000    
   2.29990983       0.00000000    
   2.31657577       0.00000000    
   2.33324170       0.00000000    
   2.34990764       0.00000000    
   2.36657357       0.00000000    
   2.38323951       0.00000000    
   2.39990544       0.00000000    
   2.41657138       0.00000000    
   2.43323731       0.00000000    
   2.44990325       0.00000000    
   2.46656919       0.00000000    
   2.48323512       0.00000000    
   2.49990106       0.00000000    
   2.51656699       0.00000000    
   2.53323293       0.00000000    
   2.54989886       0.00000000    
   2.56656480       0.00000000    
   2.58323073       0.00000000    
   2.59989667       0.00000000    
   2.61656260       0.00000000    
   2.63322854       0.00000000    
   2.64989448       0.00000000    
   2.66656041       0.00000000    
   2.68322635       0.00000000    
   2.69989228       0.00000000    
   2.71655822       0.00000000    
   2.73322415       0.00000000    
   2.74989009       0.00000000    
   2.76655602       0.00000000    
   2.78322196       0.00000000    
   2.79988790       0.00000000    
   2.81655383       0.00000000    
   2.83321977       0.00000000    
   2.84988570       0.00000000    
   2.86655164       0.00000000    
   2.88321757       0.00000000    
   2.89988351       0.00000000    
   2.91654944       0.00000000    
   2.93321538       0.00000000    
   2.94988132       0.00000000    
   2.96654725       0.00000000    
   2.98321319       0.00000000    
   2.99987912       0.00000000    
   3.01654506       0.00000000    
   3.03321099       0.00000000    
   3.04987693       0.00000000    
   3.06654286       0.00000000    
   3.08320880       0.00000000    
   3.09987473       0.00000000    
   3.11654067       0.00000000    
   3.13320661       0.00000000    
   3.14987254       0.00000000    
   3.16653848       0.00000000    
   3.18320441       0.00000000    
   3.19987035       0.00000000    
   3.21653628       0.00000000    
   3.23320222       0.00000000    
   3.24986815       0.00000000    
   3.26653409       0.00000000    
   3.28320003       0.00000000    
   3.29986596       0.00000000    
   3.31653190       0.00000000    
   3.33319783       0.00000000    
   3.34986377       0.00000000    
   3.36652970       0.00000000    
   3.38319564       0.00000000    
   3.39986157       0.00000000    
   3.41652751       0.00000000    
   3.43319345       0.00000000    
   3.44985938       0.00000000    
   3.46652532       0.00000000    
   3.48319125       0.00000000    
   3.49985719       0.00000000    
   3.51652312       0.00000000    
   3.53318906       0.00000000    
   3.54985499       0.00000000    
   3.56652093       0.00000000    
   3.58318686       0.00000000    
   3.59985280       0.00000000    
   3.61651874       0.00000000    
   3.63318467       0.00000000    
   3.64985061       0.00000000    
   3.66651654       0.00000000    
   3.68318248       0.00000000    
   3.69984841       0.00000000    
   3.71651435       0.00000000    
   3.73318028       0.00000000    
   3.74984622       0.00000000    
   3.76651216       0.00000000    
   3.78317809       0.00000000    
   3.79984403       0.00000000    
   3.81650996       0.00000000    
   3.83317590       0.00000000    
   3.84984183       0.00000000    
   3.86650777       0.00000000    
   3.88317370       0.00000000    
   3.89983964       0.00000000    
   3.91650558       0.00000000    
   3.93317151       0.00000000    
   3.94983745       0.00000000    
   3.96650338       0.00000000    
   3.98316932       0.00000000    
   3.99983525       0.00000000    
   4.01650143       0.00000000    
   4.03316736       0.00000000    
   4.04983330       0.00000000    
   4.06649923       0.00000000    
   4.08316517       0.00000000    
   4.09983110       0.00000000    
   4.11649704       0.00000000    
   4.13316298       0.00000000    
   4.14982891       0.00000000    
   4.16649485       0.00000000    
   4.18316078       0.00000000    
   4.19982672       0.00000000    
   4.21649265       0.00000000    
   4.23315859       0.00000000    
   4.24982452       0.00000000    
   4.26649046       0.00000000    
   4.28315639       0.00000000    
   4.29982233       0.00000000    
   4.31648827       0.00000000    
   4.33315420       0.00000000    
   4.34982014       0.00000000    
   4.36648607       0.00000000    
   4.38315201       0.00000000    
   4.39981794       0.00000000    
   4.41648388       0.00000000    
   4.43314981       0.00000000    
   4.44981575       0.00000000    
   4.46648169       0.00000000    
   4.48314762       0.00000000    
   4.49981356       0.00000000    
   4.51647949       0.00000000    
   4.53314543       0.00000000    
   4.54981136       0.00000000    
   4.56647730       0.00000000    
   4.58314323       0.00000000    
   4.59980917       0.00000000    
   4.61647511       0.00000000    
   4.63314104       0.00000000    
   4.64980698       0.00000000    
   4.66647291       0.00000000    
   4.68313885       0.00000000    
   4.69980478       0.00000000    
   4.71647072       0.00000000    
   4.73313665       0.00000000    
   4.74980259       0.00000000    
   4.76646852       0.00000000    
   4.78313446       0.00000000    
   4.79980040       0.00000000    
   4.81646633       0.00000000    
   4.83313227       0.00000000    
   4.84979820       0.00000000    
   4.86646414       0.00000000    
   4.88313007       0.00000000    
   4.89979601       0.00000000    
   4.91646194       0.00000000    
   4.93312788       0.00000000    
   4.94979382       0.00000000    
   4.96645975       0.00000000    
   4.98312569       0.00000000    
   4.99979162       0.00000000    
   5.01645756       0.00000000    
   5.03312349       0.00000000    
   5.04978943       0.00000000    
   5.06645536       0.00000000    
   5.08312130       0.00000000    
   5.09978724       0.00000000    
   5.11645317       0.00000000    
   5.13311911       0.00000000    
   5.14978504       0.00000000    
   5.16645098       0.00000000    
   5.18311691       0.00000000    
   5.19978285       0.00000000    
   5.21644878       0.00000000    
   5.23311472       0.00000000    
   5.24978065       0.00000000    
   5.26644659       0.00000000    
   5.28311253       0.00000000    
   5.29977846       0.00000000    
   5.31644440       0.00000000    
   5.33311033       0.00000000    
   5.34977627       0.00000000    
   5.36644220       0.00000000    
   5.38310814       0.00000000    
   5.39977407       0.00000000    
   5.41644001       0.00000000    
   5.43310595       0.00000000    
   5.44977188       0.00000000    
   5.46643782       0.00000000    
   5.48310375       0.00000000    
   5.49976969       0.00000000    
   5.51643562       0.00000000    
   5.53310156       0.00000000    
   5.54976749       0.00000000    
   5.56643343       0.00000000    
   5.58309937       0.00000000    
   5.59976530       0.00000000    
   5.61643124       0.00000000    
   5.63309717       0.00000000    
   5.64976311       0.00000000    
   5.66642904       0.00000000    
   5.68309498       0.00000000    
   5.69976091       0.00000000    
   5.71642685       0.00000000    
   5.73309278       0.00000000    
   5.74975872       0.00000000    
   5.76642466       0.00000000    
   5.78309059       0.00000000    
   5.79975653       0.00000000    
   5.81642246       0.00000000    
   5.83308840       0.00000000    
   5.84975433       0.00000000    
   5.86642027       0.00000000    
   5.88308620       0.00000000    
   5.89975214       0.00000000    
   5.91641808       0.00000000    
   5.93308401       0.00000000    
   5.94974995       0.00000000    
   5.96641588       0.00000000    
   5.98308182       0.00000000    
   5.99974775       0.00000000    
   6.01641369       0.00000000    
   6.03307962       0.00000000    
   6.04974556       0.00000000    
   6.06641150       0.00000000    
   6.08307743       0.00000000    
   6.09974337       0.00000000    
   6.11640930       0.00000000    
   6.13307524       0.00000000    
   6.14974117       0.00000000    
   6.16640711       0.00000000    
   6.18307304       0.00000000    
   6.19973898       0.00000000    
   6.21640491       0.00000000    
   6.23307085       0.00000000    
   6.24973679       0.00000000    
   6.26640272       0.00000000    
   6.28306866       0.00000000    
   6.29973459       0.00000000    
   6.31640053       0.00000000    
   6.33306646       0.00000000    
   6.34973240       0.00000000    
   6.36639833       0.00000000    
   6.38306427       0.00000000    
   6.39973021       0.00000000    
   6.41639614       0.00000000    
   6.43306208       0.00000000    
   6.44972801       0.00000000    
   6.46639395       0.00000000    
   6.48305988       0.00000000    
   6.49972582       0.00000000    
   6.51639175       0.00000000    
   6.53305769       0.00000000    
   6.54972363       0.00000000    
   6.56638956       0.00000000    
   6.58305550       0.00000000    
   6.59972143       9.86799984E-39
   6.61638737       6.84500022E-19
   6.63305330       1.09000001E-15
   6.64971924       3.67299995E-13
   6.66638517       2.93799984E-11
   6.68305111       1.42099998E-09
   6.69971704       1.18400001E-08
   6.71638298       4.29000018E-08
   6.73304892       1.02400001E-07
   6.74971485       2.02500004E-07
   6.76638079       3.68600013E-07
   6.78304672       6.47600018E-07
   6.79971266       1.10300005E-06
   6.81637859       1.77400000E-06
   6.83304453       2.69199995E-06
   6.84971046       3.98400016E-06
   6.86637640       5.52299980E-06
   6.88304234       7.55000019E-06
   6.89970827       1.02599997E-05
   6.91637421       1.34800002E-05
   6.93304014       1.75200003E-05
   6.94970608       2.25599997E-05
   6.96637201       2.84300004E-05
   6.98303795       3.54600015E-05
   6.99970388       4.44200014E-05
   7.01636982       5.43099995E-05
   7.03303576       6.68900029E-05
   7.04970169       8.02499999E-05
   7.06636763       9.62799968E-05
   7.08303356       1.15299998E-04
   7.09969950       1.36799994E-04
   7.11636543       1.59699994E-04
   7.13303137       1.85199999E-04
   7.14969730       2.14900007E-04
   7.16636324       2.50799989E-04
   7.18302917       2.80700013E-04
   7.19969511       3.25200002E-04
   7.21636105       3.60100006E-04
   7.23302698       4.01600002E-04
   7.24969292       4.51400003E-04
   7.26635885       5.10799990E-04
   7.28302479       5.66700008E-04
   7.29969072       6.22400024E-04
   7.31635666       6.81800011E-04
   7.33302259       7.44700024E-04
   7.34968853       8.10800004E-04
   7.36635447       8.80100008E-04
   7.38302040       9.52599978E-04
   7.39968634       1.02800003E-03
   7.41635227       1.10700005E-03
   7.43301821       1.18899997E-03
   7.44968414       1.27400004E-03
   7.46635008       1.36200001E-03
   7.48301601       1.45300000E-03
   7.49968195       1.54700002E-03
   7.51634789       1.64399995E-03
   7.53301382       1.74500002E-03
   7.54967976       1.84799999E-03
   7.56634569       1.95499999E-03
   7.58301163       2.06499989E-03
   7.59967756       2.17900006E-03
   7.61634350       2.29600002E-03
   7.63300943       2.41600000E-03
   7.64967537       2.53900001E-03
   7.66634130       2.66600004E-03
   7.68300724       2.79700011E-03
   7.69967318       2.93099997E-03
   7.71633911       3.06900009E-03
   7.73300505       3.21000000E-03
   7.74967098       3.35499994E-03
   7.76633692       3.50399991E-03
   7.78300285       3.65599990E-03
   7.79966879       3.81299993E-03
   7.81633472       3.97300022E-03
   7.83300066       4.13700007E-03
   7.84966660       4.30600019E-03
   7.86633253       4.47800010E-03
   7.88299847       4.65400005E-03
   7.89966440       4.83499980E-03
   7.91633034       5.02000004E-03
   7.93299627       5.21000009E-03
   7.94966221       5.40299993E-03
   7.96632814       5.60100004E-03
   7.98299408       5.80399996E-03
   7.99966002       6.01099990E-03
   8.01632595       6.22300012E-03
   8.03299236       6.43899990E-03
   8.04965878       6.65999996E-03
   8.06632519       6.88599981E-03
   8.08299160       7.11699994E-03
   8.09965801       7.35299988E-03
   8.11632442       7.59299984E-03
   8.13299084       7.83899985E-03
   8.14965725       8.08900036E-03
   8.16632366       8.34500045E-03
   8.18299007       8.60599987E-03
   8.19965649       8.87199957E-03
   8.21632290       9.14299954E-03
   8.23298931       9.42000002E-03
   8.24965572       9.70199984E-03
   8.26632214       9.98899993E-03
   8.28298855       1.02800000E-02
   8.29965496       1.05799995E-02
   8.31632137       1.08800000E-02
   8.33298779       1.11900000E-02
   8.34965420       1.15099996E-02
   8.36632061       1.18300002E-02
   8.38298702       1.21600004E-02
   8.39965343       1.24899996E-02
   8.41631985       1.28300004E-02
   8.43298626       1.31700002E-02
   8.44965267       1.35199996E-02
   8.46631908       1.38699999E-02
   8.48298550       1.42400004E-02
   8.49965191       1.46000003E-02
   8.51631832       1.49800004E-02
   8.53298473       1.53599996E-02
   8.54965115       1.57399997E-02
   8.56631756       1.61300004E-02
   8.58298397       1.65299997E-02
   8.59965038       1.69300009E-02
   8.61631680       1.73400007E-02
   8.63298321       1.77599993E-02
   8.64964962       1.81799997E-02
   8.66631603       1.86100006E-02
   8.68298244       1.90399997E-02
   8.69964886       1.94799993E-02
   8.71631527       1.99299995E-02
   8.73298168       2.03900002E-02
   8.74964809       2.08400004E-02
   8.76631451       2.13099997E-02
   8.78298092       2.17799991E-02
   8.79964733       2.22600009E-02
   8.81631374       2.27499995E-02
   8.83298016       2.32400000E-02
   8.84964657       2.37300005E-02
   8.86631298       2.42400002E-02
   8.88297939       2.47499999E-02
   8.89964581       2.52599996E-02
   8.91631222       2.57799998E-02
   8.93297863       2.63100006E-02
   8.94964504       2.68500000E-02
   8.96631145       2.73899995E-02
   8.98297787       2.79399995E-02
   8.99964428       2.84899995E-02
   9.01631069       2.90500000E-02
   9.03297710       2.96100006E-02
   9.04964352       3.01900003E-02
   9.06630993       3.07700001E-02
   9.08297634       3.13500017E-02
   9.09964275       3.19399983E-02
   9.11630917       3.25400010E-02
   9.13297558       3.31400000E-02
   9.14964199       3.37500013E-02
   9.16630840       3.43599990E-02
   9.18297482       3.49799991E-02
   9.19964123       3.56100015E-02
   9.21630764       3.62400003E-02
   9.23297405       3.68800014E-02
   9.24964046       3.75199988E-02
   9.26630688       3.81699987E-02
   9.28297329       3.88300009E-02
   9.29963970       3.94899994E-02
   9.31630611       4.01600003E-02
   9.33297253       4.08300012E-02
   9.34963894       4.15100008E-02
   9.36630535       4.21900004E-02
   9.38297176       4.28799987E-02
   9.39963818       4.35700007E-02
   9.41630459       4.42700014E-02
   9.43297100       4.49800007E-02
   9.44963741       4.56900001E-02
   9.46630383       4.63999994E-02
   9.48297024       4.71200012E-02
   9.49963665       4.78500016E-02
   9.51630306       4.85799983E-02
   9.53296947       4.93200012E-02
   9.54963589       5.00600003E-02
   9.56630230       5.07999994E-02
   9.58296871       5.15500009E-02
   9.59963512       5.23100011E-02
   9.61630154       5.30700013E-02
   9.63296795       5.38300015E-02
   9.64963436       5.46000004E-02
   9.66630077       5.53699993E-02
   9.68296719       5.61500005E-02
   9.69963360       5.69300018E-02
   9.71630001       5.77200018E-02
   9.73296642       5.85100017E-02
   9.74963284       5.93000017E-02
   9.76629925       6.01000004E-02
   9.78296566       6.08999990E-02
   9.79963207       6.17100000E-02
   9.81629848       6.25199974E-02
   9.83296490       6.33300021E-02
   9.84963131       6.41399994E-02
   9.86629772       6.49600029E-02
   9.88296413       6.57899976E-02
   9.89963055       6.66100010E-02
   9.91629696       6.74400032E-02
   9.93296337       6.82799965E-02
   9.94962978       6.91099986E-02
   9.96629620       6.99499995E-02
   9.98296261       7.07900003E-02
   9.99962902       7.16399997E-02
   10.0162954       7.24899992E-02
   10.0329618       7.33399987E-02
   10.0496283       7.41899982E-02
   10.0662947       7.50399977E-02
   10.0829611       7.59000033E-02
   10.0996275       7.67600015E-02
   10.1162939       7.76199996E-02
   10.1329603       7.84799978E-02
   10.1496267       7.93500021E-02
   10.1662931       8.02199990E-02
   10.1829596       8.10900033E-02
   10.1996260       8.19600001E-02
   10.2162924       8.28299969E-02
   10.2329588       8.37000012E-02
   10.2496252       8.45799968E-02
   10.2662916       8.54500011E-02
   10.2829580       8.63299966E-02
   10.2996244       8.72099996E-02
   10.3162909       8.80900025E-02
   10.3329573       8.89599994E-02
   10.3496237       8.98400024E-02
   10.3662901       9.07299966E-02
   10.3829565       9.16000009E-02
   10.3996229       9.24900025E-02
   10.4162893       9.33500007E-02
   10.4329557       9.42400023E-02
   10.4496222       9.51299965E-02
   10.4662886       9.60099995E-02
   10.4829550       9.68900025E-02
   10.4996214       9.77699980E-02
   10.5162878       9.86599997E-02
   10.5329542       9.95400026E-02
   10.5496206      0.100400001    
   10.5662870      0.101300001    
   10.5829535      0.102200001    
   10.5996199      0.103100002    
   10.6162863      0.103900000    
   10.6329527      0.104800001    
   10.6496191      0.105700001    
   10.6662855      0.106500000    
   10.6829519      0.107400000    
   10.6996183      0.108300000    
   10.7162848      0.109200001    
   10.7329512      0.109999999    
   10.7496176      0.110900000    
   10.7662840      0.111699998    
   10.7829504      0.112599999    
   10.7996168      0.113499999    
   10.8162832      0.114299998    
   10.8329496      0.115199998    
   10.8496161      0.115999997    
   10.8662825      0.116899997    
   10.8829489      0.117700003    
   10.8996153      0.118600003    
   10.9162817      0.119400002    
   10.9329481      0.120200001    
   10.9496145      0.121100001    
   10.9662809      0.121900000    
   10.9829473      0.122699998    
   10.9996138      0.123599999    
   11.0162802      0.124399997    
   11.0329466      0.125200003    
   11.0496130      0.126000002    
   11.0662794      0.126800001    
   11.0829458      0.127499998    
   11.0996122      0.128399998    
   11.1162786      0.129199997    
   11.1329451      0.129999995    
   11.1496115      0.130799994    
   11.1662779      0.131600007    
   11.1829443      0.132300004    
   11.1996107      0.133100003    
   11.2162771      0.133900002    
   11.2329435      0.134599999    
   11.2496099      0.135399997    
   11.2662764      0.136199996    
   11.2829428      0.136899993    
   11.2996092      0.137600005    
   11.3162756      0.138400003    
   11.3329420      0.139100000    
   11.3496084      0.139799997    
   11.3662748      0.140599996    
   11.3829412      0.141200006    
   11.3996077      0.142000005    
   11.4162741      0.142700002    
   11.4329405      0.143399999    
   11.4496069      0.144099995    
   11.4662733      0.144700006    
   11.4829397      0.145400003    
   11.4996061      0.145899996    
   11.5162725      0.146699995    
   11.5329390      0.147400007    
   11.5496054      0.148000002    
   11.5662718      0.148699999    
   11.5829382      0.149299994    
   11.5996046      0.150000006    
   11.6162710      0.150600001    
   11.6329374      0.151199996    
   11.6496038      0.151800007    
   11.6662703      0.152400002    
   11.6829367      0.152999997    
   11.6996031      0.153600007    
   11.7162695      0.154200003    
   11.7329359      0.154699996    
   11.7496023      0.155300006    
   11.7662687      0.155800000    
   11.7829351      0.156399995    
   11.7996016      0.156900004    
   11.8162680      0.157399997    
   11.8329344      0.158000007    
   11.8496008      0.158500001    
   11.8662672      0.158999994    
   11.8829336      0.159400001    
   11.8996000      0.159999996    
   11.9162664      0.160500005    
   11.9329329      0.160899997    
   11.9495993      0.161400005    
   11.9662657      0.161899999    
   11.9829321      0.162200004    
   11.9995985      0.162599996    
   12.0162649      0.163100004    
   12.0329313      0.163599998    
   12.0495977      0.164000005    
   12.0662642      0.164399996    
   12.0829306      0.164800003    
   12.0995970      0.165199995    
   12.1162634      0.165399998    
   12.1329298      0.165900007    
   12.1495962      0.166299999    
   12.1662626      0.166600004    
   12.1829290      0.166999996    
   12.1995955      0.167300001    
   12.2162619      0.167600006    
   12.2329283      0.167799994    
   12.2495947      0.168200001    
   12.2662611      0.168500006    
   12.2829275      0.168799996    
   12.2995939      0.169100001    
   12.3162603      0.169300005    
   12.3329268      0.169599995    
   12.3495932      0.169799998    
   12.3662596      0.170100003    
   12.3829260      0.170300007    
   12.3995924      0.170499995    
   12.4162588      0.170699999    
   12.4329252      0.170900002    
   12.4495916      0.171100006    
   12.4662580      0.171299994    
   12.4829245      0.171399996    
   12.4995909      0.171499997    
   12.5162573      0.171700001    
   12.5329237      0.171800002    
   12.5495901      0.172000006    
   12.5662565      0.172099993    
   12.5829229      0.172199994    
   12.5995893      0.172299996    
   12.6162558      0.172399998    
   12.6329222      0.172399998    
   12.6495886      0.172499999    
   12.6662550      0.172600001    
   12.6829214      0.172600001    
   12.6995878      0.172600001    
   12.7162542      0.172700003    
   12.7329206      0.172700003    
   12.7495871      0.172700003    
   12.7662535      0.172700003    
   12.7829199      0.172700003    
   12.7995863      0.172600001    
   12.8162527      0.172600001    
   12.8329191      0.172499999    
   12.8495855      0.172499999    
   12.8662519      0.172399998    
   12.8829184      0.172299996    
   12.8995848      0.172299996    
   12.9162512      0.172199994    
   12.9329176      0.172099993    
   12.9495840      0.171900004    
   12.9662504      0.171800002    
   12.9829168      0.171599999    
   12.9995832      0.171499997    
   13.0162497      0.171399996    
   13.0329161      0.171200007    
   13.0495825      0.171000004    
   13.0662489      0.170800000    
   13.0829153      0.170599997    
   13.0995817      0.170399994    
   13.1162481      0.170200005    
   13.1329145      0.170000002    
   13.1495810      0.169699997    
   13.1662474      0.169499993    
   13.1829138      0.169200003    
   13.1995802      0.169000000    
   13.2162466      0.168699995    
   13.2329130      0.168400005    
   13.2495794      0.168099999    
   13.2662458      0.167699993    
   13.2829123      0.167500004    
   13.2995787      0.167199999    
   13.3162451      0.166899994    
   13.3329115      0.166500002    
   13.3495779      0.166199997    
   13.3662443      0.165800005    
   13.3829107      0.165399998    
   13.3995771      0.165099993    
   13.4162436      0.164700001    
   13.4329100      0.164299995    
   13.4495764      0.163900003    
   13.4662428      0.163499996    
   13.4829092      0.163000003    
   13.4995756      0.162599996    
   13.5162420      0.162100002    
   13.5329084      0.161699995    
   13.5495749      0.161300004    
   13.5662413      0.160799995    
   13.5829077      0.160300002    
   13.5995741      0.159799993    
   13.6162405      0.159299999    
   13.6329069      0.158800006    
   13.6495733      0.158299997    
   13.6662397      0.157800004    
   13.6829062      0.157299995    
   13.6995726      0.156700000    
   13.7162390      0.156200007    
   13.7329054      0.155699998    
   13.7495718      0.155100003    
   13.7662382      0.154499993    
   13.7829046      0.153999999    
   13.7995710      0.153400004    
   13.8162374      0.152799994    
   13.8329039      0.152199998    
   13.8495703      0.151600003    
   13.8662367      0.150999993    
   13.8829031      0.150399998    
   13.8995695      0.149800003    
   13.9162359      0.149100006    
   13.9329023      0.148499995    
   13.9495687      0.147799999    
   13.9662352      0.147200003    
   13.9829016      0.146500006    
   13.9995680      0.145899996    
   14.0162344      0.145199999    
   14.0329008      0.144500002    
   14.0495672      0.143800005    
   14.0662336      0.143099993    
   14.0829000      0.142399997    
   14.0995665      0.141700000    
   14.1162329      0.141000003    
   14.1328993      0.140300006    
   14.1495657      0.139599994    
   14.1662321      0.138899997    
   14.1828985      0.138099998    
   14.1995649      0.137400001    
   14.2162313      0.136700004    
   14.2328978      0.135900006    
   14.2495642      0.135199994    
   14.2662306      0.134399995    
   14.2828970      0.133599997    
   14.2995634      0.132900000    
   14.3162298      0.132100001    
   14.3328962      0.131200001    
   14.3495626      0.130500004    
   14.3662291      0.129700005    
   14.3828955      0.128999993    
   14.3995619      0.128199995    
   14.4162283      0.127299994    
   14.4328947      0.126599997    
   14.4495611      0.125699997    
   14.4662275      0.124899998    
   14.4828939      0.124100000    
   14.4995604      0.123300001    
   14.5162268      0.122500002    
   14.5328932      0.121600002    
   14.5495596      0.120800003    
   14.5662260      0.119900003    
   14.5828924      0.119099997    
   14.5995588      0.118299998    
   14.6162252      0.117500000    
   14.6328917      0.116599999    
   14.6495581      0.115800001    
   14.6662245      0.114900000    
   14.6828909      0.114000000    
   14.6995573      0.113200001    
   14.7162237      0.112300001    
   14.7328901      0.111500002    
   14.7495565      0.110600002    
   14.7662230      0.109800003    
   14.7828894      0.108900003    
   14.7995558      0.108000003    
   14.8162222      0.107100002    
   14.8328886      0.106299996    
   14.8495550      0.105400003    
   14.8662214      0.104500003    
   14.8828878      0.103699997    
   14.8995543      0.102799997    
   14.9162207      0.101899996    
   14.9328871      0.101000004    
   14.9495535      0.100100003    
   14.9662199       9.92600024E-02
   14.9828863       9.83799994E-02
   14.9995527       9.74999964E-02
   15.0162191       9.66100022E-02
   15.0328856       9.57299992E-02
   15.0495520       9.48500037E-02
   15.0662184       9.39500034E-02
   15.0828848       9.30799991E-02
   15.0995512       9.22000036E-02
   15.1162176       9.13200006E-02
   15.1328840       9.04399976E-02
   15.1495504       8.95600021E-02
   15.1662169       8.86799991E-02
   15.1828833       8.78000036E-02
   15.1995497       8.69200006E-02
   15.2162161       8.60399976E-02
   15.2328825       8.51700008E-02
   15.2495489       8.42899978E-02
   15.2662153       8.34200010E-02
   15.2828817       8.25399980E-02
   15.2995481       8.16700011E-02
   15.3162146       8.07999969E-02
   15.3328810       7.99399987E-02
   15.3495474       7.90700018E-02
   15.3662138       7.81999975E-02
   15.3828802       7.73399994E-02
   15.3995466       7.64800012E-02
   15.4162130       7.56200030E-02
   15.4328794       7.47700036E-02
   15.4495459       7.39099979E-02
   15.4662123       7.30599985E-02
   15.4828787       7.22099990E-02
   15.4995451       7.13599995E-02
   15.5162115       7.05199987E-02
   15.5328779       6.96799979E-02
   15.5495443       6.88399971E-02
   15.5662107       6.80100024E-02
   15.5828772       6.71700016E-02
   15.5995436       6.63399994E-02
   15.6162100       6.55200034E-02
   15.6328764       6.47000000E-02
   15.6495428       6.38799965E-02
   15.6662092       6.30600005E-02
   15.6828756       6.22499995E-02
   15.6995420       6.14399984E-02
   15.7162085       6.06399998E-02
   15.7328749       5.98400012E-02
   15.7495413       5.90399988E-02
   15.7662077       5.82499988E-02
   15.7828741       5.74599989E-02
   15.7995405       5.66800013E-02
   15.8162069       5.58900014E-02
   15.8328733       5.51199988E-02
   15.8495398       5.43499999E-02
   15.8662062       5.35800010E-02
   15.8828726       5.28099984E-02
   15.8995390       5.20600006E-02
   15.9162054       5.13099991E-02
   15.9328718       5.05600013E-02
   15.9495382       4.98099998E-02
   15.9662046       4.90700006E-02
   15.9828711       4.83400002E-02
   15.9995375       4.76099998E-02
   16.0162029       4.68900017E-02
   16.0328693       4.61700000E-02
   16.0495358       4.54499982E-02
   16.0662022       4.47399989E-02
   16.0828686       4.40399982E-02
   16.0995350       4.33400013E-02
   16.1162014       4.26499993E-02
   16.1328678       4.19600010E-02
   16.1495342       4.12800014E-02
   16.1662006       4.06000018E-02
   16.1828671       3.99399996E-02
   16.1995335       3.92699987E-02
   16.2161999       3.86100002E-02
   16.2328663       3.79600003E-02
   16.2495327       3.73100005E-02
   16.2661991       3.66699994E-02
   16.2828655       3.60299982E-02
   16.2995319       3.53999995E-02
   16.3161983       3.47799994E-02
   16.3328648       3.41599993E-02
   16.3495312       3.35399993E-02
   16.3661976       3.29400003E-02
   16.3828640       3.23400013E-02
   16.3995304       3.17399986E-02
   16.4161968       3.11500002E-02
   16.4328632       3.05700004E-02
   16.4495296       2.99900007E-02
   16.4661961       2.94300001E-02
   16.4828625       2.88600009E-02
   16.4995289       2.83000004E-02
   16.5161953       2.77500004E-02
   16.5328617       2.72100009E-02
   16.5495281       2.66699996E-02
   16.5661945       2.61400007E-02
   16.5828609       2.56099999E-02
   16.5995274       2.50899997E-02
   16.6161938       2.45699994E-02
   16.6328602       2.40700003E-02
   16.6495266       2.35699993E-02
   16.6661930       2.30700001E-02
   16.6828594       2.25799996E-02
   16.6995258       2.20999997E-02
   16.7161922       2.16199998E-02
   16.7328587       2.11500004E-02
   16.7495251       2.06899997E-02
   16.7661915       2.02300008E-02
   16.7828579       1.97800007E-02
   16.7995243       1.93399992E-02
   16.8161907       1.88999996E-02
   16.8328571       1.84700005E-02
   16.8495235       1.80399995E-02
   16.8661900       1.76199991E-02
   16.8828564       1.72000006E-02
   16.8995228       1.67999994E-02
   16.9161892       1.63899995E-02
   16.9328556       1.60000008E-02
   16.9495220       1.56100001E-02
   16.9661884       1.52300000E-02
   16.9828548       1.48499999E-02
   16.9995213       1.44800004E-02
   17.0161877       1.41099999E-02
   17.0328541       1.37499999E-02
   17.0495205       1.33999996E-02
   17.0661869       1.30500002E-02
   17.0828533       1.27100004E-02
   17.0995197       1.23699997E-02
   17.1161861       1.20400004E-02
   17.1328526       1.17199998E-02
   17.1495190       1.14000002E-02
   17.1661854       1.10900002E-02
   17.1828518       1.07800001E-02
   17.1995182       1.04799997E-02
   17.2161846       1.01800002E-02
   17.2328510       9.89099964E-03
   17.2495174       9.60499980E-03
   17.2661839       9.32500046E-03
   17.2828503       9.05000046E-03
   17.2995167       8.78100004E-03
   17.3161831       8.51599965E-03
   17.3328495       8.25699978E-03
   17.3495159       8.00300017E-03
   17.3661823       7.75399990E-03
   17.3828487       7.50999991E-03
   17.3995152       7.27199996E-03
   17.4161816       7.03800004E-03
   17.4328480       6.80800015E-03
   17.4495144       6.58399984E-03
   17.4661808       6.36400003E-03
   17.4828472       6.14900002E-03
   17.4995136       5.94000006E-03
   17.5161800       5.73399989E-03
   17.5328465       5.53299999E-03
   17.5495129       5.33600012E-03
   17.5661793       5.14400005E-03
   17.5828457       4.95600002E-03
   17.5995121       4.77299979E-03
   17.6161785       4.59299982E-03
   17.6328449       4.41800011E-03
   17.6495113       4.24699998E-03
   17.6661777       4.07999987E-03
   17.6828442       3.91699979E-03
   17.6995106       3.75799998E-03
   17.7161770       3.60299996E-03
   17.7328434       3.45199998E-03
   17.7495098       3.30400001E-03
   17.7661762       3.16100009E-03
   17.7828426       3.02099995E-03
   17.7995090       2.88400007E-03
   17.8161755       2.75099999E-03
   17.8328419       2.62199994E-03
   17.8495083       2.49599991E-03
   17.8661747       2.37399992E-03
   17.8828411       2.25499994E-03
   17.8995075       2.13899999E-03
   17.9161739       2.02700007E-03
   17.9328403       1.91800005E-03
   17.9495068       1.81199994E-03
   17.9661732       1.70899997E-03
   17.9828396       1.61000004E-03
   17.9995060       1.51400000E-03
   18.0161724       1.41999999E-03
   18.0328388       1.33000000E-03
   18.0495052       1.24400004E-03
   18.0661716       1.15999999E-03
   18.0828381       1.07899995E-03
   18.0995045       1.00100006E-03
   18.1161709       9.26800014E-04
   18.1328373       8.55399994E-04
   18.1495037       7.87300000E-04
   18.1661701       7.22300028E-04
   18.1828365       6.60600024E-04
   18.1995029       6.02399989E-04
   18.2161694       5.48099983E-04
   18.2328358       4.88699996E-04
   18.2495022       4.32800007E-04
   18.2661686       3.86200001E-04
   18.2828350       3.47099995E-04
   18.2995014       3.10300005E-04
   18.3161678       2.69000011E-04
   18.3328342       2.35800006E-04
   18.3495007       2.06299999E-04
   18.3661671       1.76300004E-04
   18.3828335       1.50499996E-04
   18.3994999       1.27899999E-04
   18.4161663       1.07899999E-04
   18.4328327       9.08200018E-05
   18.4494991       7.61400006E-05
   18.4661655       6.17699989E-05
   18.4828320       5.08599987E-05
   18.4994984       4.08300002E-05
   18.5161648       3.32700001E-05
   18.5328312       2.61700006E-05
   18.5494976       2.04600001E-05
   18.5661640       1.58399998E-05
   18.5828304       1.21399999E-05
   18.5994968       9.19099966E-06
   18.6161633       6.86600015E-06
   18.6328297       4.90000002E-06
   18.6494961       3.48399999E-06
   18.6661625       2.32299999E-06
   18.6828289       1.50899996E-06
   18.6994953       9.17900024E-07
   18.7161617       5.32499996E-07
   18.7328281       2.99800007E-07
   18.7494946       1.61200006E-07
   18.7661610       7.75400011E-08
   18.7828274       2.83499997E-08
   18.7994938       6.42000009E-09
   18.8161602       4.49399989E-10
   18.8328266       6.60100013E-12
   18.8494930       5.36099993E-14
   18.8661594       1.03399999E-16
   18.8828259       1.65500003E-20
   18.8994923       0.00000000    
   18.9161587       0.00000000    
   18.9328251       0.00000000    
   18.9494915       0.00000000    
   18.9661579       0.00000000    
   18.9828243       0.00000000    
   18.9994907       0.00000000    
   19.0161572       0.00000000    
   19.0328236       0.00000000    
   19.0494900       0.00000000    
   19.0661564       0.00000000    
   19.0828228       0.00000000    
   19.0994892       0.00000000    
   19.1161556       0.00000000    
   19.1328220       0.00000000    
   19.1494884       0.00000000    
   19.1661549       0.00000000    
   19.1828213       0.00000000    
   19.1994877       0.00000000    
   19.2161541       0.00000000    
   19.2328205       0.00000000    
   19.2494869       0.00000000    
   19.2661533       0.00000000    
   19.2828197       0.00000000    
   19.2994862       0.00000000    
   19.3161526       0.00000000    
   19.3328190       0.00000000    
   19.3494854       0.00000000    
   19.3661518       0.00000000    
   19.3828182       0.00000000    
   19.3994846       0.00000000    
   19.4161510       0.00000000    
   19.4328175       0.00000000    
   19.4494839       0.00000000    
   19.4661503       0.00000000    
   19.4828167       0.00000000    
   19.4994831       0.00000000    
   19.5161495       0.00000000    
   19.5328159       0.00000000    
   19.5494823       0.00000000    
   19.5661488       0.00000000    
   19.5828152       0.00000000    
   19.5994816       0.00000000    
   19.6161480       0.00000000    
   19.6328144       0.00000000    
   19.6494808       0.00000000    
   19.6661472       0.00000000    
   19.6828136       0.00000000    
   19.6994801       0.00000000    
   19.7161465       0.00000000    
   19.7328129       0.00000000    
   19.7494793       0.00000000    
   19.7661457       0.00000000    
   19.7828121       0.00000000    
   19.7994785       0.00000000    
   19.8161449       0.00000000    
   19.8328114       0.00000000    
   19.8494778       0.00000000    
   19.8661442       0.00000000    
   19.8828106       0.00000000    
   19.8994770       0.00000000    
   19.9161434       0.00000000    
   19.9328098       0.00000000    
   19.9494762       0.00000000    
   19.9661427       0.00000000    
   19.9828091       0.00000000    
   19.9994755       0.00000000    
   20.0161419       0.00000000    
   20.0328083       0.00000000    
   20.0494747       0.00000000    
   20.0661411       0.00000000    
   20.0828075       0.00000000    
   20.0994740       0.00000000    
   20.1161404       0.00000000    
   20.1328068       0.00000000    
   20.1494732       0.00000000    
   20.1661396       0.00000000    
   20.1828060       0.00000000    
   20.1994724       0.00000000    
   20.2161388       0.00000000    
   20.2328053       0.00000000    
   20.2494717       0.00000000    
   20.2661381       0.00000000    
   20.2828045       0.00000000    
   20.2994709       0.00000000    
   20.3161373       0.00000000    
   20.3328037       0.00000000    
   20.3494701       0.00000000    
   20.3661366       0.00000000    
   20.3828030       0.00000000    
   20.3994694       0.00000000    
   20.4161358       0.00000000    
   20.4328022       0.00000000    
   20.4494686       0.00000000    
   20.4661350       0.00000000    
   20.4828014       0.00000000    
   20.4994678       0.00000000    
   20.5161343       0.00000000    
   20.5328007       0.00000000    
   20.5494671       0.00000000    
   20.5661335       0.00000000    
   20.5827999       0.00000000    
   20.5994663       0.00000000    
   20.6161327       0.00000000    
   20.6327991       0.00000000    
   20.6494656       0.00000000    
   20.6661320       0.00000000    
   20.6827984       0.00000000    
   20.6994648       0.00000000    
   20.7161312       0.00000000    
   20.7327976       0.00000000    
   20.7494640       0.00000000    
   20.7661304       0.00000000    
   20.7827969       0.00000000    
   20.7994633       0.00000000    
   20.8161297       0.00000000    
   20.8327961       0.00000000    
   20.8494625       0.00000000    
   20.8661289       0.00000000    
   20.8827953       0.00000000    
   20.8994617       0.00000000    
   20.9161282       0.00000000    
   20.9327946       0.00000000    
   20.9494610       0.00000000    
   20.9661274       0.00000000    
   20.9827938       0.00000000    
   20.9994602       0.00000000    
   21.0161266       0.00000000    
   21.0327930       0.00000000    
   21.0494595       0.00000000    
   21.0661259       0.00000000    
   21.0827923       0.00000000    
   21.0994587       0.00000000    
   21.1161251       0.00000000    
   21.1327915       0.00000000    
   21.1494579       0.00000000    
   21.1661243       0.00000000    
   21.1827908       0.00000000    
   21.1994572       0.00000000    
   21.2161236       0.00000000    
   21.2327900       0.00000000    
   21.2494564       0.00000000    
   21.2661228       0.00000000    
   21.2827892       0.00000000    
   21.2994556       0.00000000    
   21.3161221       0.00000000    
   21.3327885       0.00000000    
   21.3494549       0.00000000    
   21.3661213       0.00000000    
   21.3827877       0.00000000    
   21.3994541       0.00000000    
   21.4161205       0.00000000    
   21.4327869       0.00000000    
   21.4494534       0.00000000    
   21.4661198       0.00000000    
   21.4827862       0.00000000    
   21.4994526       0.00000000    
   21.5161190       0.00000000    
   21.5327854       0.00000000    
   21.5494518       0.00000000    
   21.5661182       0.00000000    
   21.5827847       0.00000000    
   21.5994511       0.00000000    
   21.6161175       0.00000000    
   21.6327839       0.00000000    
   21.6494503       0.00000000    
   21.6661167       0.00000000    
   21.6827831       0.00000000    
   21.6994495       0.00000000    
   21.7161160       0.00000000    
   21.7327824       0.00000000    
   21.7494488       0.00000000    
   21.7661152       0.00000000    
   21.7827816       0.00000000    
   21.7994480       0.00000000    
   21.8161144       0.00000000    
   21.8327808       0.00000000    
   21.8494473       0.00000000    
   21.8661137       0.00000000    
   21.8827801       0.00000000    
   21.8994465       0.00000000    
   21.9161129       0.00000000    
   21.9327793       0.00000000    
   21.9494457       0.00000000    
   21.9661121       0.00000000    
   21.9827785       0.00000000    
   21.9994450       0.00000000    
   22.0161114       0.00000000    
   22.0327778       0.00000000    
   22.0494442       0.00000000    
   22.0661106       0.00000000    
   22.0827770       0.00000000    
   22.0994434       0.00000000    
   22.1161098       0.00000000    
   22.1327763       0.00000000    
   22.1494427       0.00000000    
   22.1661091       0.00000000    
   22.1827755       0.00000000    
   22.1994419       0.00000000    
   22.2161083       0.00000000    
   22.2327747       0.00000000    
   22.2494411       0.00000000    
   22.2661076       0.00000000    
   22.2827740       0.00000000    
   22.2994404       0.00000000    
   22.3161068       0.00000000    
   22.3327732       0.00000000    
   22.3494396       0.00000000    
   22.3661060       0.00000000    
   22.3827724       0.00000000    
   22.3994389       0.00000000    
   22.4161053       0.00000000    
   22.4327717       0.00000000    
   22.4494381       0.00000000    
   22.4661045       0.00000000    
   22.4827709       0.00000000    
   22.4994373       0.00000000    
   22.5161037       0.00000000    
   22.5327702       0.00000000    
   22.5494366       0.00000000    
   22.5661030       0.00000000    
   22.5827694       0.00000000    
   22.5994358       0.00000000    
   22.6161022       0.00000000    
   22.6327686       0.00000000    
   22.6494350       0.00000000    
   22.6661015       0.00000000    
   22.6827679       0.00000000    
   22.6994343       0.00000000    
   22.7161007       0.00000000    
   22.7327671       0.00000000    
   22.7494335       0.00000000    
   22.7660999       0.00000000    
   22.7827663       0.00000000    
   22.7994328       0.00000000    
   22.8160992       0.00000000    
   22.8327656       0.00000000    
   22.8494320       0.00000000    
   22.8660984       0.00000000    
   22.8827648       0.00000000    
   22.8994312       0.00000000    
   22.9160976       0.00000000    
   22.9327641       0.00000000    
   22.9494305       0.00000000    
   22.9660969       0.00000000    
   22.9827633       0.00000000    
   22.9994297       0.00000000    
   23.0160961       0.00000000    
   23.0327625       0.00000000    
   23.0494289       0.00000000    
   23.0660954       0.00000000    
   23.0827618       0.00000000    
   23.0994282       0.00000000    
   23.1160946       0.00000000    
   23.1327610       0.00000000    
   23.1494274       0.00000000    
   23.1660938       0.00000000    
   23.1827602       0.00000000    
   23.1994267       0.00000000    
   23.2160931       0.00000000    
   23.2327595       0.00000000    
   23.2494259       0.00000000    
   23.2660923       0.00000000    
   23.2827587       0.00000000    
   23.2994251       0.00000000    
   23.3160915       0.00000000    
   23.3327579       0.00000000    
   23.3494244       0.00000000    
   23.3660908       0.00000000    
   23.3827572       0.00000000    
   23.3994236       0.00000000    
   23.4160900       0.00000000    
   23.4327564       0.00000000    
   23.4494228       0.00000000    
   23.4660892       0.00000000    
   23.4827557       0.00000000    
   23.4994221       0.00000000    
   23.5160885       0.00000000    
   23.5327549       0.00000000    
   23.5494213       0.00000000    
   23.5660877       0.00000000    
   23.5827541       0.00000000    
   23.5994205       0.00000000    
   23.6160870       0.00000000    
   23.6327534       0.00000000    
   23.6494198       0.00000000    
   23.6660862       0.00000000    
   23.6827526       0.00000000    
   23.6994190       0.00000000    
   23.7160854       0.00000000    
   23.7327518       0.00000000    
   23.7494183       0.00000000    
   23.7660847       0.00000000    
   23.7827511       0.00000000    
   23.7994175       0.00000000    
   23.8160839       0.00000000    
   23.8327503       0.00000000    
   23.8494167       0.00000000    
   23.8660831       0.00000000    
   23.8827496       0.00000000    
   23.8994160       0.00000000    
   23.9160824       0.00000000    
   23.9327488       0.00000000    
   23.9494152       0.00000000    
   23.9660816       0.00000000    
   23.9827480       0.00000000    
