   0.00000000       0.00000000    
   1.66660007E-02   0.00000000    
   3.33320014E-02   0.00000000    
   4.99980003E-02   0.00000000    
   6.66640028E-02   0.00000000    
   8.33300054E-02   0.00000000    
   9.99960080E-02   0.00000000    
  0.116662011       0.00000000    
  0.133328006       0.00000000    
  0.149994001       0.00000000    
  0.166659996       0.00000000    
  0.183325991       0.00000000    
  0.199991986       0.00000000    
  0.216657981       0.00000000    
  0.233323976       0.00000000    
  0.249989972       0.00000000    
  0.266655982       0.00000000    
  0.283321977       0.00000000    
  0.299987972       0.00000000    
  0.316653967       0.00000000    
  0.333319962       0.00000000    
  0.349985957       0.00000000    
  0.366651952       0.00000000    
  0.383317947       0.00000000    
  0.399983943       0.00000000    
  0.416649938       0.00000000    
  0.433315933       0.00000000    
  0.449981928       0.00000000    
  0.466647923       0.00000000    
  0.483313918       0.00000000    
  0.499979913       0.00000000    
  0.516645908       0.00000000    
  0.533311903       0.00000000    
  0.549977899       0.00000000    
  0.566643894       0.00000000    
  0.583309889       0.00000000    
  0.599975884       0.00000000    
  0.616641879       0.00000000    
  0.633307874       0.00000000    
  0.649973869       0.00000000    
  0.666639864       0.00000000    
  0.683305860       0.00000000    
  0.699971855       0.00000000    
  0.716637850       0.00000000    
  0.733303845       0.00000000    
  0.749969840       0.00000000    
  0.766635835       0.00000000    
  0.783301830       0.00000000    
  0.799967825       0.00000000    
  0.816633821       0.00000000    
  0.833299816       0.00000000    
  0.849965811       0.00000000    
  0.866631806       0.00000000    
  0.883297801       0.00000000    
  0.899963796       0.00000000    
  0.916629791       0.00000000    
  0.933295786       0.00000000    
  0.949961782       0.00000000    
  0.966627777       0.00000000    
  0.983293772       0.00000000    
  0.999959767       0.00000000    
   1.01662576       0.00000000    
   1.03329182       0.00000000    
   1.04995787       0.00000000    
   1.06662393       0.00000000    
   1.08328998       0.00000000    
   1.09995604       0.00000000    
   1.11662209       0.00000000    
   1.13328815       0.00000000    
   1.14995420       0.00000000    
   1.16662025       0.00000000    
   1.18328631       0.00000000    
   1.19995236       0.00000000    
   1.21661842       0.00000000    
   1.23328447       0.00000000    
   1.24995053       0.00000000    
   1.26661658       0.00000000    
   1.28328264       0.00000000    
   1.29994869       0.00000000    
   1.31661475       0.00000000    
   1.33328080       0.00000000    
   1.34994686       0.00000000    
   1.36661291       0.00000000    
   1.38327897       0.00000000    
   1.39994502       0.00000000    
   1.41661108       0.00000000    
   1.43327713       0.00000000    
   1.44994318       0.00000000    
   1.46660924       0.00000000    
   1.48327529       0.00000000    
   1.49994135       0.00000000    
   1.51660740       0.00000000    
   1.53327346       0.00000000    
   1.54993951       0.00000000    
   1.56660557       0.00000000    
   1.58327162       0.00000000    
   1.59993768       0.00000000    
   1.61660373       0.00000000    
   1.63326979       0.00000000    
   1.64993584       0.00000000    
   1.66660190       0.00000000    
   1.68326795       0.00000000    
   1.69993401       0.00000000    
   1.71660006       0.00000000    
   1.73326612       0.00000000    
   1.74993217       0.00000000    
   1.76659822       0.00000000    
   1.78326428       0.00000000    
   1.79993033       0.00000000    
   1.81659639       0.00000000    
   1.83326244       0.00000000    
   1.84992850       0.00000000    
   1.86659455       0.00000000    
   1.88326061       0.00000000    
   1.89992666       0.00000000    
   1.91659272       0.00000000    
   1.93325877       0.00000000    
   1.94992483       0.00000000    
   1.96659088       0.00000000    
   1.98325694       0.00000000    
   1.99992299       0.00000000    
   2.01658893       0.00000000    
   2.03325486       0.00000000    
   2.04992080       0.00000000    
   2.06658673       0.00000000    
   2.08325267       0.00000000    
   2.09991860       0.00000000    
   2.11658454       0.00000000    
   2.13325047       0.00000000    
   2.14991641       0.00000000    
   2.16658235       0.00000000    
   2.18324828       0.00000000    
   2.19991422       0.00000000    
   2.21658015       0.00000000    
   2.23324609       0.00000000    
   2.24991202       0.00000000    
   2.26657796       0.00000000    
   2.28324389       0.00000000    
   2.29990983       0.00000000    
   2.31657577       0.00000000    
   2.33324170       0.00000000    
   2.34990764       0.00000000    
   2.36657357       0.00000000    
   2.38323951       0.00000000    
   2.39990544       0.00000000    
   2.41657138       0.00000000    
   2.43323731       0.00000000    
   2.44990325       0.00000000    
   2.46656919       0.00000000    
   2.48323512       0.00000000    
   2.49990106       0.00000000    
   2.51656699       0.00000000    
   2.53323293       0.00000000    
   2.54989886       0.00000000    
   2.56656480       0.00000000    
   2.58323073       0.00000000    
   2.59989667       0.00000000    
   2.61656260       0.00000000    
   2.63322854       0.00000000    
   2.64989448       0.00000000    
   2.66656041       0.00000000    
   2.68322635       0.00000000    
   2.69989228       0.00000000    
   2.71655822       0.00000000    
   2.73322415       0.00000000    
   2.74989009       0.00000000    
   2.76655602       0.00000000    
   2.78322196       0.00000000    
   2.79988790       0.00000000    
   2.81655383       0.00000000    
   2.83321977       0.00000000    
   2.84988570       0.00000000    
   2.86655164       0.00000000    
   2.88321757       0.00000000    
   2.89988351       0.00000000    
   2.91654944       0.00000000    
   2.93321538       0.00000000    
   2.94988132       0.00000000    
   2.96654725       0.00000000    
   2.98321319       0.00000000    
   2.99987912       0.00000000    
   3.01654506       0.00000000    
   3.03321099       0.00000000    
   3.04987693       0.00000000    
   3.06654286       0.00000000    
   3.08320880       0.00000000    
   3.09987473       0.00000000    
   3.11654067       0.00000000    
   3.13320661       0.00000000    
   3.14987254       0.00000000    
   3.16653848       0.00000000    
   3.18320441       0.00000000    
   3.19987035       0.00000000    
   3.21653628       0.00000000    
   3.23320222       0.00000000    
   3.24986815       0.00000000    
   3.26653409       0.00000000    
   3.28320003       0.00000000    
   3.29986596       0.00000000    
   3.31653190       0.00000000    
   3.33319783       0.00000000    
   3.34986377       0.00000000    
   3.36652970       0.00000000    
   3.38319564       0.00000000    
   3.39986157       0.00000000    
   3.41652751       0.00000000    
   3.43319345       0.00000000    
   3.44985938       0.00000000    
   3.46652532       0.00000000    
   3.48319125       0.00000000    
   3.49985719       0.00000000    
   3.51652312       0.00000000    
   3.53318906       0.00000000    
   3.54985499       0.00000000    
   3.56652093       0.00000000    
   3.58318686       0.00000000    
   3.59985280       0.00000000    
   3.61651874       0.00000000    
   3.63318467       0.00000000    
   3.64985061       0.00000000    
   3.66651654       0.00000000    
   3.68318248       0.00000000    
   3.69984841       0.00000000    
   3.71651435       0.00000000    
   3.73318028       0.00000000    
   3.74984622       0.00000000    
   3.76651216       0.00000000    
   3.78317809       0.00000000    
   3.79984403       0.00000000    
   3.81650996       0.00000000    
   3.83317590       0.00000000    
   3.84984183       0.00000000    
   3.86650777       0.00000000    
   3.88317370       0.00000000    
   3.89983964       0.00000000    
   3.91650558       0.00000000    
   3.93317151       0.00000000    
   3.94983745       0.00000000    
   3.96650338       0.00000000    
   3.98316932       0.00000000    
   3.99983525       0.00000000    
   4.01650143       0.00000000    
   4.03316736       0.00000000    
   4.04983330       0.00000000    
   4.06649923       0.00000000    
   4.08316517       0.00000000    
   4.09983110       0.00000000    
   4.11649704       0.00000000    
   4.13316298       0.00000000    
   4.14982891       0.00000000    
   4.16649485       0.00000000    
   4.18316078       0.00000000    
   4.19982672       0.00000000    
   4.21649265       0.00000000    
   4.23315859       0.00000000    
   4.24982452       0.00000000    
   4.26649046       0.00000000    
   4.28315639       0.00000000    
   4.29982233       0.00000000    
   4.31648827       0.00000000    
   4.33315420       0.00000000    
   4.34982014       0.00000000    
   4.36648607       0.00000000    
   4.38315201       0.00000000    
   4.39981794       0.00000000    
   4.41648388       0.00000000    
   4.43314981       0.00000000    
   4.44981575       0.00000000    
   4.46648169       0.00000000    
   4.48314762       0.00000000    
   4.49981356       0.00000000    
   4.51647949       0.00000000    
   4.53314543       0.00000000    
   4.54981136       0.00000000    
   4.56647730       0.00000000    
   4.58314323       0.00000000    
   4.59980917       0.00000000    
   4.61647511       0.00000000    
   4.63314104       0.00000000    
   4.64980698       0.00000000    
   4.66647291       0.00000000    
   4.68313885       0.00000000    
   4.69980478       0.00000000    
   4.71647072       0.00000000    
   4.73313665       0.00000000    
   4.74980259       0.00000000    
   4.76646852       0.00000000    
   4.78313446       0.00000000    
   4.79980040       0.00000000    
   4.81646633       0.00000000    
   4.83313227       0.00000000    
   4.84979820       0.00000000    
   4.86646414       0.00000000    
   4.88313007       0.00000000    
   4.89979601       0.00000000    
   4.91646194       0.00000000    
   4.93312788       0.00000000    
   4.94979382       0.00000000    
   4.96645975       0.00000000    
   4.98312569       0.00000000    
   4.99979162       0.00000000    
   5.01645756       0.00000000    
   5.03312349       0.00000000    
   5.04978943       0.00000000    
   5.06645536       0.00000000    
   5.08312130       0.00000000    
   5.09978724       0.00000000    
   5.11645317       0.00000000    
   5.13311911       0.00000000    
   5.14978504       0.00000000    
   5.16645098       0.00000000    
   5.18311691       0.00000000    
   5.19978285       0.00000000    
   5.21644878       0.00000000    
   5.23311472       0.00000000    
   5.24978065       0.00000000    
   5.26644659       0.00000000    
   5.28311253       0.00000000    
   5.29977846       0.00000000    
   5.31644440       0.00000000    
   5.33311033       0.00000000    
   5.34977627       0.00000000    
   5.36644220       0.00000000    
   5.38310814       0.00000000    
   5.39977407       0.00000000    
   5.41644001       0.00000000    
   5.43310595       0.00000000    
   5.44977188       0.00000000    
   5.46643782       0.00000000    
   5.48310375       0.00000000    
   5.49976969       0.00000000    
   5.51643562       0.00000000    
   5.53310156       0.00000000    
   5.54976749       0.00000000    
   5.56643343       0.00000000    
   5.58309937       0.00000000    
   5.59976530       0.00000000    
   5.61643124       0.00000000    
   5.63309717       0.00000000    
   5.64976311       0.00000000    
   5.66642904       0.00000000    
   5.68309498       0.00000000    
   5.69976091       0.00000000    
   5.71642685       0.00000000    
   5.73309278       0.00000000    
   5.74975872       0.00000000    
   5.76642466       0.00000000    
   5.78309059       0.00000000    
   5.79975653       0.00000000    
   5.81642246       0.00000000    
   5.83308840       0.00000000    
   5.84975433       0.00000000    
   5.86642027       0.00000000    
   5.88308620       0.00000000    
   5.89975214       0.00000000    
   5.91641808       0.00000000    
   5.93308401       0.00000000    
   5.94974995       0.00000000    
   5.96641588       0.00000000    
   5.98308182       0.00000000    
   5.99974775       0.00000000    
   6.01641369       0.00000000    
   6.03307962       0.00000000    
   6.04974556       0.00000000    
   6.06641150       0.00000000    
   6.08307743       0.00000000    
   6.09974337       0.00000000    
   6.11640930       0.00000000    
   6.13307524       0.00000000    
   6.14974117       0.00000000    
   6.16640711       0.00000000    
   6.18307304       0.00000000    
   6.19973898       0.00000000    
   6.21640491       0.00000000    
   6.23307085       0.00000000    
   6.24973679       0.00000000    
   6.26640272       0.00000000    
   6.28306866       0.00000000    
   6.29973459       0.00000000    
   6.31640053       0.00000000    
   6.33306646       0.00000000    
   6.34973240       0.00000000    
   6.36639833       0.00000000    
   6.38306427       0.00000000    
   6.39973021       0.00000000    
   6.41639614       4.30700005E-23
   6.43306208       4.26300019E-18
   6.44972801       4.59200007E-14
   6.46639395       1.05699997E-10
   6.48305988       1.67699994E-07
   6.49972582       5.45900002E-06
   6.51639175       3.05799986E-05
   6.53305769       8.92899989E-05
   6.54972363       1.73799999E-04
   6.56638956       2.94099998E-04
   6.58305550       4.64599987E-04
   6.59972143       7.04300008E-04
   6.61638737       1.03900000E-03
   6.63305330       1.50300004E-03
   6.64971924       2.07499997E-03
   6.66638517       2.87800003E-03
   6.68305111       3.85199999E-03
   6.69971704       5.15299989E-03
   6.71638298       6.94900006E-03
   6.73304892       9.14799981E-03
   6.74971485       1.19099999E-02
   6.76638079       1.52899995E-02
   6.78304672       1.97800007E-02
   6.79971266       2.57699993E-02
   6.81637859       3.22399996E-02
   6.83304453       4.12600003E-02
   6.84971046       5.15500009E-02
   6.86637640       6.35000020E-02
   6.88304234       7.78499991E-02
   6.89970827       9.49200019E-02
   6.91637421      0.115199998    
   6.93304014      0.136500001    
   6.94970608      0.159199998    
   6.96637201      0.191400006    
   6.98303795      0.215200007    
   6.99970388      0.244200006    
   7.01636982      0.279900014    
   7.03303576      0.324400008    
   7.04970169      0.363400012    
   7.06636763      0.402999997    
   7.08303356      0.445199996    
   7.09969950      0.489499986    
   7.11636543      0.535799980    
   7.13303137      0.583999991    
   7.14969730      0.633899987    
   7.16636324      0.685500026    
   7.18302917      0.738900006    
   7.19969511      0.793600023    
   7.21636105      0.849900007    
   7.23302698      0.907500029    
   7.24969292      0.966499984    
   7.26635885       1.02699995    
   7.28302479       1.08899999    
   7.29969072       1.15100002    
   7.31635666       1.21599996    
   7.33302259       1.28100002    
   7.34968853       1.34700000    
   7.36635447       1.41499996    
   7.38302040       1.48399997    
   7.39968634       1.55400002    
   7.41635227       1.62399995    
   7.43301821       1.69599998    
   7.44968414       1.76900005    
   7.46635008       1.84399998    
   7.48301601       1.91900003    
   7.49968195       1.99500000    
   7.51634789       2.07200003    
   7.53301382       2.15000010    
   7.54967976       2.23000002    
   7.56634569       2.30999994    
   7.58301163       2.39100003    
   7.59967756       2.47300005    
   7.61634350       2.55699992    
   7.63300943       2.64100003    
   7.64967537       2.72600007    
   7.66634130       2.81299996    
   7.68300724       2.90000010    
   7.69967318       2.98799992    
   7.71633911       3.07699990    
   7.73300505       3.16799998    
   7.74967098       3.25900006    
   7.76633692       3.35100007    
   7.78300285       3.44499993    
   7.79966879       3.53900003    
   7.81633472       3.63400006    
   7.83300066       3.73099995    
   7.84966660       3.82800007    
   7.86633253       3.92700005    
   7.88299847       4.02600002    
   7.89966440       4.12699986    
   7.91633034       4.22800016    
   7.93299627       4.33099985    
   7.94966221       4.43499994    
   7.96632814       4.53999996    
   7.98299408       4.64499998    
   7.99966002       4.75199986    
   8.01632595       4.86000013    
   8.03299236       4.96899986    
   8.04965878       5.07900000    
   8.06632519       5.19000006    
   8.08299160       5.30299997    
   8.09965801       5.41599989    
   8.11632442       5.53000021    
   8.13299084       5.64599991    
   8.14965725       5.76200008    
   8.16632366       5.87900019    
   8.18299007       5.99800014    
   8.19965649       6.11700010    
   8.21632290       6.23799992    
   8.23298931       6.35900021    
   8.24965572       6.48199987    
   8.26632214       6.60500002    
   8.28298855       6.73000002    
   8.29965496       6.85599995    
   8.31632137       6.98199987    
   8.33298779       7.11000013    
   8.34965420       7.23899984    
   8.36632061       7.36800003    
   8.38298702       7.49900007    
   8.39965343       7.63000011    
   8.41631985       7.76300001    
   8.43298626       7.89599991    
   8.44965267       8.03100014    
   8.46631908       8.16600037    
   8.48298550       8.30200005    
   8.49965191       8.43900013    
   8.51631832       8.57699966    
   8.53298473       8.71599960    
   8.54965115       8.85599995    
   8.56631756       8.99600029    
   8.58298397       9.13799953    
   8.59965038       9.27999973    
   8.61631680       9.42300034    
   8.63298321       9.56700039    
   8.64964962       9.71199989    
   8.66631603       9.85700035    
   8.68298244       10.0000000    
   8.69964886       10.1499996    
   8.71631527       10.3000002    
   8.73298168       10.4499998    
   8.74964809       10.6000004    
   8.76631451       10.7500000    
   8.78298092       10.8999996    
   8.79964733       11.0500002    
   8.81631374       11.1999998    
   8.83298016       11.3500004    
   8.84964657       11.5100002    
   8.86631298       11.6599998    
   8.88297939       11.8199997    
   8.89964581       11.9700003    
   8.91631222       12.1300001    
   8.93297863       12.2799997    
   8.94964504       12.4399996    
   8.96631145       12.6000004    
   8.98297787       12.7500000    
   8.99964428       12.9099998    
   9.01631069       13.0699997    
   9.03297710       13.2299995    
   9.04964352       13.3900003    
   9.06630993       13.5500002    
   9.08297634       13.7100000    
   9.09964275       13.8699999    
   9.11630917       14.0299997    
   9.13297558       14.1999998    
   9.14964199       14.3599997    
   9.16630840       14.5200005    
   9.18297482       14.6800003    
   9.19964123       14.8500004    
   9.21630764       15.0100002    
   9.23297405       15.1700001    
   9.24964046       15.3400002    
   9.26630688       15.5000000    
   9.28297329       15.6700001    
   9.29963970       15.8299999    
   9.31630611       16.0000000    
   9.33297253       16.1599998    
   9.34963894       16.3299999    
   9.36630535       16.5000000    
   9.38297176       16.6599998    
   9.39963818       16.8299999    
   9.41630459       16.9899998    
   9.43297100       17.1599998    
   9.44963741       17.3299999    
   9.46630383       17.4899998    
   9.48297024       17.6599998    
   9.49963665       17.8299999    
   9.51630306       17.9899998    
   9.53296947       18.1599998    
   9.54963589       18.3299999    
   9.56630230       18.4899998    
   9.58296871       18.6599998    
   9.59963512       18.8299999    
   9.61630154       18.9899998    
   9.63296795       19.1599998    
   9.64963436       19.3299999    
   9.66630077       19.4899998    
   9.68296719       19.6599998    
   9.69963360       19.8299999    
   9.71630001       19.9899998    
   9.73296642       20.1599998    
   9.74963284       20.3299999    
   9.76629925       20.4899998    
   9.78296566       20.6599998    
   9.79963207       20.8199997    
   9.81629848       20.9899998    
   9.83296490       21.1499996    
   9.84963131       21.3199997    
   9.86629772       21.4799995    
   9.88296413       21.6499996    
   9.89963055       21.8099995    
   9.91629696       21.9799995    
   9.93296337       22.1399994    
   9.94962978       22.2999992    
   9.96629620       22.4699993    
   9.98296261       22.6299992    
   9.99962902       22.7900009    
   10.0162954       22.9500008    
   10.0329618       23.1200008    
   10.0496283       23.2800007    
   10.0662947       23.4400005    
   10.0829611       23.6000004    
   10.0996275       23.7600002    
   10.1162939       23.9200001    
   10.1329603       24.0799999    
   10.1496267       24.2399998    
   10.1662931       24.3999996    
   10.1829596       24.5499992    
   10.1996260       24.7099991    
   10.2162924       24.8700008    
   10.2329588       25.0300007    
   10.2496252       25.1800003    
   10.2662916       25.3400002    
   10.2829580       25.4899998    
   10.2996244       25.6499996    
   10.3162909       25.7999992    
   10.3329573       25.9599991    
   10.3496237       26.1100006    
   10.3662901       26.2600002    
   10.3829565       26.4099998    
   10.3996229       26.5699997    
   10.4162893       26.7199993    
   10.4329557       26.8700008    
   10.4496222       27.0200005    
   10.4662886       27.1700001    
   10.4829550       27.3099995    
   10.4996214       27.4599991    
   10.5162878       27.6100006    
   10.5329542       27.7500000    
   10.5496206       27.8999996    
   10.5662870       28.0499992    
   10.5829535       28.1900005    
   10.5996199       28.3299999    
   10.6162863       28.4799995    
   10.6329527       28.6200008    
   10.6496191       28.7600002    
   10.6662855       28.8999996    
   10.6829519       29.0400009    
   10.6996183       29.1800003    
   10.7162848       29.3199997    
   10.7329512       29.4599991    
   10.7496176       29.6000004    
   10.7662840       29.7299995    
   10.7829504       29.8700008    
   10.7996168       30.0000000    
   10.8162832       30.1399994    
   10.8329496       30.2700005    
   10.8496161       30.3999996    
   10.8662825       30.5300007    
   10.8829489       30.6599998    
   10.8996153       30.7900009    
   10.9162817       30.9200001    
   10.9329481       31.0499992    
   10.9496145       31.1800003    
   10.9662809       31.2999992    
   10.9829473       31.4300003    
   10.9996138       31.5499992    
   11.0162802       31.6800003    
   11.0329466       31.7999992    
   11.0496130       31.9200001    
   11.0662794       32.0400009    
   11.0829458       32.1599998    
   11.0996122       32.2799988    
   11.1162786       32.4000015    
   11.1329451       32.5200005    
   11.1496115       32.6300011    
   11.1662779       32.7500000    
   11.1829443       32.8600006    
   11.1996107       32.9799995    
   11.2162771       33.0900002    
   11.2329435       33.2000008    
   11.2496099       33.3100014    
   11.2662764       33.4199982    
   11.2829428       33.5299988    
   11.2996092       33.6399994    
   11.3162756       33.7400017    
   11.3329420       33.8499985    
   11.3496084       33.9500008    
   11.3662748       34.0600014    
   11.3829412       34.1599998    
   11.3996077       34.2599983    
   11.4162741       34.3600006    
   11.4329405       34.4599991    
   11.4496069       34.5600014    
   11.4662733       34.6599998    
   11.4829397       34.7500000    
   11.4996061       34.8499985    
   11.5162725       34.9399986    
   11.5329390       35.0400009    
   11.5496054       35.1300011    
   11.5662718       35.2200012    
   11.5829382       35.3100014    
   11.5996046       35.4000015    
   11.6162710       35.4799995    
   11.6329374       35.5699997    
   11.6496038       35.6599998    
   11.6662703       35.7400017    
   11.6829367       35.8199997    
   11.6996031       35.9000015    
   11.7162695       35.9900017    
   11.7329359       36.0600014    
   11.7496023       36.1399994    
   11.7662687       36.2200012    
   11.7829351       36.2999992    
   11.7996016       36.3699989    
   11.8162680       36.4500008    
   11.8329344       36.5200005    
   11.8496008       36.5900002    
   11.8662672       36.6599998    
   11.8829336       36.7299995    
   11.8996000       36.7999992    
   11.9162664       36.8699989    
   11.9329329       36.9300003    
   11.9495993       37.0000000    
   11.9662657       37.0600014    
   11.9829321       37.1199989    
   11.9995985       37.1800003    
   12.0162649       37.2400017    
   12.0329313       37.2999992    
   12.0495977       37.3600006    
   12.0662642       37.4199982    
   12.0829306       37.4700012    
   12.0995970       37.5200005    
   12.1162634       37.5800018    
   12.1329298       37.6300011    
   12.1495962       37.6800003    
   12.1662626       37.7299995    
   12.1829290       37.7799988    
   12.1995955       37.8199997    
   12.2162619       37.8699989    
   12.2329283       37.9099998    
   12.2495947       37.9599991    
   12.2662611       38.0000000    
   12.2829275       38.0400009    
   12.2995939       38.0800018    
   12.3162603       38.1100006    
   12.3329268       38.1500015    
   12.3495932       38.1899986    
   12.3662596       38.2200012    
   12.3829260       38.2500000    
   12.3995924       38.2900009    
   12.4162588       38.3199997    
   12.4329252       38.3499985    
   12.4495916       38.3699989    
   12.4662580       38.4000015    
   12.4829245       38.4300003    
   12.4995909       38.4500008    
   12.5162573       38.4799995    
   12.5329237       38.5000000    
   12.5495901       38.5200005    
   12.5662565       38.5400009    
   12.5829229       38.5499992    
   12.5995893       38.5699997    
   12.6162558       38.5900002    
   12.6329222       38.5999985    
   12.6495886       38.6100006    
   12.6662550       38.6300011    
   12.6829214       38.6399994    
   12.6995878       38.6399994    
   12.7162542       38.6500015    
   12.7329206       38.6599998    
   12.7495871       38.6699982    
   12.7662535       38.6699982    
   12.7829199       38.6699982    
   12.7995863       38.6800003    
   12.8162527       38.6800003    
   12.8329191       38.6800003    
   12.8495855       38.6699982    
   12.8662519       38.6699982    
   12.8829184       38.6599998    
   12.8995848       38.6599998    
   12.9162512       38.6500015    
   12.9329176       38.6399994    
   12.9495840       38.6300011    
   12.9662504       38.6199989    
   12.9829168       38.6100006    
   12.9995832       38.5999985    
   13.0162497       38.5800018    
   13.0329161       38.5699997    
   13.0495825       38.5499992    
   13.0662489       38.5299988    
   13.0829153       38.5099983    
   13.0995817       38.4900017    
   13.1162481       38.4700012    
   13.1329145       38.4500008    
   13.1495810       38.4199982    
   13.1662474       38.3899994    
   13.1829138       38.3699989    
   13.1995802       38.3400002    
   13.2162466       38.3100014    
   13.2329130       38.2799988    
   13.2495794       38.2500000    
   13.2662458       38.2099991    
   13.2829123       38.1800003    
   13.2995787       38.1399994    
   13.3162451       38.1100006    
   13.3329115       38.0699997    
   13.3495779       38.0299988    
   13.3662443       37.9900017    
   13.3829107       37.9399986    
   13.3995771       37.9000015    
   13.4162436       37.8600006    
   13.4329100       37.8100014    
   13.4495764       37.7599983    
   13.4662428       37.7200012    
   13.4829092       37.6699982    
   13.4995756       37.6199989    
   13.5162420       37.5600014    
   13.5329084       37.5099983    
   13.5495749       37.4599991    
   13.5662413       37.4000015    
   13.5829077       37.3400002    
   13.5995741       37.2900009    
   13.6162405       37.2299995    
   13.6329069       37.1699982    
   13.6495733       37.1100006    
   13.6662397       37.0400009    
   13.6829062       36.9799995    
   13.6995726       36.9199982    
   13.7162390       36.8499985    
   13.7329054       36.7799988    
   13.7495718       36.7099991    
   13.7662382       36.6399994    
   13.7829046       36.5699997    
   13.7995710       36.5000000    
   13.8162374       36.4300003    
   13.8329039       36.3499985    
   13.8495703       36.2799988    
   13.8662367       36.2000008    
   13.8829031       36.1199989    
   13.8995695       36.0400009    
   13.9162359       35.9599991    
   13.9329023       35.8800011    
   13.9495687       35.7999992    
   13.9662352       35.7200012    
   13.9829016       35.6300011    
   13.9995680       35.5499992    
   14.0162344       35.4599991    
   14.0329008       35.3699989    
   14.0495672       35.2900009    
   14.0662336       35.2000008    
   14.0829000       35.0999985    
   14.0995665       35.0099983    
   14.1162329       34.9199982    
   14.1328993       34.8199997    
   14.1495657       34.7299995    
   14.1662321       34.6300011    
   14.1828985       34.5400009    
   14.1995649       34.4399986    
   14.2162313       34.3400002    
   14.2328978       34.2400017    
   14.2495642       34.1300011    
   14.2662306       34.0299988    
   14.2828970       33.9300003    
   14.2995634       33.8199997    
   14.3162298       33.7200012    
   14.3328962       33.6100006    
   14.3495626       33.5000000    
   14.3662291       33.3899994    
   14.3828955       33.2799988    
   14.3995619       33.1699982    
   14.4162283       33.0600014    
   14.4328947       32.9500008    
   14.4495611       32.8400002    
   14.4662275       32.7200012    
   14.4828939       32.6100006    
   14.4995604       32.4900017    
   14.5162268       32.3699989    
   14.5328932       32.2500000    
   14.5495596       32.1300011    
   14.5662260       32.0099983    
   14.5828924       31.8899994    
   14.5995588       31.7700005    
   14.6162252       31.6499996    
   14.6328917       31.5200005    
   14.6495581       31.3999996    
   14.6662245       31.2700005    
   14.6828909       31.1499996    
   14.6995573       31.0200005    
   14.7162237       30.8899994    
   14.7328901       30.7600002    
   14.7495565       30.6299992    
   14.7662230       30.5000000    
   14.7828894       30.3700008    
   14.7995558       30.2399998    
   14.8162222       30.1000004    
   14.8328886       29.9699993    
   14.8495550       29.8299999    
   14.8662214       29.7000008    
   14.8828878       29.5599995    
   14.8995543       29.4200001    
   14.9162207       29.2900009    
   14.9328871       29.1499996    
   14.9495535       29.0100002    
   14.9662199       28.8700008    
   14.9828863       28.7299995    
   14.9995527       28.5799999    
   15.0162191       28.4400005    
   15.0328856       28.2999992    
   15.0495520       28.1599998    
   15.0662184       28.0100002    
   15.0828848       27.8700008    
   15.0995512       27.7199993    
   15.1162176       27.5699997    
   15.1328840       27.4200001    
   15.1495504       27.2800007    
   15.1662169       27.1299992    
   15.1828833       26.9799995    
   15.1995497       26.8299999    
   15.2162161       26.6800003    
   15.2328825       26.5300007    
   15.2495489       26.3799992    
   15.2662153       26.2199993    
   15.2828817       26.0699997    
   15.2995481       25.9200001    
   15.3162146       25.7600002    
   15.3328810       25.6100006    
   15.3495474       25.4599991    
   15.3662138       25.2999992    
   15.3828802       25.1399994    
   15.3995466       24.9899998    
   15.4162130       24.8299999    
   15.4328794       24.6700001    
   15.4495459       24.5200005    
   15.4662123       24.3600006    
   15.4828787       24.2000008    
   15.4995451       24.0400009    
   15.5162115       23.8799992    
   15.5328779       23.7199993    
   15.5495443       23.5599995    
   15.5662107       23.3999996    
   15.5828772       23.2399998    
   15.5995436       23.0799999    
   15.6162100       22.9099998    
   15.6328764       22.7500000    
   15.6495428       22.5900002    
   15.6662092       22.4300003    
   15.6828756       22.2600002    
   15.6995420       22.1000004    
   15.7162085       21.9400005    
   15.7328749       21.7700005    
   15.7495413       21.6100006    
   15.7662077       21.4400005    
   15.7828741       21.2800007    
   15.7995405       21.1100006    
   15.8162069       20.9500008    
   15.8328733       20.7800007    
   15.8495398       20.6200008    
   15.8662062       20.4500008    
   15.8828726       20.2800007    
   15.8995390       20.1200008    
   15.9162054       19.9500008    
   15.9328718       19.7900009    
   15.9495382       19.6200008    
   15.9662046       19.4500008    
   15.9828711       19.2900009    
   15.9995375       19.1200008    
   16.0162029       18.9500008    
   16.0328693       18.7900009    
   16.0495358       18.6200008    
   16.0662022       18.4500008    
   16.0828686       18.2900009    
   16.0995350       18.1200008    
   16.1162014       17.9500008    
   16.1328678       17.7900009    
   16.1495342       17.6200008    
   16.1662006       17.4500008    
   16.1828671       17.2900009    
   16.1995335       17.1200008    
   16.2161999       16.9500008    
   16.2328663       16.7900009    
   16.2495327       16.6200008    
   16.2661991       16.4500008    
   16.2828655       16.2900009    
   16.2995319       16.1200008    
   16.3161983       15.9600000    
   16.3328648       15.7900000    
   16.3495312       15.6300001    
   16.3661976       15.4600000    
   16.3828640       15.3000002    
   16.3995304       15.1400003    
   16.4161968       14.9700003    
   16.4328632       14.8100004    
   16.4495296       14.6400003    
   16.4661961       14.4799995    
   16.4828625       14.3199997    
   16.4995289       14.1599998    
   16.5161953       14.0000000    
   16.5328617       13.8299999    
   16.5495281       13.6700001    
   16.5661945       13.5100002    
   16.5828609       13.3500004    
   16.5995274       13.1899996    
   16.6161938       13.0299997    
   16.6328602       12.8699999    
   16.6495266       12.7200003    
   16.6661930       12.5600004    
   16.6828594       12.3999996    
   16.6995258       12.2399998    
   16.7161922       12.0900002    
   16.7328587       11.9300003    
   16.7495251       11.7799997    
   16.7661915       11.6199999    
   16.7828579       11.4700003    
   16.7995243       11.3199997    
   16.8161907       11.1599998    
   16.8328571       11.0100002    
   16.8495235       10.8599997    
   16.8661900       10.7100000    
   16.8828564       10.5600004    
   16.8995228       10.4099998    
   16.9161892       10.2600002    
   16.9328556       10.1199999    
   16.9495220       9.96899986    
   16.9661884       9.82299995    
   16.9828548       9.67700005    
   16.9995213       9.53299999    
   17.0161877       9.38899994    
   17.0328541       9.24600029    
   17.0495205       9.10400009    
   17.0661869       8.96300030    
   17.0828533       8.82199955    
   17.0995197       8.68299961    
   17.1161861       8.54399967    
   17.1328526       8.40699959    
   17.1495190       8.27000046    
   17.1661854       8.13399982    
   17.1828518       7.99900007    
   17.1995182       7.86399984    
   17.2161846       7.73099995    
   17.2328510       7.59899998    
   17.2495174       7.46799994    
   17.2661839       7.33699989    
   17.2828503       7.20800018    
   17.2995167       7.07999992    
   17.3161831       6.95200014    
   17.3328495       6.82600021    
   17.3495159       6.70100021    
   17.3661823       6.57600021    
   17.3828487       6.45300007    
   17.3995152       6.33099985    
   17.4161816       6.20900011    
   17.4328480       6.08900023    
   17.4495144       5.96999979    
   17.4661808       5.85099983    
   17.4828472       5.73400021    
   17.4995136       5.61800003    
   17.5161800       5.50299978    
   17.5328465       5.38899994    
   17.5495129       5.27600002    
   17.5661793       5.16400003    
   17.5828457       5.05399990    
   17.5995121       4.94399977    
   17.6161785       4.83500004    
   17.6328449       4.72700024    
   17.6495113       4.62099981    
   17.6661777       4.51499987    
   17.6828442       4.41099977    
   17.6995106       4.30700016    
   17.7161770       4.20499992    
   17.7328434       4.10300016    
   17.7495098       4.00299978    
   17.7661762       3.90400004    
   17.7828426       3.80599999    
   17.7995090       3.70799994    
   17.8161755       3.61199999    
   17.8328419       3.51699996    
   17.8495083       3.42300010    
   17.8661747       3.32999992    
   17.8828411       3.23799992    
   17.8995075       3.14700007    
   17.9161739       3.05699992    
   17.9328403       2.96799994    
   17.9495068       2.88000011    
   17.9661732       2.79299998    
   17.9828396       2.70700002    
   17.9995060       2.62199998    
   18.0161724       2.53800011    
   18.0328388       2.45400000    
   18.0495052       2.37299991    
   18.0661716       2.29200006    
   18.0828381       2.21199989    
   18.0995045       2.13299990    
   18.1161709       2.05500007    
   18.1328373       1.97800004    
   18.1495037       1.90199995    
   18.1661701       1.82700002    
   18.1828365       1.75300002    
   18.1995029       1.67999995    
   18.2161694       1.60800004    
   18.2328358       1.53799999    
   18.2495022       1.46800005    
   18.2661686       1.39999998    
   18.2828350       1.33200002    
   18.2995014       1.26600003    
   18.3161678       1.20099998    
   18.3328342       1.13699996    
   18.3495007       1.07500005    
   18.3661671       1.01300001    
   18.3828335      0.953299999    
   18.3994999      0.894599974    
   18.4161663      0.837199986    
   18.4328327      0.781400025    
   18.4494991      0.726899981    
   18.4661655      0.674000025    
   18.4828320      0.622699976    
   18.4994984      0.573099971    
   18.5161648      0.525399983    
   18.5328312      0.479499996    
   18.5494976      0.435699999    
   18.5661640      0.394100010    
   18.5828304      0.354999989    
   18.5994968      0.313699991    
   18.6161633      0.271499991    
   18.6328297      0.237399995    
   18.6494961      0.209600002    
   18.6661625      0.182400003    
   18.6828289      0.154499993    
   18.6994953      0.130099997    
   18.7161617      0.112000003    
   18.7328281       9.19400007E-02
   18.7494946       7.52599984E-02
   18.7661610       6.13499992E-02
   18.7828274       4.92900014E-02
   18.7994938       3.86999995E-02
   18.8161602       3.09100002E-02
   18.8328266       2.40100008E-02
   18.8494930       1.89699996E-02
   18.8661594       1.45199997E-02
   18.8828259       1.11100003E-02
   18.8994923       8.47799983E-03
   18.9161587       6.43400010E-03
   18.9328251       4.86399978E-03
   18.9494915       3.66799999E-03
   18.9661579       2.66500004E-03
   18.9828243       1.95700000E-03
   18.9994907       1.37700001E-03
   19.0161572       9.56100004E-04
   19.0328236       6.53599971E-04
   19.0494900       4.30799992E-04
   19.0661564       2.66399991E-04
   19.0828228       1.52099994E-04
   19.0994892       7.32199987E-05
   19.1161556       2.38699995E-05
   19.1328220       3.20699996E-06
   19.1494884       5.29300017E-08
   19.1661549       1.98199998E-11
   19.1828213       6.95299997E-15
   19.1994877       4.41599986E-19
   19.2161541       7.10700024E-25
   19.2328205       0.00000000    
   19.2494869       0.00000000    
   19.2661533       0.00000000    
   19.2828197       0.00000000    
   19.2994862       0.00000000    
   19.3161526       0.00000000    
   19.3328190       0.00000000    
   19.3494854       0.00000000    
   19.3661518       0.00000000    
   19.3828182       0.00000000    
   19.3994846       0.00000000    
   19.4161510       0.00000000    
   19.4328175       0.00000000    
   19.4494839       0.00000000    
   19.4661503       0.00000000    
   19.4828167       0.00000000    
   19.4994831       0.00000000    
   19.5161495       0.00000000    
   19.5328159       0.00000000    
   19.5494823       0.00000000    
   19.5661488       0.00000000    
   19.5828152       0.00000000    
   19.5994816       0.00000000    
   19.6161480       0.00000000    
   19.6328144       0.00000000    
   19.6494808       0.00000000    
   19.6661472       0.00000000    
   19.6828136       0.00000000    
   19.6994801       0.00000000    
   19.7161465       0.00000000    
   19.7328129       0.00000000    
   19.7494793       0.00000000    
   19.7661457       0.00000000    
   19.7828121       0.00000000    
   19.7994785       0.00000000    
   19.8161449       0.00000000    
   19.8328114       0.00000000    
   19.8494778       0.00000000    
   19.8661442       0.00000000    
   19.8828106       0.00000000    
   19.8994770       0.00000000    
   19.9161434       0.00000000    
   19.9328098       0.00000000    
   19.9494762       0.00000000    
   19.9661427       0.00000000    
   19.9828091       0.00000000    
   19.9994755       0.00000000    
   20.0161419       0.00000000    
   20.0328083       0.00000000    
   20.0494747       0.00000000    
   20.0661411       0.00000000    
   20.0828075       0.00000000    
   20.0994740       0.00000000    
   20.1161404       0.00000000    
   20.1328068       0.00000000    
   20.1494732       0.00000000    
   20.1661396       0.00000000    
   20.1828060       0.00000000    
   20.1994724       0.00000000    
   20.2161388       0.00000000    
   20.2328053       0.00000000    
   20.2494717       0.00000000    
   20.2661381       0.00000000    
   20.2828045       0.00000000    
   20.2994709       0.00000000    
   20.3161373       0.00000000    
   20.3328037       0.00000000    
   20.3494701       0.00000000    
   20.3661366       0.00000000    
   20.3828030       0.00000000    
   20.3994694       0.00000000    
   20.4161358       0.00000000    
   20.4328022       0.00000000    
   20.4494686       0.00000000    
   20.4661350       0.00000000    
   20.4828014       0.00000000    
   20.4994678       0.00000000    
   20.5161343       0.00000000    
   20.5328007       0.00000000    
   20.5494671       0.00000000    
   20.5661335       0.00000000    
   20.5827999       0.00000000    
   20.5994663       0.00000000    
   20.6161327       0.00000000    
   20.6327991       0.00000000    
   20.6494656       0.00000000    
   20.6661320       0.00000000    
   20.6827984       0.00000000    
   20.6994648       0.00000000    
   20.7161312       0.00000000    
   20.7327976       0.00000000    
   20.7494640       0.00000000    
   20.7661304       0.00000000    
   20.7827969       0.00000000    
   20.7994633       0.00000000    
   20.8161297       0.00000000    
   20.8327961       0.00000000    
   20.8494625       0.00000000    
   20.8661289       0.00000000    
   20.8827953       0.00000000    
   20.8994617       0.00000000    
   20.9161282       0.00000000    
   20.9327946       0.00000000    
   20.9494610       0.00000000    
   20.9661274       0.00000000    
   20.9827938       0.00000000    
   20.9994602       0.00000000    
   21.0161266       0.00000000    
   21.0327930       0.00000000    
   21.0494595       0.00000000    
   21.0661259       0.00000000    
   21.0827923       0.00000000    
   21.0994587       0.00000000    
   21.1161251       0.00000000    
   21.1327915       0.00000000    
   21.1494579       0.00000000    
   21.1661243       0.00000000    
   21.1827908       0.00000000    
   21.1994572       0.00000000    
   21.2161236       0.00000000    
   21.2327900       0.00000000    
   21.2494564       0.00000000    
   21.2661228       0.00000000    
   21.2827892       0.00000000    
   21.2994556       0.00000000    
   21.3161221       0.00000000    
   21.3327885       0.00000000    
   21.3494549       0.00000000    
   21.3661213       0.00000000    
   21.3827877       0.00000000    
   21.3994541       0.00000000    
   21.4161205       0.00000000    
   21.4327869       0.00000000    
   21.4494534       0.00000000    
   21.4661198       0.00000000    
   21.4827862       0.00000000    
   21.4994526       0.00000000    
   21.5161190       0.00000000    
   21.5327854       0.00000000    
   21.5494518       0.00000000    
   21.5661182       0.00000000    
   21.5827847       0.00000000    
   21.5994511       0.00000000    
   21.6161175       0.00000000    
   21.6327839       0.00000000    
   21.6494503       0.00000000    
   21.6661167       0.00000000    
   21.6827831       0.00000000    
   21.6994495       0.00000000    
   21.7161160       0.00000000    
   21.7327824       0.00000000    
   21.7494488       0.00000000    
   21.7661152       0.00000000    
   21.7827816       0.00000000    
   21.7994480       0.00000000    
   21.8161144       0.00000000    
   21.8327808       0.00000000    
   21.8494473       0.00000000    
   21.8661137       0.00000000    
   21.8827801       0.00000000    
   21.8994465       0.00000000    
   21.9161129       0.00000000    
   21.9327793       0.00000000    
   21.9494457       0.00000000    
   21.9661121       0.00000000    
   21.9827785       0.00000000    
   21.9994450       0.00000000    
   22.0161114       0.00000000    
   22.0327778       0.00000000    
   22.0494442       0.00000000    
   22.0661106       0.00000000    
   22.0827770       0.00000000    
   22.0994434       0.00000000    
   22.1161098       0.00000000    
   22.1327763       0.00000000    
   22.1494427       0.00000000    
   22.1661091       0.00000000    
   22.1827755       0.00000000    
   22.1994419       0.00000000    
   22.2161083       0.00000000    
   22.2327747       0.00000000    
   22.2494411       0.00000000    
   22.2661076       0.00000000    
   22.2827740       0.00000000    
   22.2994404       0.00000000    
   22.3161068       0.00000000    
   22.3327732       0.00000000    
   22.3494396       0.00000000    
   22.3661060       0.00000000    
   22.3827724       0.00000000    
   22.3994389       0.00000000    
   22.4161053       0.00000000    
   22.4327717       0.00000000    
   22.4494381       0.00000000    
   22.4661045       0.00000000    
   22.4827709       0.00000000    
   22.4994373       0.00000000    
   22.5161037       0.00000000    
   22.5327702       0.00000000    
   22.5494366       0.00000000    
   22.5661030       0.00000000    
   22.5827694       0.00000000    
   22.5994358       0.00000000    
   22.6161022       0.00000000    
   22.6327686       0.00000000    
   22.6494350       0.00000000    
   22.6661015       0.00000000    
   22.6827679       0.00000000    
   22.6994343       0.00000000    
   22.7161007       0.00000000    
   22.7327671       0.00000000    
   22.7494335       0.00000000    
   22.7660999       0.00000000    
   22.7827663       0.00000000    
   22.7994328       0.00000000    
   22.8160992       0.00000000    
   22.8327656       0.00000000    
   22.8494320       0.00000000    
   22.8660984       0.00000000    
   22.8827648       0.00000000    
   22.8994312       0.00000000    
   22.9160976       0.00000000    
   22.9327641       0.00000000    
   22.9494305       0.00000000    
   22.9660969       0.00000000    
   22.9827633       0.00000000    
   22.9994297       0.00000000    
   23.0160961       0.00000000    
   23.0327625       0.00000000    
   23.0494289       0.00000000    
   23.0660954       0.00000000    
   23.0827618       0.00000000    
   23.0994282       0.00000000    
   23.1160946       0.00000000    
   23.1327610       0.00000000    
   23.1494274       0.00000000    
   23.1660938       0.00000000    
   23.1827602       0.00000000    
   23.1994267       0.00000000    
   23.2160931       0.00000000    
   23.2327595       0.00000000    
   23.2494259       0.00000000    
   23.2660923       0.00000000    
   23.2827587       0.00000000    
   23.2994251       0.00000000    
   23.3160915       0.00000000    
   23.3327579       0.00000000    
   23.3494244       0.00000000    
   23.3660908       0.00000000    
   23.3827572       0.00000000    
   23.3994236       0.00000000    
   23.4160900       0.00000000    
   23.4327564       0.00000000    
   23.4494228       0.00000000    
   23.4660892       0.00000000    
   23.4827557       0.00000000    
   23.4994221       0.00000000    
   23.5160885       0.00000000    
   23.5327549       0.00000000    
   23.5494213       0.00000000    
   23.5660877       0.00000000    
   23.5827541       0.00000000    
   23.5994205       0.00000000    
   23.6160870       0.00000000    
   23.6327534       0.00000000    
   23.6494198       0.00000000    
   23.6660862       0.00000000    
   23.6827526       0.00000000    
   23.6994190       0.00000000    
   23.7160854       0.00000000    
   23.7327518       0.00000000    
   23.7494183       0.00000000    
   23.7660847       0.00000000    
   23.7827511       0.00000000    
   23.7994175       0.00000000    
   23.8160839       0.00000000    
   23.8327503       0.00000000    
   23.8494167       0.00000000    
   23.8660831       0.00000000    
   23.8827496       0.00000000    
   23.8994160       0.00000000    
   23.9160824       0.00000000    
   23.9327488       0.00000000    
   23.9494152       0.00000000    
   23.9660816       0.00000000    
   23.9827480       0.00000000    
