   0.00000000       0.00000000    
   1.66660007E-02   0.00000000    
   3.33320014E-02   0.00000000    
   4.99980003E-02   0.00000000    
   6.66640028E-02   0.00000000    
   8.33300054E-02   0.00000000    
   9.99960080E-02   0.00000000    
  0.116662011       0.00000000    
  0.133328006       0.00000000    
  0.149994001       0.00000000    
  0.166659996       0.00000000    
  0.183325991       0.00000000    
  0.199991986       0.00000000    
  0.216657981       0.00000000    
  0.233323976       0.00000000    
  0.249989972       0.00000000    
  0.266655982       0.00000000    
  0.283321977       0.00000000    
  0.299987972       0.00000000    
  0.316653967       0.00000000    
  0.333319962       0.00000000    
  0.349985957       0.00000000    
  0.366651952       0.00000000    
  0.383317947       0.00000000    
  0.399983943       0.00000000    
  0.416649938       0.00000000    
  0.433315933       0.00000000    
  0.449981928       0.00000000    
  0.466647923       0.00000000    
  0.483313918       0.00000000    
  0.499979913       0.00000000    
  0.516645908       0.00000000    
  0.533311903       0.00000000    
  0.549977899       0.00000000    
  0.566643894       0.00000000    
  0.583309889       0.00000000    
  0.599975884       0.00000000    
  0.616641879       0.00000000    
  0.633307874       0.00000000    
  0.649973869       0.00000000    
  0.666639864       0.00000000    
  0.683305860       0.00000000    
  0.699971855       0.00000000    
  0.716637850       0.00000000    
  0.733303845       0.00000000    
  0.749969840       0.00000000    
  0.766635835       0.00000000    
  0.783301830       0.00000000    
  0.799967825       0.00000000    
  0.816633821       0.00000000    
  0.833299816       0.00000000    
  0.849965811       0.00000000    
  0.866631806       0.00000000    
  0.883297801       0.00000000    
  0.899963796       0.00000000    
  0.916629791       0.00000000    
  0.933295786       0.00000000    
  0.949961782       0.00000000    
  0.966627777       0.00000000    
  0.983293772       0.00000000    
  0.999959767       0.00000000    
   1.01662576       0.00000000    
   1.03329182       0.00000000    
   1.04995787       0.00000000    
   1.06662393       0.00000000    
   1.08328998       0.00000000    
   1.09995604       0.00000000    
   1.11662209       0.00000000    
   1.13328815       0.00000000    
   1.14995420       0.00000000    
   1.16662025       0.00000000    
   1.18328631       0.00000000    
   1.19995236       0.00000000    
   1.21661842       0.00000000    
   1.23328447       0.00000000    
   1.24995053       0.00000000    
   1.26661658       0.00000000    
   1.28328264       0.00000000    
   1.29994869       0.00000000    
   1.31661475       0.00000000    
   1.33328080       0.00000000    
   1.34994686       0.00000000    
   1.36661291       0.00000000    
   1.38327897       0.00000000    
   1.39994502       0.00000000    
   1.41661108       0.00000000    
   1.43327713       0.00000000    
   1.44994318       0.00000000    
   1.46660924       0.00000000    
   1.48327529       0.00000000    
   1.49994135       0.00000000    
   1.51660740       0.00000000    
   1.53327346       0.00000000    
   1.54993951       0.00000000    
   1.56660557       0.00000000    
   1.58327162       0.00000000    
   1.59993768       0.00000000    
   1.61660373       0.00000000    
   1.63326979       0.00000000    
   1.64993584       0.00000000    
   1.66660190       0.00000000    
   1.68326795       0.00000000    
   1.69993401       0.00000000    
   1.71660006       0.00000000    
   1.73326612       0.00000000    
   1.74993217       0.00000000    
   1.76659822       0.00000000    
   1.78326428       0.00000000    
   1.79993033       0.00000000    
   1.81659639       0.00000000    
   1.83326244       0.00000000    
   1.84992850       0.00000000    
   1.86659455       0.00000000    
   1.88326061       0.00000000    
   1.89992666       0.00000000    
   1.91659272       0.00000000    
   1.93325877       0.00000000    
   1.94992483       0.00000000    
   1.96659088       0.00000000    
   1.98325694       0.00000000    
   1.99992299       0.00000000    
   2.01658893       0.00000000    
   2.03325486       0.00000000    
   2.04992080       0.00000000    
   2.06658673       0.00000000    
   2.08325267       0.00000000    
   2.09991860       0.00000000    
   2.11658454       0.00000000    
   2.13325047       0.00000000    
   2.14991641       0.00000000    
   2.16658235       0.00000000    
   2.18324828       0.00000000    
   2.19991422       0.00000000    
   2.21658015       0.00000000    
   2.23324609       0.00000000    
   2.24991202       0.00000000    
   2.26657796       0.00000000    
   2.28324389       0.00000000    
   2.29990983       0.00000000    
   2.31657577       0.00000000    
   2.33324170       0.00000000    
   2.34990764       0.00000000    
   2.36657357       0.00000000    
   2.38323951       0.00000000    
   2.39990544       0.00000000    
   2.41657138       0.00000000    
   2.43323731       0.00000000    
   2.44990325       0.00000000    
   2.46656919       0.00000000    
   2.48323512       0.00000000    
   2.49990106       0.00000000    
   2.51656699       0.00000000    
   2.53323293       0.00000000    
   2.54989886       0.00000000    
   2.56656480       0.00000000    
   2.58323073       0.00000000    
   2.59989667       0.00000000    
   2.61656260       0.00000000    
   2.63322854       0.00000000    
   2.64989448       0.00000000    
   2.66656041       0.00000000    
   2.68322635       0.00000000    
   2.69989228       0.00000000    
   2.71655822       0.00000000    
   2.73322415       0.00000000    
   2.74989009       0.00000000    
   2.76655602       0.00000000    
   2.78322196       0.00000000    
   2.79988790       0.00000000    
   2.81655383       0.00000000    
   2.83321977       0.00000000    
   2.84988570       0.00000000    
   2.86655164       0.00000000    
   2.88321757       0.00000000    
   2.89988351       0.00000000    
   2.91654944       0.00000000    
   2.93321538       0.00000000    
   2.94988132       0.00000000    
   2.96654725       0.00000000    
   2.98321319       0.00000000    
   2.99987912       0.00000000    
   3.01654506       0.00000000    
   3.03321099       0.00000000    
   3.04987693       0.00000000    
   3.06654286       0.00000000    
   3.08320880       0.00000000    
   3.09987473       0.00000000    
   3.11654067       0.00000000    
   3.13320661       0.00000000    
   3.14987254       0.00000000    
   3.16653848       0.00000000    
   3.18320441       0.00000000    
   3.19987035       0.00000000    
   3.21653628       0.00000000    
   3.23320222       0.00000000    
   3.24986815       0.00000000    
   3.26653409       0.00000000    
   3.28320003       0.00000000    
   3.29986596       0.00000000    
   3.31653190       0.00000000    
   3.33319783       0.00000000    
   3.34986377       0.00000000    
   3.36652970       0.00000000    
   3.38319564       0.00000000    
   3.39986157       0.00000000    
   3.41652751       0.00000000    
   3.43319345       0.00000000    
   3.44985938       0.00000000    
   3.46652532       0.00000000    
   3.48319125       0.00000000    
   3.49985719       0.00000000    
   3.51652312       0.00000000    
   3.53318906       0.00000000    
   3.54985499       0.00000000    
   3.56652093       0.00000000    
   3.58318686       0.00000000    
   3.59985280       0.00000000    
   3.61651874       0.00000000    
   3.63318467       0.00000000    
   3.64985061       0.00000000    
   3.66651654       0.00000000    
   3.68318248       0.00000000    
   3.69984841       0.00000000    
   3.71651435       0.00000000    
   3.73318028       0.00000000    
   3.74984622       0.00000000    
   3.76651216       0.00000000    
   3.78317809       0.00000000    
   3.79984403       0.00000000    
   3.81650996       0.00000000    
   3.83317590       0.00000000    
   3.84984183       0.00000000    
   3.86650777       0.00000000    
   3.88317370       0.00000000    
   3.89983964       0.00000000    
   3.91650558       0.00000000    
   3.93317151       0.00000000    
   3.94983745       0.00000000    
   3.96650338       0.00000000    
   3.98316932       0.00000000    
   3.99983525       0.00000000    
   4.01650143       0.00000000    
   4.03316736       0.00000000    
   4.04983330       0.00000000    
   4.06649923       0.00000000    
   4.08316517       0.00000000    
   4.09983110       0.00000000    
   4.11649704       0.00000000    
   4.13316298       0.00000000    
   4.14982891       0.00000000    
   4.16649485       0.00000000    
   4.18316078       0.00000000    
   4.19982672       0.00000000    
   4.21649265       0.00000000    
   4.23315859       0.00000000    
   4.24982452       0.00000000    
   4.26649046       0.00000000    
   4.28315639       0.00000000    
   4.29982233       0.00000000    
   4.31648827       0.00000000    
   4.33315420       0.00000000    
   4.34982014       0.00000000    
   4.36648607       0.00000000    
   4.38315201       0.00000000    
   4.39981794       0.00000000    
   4.41648388       0.00000000    
   4.43314981       0.00000000    
   4.44981575       0.00000000    
   4.46648169       0.00000000    
   4.48314762       0.00000000    
   4.49981356       0.00000000    
   4.51647949       0.00000000    
   4.53314543       0.00000000    
   4.54981136       0.00000000    
   4.56647730       0.00000000    
   4.58314323       0.00000000    
   4.59980917       0.00000000    
   4.61647511       0.00000000    
   4.63314104       0.00000000    
   4.64980698       0.00000000    
   4.66647291       0.00000000    
   4.68313885       0.00000000    
   4.69980478       0.00000000    
   4.71647072       0.00000000    
   4.73313665       0.00000000    
   4.74980259       0.00000000    
   4.76646852       0.00000000    
   4.78313446       0.00000000    
   4.79980040       0.00000000    
   4.81646633       0.00000000    
   4.83313227       0.00000000    
   4.84979820       0.00000000    
   4.86646414       0.00000000    
   4.88313007       0.00000000    
   4.89979601       0.00000000    
   4.91646194       0.00000000    
   4.93312788       0.00000000    
   4.94979382       0.00000000    
   4.96645975       0.00000000    
   4.98312569       0.00000000    
   4.99979162       0.00000000    
   5.01645756       0.00000000    
   5.03312349       0.00000000    
   5.04978943       0.00000000    
   5.06645536       0.00000000    
   5.08312130       0.00000000    
   5.09978724       0.00000000    
   5.11645317       0.00000000    
   5.13311911       0.00000000    
   5.14978504       0.00000000    
   5.16645098       0.00000000    
   5.18311691       0.00000000    
   5.19978285       0.00000000    
   5.21644878       0.00000000    
   5.23311472       0.00000000    
   5.24978065       0.00000000    
   5.26644659       0.00000000    
   5.28311253       0.00000000    
   5.29977846       0.00000000    
   5.31644440       0.00000000    
   5.33311033       0.00000000    
   5.34977627       0.00000000    
   5.36644220       0.00000000    
   5.38310814       0.00000000    
   5.39977407       0.00000000    
   5.41644001       0.00000000    
   5.43310595       0.00000000    
   5.44977188       0.00000000    
   5.46643782       0.00000000    
   5.48310375       0.00000000    
   5.49976969       0.00000000    
   5.51643562       0.00000000    
   5.53310156       0.00000000    
   5.54976749       0.00000000    
   5.56643343       0.00000000    
   5.58309937       0.00000000    
   5.59976530       0.00000000    
   5.61643124       0.00000000    
   5.63309717       0.00000000    
   5.64976311       0.00000000    
   5.66642904       0.00000000    
   5.68309498       0.00000000    
   5.69976091       0.00000000    
   5.71642685       0.00000000    
   5.73309278       0.00000000    
   5.74975872       0.00000000    
   5.76642466       0.00000000    
   5.78309059       0.00000000    
   5.79975653       0.00000000    
   5.81642246       0.00000000    
   5.83308840       0.00000000    
   5.84975433       0.00000000    
   5.86642027       0.00000000    
   5.88308620       0.00000000    
   5.89975214       0.00000000    
   5.91641808       0.00000000    
   5.93308401       0.00000000    
   5.94974995       0.00000000    
   5.96641588       0.00000000    
   5.98308182       0.00000000    
   5.99974775       0.00000000    
   6.01641369       0.00000000    
   6.03307962       0.00000000    
   6.04974556       0.00000000    
   6.06641150       0.00000000    
   6.08307743       1.31699995E-25
   6.09974337       1.78800001E-19
   6.11640930       5.09400003E-16
   6.13307524       2.88600009E-13
   6.14974117       6.16499976E-11
   6.16640711       2.91300006E-09
   6.18307304       1.90300007E-08
   6.19973898       5.92300005E-08
   6.21640491       1.34700002E-07
   6.23307085       2.70100003E-07
   6.24973679       4.96200016E-07
   6.26640272       8.76199977E-07
   6.28306866       1.46900004E-06
   6.29973459       2.27800001E-06
   6.31640053       3.38499990E-06
   6.33306646       4.90899993E-06
   6.34973240       6.73100021E-06
   6.36639833       9.18299975E-06
   6.38306427       1.23899999E-05
   6.39973021       1.62500000E-05
   6.41639614       2.11000006E-05
   6.43306208       2.71999997E-05
   6.44972801       3.41400009E-05
   6.46639395       4.27500017E-05
   6.48305988       5.38599998E-05
   6.49972582       6.53800016E-05
   6.51639175       7.98100009E-05
   6.53305769       9.81499979E-05
   6.54972363       1.17199997E-04
   6.56638956       1.39500000E-04
   6.58305550       1.65799996E-04
   6.59972143       1.89300001E-04
   6.61638737       2.20899994E-04
   6.63305330       2.56300002E-04
   6.64971924       2.91300006E-04
   6.66638517       3.27499991E-04
   6.68305111       3.71700007E-04
   6.69971704       4.25400009E-04
   6.71638298       4.77800000E-04
   6.73304892       5.29300014E-04
   6.74971485       5.84500027E-04
   6.76638079       6.43200008E-04
   6.78304672       7.05200015E-04
   6.79971266       7.70599989E-04
   6.81637859       8.38899985E-04
   6.83304453       9.10600007E-04
   6.84971046       9.85400053E-04
   6.86637640       1.06299995E-03
   6.88304234       1.14399998E-03
   6.89970827       1.22900004E-03
   6.91637421       1.31600001E-03
   6.93304014       1.40700000E-03
   6.94970608       1.50100002E-03
   6.96637201       1.59799994E-03
   6.98303795       1.69800001E-03
   6.99970388       1.80199998E-03
   7.01636982       1.90899998E-03
   7.03303576       2.02000001E-03
   7.04970169       2.13399995E-03
   7.06636763       2.25099991E-03
   7.08303356       2.37299991E-03
   7.09969950       2.49699992E-03
   7.11636543       2.62599997E-03
   7.13303137       2.75800005E-03
   7.14969730       2.89399992E-03
   7.16636324       3.03400005E-03
   7.18302917       3.17799998E-03
   7.19969511       3.32499994E-03
   7.21636105       3.47699993E-03
   7.23302698       3.63299996E-03
   7.24969292       3.79300001E-03
   7.26635885       3.95799987E-03
   7.28302479       4.12699999E-03
   7.29969072       4.30000015E-03
   7.31635666       4.47800010E-03
   7.33302259       4.66000009E-03
   7.34968853       4.84699989E-03
   7.36635447       5.04000019E-03
   7.38302040       5.23599982E-03
   7.39968634       5.43799996E-03
   7.41635227       5.64400014E-03
   7.43301821       5.85500011E-03
   7.44968414       6.07200013E-03
   7.46635008       6.29399996E-03
   7.48301601       6.52100006E-03
   7.49968195       6.75400021E-03
   7.51634789       6.99200016E-03
   7.53301382       7.23499991E-03
   7.54967976       7.48499995E-03
   7.56634569       7.73900002E-03
   7.58301163       8.00000038E-03
   7.59967756       8.26600008E-03
   7.61634350       8.53800029E-03
   7.63300943       8.81700031E-03
   7.64967537       9.10199992E-03
   7.66634130       9.39199980E-03
   7.68300724       9.68900044E-03
   7.69967318       9.99199972E-03
   7.71633911       1.03000002E-02
   7.73300505       1.06199998E-02
   7.74967098       1.09400004E-02
   7.76633692       1.12699997E-02
   7.78300285       1.16100004E-02
   7.79966879       1.19500002E-02
   7.81633472       1.22999996E-02
   7.83300066       1.26499999E-02
   7.84966660       1.30200004E-02
   7.86633253       1.33900000E-02
   7.88299847       1.37700001E-02
   7.89966440       1.41500002E-02
   7.91633034       1.45399999E-02
   7.93299627       1.49400001E-02
   7.94966221       1.53500000E-02
   7.96632814       1.57600008E-02
   7.98299408       1.61799993E-02
   7.99966002       1.66100003E-02
   8.01632595       1.70499999E-02
   8.03299236       1.74899995E-02
   8.04965878       1.79500002E-02
   8.06632519       1.84099991E-02
   8.08299160       1.88699998E-02
   8.09965801       1.93499997E-02
   8.11632442       1.98299997E-02
   8.13299084       2.03300007E-02
   8.14965725       2.08199993E-02
   8.16632366       2.13300008E-02
   8.18299007       2.18499992E-02
   8.19965649       2.23699994E-02
   8.21632290       2.29000002E-02
   8.23298931       2.34399997E-02
   8.24965572       2.39899997E-02
   8.26632214       2.45500002E-02
   8.28298855       2.51100007E-02
   8.29965496       2.56900005E-02
   8.31632137       2.62700003E-02
   8.33298779       2.68600006E-02
   8.34965420       2.74599995E-02
   8.36632061       2.80699991E-02
   8.38298702       2.86800005E-02
   8.39965343       2.93099992E-02
   8.41631985       2.99399998E-02
   8.43298626       3.05799991E-02
   8.44965267       3.12300008E-02
   8.46631908       3.18900011E-02
   8.48298550       3.25599983E-02
   8.49965191       3.32400016E-02
   8.51631832       3.39200012E-02
   8.53298473       3.46099995E-02
   8.54965115       3.53100002E-02
   8.56631756       3.60199995E-02
   8.58298397       3.67400013E-02
   8.59965038       3.74700017E-02
   8.61631680       3.82100008E-02
   8.63298321       3.89500000E-02
   8.64964962       3.97000015E-02
   8.66631603       4.04700004E-02
   8.68298244       4.12399992E-02
   8.69964886       4.20200005E-02
   8.71631527       4.28000018E-02
   8.73298168       4.36000004E-02
   8.74964809       4.43999991E-02
   8.76631451       4.52199988E-02
   8.78298092       4.60399985E-02
   8.79964733       4.68700007E-02
   8.81631374       4.77100015E-02
   8.83298016       4.85499986E-02
   8.84964657       4.94100004E-02
   8.86631298       5.02699986E-02
   8.88297939       5.11399992E-02
   8.89964581       5.20199984E-02
   8.91631222       5.29100001E-02
   8.93297863       5.38100004E-02
   8.94964504       5.47100008E-02
   8.96631145       5.56299984E-02
   8.98297787       5.65400012E-02
   8.99964428       5.74700013E-02
   9.01631069       5.84100001E-02
   9.03297710       5.93499988E-02
   9.04964352       6.03099987E-02
   9.06630993       6.12699986E-02
   9.08297634       6.22299984E-02
   9.09964275       6.32100031E-02
   9.11630917       6.41900003E-02
   9.13297558       6.51800036E-02
   9.14964199       6.61799982E-02
   9.16630840       6.71800002E-02
   9.18297482       6.81900010E-02
   9.19964123       6.92100003E-02
   9.21630764       7.02399984E-02
   9.23297405       7.12699965E-02
   9.24964046       7.23199993E-02
   9.26630688       7.33600035E-02
   9.28297329       7.44099990E-02
   9.29963970       7.54700005E-02
   9.31630611       7.65400007E-02
   9.33297253       7.76199996E-02
   9.34963894       7.86899999E-02
   9.36630535       7.97900036E-02
   9.38297176       8.08800012E-02
   9.39963818       8.19799975E-02
   9.41630459       8.30899999E-02
   9.43297100       8.41900036E-02
   9.44963741       8.53200033E-02
   9.46630383       8.64500031E-02
   9.48297024       8.75800028E-02
   9.49963665       8.86899978E-02
   9.51630306       8.98599997E-02
   9.53296947       9.09999982E-02
   9.54963589       9.21600014E-02
   9.56630230       9.33099985E-02
   9.58296871       9.44700018E-02
   9.59963512       9.56400037E-02
   9.61630154       9.68099982E-02
   9.63296795       9.79800001E-02
   9.64963436       9.91600007E-02
   9.66630077      0.100400001    
   9.68296719      0.101599999    
   9.69963360      0.102700002    
   9.71630001      0.104000002    
   9.73296642      0.105200000    
   9.74963284      0.106399998    
   9.76629925      0.107600003    
   9.78296566      0.108800001    
   9.79963207      0.109999999    
   9.81629848      0.111299999    
   9.83296490      0.112499997    
   9.84963131      0.113700002    
   9.86629772      0.114900000    
   9.88296413      0.116200000    
   9.89963055      0.117399998    
   9.91629696      0.118699998    
   9.93296337      0.119900003    
   9.94962978      0.121200003    
   9.96629620      0.122400001    
   9.98296261      0.123700000    
   9.99962902      0.124899998    
   10.0162954      0.126200005    
   10.0329618      0.127399996    
   10.0496283      0.128700003    
   10.0662947      0.129899994    
   10.0829611      0.131200001    
   10.0996275      0.132499993    
   10.1162939      0.133800000    
   10.1329603      0.135000005    
   10.1496267      0.136299998    
   10.1662931      0.137600005    
   10.1829596      0.138899997    
   10.1996260      0.140100002    
   10.2162924      0.141399994    
   10.2329588      0.142700002    
   10.2496252      0.143999994    
   10.2662916      0.145199999    
   10.2829580      0.146500006    
   10.2996244      0.147699997    
   10.3162909      0.149100006    
   10.3329573      0.150299996    
   10.3496237      0.151600003    
   10.3662901      0.152899995    
   10.3829565      0.154200003    
   10.3996229      0.155399993    
   10.4162893      0.156700000    
   10.4329557      0.158000007    
   10.4496222      0.159199998    
   10.4662886      0.160500005    
   10.4829550      0.161799997    
   10.4996214      0.163000003    
   10.5162878      0.164299995    
   10.5329542      0.165500000    
   10.5496206      0.166800007    
   10.5662870      0.167999998    
   10.5829535      0.169200003    
   10.5996199      0.170499995    
   10.6162863      0.171800002    
   10.6329527      0.172999993    
   10.6496191      0.174300000    
   10.6662855      0.175500005    
   10.6829519      0.176699996    
   10.6996183      0.178000003    
   10.7162848      0.179199994    
   10.7329512      0.180299997    
   10.7496176      0.181500003    
   10.7662840      0.182799995    
   10.7829504      0.184100002    
   10.7996168      0.185299993    
   10.8162832      0.186399996    
   10.8329496      0.187600002    
   10.8496161      0.188899994    
   10.8662825      0.189999998    
   10.8829489      0.191200003    
   10.8996153      0.192399994    
   10.9162817      0.193599999    
   10.9329481      0.194700003    
   10.9496145      0.195899993    
   10.9662809      0.197099999    
   10.9829473      0.198200002    
   10.9996138      0.199300006    
   11.0162802      0.200499997    
   11.0329466      0.201600000    
   11.0496130      0.202700004    
   11.0662794      0.203899994    
   11.0829458      0.204999998    
   11.0996122      0.206100002    
   11.1162786      0.207100004    
   11.1329451      0.208299994    
   11.1496115      0.209299996    
   11.1662779      0.210400000    
   11.1829443      0.211500004    
   11.1996107      0.212500006    
   11.2162771      0.213599995    
   11.2329435      0.214699998    
   11.2496099      0.215700001    
   11.2662764      0.216700003    
   11.2829428      0.217700005    
   11.2996092      0.218700007    
   11.3162756      0.219699994    
   11.3329420      0.220699996    
   11.3496084      0.221599996    
   11.3662748      0.222700000    
   11.3829412      0.223600000    
   11.3996077      0.224600002    
   11.4162741      0.225600004    
   11.4329405      0.226600006    
   11.4496069      0.227500007    
   11.4662733      0.228400007    
   11.4829397      0.229300007    
   11.4996061      0.230199993    
   11.5162725      0.231099993    
   11.5329390      0.231999993    
   11.5496054      0.232899994    
   11.5662718      0.233799994    
   11.5829382      0.234599993    
   11.5996046      0.235499993    
   11.6162710      0.236200005    
   11.6329374      0.237100005    
   11.6496038      0.237900004    
   11.6662703      0.238600001    
   11.6829367      0.239399999    
   11.6996031      0.240300000    
   11.7162695      0.241099998    
   11.7329359      0.241799995    
   11.7496023      0.242599994    
   11.7662687      0.243300006    
   11.7829351      0.244000003    
   11.7996016      0.244800001    
   11.8162680      0.245499998    
   11.8329344      0.246199995    
   11.8496008      0.246900007    
   11.8662672      0.247500002    
   11.8829336      0.248199999    
   11.8996000      0.248799995    
   11.9162664      0.249500006    
   11.9329329      0.250099987    
   11.9495993      0.250499994    
   11.9662657      0.251300007    
   11.9829321      0.251899987    
   11.9995985      0.252499998    
   12.0162649      0.252999991    
   12.0329313      0.253600001    
   12.0495977      0.254099995    
   12.0662642      0.254500002    
   12.0829306      0.255199999    
   12.0995970      0.255499989    
   12.1162634      0.256099999    
   12.1329298      0.256599993    
   12.1495962      0.257099986    
   12.1662626      0.257499993    
   12.1829290      0.257999986    
   12.1995955      0.258399993    
   12.2162619      0.258800000    
   12.2329283      0.259200007    
   12.2495947      0.259299994    
   12.2662611      0.259900004    
   12.2829275      0.260199994    
   12.2995939      0.260600001    
   12.3162603      0.260899991    
   12.3329268      0.261200011    
   12.3495932      0.261500001    
   12.3662596      0.261900008    
   12.3829260      0.261999995    
   12.3995924      0.262300014    
   12.4162588      0.262600005    
   12.4329252      0.262800008    
   12.4495916      0.263099998    
   12.4662580      0.263300002    
   12.4829245      0.263300002    
   12.4995909      0.263599992    
   12.5162573      0.263900012    
   12.5329237      0.263999999    
   12.5495901      0.264200002    
   12.5662565      0.264299989    
   12.5829229      0.264400005    
   12.5995893      0.264499992    
   12.6162558      0.264600009    
   12.6329222      0.264699996    
   12.6495886      0.264699996    
   12.6662550      0.264800012    
   12.6829214      0.264800012    
   12.6995878      0.264800012    
   12.7162542      0.264800012    
   12.7329206      0.264800012    
   12.7495871      0.264800012    
   12.7662535      0.264800012    
   12.7829199      0.264699996    
   12.7995863      0.264699996    
   12.8162527      0.264600009    
   12.8329191      0.264499992    
   12.8495855      0.264400005    
   12.8662519      0.264299989    
   12.8829184      0.264099985    
   12.8995848      0.263999999    
   12.9162512      0.263799995    
   12.9329176      0.263500005    
   12.9495840      0.263300002    
   12.9662504      0.263200015    
   12.9829168      0.263000011    
   12.9995832      0.262699991    
   13.0162497      0.262499988    
   13.0329161      0.262100011    
   13.0495825      0.261900008    
   13.0662489      0.261799991    
   13.0829153      0.261200011    
   13.0995817      0.261099994    
   13.1162481      0.260699987    
   13.1329145      0.260500014    
   13.1495810      0.260100007    
   13.1662474      0.259700000    
   13.1829138      0.259299994    
   13.1995802      0.259000003    
   13.2162466      0.258599997    
   13.2329130      0.258199990    
   13.2495794      0.257800013    
   13.2662458      0.257299989    
   13.2829123      0.256900012    
   13.2995787      0.256399989    
   13.3162451      0.255899996    
   13.3329115      0.255100012    
   13.3495779      0.254900008    
   13.3662443      0.254400015    
   13.3829107      0.253899992    
   13.3995771      0.253300011    
   13.4162436      0.252799988    
   13.4329100      0.252200007    
   13.4495764      0.251599997    
   13.4662428      0.251100004    
   13.4829092      0.250400007    
   13.4995756      0.249799997    
   13.5162420      0.249200001    
   13.5329084      0.248600006    
   13.5495749      0.247899994    
   13.5662413      0.247299999    
   13.5829077      0.246600002    
   13.5995741      0.245900005    
   13.6162405      0.245199993    
   13.6329069      0.244499996    
   13.6495733      0.243699998    
   13.6662397      0.243000001    
   13.6829062      0.242300004    
   13.6995726      0.241500005    
   13.7162390      0.240799993    
   13.7329054      0.239999995    
   13.7495718      0.239199996    
   13.7662382      0.238299996    
   13.7829046      0.237599999    
   13.7995710      0.236800000    
   13.8162374      0.235900000    
   13.8329039      0.234999999    
   13.8495703      0.234300002    
   13.8662367      0.233400002    
   13.8829031      0.232500002    
   13.8995695      0.231600001    
   13.9162359      0.230800003    
   13.9329023      0.229900002    
   13.9495687      0.228799999    
   13.9662352      0.228000000    
   13.9829016      0.227100000    
   13.9995680      0.226199999    
   14.0162344      0.225199997    
   14.0329008      0.224299997    
   14.0495672      0.223299995    
   14.0662336      0.222299993    
   14.0829000      0.221300006    
   14.0995665      0.220300004    
   14.1162329      0.219300002    
   14.1328993      0.218300000    
   14.1495657      0.217299998    
   14.1662321      0.216299996    
   14.1828985      0.215200007    
   14.1995649      0.214000002    
   14.2162313      0.213200003    
   14.2328978      0.212099999    
   14.2495642      0.211099997    
   14.2662306      0.209999993    
   14.2828970      0.208900005    
   14.2995634      0.207699999    
   14.3162298      0.206699997    
   14.3328962      0.205599993    
   14.3495626      0.204500005    
   14.3662291      0.203400001    
   14.3828955      0.202299997    
   14.3995619      0.201199993    
   14.4162283      0.199900001    
   14.4328947      0.198699996    
   14.4495611      0.197699994    
   14.4662275      0.196600005    
   14.4828939      0.195400000    
   14.4995604      0.194299996    
   14.5162268      0.192900002    
   14.5328932      0.191900000    
   14.5495596      0.190699995    
   14.5662260      0.189600006    
   14.5828924      0.188400000    
   14.5995588      0.187199995    
   14.6162252      0.186000004    
   14.6328917      0.184799999    
   14.6495581      0.183599994    
   14.6662245      0.182400003    
   14.6828909      0.181099996    
   14.6995573      0.179900005    
   14.7162237      0.178700000    
   14.7328901      0.177499995    
   14.7495565      0.176200002    
   14.7662230      0.174999997    
   14.7828894      0.173800007    
   14.7995558      0.172499999    
   14.8162222      0.171299994    
   14.8328886      0.170000002    
   14.8495550      0.168799996    
   14.8662214      0.167400002    
   14.8828878      0.166299999    
   14.8995543      0.165000007    
   14.9162207      0.163800001    
   14.9328871      0.162499994    
   14.9495535      0.161200002    
   14.9662199      0.159899995    
   14.9828863      0.158700004    
   14.9995527      0.157499999    
   15.0162191      0.156200007    
   15.0328856      0.154899999    
   15.0495520      0.153600007    
   15.0662184      0.152400002    
   15.0828848      0.151099995    
   15.0995512      0.149800003    
   15.1162176      0.148599997    
   15.1328840      0.147300005    
   15.1495504      0.145999998    
   15.1662169      0.144700006    
   15.1828833      0.143500000    
   15.1995497      0.142199993    
   15.2162161      0.140900001    
   15.2328825      0.139599994    
   15.2495489      0.138400003    
   15.2662153      0.137099996    
   15.2828817      0.135800004    
   15.2995481      0.134499997    
   15.3162146      0.133300006    
   15.3328810      0.131999999    
   15.3495474      0.130700007    
   15.3662138      0.129500002    
   15.3828802      0.128199995    
   15.3995466      0.126900002    
   15.4162130      0.125699997    
   15.4328794      0.124399997    
   15.4495459      0.123199999    
   15.4662123      0.121900000    
   15.4828787      0.120700002    
   15.4995451      0.119400002    
   15.5162115      0.118199997    
   15.5328779      0.116899997    
   15.5495443      0.115699999    
   15.5662107      0.114500001    
   15.5828772      0.113200001    
   15.5995436      0.112000003    
   15.6162100      0.110799998    
   15.6328764      0.109499998    
   15.6495428      0.108300000    
   15.6662092      0.107100002    
   15.6828756      0.105899997    
   15.6995420      0.104699999    
   15.7162085      0.103500001    
   15.7328749      0.102300003    
   15.7495413      0.101099998    
   15.7662077       9.98999998E-02
   15.7828741       9.87199992E-02
   15.7995405       9.75200012E-02
   15.8162069       9.63599980E-02
   15.8328733       9.51900035E-02
   15.8495398       9.40200016E-02
   15.8662062       9.28300023E-02
   15.8828726       9.17100012E-02
   15.8995390       9.05499980E-02
   15.9162054       8.94099995E-02
   15.9328718       8.82700011E-02
   15.9495382       8.71199965E-02
   15.9662046       8.59799981E-02
   15.9828711       8.48900005E-02
   15.9995375       8.37699994E-02
   16.0162029       8.26399997E-02
   16.0328693       8.15600008E-02
   16.0495358       8.04599971E-02
   16.0662022       7.93699995E-02
   16.0828686       7.82900006E-02
   16.0995350       7.72100016E-02
   16.1162014       7.61300027E-02
   16.1328678       7.50600025E-02
   16.1495342       7.40099996E-02
   16.1662006       7.29599968E-02
   16.1828671       7.19200000E-02
   16.1995335       7.08800033E-02
   16.2161999       6.98499978E-02
   16.2328663       6.88199997E-02
   16.2495327       6.78099990E-02
   16.2661991       6.67999983E-02
   16.2828655       6.58000037E-02
   16.2995319       6.48000017E-02
   16.3161983       6.38199970E-02
   16.3328648       6.28399998E-02
   16.3495312       6.18599989E-02
   16.3661976       6.08999990E-02
   16.3828640       5.99399991E-02
   16.3995304       5.90000004E-02
   16.4161968       5.80499992E-02
   16.4328632       5.71199991E-02
   16.4495296       5.62000014E-02
   16.4661961       5.52800000E-02
   16.4828625       5.43700010E-02
   16.4995289       5.34700006E-02
   16.5161953       5.25799990E-02
   16.5328617       5.16900010E-02
   16.5495281       5.08200005E-02
   16.5661945       4.99499999E-02
   16.5828609       4.90900017E-02
   16.5995274       4.82399985E-02
   16.6161938       4.73899990E-02
   16.6328602       4.65600006E-02
   16.6495266       4.57299985E-02
   16.6661930       4.49099988E-02
   16.6828594       4.41000015E-02
   16.6995258       4.32999991E-02
   16.7161922       4.25099991E-02
   16.7328587       4.17300016E-02
   16.7495251       4.09500003E-02
   16.7661915       4.01800014E-02
   16.7828579       3.94299999E-02
   16.7995243       3.86799984E-02
   16.8161907       3.79300006E-02
   16.8328571       3.72000001E-02
   16.8495235       3.64799984E-02
   16.8661900       3.57600003E-02
   16.8828564       3.50599997E-02
   16.8995228       3.43599990E-02
   16.9161892       3.36700007E-02
   16.9328556       3.29900011E-02
   16.9495220       3.23100016E-02
   16.9661884       3.16499993E-02
   16.9828548       3.09999995E-02
   16.9995213       3.03499997E-02
   17.0161877       2.97100004E-02
   17.0328541       2.90799998E-02
   17.0495205       2.84599997E-02
   17.0661869       2.78500002E-02
   17.0828533       2.72400007E-02
   17.0995197       2.66500004E-02
   17.1161861       2.60600001E-02
   17.1328526       2.54800003E-02
   17.1495190       2.49099992E-02
   17.1661854       2.43500005E-02
   17.1828518       2.38000005E-02
   17.1995182       2.32500006E-02
   17.2161846       2.27099992E-02
   17.2328510       2.21800003E-02
   17.2495174       2.16600001E-02
   17.2661839       2.11500004E-02
   17.2828503       2.06499994E-02
   17.2995167       2.01500002E-02
   17.3161831       1.96599998E-02
   17.3328495       1.91799998E-02
   17.3495159       1.87100004E-02
   17.3661823       1.82399992E-02
   17.3828487       1.77900009E-02
   17.3995152       1.73400007E-02
   17.4161816       1.68999992E-02
   17.4328480       1.64599996E-02
   17.4495144       1.60399992E-02
   17.4661808       1.56199997E-02
   17.4828472       1.52000003E-02
   17.4995136       1.48000000E-02
   17.5161800       1.43999998E-02
   17.5328465       1.40199997E-02
   17.5495129       1.36299999E-02
   17.5661793       1.32600004E-02
   17.5828457       1.28899999E-02
   17.5995121       1.25299999E-02
   17.6161785       1.21799996E-02
   17.6328449       1.18300002E-02
   17.6495113       1.14900004E-02
   17.6661777       1.11600002E-02
   17.6828442       1.08300000E-02
   17.6995106       1.05100004E-02
   17.7161770       1.02000004E-02
   17.7328434       9.88799985E-03
   17.7495098       9.58700012E-03
   17.7661762       9.29300021E-03
   17.7828426       9.00399964E-03
   17.7995090       8.72199982E-03
   17.8161755       8.44599959E-03
   17.8328419       8.17599986E-03
   17.8495083       7.91100040E-03
   17.8661747       7.65299983E-03
   17.8828411       7.40000000E-03
   17.8995075       7.15300022E-03
   17.9161739       6.91200001E-03
   17.9328403       6.67600008E-03
   17.9495068       6.44499995E-03
   17.9661732       6.21999986E-03
   17.9828396       6.00000005E-03
   17.9995060       5.78500004E-03
   18.0161724       5.57499984E-03
   18.0328388       5.37100015E-03
   18.0495052       5.17100003E-03
   18.0661716       4.97600017E-03
   18.0828381       4.78600012E-03
   18.0995045       4.60000010E-03
   18.1161709       4.42000013E-03
   18.1328373       4.24299994E-03
   18.1495037       4.07199981E-03
   18.1661701       3.90399992E-03
   18.1828365       3.74100008E-03
   18.1995029       3.58200003E-03
   18.2161694       3.42800003E-03
   18.2328358       3.27700004E-03
   18.2495022       3.13100009E-03
   18.2661686       2.98899994E-03
   18.2828350       2.85000005E-03
   18.2995014       2.71499995E-03
   18.3161678       2.58399989E-03
   18.3328342       2.45700008E-03
   18.3495007       2.33400008E-03
   18.3661671       2.21400009E-03
   18.3828335       2.09799991E-03
   18.3994999       1.98499998E-03
   18.4161663       1.87499996E-03
   18.4328327       1.76899997E-03
   18.4494991       1.66700000E-03
   18.4661655       1.56700006E-03
   18.4828320       1.47100003E-03
   18.4994984       1.37800002E-03
   18.5161648       1.28900004E-03
   18.5328312       1.20299996E-03
   18.5494976       1.11900002E-03
   18.5661640       1.03900000E-03
   18.5828304       9.62299993E-04
   18.5994968       8.88500013E-04
   18.6161633       8.18000000E-04
   18.6328297       7.50500010E-04
   18.6494961       6.86299987E-04
   18.6661625       6.25299988E-04
   18.6828289       5.67600015E-04
   18.6994953       5.13500010E-04
   18.7161617       4.63200005E-04
   18.7328281       4.08499996E-04
   18.7494946       3.57699988E-04
   18.7661610       3.16099991E-04
   18.7828274       2.81899993E-04
   18.7994938       2.43100003E-04
   18.8161602       2.13299994E-04
   18.8328266       1.81199997E-04
   18.8494930       1.54499998E-04
   18.8661594       1.31099994E-04
   18.8828259       1.09900000E-04
   18.8994923       9.12600008E-05
   18.9161587       7.55000001E-05
   18.9328251       6.24699969E-05
   18.9494915       4.99099988E-05
   18.9661579       4.06899999E-05
   18.9828243       3.19899991E-05
   18.9994907       2.50600006E-05
   19.0161572       1.94599997E-05
   19.0328236       1.49300004E-05
   19.0494900       1.13100004E-05
   19.0661564       8.48099990E-06
   19.0828228       6.18000013E-06
   19.0994892       4.41700013E-06
   19.1161556       3.05100002E-06
   19.1328220       2.05099991E-06
   19.1494884       1.27099997E-06
   19.1661549       7.48099978E-07
   19.1828213       4.18799999E-07
   19.1994877       2.25600004E-07
   19.2161541       1.11399999E-07
   19.2328205       4.50999984E-08
   19.2494869       1.26700002E-08
   19.2661533       1.39699996E-09
   19.2828197       1.41499997E-11
   19.2994862       6.47300003E-14
   19.3161526       7.73700011E-17
   19.3328190       1.72900006E-20
   19.3494854       3.66579678E-42
   19.3661518       0.00000000    
   19.3828182       0.00000000    
   19.3994846       0.00000000    
   19.4161510       0.00000000    
   19.4328175       0.00000000    
   19.4494839       0.00000000    
   19.4661503       0.00000000    
   19.4828167       0.00000000    
   19.4994831       0.00000000    
   19.5161495       0.00000000    
   19.5328159       0.00000000    
   19.5494823       0.00000000    
   19.5661488       0.00000000    
   19.5828152       0.00000000    
   19.5994816       0.00000000    
   19.6161480       0.00000000    
   19.6328144       0.00000000    
   19.6494808       0.00000000    
   19.6661472       0.00000000    
   19.6828136       0.00000000    
   19.6994801       0.00000000    
   19.7161465       0.00000000    
   19.7328129       0.00000000    
   19.7494793       0.00000000    
   19.7661457       0.00000000    
   19.7828121       0.00000000    
   19.7994785       0.00000000    
   19.8161449       0.00000000    
   19.8328114       0.00000000    
   19.8494778       0.00000000    
   19.8661442       0.00000000    
   19.8828106       0.00000000    
   19.8994770       0.00000000    
   19.9161434       0.00000000    
   19.9328098       0.00000000    
   19.9494762       0.00000000    
   19.9661427       0.00000000    
   19.9828091       0.00000000    
   19.9994755       0.00000000    
   20.0161419       0.00000000    
   20.0328083       0.00000000    
   20.0494747       0.00000000    
   20.0661411       0.00000000    
   20.0828075       0.00000000    
   20.0994740       0.00000000    
   20.1161404       0.00000000    
   20.1328068       0.00000000    
   20.1494732       0.00000000    
   20.1661396       0.00000000    
   20.1828060       0.00000000    
   20.1994724       0.00000000    
   20.2161388       0.00000000    
   20.2328053       0.00000000    
   20.2494717       0.00000000    
   20.2661381       0.00000000    
   20.2828045       0.00000000    
   20.2994709       0.00000000    
   20.3161373       0.00000000    
   20.3328037       0.00000000    
   20.3494701       0.00000000    
   20.3661366       0.00000000    
   20.3828030       0.00000000    
   20.3994694       0.00000000    
   20.4161358       0.00000000    
   20.4328022       0.00000000    
   20.4494686       0.00000000    
   20.4661350       0.00000000    
   20.4828014       0.00000000    
   20.4994678       0.00000000    
   20.5161343       0.00000000    
   20.5328007       0.00000000    
   20.5494671       0.00000000    
   20.5661335       0.00000000    
   20.5827999       0.00000000    
   20.5994663       0.00000000    
   20.6161327       0.00000000    
   20.6327991       0.00000000    
   20.6494656       0.00000000    
   20.6661320       0.00000000    
   20.6827984       0.00000000    
   20.6994648       0.00000000    
   20.7161312       0.00000000    
   20.7327976       0.00000000    
   20.7494640       0.00000000    
   20.7661304       0.00000000    
   20.7827969       0.00000000    
   20.7994633       0.00000000    
   20.8161297       0.00000000    
   20.8327961       0.00000000    
   20.8494625       0.00000000    
   20.8661289       0.00000000    
   20.8827953       0.00000000    
   20.8994617       0.00000000    
   20.9161282       0.00000000    
   20.9327946       0.00000000    
   20.9494610       0.00000000    
   20.9661274       0.00000000    
   20.9827938       0.00000000    
   20.9994602       0.00000000    
   21.0161266       0.00000000    
   21.0327930       0.00000000    
   21.0494595       0.00000000    
   21.0661259       0.00000000    
   21.0827923       0.00000000    
   21.0994587       0.00000000    
   21.1161251       0.00000000    
   21.1327915       0.00000000    
   21.1494579       0.00000000    
   21.1661243       0.00000000    
   21.1827908       0.00000000    
   21.1994572       0.00000000    
   21.2161236       0.00000000    
   21.2327900       0.00000000    
   21.2494564       0.00000000    
   21.2661228       0.00000000    
   21.2827892       0.00000000    
   21.2994556       0.00000000    
   21.3161221       0.00000000    
   21.3327885       0.00000000    
   21.3494549       0.00000000    
   21.3661213       0.00000000    
   21.3827877       0.00000000    
   21.3994541       0.00000000    
   21.4161205       0.00000000    
   21.4327869       0.00000000    
   21.4494534       0.00000000    
   21.4661198       0.00000000    
   21.4827862       0.00000000    
   21.4994526       0.00000000    
   21.5161190       0.00000000    
   21.5327854       0.00000000    
   21.5494518       0.00000000    
   21.5661182       0.00000000    
   21.5827847       0.00000000    
   21.5994511       0.00000000    
   21.6161175       0.00000000    
   21.6327839       0.00000000    
   21.6494503       0.00000000    
   21.6661167       0.00000000    
   21.6827831       0.00000000    
   21.6994495       0.00000000    
   21.7161160       0.00000000    
   21.7327824       0.00000000    
   21.7494488       0.00000000    
   21.7661152       0.00000000    
   21.7827816       0.00000000    
   21.7994480       0.00000000    
   21.8161144       0.00000000    
   21.8327808       0.00000000    
   21.8494473       0.00000000    
   21.8661137       0.00000000    
   21.8827801       0.00000000    
   21.8994465       0.00000000    
   21.9161129       0.00000000    
   21.9327793       0.00000000    
   21.9494457       0.00000000    
   21.9661121       0.00000000    
   21.9827785       0.00000000    
   21.9994450       0.00000000    
   22.0161114       0.00000000    
   22.0327778       0.00000000    
   22.0494442       0.00000000    
   22.0661106       0.00000000    
   22.0827770       0.00000000    
   22.0994434       0.00000000    
   22.1161098       0.00000000    
   22.1327763       0.00000000    
   22.1494427       0.00000000    
   22.1661091       0.00000000    
   22.1827755       0.00000000    
   22.1994419       0.00000000    
   22.2161083       0.00000000    
   22.2327747       0.00000000    
   22.2494411       0.00000000    
   22.2661076       0.00000000    
   22.2827740       0.00000000    
   22.2994404       0.00000000    
   22.3161068       0.00000000    
   22.3327732       0.00000000    
   22.3494396       0.00000000    
   22.3661060       0.00000000    
   22.3827724       0.00000000    
   22.3994389       0.00000000    
   22.4161053       0.00000000    
   22.4327717       0.00000000    
   22.4494381       0.00000000    
   22.4661045       0.00000000    
   22.4827709       0.00000000    
   22.4994373       0.00000000    
   22.5161037       0.00000000    
   22.5327702       0.00000000    
   22.5494366       0.00000000    
   22.5661030       0.00000000    
   22.5827694       0.00000000    
   22.5994358       0.00000000    
   22.6161022       0.00000000    
   22.6327686       0.00000000    
   22.6494350       0.00000000    
   22.6661015       0.00000000    
   22.6827679       0.00000000    
   22.6994343       0.00000000    
   22.7161007       0.00000000    
   22.7327671       0.00000000    
   22.7494335       0.00000000    
   22.7660999       0.00000000    
   22.7827663       0.00000000    
   22.7994328       0.00000000    
   22.8160992       0.00000000    
   22.8327656       0.00000000    
   22.8494320       0.00000000    
   22.8660984       0.00000000    
   22.8827648       0.00000000    
   22.8994312       0.00000000    
   22.9160976       0.00000000    
   22.9327641       0.00000000    
   22.9494305       0.00000000    
   22.9660969       0.00000000    
   22.9827633       0.00000000    
   22.9994297       0.00000000    
   23.0160961       0.00000000    
   23.0327625       0.00000000    
   23.0494289       0.00000000    
   23.0660954       0.00000000    
   23.0827618       0.00000000    
   23.0994282       0.00000000    
   23.1160946       0.00000000    
   23.1327610       0.00000000    
   23.1494274       0.00000000    
   23.1660938       0.00000000    
   23.1827602       0.00000000    
   23.1994267       0.00000000    
   23.2160931       0.00000000    
   23.2327595       0.00000000    
   23.2494259       0.00000000    
   23.2660923       0.00000000    
   23.2827587       0.00000000    
   23.2994251       0.00000000    
   23.3160915       0.00000000    
   23.3327579       0.00000000    
   23.3494244       0.00000000    
   23.3660908       0.00000000    
   23.3827572       0.00000000    
   23.3994236       0.00000000    
   23.4160900       0.00000000    
   23.4327564       0.00000000    
   23.4494228       0.00000000    
   23.4660892       0.00000000    
   23.4827557       0.00000000    
   23.4994221       0.00000000    
   23.5160885       0.00000000    
   23.5327549       0.00000000    
   23.5494213       0.00000000    
   23.5660877       0.00000000    
   23.5827541       0.00000000    
   23.5994205       0.00000000    
   23.6160870       0.00000000    
   23.6327534       0.00000000    
   23.6494198       0.00000000    
   23.6660862       0.00000000    
   23.6827526       0.00000000    
   23.6994190       0.00000000    
   23.7160854       0.00000000    
   23.7327518       0.00000000    
   23.7494183       0.00000000    
   23.7660847       0.00000000    
   23.7827511       0.00000000    
   23.7994175       0.00000000    
   23.8160839       0.00000000    
   23.8327503       0.00000000    
   23.8494167       0.00000000    
   23.8660831       0.00000000    
   23.8827496       0.00000000    
   23.8994160       0.00000000    
   23.9160824       0.00000000    
   23.9327488       0.00000000    
   23.9494152       0.00000000    
   23.9660816       0.00000000    
   23.9827480       0.00000000    
