   0.00000000       0.00000000    
   1.66660007E-02   0.00000000    
   3.33320014E-02   0.00000000    
   4.99980003E-02   0.00000000    
   6.66640028E-02   0.00000000    
   8.33300054E-02   0.00000000    
   9.99960080E-02   0.00000000    
  0.116662011       0.00000000    
  0.133328006       0.00000000    
  0.149994001       0.00000000    
  0.166659996       0.00000000    
  0.183325991       0.00000000    
  0.199991986       0.00000000    
  0.216657981       0.00000000    
  0.233323976       0.00000000    
  0.249989972       0.00000000    
  0.266655982       0.00000000    
  0.283321977       0.00000000    
  0.299987972       0.00000000    
  0.316653967       0.00000000    
  0.333319962       0.00000000    
  0.349985957       0.00000000    
  0.366651952       0.00000000    
  0.383317947       0.00000000    
  0.399983943       0.00000000    
  0.416649938       0.00000000    
  0.433315933       0.00000000    
  0.449981928       0.00000000    
  0.466647923       0.00000000    
  0.483313918       0.00000000    
  0.499979913       0.00000000    
  0.516645908       0.00000000    
  0.533311903       0.00000000    
  0.549977899       0.00000000    
  0.566643894       0.00000000    
  0.583309889       0.00000000    
  0.599975884       0.00000000    
  0.616641879       0.00000000    
  0.633307874       0.00000000    
  0.649973869       0.00000000    
  0.666639864       0.00000000    
  0.683305860       0.00000000    
  0.699971855       0.00000000    
  0.716637850       0.00000000    
  0.733303845       0.00000000    
  0.749969840       0.00000000    
  0.766635835       0.00000000    
  0.783301830       0.00000000    
  0.799967825       0.00000000    
  0.816633821       0.00000000    
  0.833299816       0.00000000    
  0.849965811       0.00000000    
  0.866631806       0.00000000    
  0.883297801       0.00000000    
  0.899963796       0.00000000    
  0.916629791       0.00000000    
  0.933295786       0.00000000    
  0.949961782       0.00000000    
  0.966627777       0.00000000    
  0.983293772       0.00000000    
  0.999959767       0.00000000    
   1.01662576       0.00000000    
   1.03329182       0.00000000    
   1.04995787       0.00000000    
   1.06662393       0.00000000    
   1.08328998       0.00000000    
   1.09995604       0.00000000    
   1.11662209       0.00000000    
   1.13328815       0.00000000    
   1.14995420       0.00000000    
   1.16662025       0.00000000    
   1.18328631       0.00000000    
   1.19995236       0.00000000    
   1.21661842       0.00000000    
   1.23328447       0.00000000    
   1.24995053       0.00000000    
   1.26661658       0.00000000    
   1.28328264       0.00000000    
   1.29994869       0.00000000    
   1.31661475       0.00000000    
   1.33328080       0.00000000    
   1.34994686       0.00000000    
   1.36661291       0.00000000    
   1.38327897       0.00000000    
   1.39994502       0.00000000    
   1.41661108       0.00000000    
   1.43327713       0.00000000    
   1.44994318       0.00000000    
   1.46660924       0.00000000    
   1.48327529       0.00000000    
   1.49994135       0.00000000    
   1.51660740       0.00000000    
   1.53327346       0.00000000    
   1.54993951       0.00000000    
   1.56660557       0.00000000    
   1.58327162       0.00000000    
   1.59993768       0.00000000    
   1.61660373       0.00000000    
   1.63326979       0.00000000    
   1.64993584       0.00000000    
   1.66660190       0.00000000    
   1.68326795       0.00000000    
   1.69993401       0.00000000    
   1.71660006       0.00000000    
   1.73326612       0.00000000    
   1.74993217       0.00000000    
   1.76659822       0.00000000    
   1.78326428       0.00000000    
   1.79993033       0.00000000    
   1.81659639       0.00000000    
   1.83326244       0.00000000    
   1.84992850       0.00000000    
   1.86659455       0.00000000    
   1.88326061       0.00000000    
   1.89992666       0.00000000    
   1.91659272       0.00000000    
   1.93325877       0.00000000    
   1.94992483       0.00000000    
   1.96659088       0.00000000    
   1.98325694       0.00000000    
   1.99992299       0.00000000    
   2.01658893       0.00000000    
   2.03325486       0.00000000    
   2.04992080       0.00000000    
   2.06658673       0.00000000    
   2.08325267       0.00000000    
   2.09991860       0.00000000    
   2.11658454       0.00000000    
   2.13325047       0.00000000    
   2.14991641       0.00000000    
   2.16658235       0.00000000    
   2.18324828       0.00000000    
   2.19991422       0.00000000    
   2.21658015       0.00000000    
   2.23324609       0.00000000    
   2.24991202       0.00000000    
   2.26657796       0.00000000    
   2.28324389       0.00000000    
   2.29990983       0.00000000    
   2.31657577       0.00000000    
   2.33324170       0.00000000    
   2.34990764       0.00000000    
   2.36657357       0.00000000    
   2.38323951       0.00000000    
   2.39990544       0.00000000    
   2.41657138       0.00000000    
   2.43323731       0.00000000    
   2.44990325       0.00000000    
   2.46656919       0.00000000    
   2.48323512       0.00000000    
   2.49990106       0.00000000    
   2.51656699       0.00000000    
   2.53323293       0.00000000    
   2.54989886       0.00000000    
   2.56656480       0.00000000    
   2.58323073       0.00000000    
   2.59989667       0.00000000    
   2.61656260       0.00000000    
   2.63322854       0.00000000    
   2.64989448       0.00000000    
   2.66656041       0.00000000    
   2.68322635       0.00000000    
   2.69989228       0.00000000    
   2.71655822       0.00000000    
   2.73322415       0.00000000    
   2.74989009       0.00000000    
   2.76655602       0.00000000    
   2.78322196       0.00000000    
   2.79988790       0.00000000    
   2.81655383       0.00000000    
   2.83321977       0.00000000    
   2.84988570       0.00000000    
   2.86655164       0.00000000    
   2.88321757       0.00000000    
   2.89988351       0.00000000    
   2.91654944       0.00000000    
   2.93321538       0.00000000    
   2.94988132       0.00000000    
   2.96654725       0.00000000    
   2.98321319       0.00000000    
   2.99987912       0.00000000    
   3.01654506       0.00000000    
   3.03321099       0.00000000    
   3.04987693       0.00000000    
   3.06654286       0.00000000    
   3.08320880       0.00000000    
   3.09987473       0.00000000    
   3.11654067       0.00000000    
   3.13320661       0.00000000    
   3.14987254       0.00000000    
   3.16653848       0.00000000    
   3.18320441       0.00000000    
   3.19987035       0.00000000    
   3.21653628       0.00000000    
   3.23320222       0.00000000    
   3.24986815       0.00000000    
   3.26653409       0.00000000    
   3.28320003       0.00000000    
   3.29986596       0.00000000    
   3.31653190       0.00000000    
   3.33319783       0.00000000    
   3.34986377       0.00000000    
   3.36652970       0.00000000    
   3.38319564       0.00000000    
   3.39986157       0.00000000    
   3.41652751       0.00000000    
   3.43319345       0.00000000    
   3.44985938       0.00000000    
   3.46652532       0.00000000    
   3.48319125       0.00000000    
   3.49985719       0.00000000    
   3.51652312       0.00000000    
   3.53318906       0.00000000    
   3.54985499       0.00000000    
   3.56652093       0.00000000    
   3.58318686       0.00000000    
   3.59985280       0.00000000    
   3.61651874       0.00000000    
   3.63318467       0.00000000    
   3.64985061       0.00000000    
   3.66651654       0.00000000    
   3.68318248       0.00000000    
   3.69984841       0.00000000    
   3.71651435       0.00000000    
   3.73318028       0.00000000    
   3.74984622       0.00000000    
   3.76651216       0.00000000    
   3.78317809       0.00000000    
   3.79984403       0.00000000    
   3.81650996       0.00000000    
   3.83317590       0.00000000    
   3.84984183       0.00000000    
   3.86650777       0.00000000    
   3.88317370       0.00000000    
   3.89983964       0.00000000    
   3.91650558       0.00000000    
   3.93317151       0.00000000    
   3.94983745       0.00000000    
   3.96650338       0.00000000    
   3.98316932       0.00000000    
   3.99983525       0.00000000    
   4.01650143       0.00000000    
   4.03316736       0.00000000    
   4.04983330       0.00000000    
   4.06649923       0.00000000    
   4.08316517       0.00000000    
   4.09983110       0.00000000    
   4.11649704       0.00000000    
   4.13316298       0.00000000    
   4.14982891       0.00000000    
   4.16649485       0.00000000    
   4.18316078       0.00000000    
   4.19982672       0.00000000    
   4.21649265       0.00000000    
   4.23315859       0.00000000    
   4.24982452       0.00000000    
   4.26649046       0.00000000    
   4.28315639       0.00000000    
   4.29982233       0.00000000    
   4.31648827       0.00000000    
   4.33315420       0.00000000    
   4.34982014       0.00000000    
   4.36648607       0.00000000    
   4.38315201       0.00000000    
   4.39981794       0.00000000    
   4.41648388       0.00000000    
   4.43314981       0.00000000    
   4.44981575       0.00000000    
   4.46648169       0.00000000    
   4.48314762       0.00000000    
   4.49981356       0.00000000    
   4.51647949       0.00000000    
   4.53314543       0.00000000    
   4.54981136       0.00000000    
   4.56647730       0.00000000    
   4.58314323       0.00000000    
   4.59980917       0.00000000    
   4.61647511       0.00000000    
   4.63314104       0.00000000    
   4.64980698       0.00000000    
   4.66647291       0.00000000    
   4.68313885       0.00000000    
   4.69980478       0.00000000    
   4.71647072       0.00000000    
   4.73313665       0.00000000    
   4.74980259       0.00000000    
   4.76646852       0.00000000    
   4.78313446       0.00000000    
   4.79980040       0.00000000    
   4.81646633       0.00000000    
   4.83313227       0.00000000    
   4.84979820       0.00000000    
   4.86646414       0.00000000    
   4.88313007       0.00000000    
   4.89979601       0.00000000    
   4.91646194       0.00000000    
   4.93312788       0.00000000    
   4.94979382       0.00000000    
   4.96645975       0.00000000    
   4.98312569       0.00000000    
   4.99979162       0.00000000    
   5.01645756       0.00000000    
   5.03312349       0.00000000    
   5.04978943       0.00000000    
   5.06645536       0.00000000    
   5.08312130       0.00000000    
   5.09978724       0.00000000    
   5.11645317       0.00000000    
   5.13311911       0.00000000    
   5.14978504       0.00000000    
   5.16645098       0.00000000    
   5.18311691       0.00000000    
   5.19978285       0.00000000    
   5.21644878       0.00000000    
   5.23311472       0.00000000    
   5.24978065       0.00000000    
   5.26644659       0.00000000    
   5.28311253       0.00000000    
   5.29977846       0.00000000    
   5.31644440       0.00000000    
   5.33311033       0.00000000    
   5.34977627       0.00000000    
   5.36644220       0.00000000    
   5.38310814       0.00000000    
   5.39977407       0.00000000    
   5.41644001       0.00000000    
   5.43310595       0.00000000    
   5.44977188       0.00000000    
   5.46643782       0.00000000    
   5.48310375       0.00000000    
   5.49976969       0.00000000    
   5.51643562       0.00000000    
   5.53310156       0.00000000    
   5.54976749       0.00000000    
   5.56643343       0.00000000    
   5.58309937       0.00000000    
   5.59976530       0.00000000    
   5.61643124       0.00000000    
   5.63309717       0.00000000    
   5.64976311       0.00000000    
   5.66642904       0.00000000    
   5.68309498       0.00000000    
   5.69976091       4.13400000E-26
   5.71642685       2.02299992E-20
   5.73309278       7.58300026E-17
   5.74975872       6.49099982E-14
   5.76642466       3.03599992E-11
   5.78309059       1.77100001E-09
   5.79975653       1.32300002E-08
   5.81642246       4.54699993E-08
   5.83308840       1.05799998E-07
   5.84975433       2.09099994E-07
   5.86642027       3.86700009E-07
   5.88308620       6.80799985E-07
   5.89975214       1.13600004E-06
   5.91641808       1.80699999E-06
   5.93308401       2.70100008E-06
   5.94974995       3.83599991E-06
   5.96641588       5.33399998E-06
   5.98308182       7.28699979E-06
   5.99974775       9.66500011E-06
   6.01641369       1.26799996E-05
   6.03307962       1.64600006E-05
   6.04974556       2.11700008E-05
   6.06641150       2.70399996E-05
   6.08307743       3.35400000E-05
   6.09974337       4.18499985E-05
   6.11640930       5.13500017E-05
   6.13307524       6.34300013E-05
   6.14974117       7.62299969E-05
   6.16640711       9.12899995E-05
   6.18307304       1.08799999E-04
   6.19973898       1.28900007E-04
   6.21640491       1.52299996E-04
   6.23307085       1.80300005E-04
   6.24973679       2.03000003E-04
   6.26640272       2.38499997E-04
   6.28306866       2.66099989E-04
   6.29973459       2.99500010E-04
   6.31640053       3.40200000E-04
   6.33306646       3.90100002E-04
   6.34973240       4.33600013E-04
   6.36639833       4.79400012E-04
   6.38306427       5.28400007E-04
   6.39973021       5.80399996E-04
   6.41639614       6.35200005E-04
   6.43306208       6.92999980E-04
   6.44972801       7.53299973E-04
   6.46639395       8.16399988E-04
   6.48305988       8.82300024E-04
   6.49972582       9.50800022E-04
   6.51639175       1.02199998E-03
   6.53305769       1.09599996E-03
   6.54972363       1.17299997E-03
   6.56638956       1.25199999E-03
   6.58305550       1.33500004E-03
   6.59972143       1.41999999E-03
   6.61638737       1.50799996E-03
   6.63305330       1.59899995E-03
   6.64971924       1.69299997E-03
   6.66638517       1.78900000E-03
   6.68305111       1.88899995E-03
   6.69971704       1.99100003E-03
   6.71638298       2.09799991E-03
   6.73304892       2.20600003E-03
   6.74971485       2.31799996E-03
   6.76638079       2.43399991E-03
   6.78304672       2.55200011E-03
   6.79971266       2.67400010E-03
   6.81637859       2.79899989E-03
   6.83304453       2.92799994E-03
   6.84971046       3.06000002E-03
   6.86637640       3.19599989E-03
   6.88304234       3.33500002E-03
   6.89970827       3.47799994E-03
   6.91637421       3.62499990E-03
   6.93304014       3.77500011E-03
   6.94970608       3.92899988E-03
   6.96637201       4.08700015E-03
   6.98303795       4.24899999E-03
   6.99970388       4.41600010E-03
   7.01636982       4.58600000E-03
   7.03303576       4.76100016E-03
   7.04970169       4.93900012E-03
   7.06636763       5.12199989E-03
   7.08303356       5.30999992E-03
   7.09969950       5.50199999E-03
   7.11636543       5.69899986E-03
   7.13303137       5.90000022E-03
   7.14969730       6.10500015E-03
   7.16636324       6.31600013E-03
   7.18302917       6.53199991E-03
   7.19969511       6.75200019E-03
   7.21636105       6.97699981E-03
   7.23302698       7.20700016E-03
   7.24969292       7.44199986E-03
   7.26635885       7.68399984E-03
   7.28302479       7.92900007E-03
   7.29969072       8.17999989E-03
   7.31635666       8.43700022E-03
   7.33302259       8.69899988E-03
   7.34968853       8.96599982E-03
   7.36635447       9.23999958E-03
   7.38302040       9.51899961E-03
   7.39968634       9.80299991E-03
   7.41635227       1.00900000E-02
   7.43301821       1.03900004E-02
   7.44968414       1.06899999E-02
   7.46635008       1.09999999E-02
   7.48301601       1.13199996E-02
   7.49968195       1.16400002E-02
   7.51634789       1.19599998E-02
   7.53301382       1.22999996E-02
   7.54967976       1.26400003E-02
   7.56634569       1.29800001E-02
   7.58301163       1.33400001E-02
   7.59967756       1.37000000E-02
   7.61634350       1.40600000E-02
   7.63300943       1.44300004E-02
   7.64967537       1.48099996E-02
   7.66634130       1.52000003E-02
   7.68300724       1.55900000E-02
   7.69967318       1.59900002E-02
   7.71633911       1.64000001E-02
   7.73300505       1.68099999E-02
   7.74967098       1.72400009E-02
   7.76633692       1.76599994E-02
   7.78300285       1.81000009E-02
   7.79966879       1.85400005E-02
   7.81633472       1.89900007E-02
   7.83300066       1.94499996E-02
   7.84966660       1.99200008E-02
   7.86633253       2.03900002E-02
   7.88299847       2.08700001E-02
   7.89966440       2.13600006E-02
   7.91633034       2.18499992E-02
   7.93299627       2.23600008E-02
   7.94966221       2.28700005E-02
   7.96632814       2.33900007E-02
   7.98299408       2.39100009E-02
   7.99966002       2.44500004E-02
   8.01632595       2.49899998E-02
   8.03299236       2.55399998E-02
   8.04965878       2.61000004E-02
   8.06632519       2.66600009E-02
   8.08299160       2.72400007E-02
   8.09965801       2.78200004E-02
   8.11632442       2.84100007E-02
   8.13299084       2.90099997E-02
   8.14965725       2.96100006E-02
   8.16632366       3.02300006E-02
   8.18299007       3.08500007E-02
   8.19965649       3.14799994E-02
   8.21632290       3.21200006E-02
   8.23298931       3.27600017E-02
   8.24965572       3.34200002E-02
   8.26632214       3.40799987E-02
   8.28298855       3.47499996E-02
   8.29965496       3.54299992E-02
   8.31632137       3.61200012E-02
   8.33298779       3.68199982E-02
   8.34965420       3.75199988E-02
   8.36632061       3.82299982E-02
   8.38298702       3.89500000E-02
   8.39965343       3.96800004E-02
   8.41631985       4.04199995E-02
   8.43298626       4.11599986E-02
   8.44965267       4.19199988E-02
   8.46631908       4.26799990E-02
   8.48298550       4.34500016E-02
   8.49965191       4.42299992E-02
   8.51631832       4.50100005E-02
   8.53298473       4.58099991E-02
   8.54965115       4.66100015E-02
   8.56631756       4.74199988E-02
   8.58298397       4.82399985E-02
   8.59965038       4.90599982E-02
   8.61631680       4.98999991E-02
   8.63298321       5.07399999E-02
   8.64964962       5.15899993E-02
   8.66631603       5.24500012E-02
   8.68298244       5.33200018E-02
   8.69964886       5.41899987E-02
   8.71631527       5.50700016E-02
   8.73298168       5.59599996E-02
   8.74964809       5.68599999E-02
   8.76631451       5.77600002E-02
   8.78298092       5.86800016E-02
   8.79964733       5.95999993E-02
   8.81631374       6.05200008E-02
   8.83298016       6.14599995E-02
   8.84964657       6.23999983E-02
   8.86631298       6.33499995E-02
   8.88297939       6.43099993E-02
   8.89964581       6.52699992E-02
   8.91631222       6.62499964E-02
   8.93297863       6.72300011E-02
   8.94964504       6.82099983E-02
   8.96631145       6.92100003E-02
   8.98297787       7.02100024E-02
   8.99964428       7.12099969E-02
   9.01631069       7.22299963E-02
   9.03297710       7.32299984E-02
   9.04964352       7.42800012E-02
   9.06630993       7.53199980E-02
   9.08297634       7.63600022E-02
   9.09964275       7.73800015E-02
   9.11630917       7.84600005E-02
   9.13297558       7.95200020E-02
   9.14964199       8.05500001E-02
   9.16630840       8.16600025E-02
   9.18297482       8.27300027E-02
   9.19964123       8.38200003E-02
   9.21630764       8.49099979E-02
   9.23297405       8.60100016E-02
   9.24964046       8.71199965E-02
   9.26630688       8.82299989E-02
   9.28297329       8.93300027E-02
   9.29963970       9.04600024E-02
   9.31630611       9.15800035E-02
   9.33297253       9.27200019E-02
   9.34963894       9.38500017E-02
   9.36630535       9.49900001E-02
   9.38297176       9.61399972E-02
   9.39963818       9.72499996E-02
   9.41630459       9.84499976E-02
   9.43297100       9.96100008E-02
   9.44963741      0.100800000    
   9.46630383      0.101899996    
   9.48297024      0.103100002    
   9.49963665      0.104199998    
   9.51630306      0.105499998    
   9.53296947      0.106700003    
   9.54963589      0.107799999    
   9.56630230      0.109099999    
   9.58296871      0.110299997    
   9.59963512      0.111500002    
   9.61630154      0.112700000    
   9.63296795      0.113799997    
   9.64963436      0.115099996    
   9.66630077      0.116300002    
   9.68296719      0.117500000    
   9.69963360      0.118799999    
   9.71630001      0.119999997    
   9.73296642      0.121100001    
   9.74963284      0.122400001    
   9.76629925      0.123599999    
   9.78296566      0.124899998    
   9.79963207      0.126100004    
   9.81629848      0.127399996    
   9.83296490      0.128600001    
   9.84963131      0.129899994    
   9.86629772      0.131099999    
   9.88296413      0.132400006    
   9.89963055      0.133599997    
   9.91629696      0.134900004    
   9.93296337      0.136099994    
   9.94962978      0.137400001    
   9.96629620      0.138600007    
   9.98296261      0.139899999    
   9.99962902      0.141200006    
   10.0162954      0.142399997    
   10.0329618      0.143600002    
   10.0496283      0.144800007    
   10.0662947      0.146200001    
   10.0829611      0.147400007    
   10.0996275      0.148699999    
   10.1162939      0.150000006    
   10.1329603      0.151199996    
   10.1496267      0.152500004    
   10.1662931      0.153699994    
   10.1829596      0.155000001    
   10.1996260      0.156299993    
   10.2162924      0.157499999    
   10.2329588      0.158800006    
   10.2496252      0.159999996    
   10.2662916      0.161300004    
   10.2829580      0.162499994    
   10.2996244      0.163800001    
   10.3162909      0.165000007    
   10.3329573      0.166299999    
   10.3496237      0.167500004    
   10.3662901      0.168799996    
   10.3829565      0.170000002    
   10.3996229      0.171200007    
   10.4162893      0.172499999    
   10.4329557      0.173700005    
   10.4496222      0.174899995    
   10.4662886      0.176100001    
   10.4829550      0.177399993    
   10.4996214      0.178599998    
   10.5162878      0.179800004    
   10.5329542      0.180999994    
   10.5496206      0.182300001    
   10.5662870      0.183500007    
   10.5829535      0.184699997    
   10.5996199      0.185800001    
   10.6162863      0.187099993    
   10.6329527      0.188299999    
   10.6496191      0.189300001    
   10.6662855      0.190599993    
   10.6829519      0.191799998    
   10.6996183      0.193000004    
   10.7162848      0.194100007    
   10.7329512      0.195099995    
   10.7496176      0.196500003    
   10.7662840      0.197600007    
   10.7829504      0.198799998    
   10.7996168      0.199900001    
   10.8162832      0.200900003    
   10.8329496      0.202199996    
   10.8496161      0.203299999    
   10.8662825      0.204400003    
   10.8829489      0.205500007    
   10.8996153      0.206599995    
   10.9162817      0.207699999    
   10.9329481      0.208700001    
   10.9496145      0.209800005    
   10.9662809      0.210800007    
   10.9829473      0.212099999    
   10.9996138      0.213100001    
   11.0162802      0.214200005    
   11.0329466      0.215299994    
   11.0496130      0.216199994    
   11.0662794      0.217299998    
   11.0829458      0.218400002    
   11.0996122      0.219400004    
   11.1162786      0.220400006    
   11.1329451      0.221399993    
   11.1496115      0.222299993    
   11.1662779      0.223399997    
   11.1829443      0.224099994    
   11.1996107      0.225400001    
   11.2162771      0.226300001    
   11.2329435      0.227300003    
   11.2496099      0.228200004    
   11.2662764      0.229200006    
   11.2829428      0.230100006    
   11.2996092      0.231000006    
   11.3162756      0.231999993    
   11.3329420      0.232899994    
   11.3496084      0.233799994    
   11.3662748      0.234599993    
   11.3829412      0.235499993    
   11.3996077      0.236200005    
   11.4162741      0.237200007    
   11.4329405      0.238100007    
   11.4496069      0.238900006    
   11.4662733      0.239800006    
   11.4829397      0.240400001    
   11.4996061      0.241400003    
   11.5162725      0.242200002    
   11.5329390      0.242899999    
   11.5496054      0.243499994    
   11.5662718      0.244299993    
   11.5829382      0.245299995    
   11.5996046      0.246000007    
   11.6162710      0.246700004    
   11.6329374      0.247400001    
   11.6496038      0.248099998    
   11.6662703      0.248899996    
   11.6829367      0.249500006    
   11.6996031      0.250000000    
   11.7162695      0.250900000    
   11.7329359      0.251500010    
   11.7496023      0.252200007    
   11.7662687      0.252799988    
   11.7829351      0.253500015    
   11.7996016      0.254099995    
   11.8162680      0.254700005    
   11.8329344      0.255299985    
   11.8496008      0.255800009    
   11.8662672      0.256399989    
   11.8829336      0.256900012    
   11.8996000      0.257499993    
   11.9162664      0.257999986    
   11.9329329      0.258500010    
   11.9495993      0.259000003    
   11.9662657      0.259499997    
   11.9829321      0.259999990    
   11.9995985      0.260500014    
   12.0162649      0.260899991    
   12.0329313      0.261299998    
   12.0495977      0.261599988    
   12.0662642      0.262199998    
   12.0829306      0.262600005    
   12.0995970      0.263000011    
   12.1162634      0.263399988    
   12.1329298      0.263700008    
   12.1495962      0.264099985    
   12.1662626      0.264400005    
   12.1829290      0.264699996    
   12.1995955      0.265100002    
   12.2162619      0.265399992    
   12.2329283      0.265599996    
   12.2495947      0.265899986    
   12.2662611      0.266200006    
   12.2829275      0.266400009    
   12.2995939      0.266700000    
   12.3162603      0.266900003    
   12.3329268      0.267100006    
   12.3495932      0.267199993    
   12.3662596      0.267300010    
   12.3829260      0.267500013    
   12.3995924      0.267800003    
   12.4162588      0.267899990    
   12.4329252      0.268099993    
   12.4495916      0.268200010    
   12.4662580      0.268200010    
   12.4829245      0.268299997    
   12.4995909      0.268299997    
   12.5162573      0.268299997    
   12.5329237      0.268400013    
   12.5495901      0.268500000    
   12.5662565      0.268500000    
   12.5829229      0.268500000    
   12.5995893      0.268500000    
   12.6162558      0.268500000    
   12.6329222      0.268400013    
   12.6495886      0.268400013    
   12.6662550      0.268299997    
   12.6829214      0.268299997    
   12.6995878      0.268200010    
   12.7162542      0.268200010    
   12.7329206      0.268099993    
   12.7495871      0.268000007    
   12.7662535      0.267800003    
   12.7829199      0.267600000    
   12.7995863      0.267300010    
   12.8162527      0.267199993    
   12.8329191      0.267100006    
   12.8495855      0.266900003    
   12.8662519      0.266700000    
   12.8829184      0.266499996    
   12.8995848      0.266299993    
   12.9162512      0.266000003    
   12.9329176      0.265700012    
   12.9495840      0.265399992    
   12.9662504      0.265100002    
   12.9829168      0.264800012    
   12.9995832      0.264499992    
   13.0162497      0.264200002    
   13.0329161      0.263799995    
   13.0495825      0.263500005    
   13.0662489      0.263099998    
   13.0829153      0.262699991    
   13.0995817      0.262300014    
   13.1162481      0.261700004    
   13.1329145      0.261500001    
   13.1495810      0.261000007    
   13.1662474      0.260600001    
   13.1829138      0.260100007    
   13.1995802      0.259700000    
   13.2162466      0.259200007    
   13.2329130      0.258700013    
   13.2495794      0.258199990    
   13.2662458      0.257699996    
   13.2829123      0.257099986    
   13.2995787      0.256500006    
   13.3162451      0.256000012    
   13.3329115      0.255400002    
   13.3495779      0.254900008    
   13.3662443      0.254299998    
   13.3829107      0.253699988    
   13.3995771      0.252999991    
   13.4162436      0.252400011    
   13.4329100      0.251800001    
   13.4495764      0.251100004    
   13.4662428      0.250200003    
   13.4829092      0.249599993    
   13.4995756      0.249100000    
   13.5162420      0.248400003    
   13.5329084      0.247500002    
   13.5495749      0.246999994    
   13.5662413      0.246199995    
   13.5829077      0.245499998    
   13.5995741      0.244599998    
   13.6162405      0.244000003    
   13.6329069      0.243200004    
   13.6495733      0.242300004    
   13.6662397      0.241600007    
   13.6829062      0.240799993    
   13.6995726      0.239999995    
   13.7162390      0.239199996    
   13.7329054      0.238399997    
   13.7495718      0.237499997    
   13.7662382      0.236599997    
   13.7829046      0.235799998    
   13.7995710      0.234899998    
   13.8162374      0.233999997    
   13.8329039      0.233199999    
   13.8495703      0.232299998    
   13.8662367      0.231299996    
   13.8829031      0.230399996    
   13.8995695      0.229499996    
   13.9162359      0.228599995    
   13.9329023      0.227599993    
   13.9495687      0.226699993    
   13.9662352      0.225700006    
   13.9829016      0.224500000    
   13.9995680      0.223700002    
   14.0162344      0.222700000    
   14.0329008      0.221799999    
   14.0495672      0.220699996    
   14.0662336      0.219699994    
   14.0829000      0.218700007    
   14.0995665      0.217700005    
   14.1162329      0.216700003    
   14.1328993      0.215599999    
   14.1495657      0.214599997    
   14.1662321      0.213499993    
   14.1828985      0.212400004    
   14.1995649      0.211300001    
   14.2162313      0.210299999    
   14.2328978      0.209199995    
   14.2495642      0.208100006    
   14.2662306      0.207000002    
   14.2828970      0.205899999    
   14.2995634      0.204699993    
   14.3162298      0.203700006    
   14.3328962      0.202600002    
   14.3495626      0.201199993    
   14.3662291      0.200299993    
   14.3828955      0.199100003    
   14.3995619      0.197999999    
   14.4162283      0.196799994    
   14.4328947      0.195700005    
   14.4495611      0.194499999    
   14.4662275      0.193399996    
   14.4828939      0.192200005    
   14.4995604      0.191000000    
   14.5162268      0.189799994    
   14.5328932      0.188600004    
   14.5495596      0.187500000    
   14.5662260      0.186299995    
   14.5828924      0.185000002    
   14.5995588      0.183899999    
   14.6162252      0.182699993    
   14.6328917      0.181400001    
   14.6495581      0.180199996    
   14.6662245      0.179000005    
   14.6828909      0.177800000    
   14.6995573      0.176599994    
   14.7162237      0.175300002    
   14.7328901      0.174099997    
   14.7495565      0.172900006    
   14.7662230      0.171700001    
   14.7828894      0.170399994    
   14.7995558      0.169100001    
   14.8162222      0.167899996    
   14.8328886      0.166700006    
   14.8495550      0.165399998    
   14.8662214      0.164199993    
   14.8828878      0.162900001    
   14.8995543      0.161699995    
   14.9162207      0.160400003    
   14.9328871      0.159199998    
   14.9495535      0.157900006    
   14.9662199      0.156700000    
   14.9828863      0.155399993    
   14.9995527      0.154200003    
   15.0162191      0.152899995    
   15.0328856      0.151700005    
   15.0495520      0.150399998    
   15.0662184      0.149100006    
   15.0828848      0.147900000    
   15.0995512      0.146599993    
   15.1162176      0.145400003    
   15.1328840      0.144099995    
   15.1495504      0.142800003    
   15.1662169      0.141599998    
   15.1828833      0.140300006    
   15.1995497      0.139100000    
   15.2162161      0.137799993    
   15.2328825      0.136600003    
   15.2495489      0.135299996    
   15.2662153      0.134100005    
   15.2828817      0.132699996    
   15.2995481      0.131600007    
   15.3162146      0.130300000    
   15.3328810      0.129099995    
   15.3495474      0.127700001    
   15.3662138      0.126599997    
   15.3828802      0.125300005    
   15.3995466      0.124100000    
   15.4162130      0.122900002    
   15.4328794      0.121600002    
   15.4495459      0.120399997    
   15.4662123      0.119199999    
   15.4828787      0.117799997    
   15.4995451      0.116700001    
   15.5162115      0.115500003    
   15.5328779      0.114299998    
   15.5495443      0.113100000    
   15.5662107      0.111900002    
   15.5828772      0.110699996    
   15.5995436      0.109499998    
   15.6162100      0.108300000    
   15.6328764      0.107100002    
   15.6495428      0.105899997    
   15.6662092      0.104699999    
   15.6828756      0.103500001    
   15.6995420      0.102399997    
   15.7162085      0.101199999    
   15.7328749      0.100000001    
   15.7495413       9.88600031E-02
   15.7662077       9.76999998E-02
   15.7828741       9.65500027E-02
   15.7995405       9.54099968E-02
   15.8162069       9.42599997E-02
   15.8328733       9.31299999E-02
   15.8495398       9.19900015E-02
   15.8662062       9.08700004E-02
   15.8828726       8.97499993E-02
   15.8995390       8.86299983E-02
   15.9162054       8.75099972E-02
   15.9328718       8.64199996E-02
   15.9495382       8.53099972E-02
   15.9662046       8.42199996E-02
   15.9828711       8.31400007E-02
   15.9995375       8.20500031E-02
   16.0162029       8.09800029E-02
   16.0328693       7.98999965E-02
   16.0495358       7.88299963E-02
   16.0662022       7.77899995E-02
   16.0828686       7.67399967E-02
   16.0995350       7.56900012E-02
   16.1162014       7.46499971E-02
   16.1328678       7.36299977E-02
   16.1495342       7.25700036E-02
   16.1662006       7.15700015E-02
   16.1828671       7.05799982E-02
   16.1995335       6.95800036E-02
   16.2161999       6.85800016E-02
   16.2328663       6.75899982E-02
   16.2495327       6.66100010E-02
   16.2661991       6.56400025E-02
   16.2828655       6.46699965E-02
   16.2995319       6.37099966E-02
   16.3161983       6.27600029E-02
   16.3328648       6.18100017E-02
   16.3495312       6.08800016E-02
   16.3661976       5.99500015E-02
   16.3828640       5.90200014E-02
   16.3995304       5.81099987E-02
   16.4161968       5.71999997E-02
   16.4328632       5.62999994E-02
   16.4495296       5.54100014E-02
   16.4661961       5.45299985E-02
   16.4828625       5.36499992E-02
   16.4995289       5.27799986E-02
   16.5161953       5.19200005E-02
   16.5328617       5.10700010E-02
   16.5495281       5.02200015E-02
   16.5661945       4.93899994E-02
   16.5828609       4.85600010E-02
   16.5995274       4.77299988E-02
   16.6161938       4.69200015E-02
   16.6328602       4.61199991E-02
   16.6495266       4.53200005E-02
   16.6661930       4.45300005E-02
   16.6828594       4.37499993E-02
   16.6995258       4.29800004E-02
   16.7161922       4.22100015E-02
   16.7328587       4.14600000E-02
   16.7495251       4.07099985E-02
   16.7661915       3.99699993E-02
   16.7828579       3.92399989E-02
   16.7995243       3.85200009E-02
   16.8161907       3.77999991E-02
   16.8328571       3.70899998E-02
   16.8495235       3.64000015E-02
   16.8661900       3.57099995E-02
   16.8828564       3.50200012E-02
   16.8995228       3.43500003E-02
   16.9161892       3.36799994E-02
   16.9328556       3.30299996E-02
   16.9495220       3.23799998E-02
   16.9661884       3.17299999E-02
   16.9828548       3.10999993E-02
   16.9995213       3.04799993E-02
   17.0161877       2.98599992E-02
   17.0328541       2.92499997E-02
   17.0495205       2.86500007E-02
   17.0661869       2.80600004E-02
   17.0828533       2.74700001E-02
   17.0995197       2.69000009E-02
   17.1161861       2.63299998E-02
   17.1328526       2.57699993E-02
   17.1495190       2.52100006E-02
   17.1661854       2.46699993E-02
   17.1828518       2.41299998E-02
   17.1995182       2.36000009E-02
   17.2161846       2.30800007E-02
   17.2328510       2.25699991E-02
   17.2495174       2.20599994E-02
   17.2661839       2.15600003E-02
   17.2828503       2.10699998E-02
   17.2995167       2.05899999E-02
   17.3161831       2.01099999E-02
   17.3328495       1.96499992E-02
   17.3495159       1.91900004E-02
   17.3661823       1.87299997E-02
   17.3828487       1.82900000E-02
   17.3995152       1.78500004E-02
   17.4161816       1.74199995E-02
   17.4328480       1.69900004E-02
   17.4495144       1.65800005E-02
   17.4661808       1.61700007E-02
   17.4828472       1.57600008E-02
   17.4995136       1.53700002E-02
   17.5161800       1.49800004E-02
   17.5328465       1.46000003E-02
   17.5495129       1.42200002E-02
   17.5661793       1.38499998E-02
   17.5828457       1.34899998E-02
   17.5995121       1.31400004E-02
   17.6161785       1.27900001E-02
   17.6328449       1.24399997E-02
   17.6495113       1.21099995E-02
   17.6661777       1.17800003E-02
   17.6828442       1.14599997E-02
   17.6995106       1.11400001E-02
   17.7161770       1.08300000E-02
   17.7328434       1.05200000E-02
   17.7495098       1.02199996E-02
   17.7661762       9.93200019E-03
   17.7828426       9.64500010E-03
   17.7995090       9.36300028E-03
   17.8161755       9.08800028E-03
   17.8328419       8.81799962E-03
   17.8495083       8.55400041E-03
   17.8661747       8.29499960E-03
   17.8828411       8.04200023E-03
   17.8995075       7.79400021E-03
   17.9161739       7.55099999E-03
   17.9328403       7.31300004E-03
   17.9495068       7.08100013E-03
   17.9661732       6.85400004E-03
   17.9828396       6.63200021E-03
   17.9995060       6.41399994E-03
   18.0161724       6.20200019E-03
   18.0328388       5.99400001E-03
   18.0495052       5.79100009E-03
   18.0661716       5.59200021E-03
   18.0828381       5.39899990E-03
   18.0995045       5.20899985E-03
   18.1161709       5.02400007E-03
   18.1328373       4.84400010E-03
   18.1495037       4.66699991E-03
   18.1661701       4.49500000E-03
   18.1828365       4.32700012E-03
   18.1995029       4.16299980E-03
   18.2161694       4.00299998E-03
   18.2328358       3.84699996E-03
   18.2495022       3.69499996E-03
   18.2661686       3.54700000E-03
   18.2828350       3.40300007E-03
   18.2995014       3.26199993E-03
   18.3161678       3.12500005E-03
   18.3328342       2.99099996E-03
   18.3495007       2.86099990E-03
   18.3661671       2.73400010E-03
   18.3828335       2.61100009E-03
   18.3994999       2.49100011E-03
   18.4161663       2.37399992E-03
   18.4328327       2.26099999E-03
   18.4494991       2.15000007E-03
   18.4661655       2.04299996E-03
   18.4828320       1.93899998E-03
   18.4994984       1.83800003E-03
   18.5161648       1.73999998E-03
   18.5328312       1.64499995E-03
   18.5494976       1.55299995E-03
   18.5661640       1.46399997E-03
   18.5828304       1.37700001E-03
   18.5994968       1.29299995E-03
   18.6161633       1.21300004E-03
   18.6328297       1.13500003E-03
   18.6494961       1.05900003E-03
   18.6661625       9.86699946E-04
   18.6828289       9.16799996E-04
   18.6994953       8.49700009E-04
   18.7161617       7.85299984E-04
   18.7328281       7.23599980E-04
   18.7494946       6.64599997E-04
   18.7661610       6.08399976E-04
   18.7828274       5.54899976E-04
   18.7994938       5.04500000E-04
   18.8161602       4.56999987E-04
   18.8328266       4.12800000E-04
   18.8494930       3.65099986E-04
   18.8661594       3.19999992E-04
   18.8828259       2.82900000E-04
   18.8994923       2.52400001E-04
   18.9161587       2.19499998E-04
   18.9328251       1.91500003E-04
   18.9494915       1.63699995E-04
   18.9661579       1.41500001E-04
   18.9828243       1.21400000E-04
   18.9994907       1.01999998E-04
   19.0161572       8.55399994E-05
   19.0328236       6.97299984E-05
   19.0494900       5.72700010E-05
   19.0661564       4.72399988E-05
   19.0828228       3.77600009E-05
   19.0994892       3.07400005E-05
   19.1161556       2.41500002E-05
   19.1328220       1.88800004E-05
   19.1494884       1.46399998E-05
   19.1661549       1.12300004E-05
   19.1828213       8.51000004E-06
   19.1994877       6.37999983E-06
   19.2161541       4.61799982E-06
   19.2328205       3.29999989E-06
   19.2494869       2.26099996E-06
   19.2661533       1.50400001E-06
   19.2828197       9.21499975E-07
   19.2994862       5.37099993E-07
   19.3161526       2.98900005E-07
   19.3328190       1.58999995E-07
   19.3494854       7.70499966E-08
   19.3661518       2.84299997E-08
   19.3828182       6.26899999E-09
   19.3994846       5.30400002E-10
   19.4161510       1.93000000E-12
   19.4328175       4.55199995E-15
   19.4494839       3.15800001E-18
   19.4661503       4.93899981E-22
   19.4828167       2.12499991E-31
   19.4994831       0.00000000    
   19.5161495       0.00000000    
   19.5328159       0.00000000    
   19.5494823       0.00000000    
   19.5661488       0.00000000    
   19.5828152       0.00000000    
   19.5994816       0.00000000    
   19.6161480       0.00000000    
   19.6328144       0.00000000    
   19.6494808       0.00000000    
   19.6661472       0.00000000    
   19.6828136       0.00000000    
   19.6994801       0.00000000    
   19.7161465       0.00000000    
   19.7328129       0.00000000    
   19.7494793       0.00000000    
   19.7661457       0.00000000    
   19.7828121       0.00000000    
   19.7994785       0.00000000    
   19.8161449       0.00000000    
   19.8328114       0.00000000    
   19.8494778       0.00000000    
   19.8661442       0.00000000    
   19.8828106       0.00000000    
   19.8994770       0.00000000    
   19.9161434       0.00000000    
   19.9328098       0.00000000    
   19.9494762       0.00000000    
   19.9661427       0.00000000    
   19.9828091       0.00000000    
   19.9994755       0.00000000    
   20.0161419       0.00000000    
   20.0328083       0.00000000    
   20.0494747       0.00000000    
   20.0661411       0.00000000    
   20.0828075       0.00000000    
   20.0994740       0.00000000    
   20.1161404       0.00000000    
   20.1328068       0.00000000    
   20.1494732       0.00000000    
   20.1661396       0.00000000    
   20.1828060       0.00000000    
   20.1994724       0.00000000    
   20.2161388       0.00000000    
   20.2328053       0.00000000    
   20.2494717       0.00000000    
   20.2661381       0.00000000    
   20.2828045       0.00000000    
   20.2994709       0.00000000    
   20.3161373       0.00000000    
   20.3328037       0.00000000    
   20.3494701       0.00000000    
   20.3661366       0.00000000    
   20.3828030       0.00000000    
   20.3994694       0.00000000    
   20.4161358       0.00000000    
   20.4328022       0.00000000    
   20.4494686       0.00000000    
   20.4661350       0.00000000    
   20.4828014       0.00000000    
   20.4994678       0.00000000    
   20.5161343       0.00000000    
   20.5328007       0.00000000    
   20.5494671       0.00000000    
   20.5661335       0.00000000    
   20.5827999       0.00000000    
   20.5994663       0.00000000    
   20.6161327       0.00000000    
   20.6327991       0.00000000    
   20.6494656       0.00000000    
   20.6661320       0.00000000    
   20.6827984       0.00000000    
   20.6994648       0.00000000    
   20.7161312       0.00000000    
   20.7327976       0.00000000    
   20.7494640       0.00000000    
   20.7661304       0.00000000    
   20.7827969       0.00000000    
   20.7994633       0.00000000    
   20.8161297       0.00000000    
   20.8327961       0.00000000    
   20.8494625       0.00000000    
   20.8661289       0.00000000    
   20.8827953       0.00000000    
   20.8994617       0.00000000    
   20.9161282       0.00000000    
   20.9327946       0.00000000    
   20.9494610       0.00000000    
   20.9661274       0.00000000    
   20.9827938       0.00000000    
   20.9994602       0.00000000    
   21.0161266       0.00000000    
   21.0327930       0.00000000    
   21.0494595       0.00000000    
   21.0661259       0.00000000    
   21.0827923       0.00000000    
   21.0994587       0.00000000    
   21.1161251       0.00000000    
   21.1327915       0.00000000    
   21.1494579       0.00000000    
   21.1661243       0.00000000    
   21.1827908       0.00000000    
   21.1994572       0.00000000    
   21.2161236       0.00000000    
   21.2327900       0.00000000    
   21.2494564       0.00000000    
   21.2661228       0.00000000    
   21.2827892       0.00000000    
   21.2994556       0.00000000    
   21.3161221       0.00000000    
   21.3327885       0.00000000    
   21.3494549       0.00000000    
   21.3661213       0.00000000    
   21.3827877       0.00000000    
   21.3994541       0.00000000    
   21.4161205       0.00000000    
   21.4327869       0.00000000    
   21.4494534       0.00000000    
   21.4661198       0.00000000    
   21.4827862       0.00000000    
   21.4994526       0.00000000    
   21.5161190       0.00000000    
   21.5327854       0.00000000    
   21.5494518       0.00000000    
   21.5661182       0.00000000    
   21.5827847       0.00000000    
   21.5994511       0.00000000    
   21.6161175       0.00000000    
   21.6327839       0.00000000    
   21.6494503       0.00000000    
   21.6661167       0.00000000    
   21.6827831       0.00000000    
   21.6994495       0.00000000    
   21.7161160       0.00000000    
   21.7327824       0.00000000    
   21.7494488       0.00000000    
   21.7661152       0.00000000    
   21.7827816       0.00000000    
   21.7994480       0.00000000    
   21.8161144       0.00000000    
   21.8327808       0.00000000    
   21.8494473       0.00000000    
   21.8661137       0.00000000    
   21.8827801       0.00000000    
   21.8994465       0.00000000    
   21.9161129       0.00000000    
   21.9327793       0.00000000    
   21.9494457       0.00000000    
   21.9661121       0.00000000    
   21.9827785       0.00000000    
   21.9994450       0.00000000    
   22.0161114       0.00000000    
   22.0327778       0.00000000    
   22.0494442       0.00000000    
   22.0661106       0.00000000    
   22.0827770       0.00000000    
   22.0994434       0.00000000    
   22.1161098       0.00000000    
   22.1327763       0.00000000    
   22.1494427       0.00000000    
   22.1661091       0.00000000    
   22.1827755       0.00000000    
   22.1994419       0.00000000    
   22.2161083       0.00000000    
   22.2327747       0.00000000    
   22.2494411       0.00000000    
   22.2661076       0.00000000    
   22.2827740       0.00000000    
   22.2994404       0.00000000    
   22.3161068       0.00000000    
   22.3327732       0.00000000    
   22.3494396       0.00000000    
   22.3661060       0.00000000    
   22.3827724       0.00000000    
   22.3994389       0.00000000    
   22.4161053       0.00000000    
   22.4327717       0.00000000    
   22.4494381       0.00000000    
   22.4661045       0.00000000    
   22.4827709       0.00000000    
   22.4994373       0.00000000    
   22.5161037       0.00000000    
   22.5327702       0.00000000    
   22.5494366       0.00000000    
   22.5661030       0.00000000    
   22.5827694       0.00000000    
   22.5994358       0.00000000    
   22.6161022       0.00000000    
   22.6327686       0.00000000    
   22.6494350       0.00000000    
   22.6661015       0.00000000    
   22.6827679       0.00000000    
   22.6994343       0.00000000    
   22.7161007       0.00000000    
   22.7327671       0.00000000    
   22.7494335       0.00000000    
   22.7660999       0.00000000    
   22.7827663       0.00000000    
   22.7994328       0.00000000    
   22.8160992       0.00000000    
   22.8327656       0.00000000    
   22.8494320       0.00000000    
   22.8660984       0.00000000    
   22.8827648       0.00000000    
   22.8994312       0.00000000    
   22.9160976       0.00000000    
   22.9327641       0.00000000    
   22.9494305       0.00000000    
   22.9660969       0.00000000    
   22.9827633       0.00000000    
   22.9994297       0.00000000    
   23.0160961       0.00000000    
   23.0327625       0.00000000    
   23.0494289       0.00000000    
   23.0660954       0.00000000    
   23.0827618       0.00000000    
   23.0994282       0.00000000    
   23.1160946       0.00000000    
   23.1327610       0.00000000    
   23.1494274       0.00000000    
   23.1660938       0.00000000    
   23.1827602       0.00000000    
   23.1994267       0.00000000    
   23.2160931       0.00000000    
   23.2327595       0.00000000    
   23.2494259       0.00000000    
   23.2660923       0.00000000    
   23.2827587       0.00000000    
   23.2994251       0.00000000    
   23.3160915       0.00000000    
   23.3327579       0.00000000    
   23.3494244       0.00000000    
   23.3660908       0.00000000    
   23.3827572       0.00000000    
   23.3994236       0.00000000    
   23.4160900       0.00000000    
   23.4327564       0.00000000    
   23.4494228       0.00000000    
   23.4660892       0.00000000    
   23.4827557       0.00000000    
   23.4994221       0.00000000    
   23.5160885       0.00000000    
   23.5327549       0.00000000    
   23.5494213       0.00000000    
   23.5660877       0.00000000    
   23.5827541       0.00000000    
   23.5994205       0.00000000    
   23.6160870       0.00000000    
   23.6327534       0.00000000    
   23.6494198       0.00000000    
   23.6660862       0.00000000    
   23.6827526       0.00000000    
   23.6994190       0.00000000    
   23.7160854       0.00000000    
   23.7327518       0.00000000    
   23.7494183       0.00000000    
   23.7660847       0.00000000    
   23.7827511       0.00000000    
   23.7994175       0.00000000    
   23.8160839       0.00000000    
   23.8327503       0.00000000    
   23.8494167       0.00000000    
   23.8660831       0.00000000    
   23.8827496       0.00000000    
   23.8994160       0.00000000    
   23.9160824       0.00000000    
   23.9327488       0.00000000    
   23.9494152       0.00000000    
   23.9660816       0.00000000    
   23.9827480       0.00000000    
