   0.00000000       0.00000000    
   1.66660007E-02   0.00000000    
   3.33320014E-02   0.00000000    
   4.99980003E-02   0.00000000    
   6.66640028E-02   0.00000000    
   8.33300054E-02   0.00000000    
   9.99960080E-02   0.00000000    
  0.116662011       0.00000000    
  0.133328006       0.00000000    
  0.149994001       0.00000000    
  0.166659996       0.00000000    
  0.183325991       0.00000000    
  0.199991986       0.00000000    
  0.216657981       0.00000000    
  0.233323976       0.00000000    
  0.249989972       0.00000000    
  0.266655982       0.00000000    
  0.283321977       0.00000000    
  0.299987972       0.00000000    
  0.316653967       0.00000000    
  0.333319962       0.00000000    
  0.349985957       0.00000000    
  0.366651952       0.00000000    
  0.383317947       0.00000000    
  0.399983943       0.00000000    
  0.416649938       0.00000000    
  0.433315933       0.00000000    
  0.449981928       0.00000000    
  0.466647923       0.00000000    
  0.483313918       0.00000000    
  0.499979913       0.00000000    
  0.516645908       0.00000000    
  0.533311903       0.00000000    
  0.549977899       0.00000000    
  0.566643894       0.00000000    
  0.583309889       0.00000000    
  0.599975884       0.00000000    
  0.616641879       0.00000000    
  0.633307874       0.00000000    
  0.649973869       0.00000000    
  0.666639864       0.00000000    
  0.683305860       0.00000000    
  0.699971855       0.00000000    
  0.716637850       0.00000000    
  0.733303845       0.00000000    
  0.749969840       0.00000000    
  0.766635835       0.00000000    
  0.783301830       0.00000000    
  0.799967825       0.00000000    
  0.816633821       0.00000000    
  0.833299816       0.00000000    
  0.849965811       0.00000000    
  0.866631806       0.00000000    
  0.883297801       0.00000000    
  0.899963796       0.00000000    
  0.916629791       0.00000000    
  0.933295786       0.00000000    
  0.949961782       0.00000000    
  0.966627777       0.00000000    
  0.983293772       0.00000000    
  0.999959767       0.00000000    
   1.01662576       0.00000000    
   1.03329182       0.00000000    
   1.04995787       0.00000000    
   1.06662393       0.00000000    
   1.08328998       0.00000000    
   1.09995604       0.00000000    
   1.11662209       0.00000000    
   1.13328815       0.00000000    
   1.14995420       0.00000000    
   1.16662025       0.00000000    
   1.18328631       0.00000000    
   1.19995236       0.00000000    
   1.21661842       0.00000000    
   1.23328447       0.00000000    
   1.24995053       0.00000000    
   1.26661658       0.00000000    
   1.28328264       0.00000000    
   1.29994869       0.00000000    
   1.31661475       0.00000000    
   1.33328080       0.00000000    
   1.34994686       0.00000000    
   1.36661291       0.00000000    
   1.38327897       0.00000000    
   1.39994502       0.00000000    
   1.41661108       0.00000000    
   1.43327713       0.00000000    
   1.44994318       0.00000000    
   1.46660924       0.00000000    
   1.48327529       0.00000000    
   1.49994135       0.00000000    
   1.51660740       0.00000000    
   1.53327346       0.00000000    
   1.54993951       0.00000000    
   1.56660557       0.00000000    
   1.58327162       0.00000000    
   1.59993768       0.00000000    
   1.61660373       0.00000000    
   1.63326979       0.00000000    
   1.64993584       0.00000000    
   1.66660190       0.00000000    
   1.68326795       0.00000000    
   1.69993401       0.00000000    
   1.71660006       0.00000000    
   1.73326612       0.00000000    
   1.74993217       0.00000000    
   1.76659822       0.00000000    
   1.78326428       0.00000000    
   1.79993033       0.00000000    
   1.81659639       0.00000000    
   1.83326244       0.00000000    
   1.84992850       0.00000000    
   1.86659455       0.00000000    
   1.88326061       0.00000000    
   1.89992666       0.00000000    
   1.91659272       0.00000000    
   1.93325877       0.00000000    
   1.94992483       0.00000000    
   1.96659088       0.00000000    
   1.98325694       0.00000000    
   1.99992299       0.00000000    
   2.01658893       0.00000000    
   2.03325486       0.00000000    
   2.04992080       0.00000000    
   2.06658673       0.00000000    
   2.08325267       0.00000000    
   2.09991860       0.00000000    
   2.11658454       0.00000000    
   2.13325047       0.00000000    
   2.14991641       0.00000000    
   2.16658235       0.00000000    
   2.18324828       0.00000000    
   2.19991422       0.00000000    
   2.21658015       0.00000000    
   2.23324609       0.00000000    
   2.24991202       0.00000000    
   2.26657796       0.00000000    
   2.28324389       0.00000000    
   2.29990983       0.00000000    
   2.31657577       0.00000000    
   2.33324170       0.00000000    
   2.34990764       0.00000000    
   2.36657357       0.00000000    
   2.38323951       0.00000000    
   2.39990544       0.00000000    
   2.41657138       0.00000000    
   2.43323731       0.00000000    
   2.44990325       0.00000000    
   2.46656919       0.00000000    
   2.48323512       0.00000000    
   2.49990106       0.00000000    
   2.51656699       0.00000000    
   2.53323293       0.00000000    
   2.54989886       0.00000000    
   2.56656480       0.00000000    
   2.58323073       0.00000000    
   2.59989667       0.00000000    
   2.61656260       0.00000000    
   2.63322854       0.00000000    
   2.64989448       0.00000000    
   2.66656041       0.00000000    
   2.68322635       0.00000000    
   2.69989228       0.00000000    
   2.71655822       0.00000000    
   2.73322415       0.00000000    
   2.74989009       0.00000000    
   2.76655602       0.00000000    
   2.78322196       0.00000000    
   2.79988790       0.00000000    
   2.81655383       0.00000000    
   2.83321977       0.00000000    
   2.84988570       0.00000000    
   2.86655164       0.00000000    
   2.88321757       0.00000000    
   2.89988351       0.00000000    
   2.91654944       0.00000000    
   2.93321538       0.00000000    
   2.94988132       0.00000000    
   2.96654725       0.00000000    
   2.98321319       0.00000000    
   2.99987912       0.00000000    
   3.01654506       0.00000000    
   3.03321099       0.00000000    
   3.04987693       0.00000000    
   3.06654286       0.00000000    
   3.08320880       0.00000000    
   3.09987473       0.00000000    
   3.11654067       0.00000000    
   3.13320661       0.00000000    
   3.14987254       0.00000000    
   3.16653848       0.00000000    
   3.18320441       0.00000000    
   3.19987035       0.00000000    
   3.21653628       0.00000000    
   3.23320222       0.00000000    
   3.24986815       0.00000000    
   3.26653409       0.00000000    
   3.28320003       0.00000000    
   3.29986596       0.00000000    
   3.31653190       0.00000000    
   3.33319783       0.00000000    
   3.34986377       0.00000000    
   3.36652970       0.00000000    
   3.38319564       0.00000000    
   3.39986157       0.00000000    
   3.41652751       0.00000000    
   3.43319345       0.00000000    
   3.44985938       0.00000000    
   3.46652532       0.00000000    
   3.48319125       0.00000000    
   3.49985719       0.00000000    
   3.51652312       0.00000000    
   3.53318906       0.00000000    
   3.54985499       0.00000000    
   3.56652093       0.00000000    
   3.58318686       0.00000000    
   3.59985280       0.00000000    
   3.61651874       0.00000000    
   3.63318467       0.00000000    
   3.64985061       0.00000000    
   3.66651654       0.00000000    
   3.68318248       0.00000000    
   3.69984841       0.00000000    
   3.71651435       0.00000000    
   3.73318028       0.00000000    
   3.74984622       0.00000000    
   3.76651216       0.00000000    
   3.78317809       0.00000000    
   3.79984403       0.00000000    
   3.81650996       0.00000000    
   3.83317590       0.00000000    
   3.84984183       0.00000000    
   3.86650777       0.00000000    
   3.88317370       0.00000000    
   3.89983964       0.00000000    
   3.91650558       0.00000000    
   3.93317151       0.00000000    
   3.94983745       0.00000000    
   3.96650338       0.00000000    
   3.98316932       0.00000000    
   3.99983525       0.00000000    
   4.01650143       0.00000000    
   4.03316736       0.00000000    
   4.04983330       0.00000000    
   4.06649923       0.00000000    
   4.08316517       0.00000000    
   4.09983110       0.00000000    
   4.11649704       0.00000000    
   4.13316298       0.00000000    
   4.14982891       0.00000000    
   4.16649485       0.00000000    
   4.18316078       0.00000000    
   4.19982672       0.00000000    
   4.21649265       0.00000000    
   4.23315859       0.00000000    
   4.24982452       0.00000000    
   4.26649046       0.00000000    
   4.28315639       0.00000000    
   4.29982233       0.00000000    
   4.31648827       0.00000000    
   4.33315420       0.00000000    
   4.34982014       0.00000000    
   4.36648607       0.00000000    
   4.38315201       0.00000000    
   4.39981794       0.00000000    
   4.41648388       0.00000000    
   4.43314981       0.00000000    
   4.44981575       0.00000000    
   4.46648169       0.00000000    
   4.48314762       0.00000000    
   4.49981356       0.00000000    
   4.51647949       0.00000000    
   4.53314543       0.00000000    
   4.54981136       0.00000000    
   4.56647730       0.00000000    
   4.58314323       0.00000000    
   4.59980917       0.00000000    
   4.61647511       0.00000000    
   4.63314104       0.00000000    
   4.64980698       0.00000000    
   4.66647291       0.00000000    
   4.68313885       0.00000000    
   4.69980478       0.00000000    
   4.71647072       0.00000000    
   4.73313665       0.00000000    
   4.74980259       0.00000000    
   4.76646852       0.00000000    
   4.78313446       0.00000000    
   4.79980040       0.00000000    
   4.81646633       0.00000000    
   4.83313227       0.00000000    
   4.84979820       0.00000000    
   4.86646414       0.00000000    
   4.88313007       0.00000000    
   4.89979601       0.00000000    
   4.91646194       0.00000000    
   4.93312788       0.00000000    
   4.94979382       0.00000000    
   4.96645975       0.00000000    
   4.98312569       0.00000000    
   4.99979162       0.00000000    
   5.01645756       0.00000000    
   5.03312349       0.00000000    
   5.04978943       0.00000000    
   5.06645536       0.00000000    
   5.08312130       0.00000000    
   5.09978724       0.00000000    
   5.11645317       0.00000000    
   5.13311911       0.00000000    
   5.14978504       0.00000000    
   5.16645098       0.00000000    
   5.18311691       0.00000000    
   5.19978285       0.00000000    
   5.21644878       0.00000000    
   5.23311472       0.00000000    
   5.24978065       0.00000000    
   5.26644659       0.00000000    
   5.28311253       0.00000000    
   5.29977846       0.00000000    
   5.31644440       0.00000000    
   5.33311033       0.00000000    
   5.34977627       0.00000000    
   5.36644220       0.00000000    
   5.38310814       1.54200005E-16
   5.39977407       5.76699983E-13
   5.41644001       2.20499993E-10
   5.43310595       2.13400000E-08
   5.44977188       7.61299987E-07
   5.46643782       1.12799999E-05
   5.48310375       4.80199997E-05
   5.49976969       1.17700001E-04
   5.51643562       2.24799995E-04
   5.53310156       3.77199991E-04
   5.54976749       5.92400029E-04
   5.56643343       8.95700010E-04
   5.58309937       1.30200002E-03
   5.59976530       1.84399995E-03
   5.61643124       2.60300003E-03
   5.63309717       3.52100004E-03
   5.64976311       4.77600005E-03
   5.66642904       6.35799998E-03
   5.68309498       8.31499975E-03
   5.69976091       1.08099999E-02
   5.71642685       1.39699997E-02
   5.73309278       1.79699995E-02
   5.74975872       2.30899993E-02
   5.76642466       2.88900007E-02
   5.78309059       3.64799984E-02
   5.79975653       4.57499996E-02
   5.81642246       5.68500012E-02
   5.83308840       6.96299970E-02
   5.84975433       8.55100006E-02
   5.86642027      0.105999999    
   5.88308620      0.127499998    
   5.89975214      0.150299996    
   5.91641808      0.175799996    
   5.93308401      0.206499994    
   5.94974995      0.244100004    
   5.96641588      0.276199996    
   5.98308182      0.323100001    
   5.99974775      0.360300004    
   6.01641369      0.405099988    
   6.03307962      0.459199995    
   6.04974556      0.524299979    
   6.06641150      0.581700027    
   6.08307743      0.640900016    
   6.09974337      0.703599989    
   6.11640930      0.769599974    
   6.13307524      0.838500023    
   6.14974117      0.910300016    
   6.16640711      0.984700024    
   6.18307304       1.06200004    
   6.19973898       1.14100003    
   6.21640491       1.22200000    
   6.23307085       1.30599999    
   6.24973679       1.39199996    
   6.26640272       1.48000002    
   6.28306866       1.57000005    
   6.29973459       1.66199994    
   6.31640053       1.75600004    
   6.33306646       1.85200000    
   6.34973240       1.95000005    
   6.36639833       2.04900002    
   6.38306427       2.15100002    
   6.39973021       2.25399995    
   6.41639614       2.35899997    
   6.43306208       2.46499991    
   6.44972801       2.57399988    
   6.46639395       2.68400002    
   6.48305988       2.79600000    
   6.49972582       2.91000009    
   6.51639175       3.02500010    
   6.53305769       3.14199996    
   6.54972363       3.26099992    
   6.56638956       3.38199997    
   6.58305550       3.50500011    
   6.59972143       3.62899995    
   6.61638737       3.75500011    
   6.63305330       3.88299990    
   6.64971924       4.01300001    
   6.66638517       4.14499998    
   6.68305111       4.27799988    
   6.69971704       4.41400003    
   6.71638298       4.55100012    
   6.73304892       4.69000006    
   6.74971485       4.82999992    
   6.76638079       4.97300005    
   6.78304672       5.11700010    
   6.79971266       5.26399994    
   6.81637859       5.41200018    
   6.83304453       5.56199980    
   6.84971046       5.71299982    
   6.86637640       5.86700010    
   6.88304234       6.02199984    
   6.89970827       6.17899990    
   6.91637421       6.33799982    
   6.93304014       6.49800014    
   6.94970608       6.66099977    
   6.96637201       6.82499981    
   6.98303795       6.98999977    
   6.99970388       7.15799999    
   7.01636982       7.32700014    
   7.03303576       7.49800014    
   7.04970169       7.67000008    
   7.06636763       7.84399986    
   7.08303356       8.02000046    
   7.09969950       8.19699955    
   7.11636543       8.37500000    
   7.13303137       8.55599976    
   7.14969730       8.73700047    
   7.16636324       8.92099953    
   7.18302917       9.10599995    
   7.19969511       9.29199982    
   7.21636105       9.47900009    
   7.23302698       9.66899967    
   7.24969292       9.85900021    
   7.26635885       10.0500002    
   7.28302479       10.2399998    
   7.29969072       10.4399996    
   7.31635666       10.6300001    
   7.33302259       10.8299999    
   7.34968853       11.0299997    
   7.36635447       11.2299995    
   7.38302040       11.4300003    
   7.39968634       11.6300001    
   7.41635227       11.8400002    
   7.43301821       12.0400000    
   7.44968414       12.2399998    
   7.46635008       12.4499998    
   7.48301601       12.6599998    
   7.49968195       12.8699999    
   7.51634789       13.0799999    
   7.53301382       13.2900000    
   7.54967976       13.5000000    
   7.56634569       13.7100000    
   7.58301163       13.9300003    
   7.59967756       14.1400003    
   7.61634350       14.3599997    
   7.63300943       14.5699997    
   7.64967537       14.7900000    
   7.66634130       15.0100002    
   7.68300724       15.2299995    
   7.69967318       15.4399996    
   7.71633911       15.6700001    
   7.73300505       15.8900003    
   7.74967098       16.1100006    
   7.76633692       16.3299999    
   7.78300285       16.5499992    
   7.79966879       16.7800007    
   7.81633472       17.0000000    
   7.83300066       17.2299995    
   7.84966660       17.4500008    
   7.86633253       17.6800003    
   7.88299847       17.9099998    
   7.89966440       18.1299992    
   7.91633034       18.3600006    
   7.93299627       18.5900002    
   7.94966221       18.8199997    
   7.96632814       19.0499992    
   7.98299408       19.2800007    
   7.99966002       19.5100002    
   8.01632595       19.7399998    
   8.03299236       19.9699993    
   8.04965878       20.2000008    
   8.06632519       20.4300003    
   8.08299160       20.6599998    
   8.09965801       20.8999996    
   8.11632442       21.1299992    
   8.13299084       21.3600006    
   8.14965725       21.5900002    
   8.16632366       21.8299999    
   8.18299007       22.0599995    
   8.19965649       22.2999992    
   8.21632290       22.5300007    
   8.23298931       22.7600002    
   8.24965572       23.0000000    
   8.26632214       23.2299995    
   8.28298855       23.4699993    
   8.29965496       23.7000008    
   8.31632137       23.9400005    
   8.33298779       24.1700001    
   8.34965420       24.4099998    
   8.36632061       24.6399994    
   8.38298702       24.8799992    
   8.39965343       25.1200008    
   8.41631985       25.3500004    
   8.43298626       25.5900002    
   8.44965267       25.8199997    
   8.46631908       26.0599995    
   8.48298550       26.2900009    
   8.49965191       26.5300007    
   8.51631832       26.7600002    
   8.53298473       27.0000000    
   8.54965115       27.2299995    
   8.56631756       27.4699993    
   8.58298397       27.7000008    
   8.59965038       27.9400005    
   8.61631680       28.1700001    
   8.63298321       28.4099998    
   8.64964962       28.6399994    
   8.66631603       28.8799992    
   8.68298244       29.1100006    
   8.69964886       29.3400002    
   8.71631527       29.5799999    
   8.73298168       29.8099995    
   8.74964809       30.0400009    
   8.76631451       30.2800007    
   8.78298092       30.5100002    
   8.79964733       30.7399998    
   8.81631374       30.9699993    
   8.83298016       31.2000008    
   8.84964657       31.4400005    
   8.86631298       31.6700001    
   8.88297939       31.8999996    
   8.89964581       32.1300011    
   8.91631222       32.3600006    
   8.93297863       32.5900002    
   8.94964504       32.8199997    
   8.96631145       33.0499992    
   8.98297787       33.2700005    
   8.99964428       33.5000000    
   9.01631069       33.7299995    
   9.03297710       33.9599991    
   9.04964352       34.1800003    
   9.06630993       34.4099998    
   9.08297634       34.6399994    
   9.09964275       34.8600006    
   9.11630917       35.0900002    
   9.13297558       35.3100014    
   9.14964199       35.5299988    
   9.16630840       35.7599983    
   9.18297482       35.9799995    
   9.19964123       36.2000008    
   9.21630764       36.4199982    
   9.23297405       36.6399994    
   9.24964046       36.8699989    
   9.26630688       37.0900002    
   9.28297329       37.3100014    
   9.29963970       37.5200005    
   9.31630611       37.7400017    
   9.33297253       37.9599991    
   9.34963894       38.1800003    
   9.36630535       38.3899994    
   9.38297176       38.6100006    
   9.39963818       38.8199997    
   9.41630459       39.0400009    
   9.43297100       39.2500000    
   9.44963741       39.4700012    
   9.46630383       39.6800003    
   9.48297024       39.8899994    
   9.49963665       40.0999985    
   9.51630306       40.3100014    
   9.53296947       40.5200005    
   9.54963589       40.7299995    
   9.56630230       40.9399986    
   9.58296871       41.1500015    
   9.59963512       41.3499985    
   9.61630154       41.5600014    
   9.63296795       41.7700005    
   9.64963436       41.9700012    
   9.66630077       42.1699982    
   9.68296719       42.3800011    
   9.69963360       42.5800018    
   9.71630001       42.7799988    
   9.73296642       42.9799995    
   9.74963284       43.1800003    
   9.76629925       43.3800011    
   9.78296566       43.5800018    
   9.79963207       43.7799988    
   9.81629848       43.9700012    
   9.83296490       44.1699982    
   9.84963131       44.3600006    
   9.86629772       44.5600014    
   9.88296413       44.7500000    
   9.89963055       44.9399986    
   9.91629696       45.1300011    
   9.93296337       45.3199997    
   9.94962978       45.5099983    
   9.96629620       45.7000008    
   9.98296261       45.8899994    
   9.99962902       46.0800018    
   10.0162954       46.2599983    
   10.0329618       46.4500008    
   10.0496283       46.6300011    
   10.0662947       46.8199997    
   10.0829611       47.0000000    
   10.0996275       47.1800003    
   10.1162939       47.3600006    
   10.1329603       47.5400009    
   10.1496267       47.7200012    
   10.1662931       47.8899994    
   10.1829596       48.0699997    
   10.1996260       48.2500000    
   10.2162924       48.4199982    
   10.2329588       48.5900002    
   10.2496252       48.7700005    
   10.2662916       48.9399986    
   10.2829580       49.1100006    
   10.2996244       49.2799988    
   10.3162909       49.4500008    
   10.3329573       49.6100006    
   10.3496237       49.7799988    
   10.3662901       49.9500008    
   10.3829565       50.1100006    
   10.3996229       50.2700005    
   10.4162893       50.4300003    
   10.4329557       50.5999985    
   10.4496222       50.7599983    
   10.4662886       50.9099998    
   10.4829550       51.0699997    
   10.4996214       51.2299995    
   10.5162878       51.3899994    
   10.5329542       51.5400009    
   10.5496206       51.6899986    
   10.5662870       51.8499985    
   10.5829535       52.0000000    
   10.5996199       52.1500015    
   10.6162863       52.2999992    
   10.6329527       52.4500008    
   10.6496191       52.5900002    
   10.6662855       52.7400017    
   10.6829519       52.8800011    
   10.6996183       53.0200005    
   10.7162848       53.1699982    
   10.7329512       53.3100014    
   10.7496176       53.4500008    
   10.7662840       53.5900002    
   10.7829504       53.7299995    
   10.7996168       53.8600006    
   10.8162832       54.0000000    
   10.8329496       54.1300011    
   10.8496161       54.2700005    
   10.8662825       54.4000015    
   10.8829489       54.5299988    
   10.8996153       54.6599998    
   10.9162817       54.7900009    
   10.9329481       54.9099998    
   10.9496145       55.0400009    
   10.9662809       55.1599998    
   10.9829473       55.2900009    
   10.9996138       55.4099998    
   11.0162802       55.5299988    
   11.0329466       55.6500015    
   11.0496130       55.7700005    
   11.0662794       55.8899994    
   11.0829458       56.0000000    
   11.0996122       56.1199989    
   11.1162786       56.2299995    
   11.1329451       56.3400002    
   11.1496115       56.4599991    
   11.1662779       56.5699997    
   11.1829443       56.6800003    
   11.1996107       56.7799988    
   11.2162771       56.8899994    
   11.2329435       56.9900017    
   11.2496099       57.0999985    
   11.2662764       57.2000008    
   11.2829428       57.2999992    
   11.2996092       57.4000015    
   11.3162756       57.5000000    
   11.3329420       57.5999985    
   11.3496084       57.6899986    
   11.3662748       57.7900009    
   11.3829412       57.8800011    
   11.3996077       57.9700012    
   11.4162741       58.0699997    
   11.4329405       58.1500015    
   11.4496069       58.2400017    
   11.4662733       58.3300018    
   11.4829397       58.4199982    
   11.4996061       58.5000000    
   11.5162725       58.5800018    
   11.5329390       58.6699982    
   11.5496054       58.7500000    
   11.5662718       58.8300018    
   11.5829382       58.9000015    
   11.5996046       58.9799995    
   11.6162710       59.0600014    
   11.6329374       59.1300011    
   11.6496038       59.2000008    
   11.6662703       59.2700005    
   11.6829367       59.3400002    
   11.6996031       59.4099998    
   11.7162695       59.4799995    
   11.7329359       59.5499992    
   11.7496023       59.6100006    
   11.7662687       59.6699982    
   11.7829351       59.7400017    
   11.7996016       59.7999992    
   11.8162680       59.8600006    
   11.8329344       59.9199982    
   11.8496008       59.9700012    
   11.8662672       60.0299988    
   11.8829336       60.0800018    
   11.8996000       60.1300011    
   11.9162664       60.1899986    
   11.9329329       60.2400017    
   11.9495993       60.2799988    
   11.9662657       60.3300018    
   11.9829321       60.3800011    
   11.9995985       60.4199982    
   12.0162649       60.4599991    
   12.0329313       60.5099983    
   12.0495977       60.5499992    
   12.0662642       60.5900002    
   12.0829306       60.6199989    
   12.0995970       60.6599998    
   12.1162634       60.7000008    
   12.1329298       60.7299995    
   12.1495962       60.7599983    
   12.1662626       60.7900009    
   12.1829290       60.8199997    
   12.1995955       60.8499985    
   12.2162619       60.8800011    
   12.2329283       60.9000015    
   12.2495947       60.9300003    
   12.2662611       60.9500008    
   12.2829275       60.9700012    
   12.2995939       60.9900017    
   12.3162603       61.0099983    
   12.3329268       61.0299988    
   12.3495932       61.0400009    
   12.3662596       61.0600014    
   12.3829260       61.0699997    
   12.3995924       61.0800018    
   12.4162588       61.0900002    
   12.4329252       61.0999985    
   12.4495916       61.1100006    
   12.4662580       61.1100006    
   12.4829245       61.1199989    
   12.4995909       61.1199989    
   12.5162573       61.1199989    
   12.5329237       61.1300011    
   12.5495901       61.1300011    
   12.5662565       61.1199989    
   12.5829229       61.1199989    
   12.5995893       61.1100006    
   12.6162558       61.1100006    
   12.6329222       61.0999985    
   12.6495886       61.0900002    
   12.6662550       61.0800018    
   12.6829214       61.0699997    
   12.6995878       61.0600014    
   12.7162542       61.0400009    
   12.7329206       61.0299988    
   12.7495871       61.0099983    
   12.7662535       60.9900017    
   12.7829199       60.9700012    
   12.7995863       60.9500008    
   12.8162527       60.9300003    
   12.8329191       60.9000015    
   12.8495855       60.8800011    
   12.8662519       60.8499985    
   12.8829184       60.8199997    
   12.8995848       60.7999992    
   12.9162512       60.7599983    
   12.9329176       60.7299995    
   12.9495840       60.7000008    
   12.9662504       60.6599998    
   12.9829168       60.6300011    
   12.9995832       60.5900002    
   13.0162497       60.5499992    
   13.0329161       60.5099983    
   13.0495825       60.4700012    
   13.0662489       60.4300003    
   13.0829153       60.3800011    
   13.0995817       60.3400002    
   13.1162481       60.2900009    
   13.1329145       60.2400017    
   13.1495810       60.1899986    
   13.1662474       60.1399994    
   13.1829138       60.0900002    
   13.1995802       60.0299988    
   13.2162466       59.9799995    
   13.2329130       59.9199982    
   13.2495794       59.8600006    
   13.2662458       59.7999992    
   13.2829123       59.7400017    
   13.2995787       59.6800003    
   13.3162451       59.6199989    
   13.3329115       59.5499992    
   13.3495779       59.4900017    
   13.3662443       59.4199982    
   13.3829107       59.3499985    
   13.3995771       59.2799988    
   13.4162436       59.2099991    
   13.4329100       59.1399994    
   13.4495764       59.0600014    
   13.4662428       58.9900017    
   13.4829092       58.9099998    
   13.4995756       58.8300018    
   13.5162420       58.7500000    
   13.5329084       58.6699982    
   13.5495749       58.5900002    
   13.5662413       58.5099983    
   13.5829077       58.4199982    
   13.5995741       58.3400002    
   13.6162405       58.2500000    
   13.6329069       58.1599998    
   13.6495733       58.0699997    
   13.6662397       57.9799995    
   13.6829062       57.8899994    
   13.6995726       57.7999992    
   13.7162390       57.7000008    
   13.7329054       57.6100006    
   13.7495718       57.5099983    
   13.7662382       57.4099998    
   13.7829046       57.3100014    
   13.7995710       57.2099991    
   13.8162374       57.1100006    
   13.8329039       57.0000000    
   13.8495703       56.9000015    
   13.8662367       56.7900009    
   13.8829031       56.6899986    
   13.8995695       56.5800018    
   13.9162359       56.4700012    
   13.9329023       56.3600006    
   13.9495687       56.2400017    
   13.9662352       56.1300011    
   13.9829016       56.0099983    
   13.9995680       55.9000015    
   14.0162344       55.7799988    
   14.0329008       55.6599998    
   14.0495672       55.5400009    
   14.0662336       55.4199982    
   14.0829000       55.2999992    
   14.0995665       55.1800003    
   14.1162329       55.0499992    
   14.1328993       54.9300003    
   14.1495657       54.7999992    
   14.1662321       54.6699982    
   14.1828985       54.5400009    
   14.1995649       54.4099998    
   14.2162313       54.2799988    
   14.2328978       54.1500015    
   14.2495642       54.0099983    
   14.2662306       53.8800011    
   14.2828970       53.7400017    
   14.2995634       53.5999985    
   14.3162298       53.4599991    
   14.3328962       53.3199997    
   14.3495626       53.1800003    
   14.3662291       53.0400009    
   14.3828955       52.9000015    
   14.3995619       52.7500000    
   14.4162283       52.6100006    
   14.4328947       52.4599991    
   14.4495611       52.3100014    
   14.4662275       52.1599998    
   14.4828939       52.0099983    
   14.4995604       51.8600006    
   14.5162268       51.7099991    
   14.5328932       51.5600014    
   14.5495596       51.4000015    
   14.5662260       51.2500000    
   14.5828924       51.0900002    
   14.5995588       50.9300003    
   14.6162252       50.7700005    
   14.6328917       50.6100006    
   14.6495581       50.4500008    
   14.6662245       50.2900009    
   14.6828909       50.1300011    
   14.6995573       49.9599991    
   14.7162237       49.7999992    
   14.7328901       49.6300011    
   14.7495565       49.4599991    
   14.7662230       49.2999992    
   14.7828894       49.1300011    
   14.7995558       48.9599991    
   14.8162222       48.7799988    
   14.8328886       48.6100006    
   14.8495550       48.4399986    
   14.8662214       48.2700005    
   14.8828878       48.0900002    
   14.8995543       47.9099998    
   14.9162207       47.7400017    
   14.9328871       47.5600014    
   14.9495535       47.3800011    
   14.9662199       47.2000008    
   14.9828863       47.0200005    
   14.9995527       46.8400002    
   15.0162191       46.6500015    
   15.0328856       46.4700012    
   15.0495520       46.2799988    
   15.0662184       46.0999985    
   15.0828848       45.9099998    
   15.0995512       45.7200012    
   15.1162176       45.5400009    
   15.1328840       45.3499985    
   15.1495504       45.1599998    
   15.1662169       44.9599991    
   15.1828833       44.7700005    
   15.1995497       44.5800018    
   15.2162161       44.3899994    
   15.2328825       44.1899986    
   15.2495489       44.0000000    
   15.2662153       43.7999992    
   15.2828817       43.5999985    
   15.2995481       43.4000015    
   15.3162146       43.2000008    
   15.3328810       43.0000000    
   15.3495474       42.7999992    
   15.3662138       42.5999985    
   15.3828802       42.4000015    
   15.3995466       42.2000008    
   15.4162130       41.9900017    
   15.4328794       41.7900009    
   15.4495459       41.5800018    
   15.4662123       41.3800011    
   15.4828787       41.1699982    
   15.4995451       40.9599991    
   15.5162115       40.7599983    
   15.5328779       40.5499992    
   15.5495443       40.3400002    
   15.5662107       40.1300011    
   15.5828772       39.9199982    
   15.5995436       39.7099991    
   15.6162100       39.4900017    
   15.6328764       39.2799988    
   15.6495428       39.0699997    
   15.6662092       38.8499985    
   15.6828756       38.6399994    
   15.6995420       38.4199982    
   15.7162085       38.2000008    
   15.7328749       37.9900017    
   15.7495413       37.7700005    
   15.7662077       37.5499992    
   15.7828741       37.3300018    
   15.7995405       37.1100006    
   15.8162069       36.8899994    
   15.8328733       36.6699982    
   15.8495398       36.4500008    
   15.8662062       36.2299995    
   15.8828726       36.0099983    
   15.8995390       35.7900009    
   15.9162054       35.5600014    
   15.9328718       35.3400002    
   15.9495382       35.1199989    
   15.9662046       34.8899994    
   15.9828711       34.6699982    
   15.9995375       34.4399986    
   16.0162029       34.2099991    
   16.0328693       33.9900017    
   16.0495358       33.7599983    
   16.0662022       33.5299988    
   16.0828686       33.3100014    
   16.0995350       33.0800018    
   16.1162014       32.8499985    
   16.1328678       32.6199989    
   16.1495342       32.3899994    
   16.1662006       32.1599998    
   16.1828671       31.9300003    
   16.1995335       31.7000008    
   16.2161999       31.4699993    
   16.2328663       31.2399998    
   16.2495327       31.0100002    
   16.2661991       30.7700005    
   16.2828655       30.5400009    
   16.2995319       30.3099995    
   16.3161983       30.0799999    
   16.3328648       29.8400002    
   16.3495312       29.6100006    
   16.3661976       29.3799992    
   16.3828640       29.1399994    
   16.3995304       28.9099998    
   16.4161968       28.6800003    
   16.4328632       28.4400005    
   16.4495296       28.2099991    
   16.4661961       27.9699993    
   16.4828625       27.7399998    
   16.4995289       27.5000000    
   16.5161953       27.2700005    
   16.5328617       27.0300007    
   16.5495281       26.7999992    
   16.5661945       26.5599995    
   16.5828609       26.3299999    
   16.5995274       26.0900002    
   16.6161938       25.8600006    
   16.6328602       25.6200008    
   16.6495266       25.3899994    
   16.6661930       25.1499996    
   16.6828594       24.9200001    
   16.6995258       24.6800003    
   16.7161922       24.4500008    
   16.7328587       24.2099991    
   16.7495251       23.9799995    
   16.7661915       23.7399998    
   16.7828579       23.5100002    
   16.7995243       23.2700005    
   16.8161907       23.0400009    
   16.8328571       22.7999992    
   16.8495235       22.5699997    
   16.8661900       22.3400002    
   16.8828564       22.1000004    
   16.8995228       21.8700008    
   16.9161892       21.6299992    
   16.9328556       21.3999996    
   16.9495220       21.1700001    
   16.9661884       20.9400005    
   16.9828548       20.7000008    
   16.9995213       20.4699993    
   17.0161877       20.2399998    
   17.0328541       20.0100002    
   17.0495205       19.7800007    
   17.0661869       19.5499992    
   17.0828533       19.3199997    
   17.0995197       19.0900002    
   17.1161861       18.8600006    
   17.1328526       18.6299992    
   17.1495190       18.3999996    
   17.1661854       18.1700001    
   17.1828518       17.9500008    
   17.1995182       17.7199993    
   17.2161846       17.4899998    
   17.2328510       17.2700005    
   17.2495174       17.0400009    
   17.2661839       16.8199997    
   17.2828503       16.6000004    
   17.2995167       16.3700008    
   17.3161831       16.1499996    
   17.3328495       15.9300003    
   17.3495159       15.7100000    
   17.3661823       15.4899998    
   17.3828487       15.2700005    
   17.3995152       15.0500002    
   17.4161816       14.8299999    
   17.4328480       14.6099997    
   17.4495144       14.3999996    
   17.4661808       14.1800003    
   17.4828472       13.9700003    
   17.4995136       13.7500000    
   17.5161800       13.5400000    
   17.5328465       13.3299999    
   17.5495129       13.1199999    
   17.5661793       12.9099998    
   17.5828457       12.6999998    
   17.5995121       12.4899998    
   17.6161785       12.2900000    
   17.6328449       12.0799999    
   17.6495113       11.8800001    
   17.6661777       11.6700001    
   17.6828442       11.4700003    
   17.6995106       11.2700005    
   17.7161770       11.0699997    
   17.7328434       10.8699999    
   17.7495098       10.6800003    
   17.7661762       10.4799995    
   17.7828426       10.2900000    
   17.7995090       10.0900002    
   17.8161755       9.89999962    
   17.8328419       9.70899963    
   17.8495083       9.52000046    
   17.8661747       9.33300018    
   17.8828411       9.14599991    
   17.8995075       8.96100044    
   17.9161739       8.77799988    
   17.9328403       8.59599972    
   17.9495068       8.41499996    
   17.9661732       8.23700047    
   17.9828396       8.05900002    
   17.9995060       7.88299990    
   18.0161724       7.70900011    
   18.0328388       7.53700018    
   18.0495052       7.36600018    
   18.0661716       7.19600010    
   18.0828381       7.02899981    
   18.0995045       6.86299992    
   18.1161709       6.69899988    
   18.1328373       6.53599977    
   18.1495037       6.37500000    
   18.1661701       6.21600008    
   18.1828365       6.05900002    
   18.1995029       5.90399981    
   18.2161694       5.75000000    
   18.2328358       5.59800005    
   18.2495022       5.44799995    
   18.2661686       5.29899979    
   18.2828350       5.15299988    
   18.2995014       5.00799990    
   18.3161678       4.86499977    
   18.3328342       4.72399998    
   18.3495007       4.58500004    
   18.3661671       4.44799995    
   18.3828335       4.31199980    
   18.3994999       4.17799997    
   18.4161663       4.04600000    
   18.4328327       3.91599989    
   18.4494991       3.78800011    
   18.4661655       3.66100001    
   18.4828320       3.53600001    
   18.4994984       3.41400003    
   18.5161648       3.29299998    
   18.5328312       3.17300010    
   18.5494976       3.05599999    
   18.5661640       2.94000006    
   18.5828304       2.82599998    
   18.5994968       2.71300006    
   18.6161633       2.60299993    
   18.6328297       2.49399996    
   18.6494961       2.38700008    
   18.6661625       2.28200006    
   18.6828289       2.17799997    
   18.6994953       2.07699990    
   18.7161617       1.97700000    
   18.7328281       1.87899995    
   18.7494946       1.78299999    
   18.7661610       1.68799996    
   18.7828274       1.59599996    
   18.7994938       1.50500000    
   18.8161602       1.41700006    
   18.8328266       1.33000004    
   18.8494930       1.24600005    
   18.8661594       1.16400003    
   18.8828259       1.08399999    
   18.8994923       1.00699997    
   18.9161587      0.931599975    
   18.9328251      0.859200001    
   18.9494915      0.789600015    
   18.9661579      0.722700000    
   18.9828243      0.658999979    
   18.9994907      0.598900020    
   19.0161572      0.542699993    
   19.0328236      0.477499992    
   19.0494900      0.420399994    
   19.0661564      0.372999996    
   19.0828228      0.333700001    
   19.0994892      0.289200008    
   19.1161556      0.252799988    
   19.1328220      0.216000006    
   19.1494884      0.189600006    
   19.1661549      0.158899993    
   19.1828213      0.132900000    
   19.1994877      0.110699996    
   19.2161541       9.17600021E-02
   19.2328205       7.58100003E-02
   19.2494869       6.04199991E-02
   19.2661533       4.90100011E-02
   19.2828197       3.93100008E-02
   19.2994862       3.12899984E-02
   19.3161526       2.45999992E-02
   19.3328190       1.94700006E-02
   19.3494854       1.53500000E-02
   19.3661518       1.18899997E-02
   19.3828182       9.17099975E-03
   19.3994846       6.96100015E-03
   19.4161510       5.21899993E-03
   19.4328175       3.91199999E-03
   19.4494839       2.89499993E-03
   19.4661503       2.07299995E-03
   19.4828167       1.46499998E-03
   19.4994831       1.02400000E-03
   19.5161495       6.84399973E-04
   19.5328159       4.42799996E-04
   19.5494823       2.71600002E-04
   19.5661488       1.50299995E-04
   19.5828152       6.78299984E-05
   19.5994816       2.11400002E-05
   19.6161480       2.38200005E-06
   19.6328144       7.77399976E-08
   19.6494808       1.28699995E-09
   19.6661472       6.50199989E-12
   19.6828136       5.23499989E-15
   19.6994801       4.31500013E-35
   19.7161465       0.00000000    
   19.7328129       0.00000000    
   19.7494793       0.00000000    
   19.7661457       0.00000000    
   19.7828121       0.00000000    
   19.7994785       0.00000000    
   19.8161449       0.00000000    
   19.8328114       0.00000000    
   19.8494778       0.00000000    
   19.8661442       0.00000000    
   19.8828106       0.00000000    
   19.8994770       0.00000000    
   19.9161434       0.00000000    
   19.9328098       0.00000000    
   19.9494762       0.00000000    
   19.9661427       0.00000000    
   19.9828091       0.00000000    
   19.9994755       0.00000000    
   20.0161419       0.00000000    
   20.0328083       0.00000000    
   20.0494747       0.00000000    
   20.0661411       0.00000000    
   20.0828075       0.00000000    
   20.0994740       0.00000000    
   20.1161404       0.00000000    
   20.1328068       0.00000000    
   20.1494732       0.00000000    
   20.1661396       0.00000000    
   20.1828060       0.00000000    
   20.1994724       0.00000000    
   20.2161388       0.00000000    
   20.2328053       0.00000000    
   20.2494717       0.00000000    
   20.2661381       0.00000000    
   20.2828045       0.00000000    
   20.2994709       0.00000000    
   20.3161373       0.00000000    
   20.3328037       0.00000000    
   20.3494701       0.00000000    
   20.3661366       0.00000000    
   20.3828030       0.00000000    
   20.3994694       0.00000000    
   20.4161358       0.00000000    
   20.4328022       0.00000000    
   20.4494686       0.00000000    
   20.4661350       0.00000000    
   20.4828014       0.00000000    
   20.4994678       0.00000000    
   20.5161343       0.00000000    
   20.5328007       0.00000000    
   20.5494671       0.00000000    
   20.5661335       0.00000000    
   20.5827999       0.00000000    
   20.5994663       0.00000000    
   20.6161327       0.00000000    
   20.6327991       0.00000000    
   20.6494656       0.00000000    
   20.6661320       0.00000000    
   20.6827984       0.00000000    
   20.6994648       0.00000000    
   20.7161312       0.00000000    
   20.7327976       0.00000000    
   20.7494640       0.00000000    
   20.7661304       0.00000000    
   20.7827969       0.00000000    
   20.7994633       0.00000000    
   20.8161297       0.00000000    
   20.8327961       0.00000000    
   20.8494625       0.00000000    
   20.8661289       0.00000000    
   20.8827953       0.00000000    
   20.8994617       0.00000000    
   20.9161282       0.00000000    
   20.9327946       0.00000000    
   20.9494610       0.00000000    
   20.9661274       0.00000000    
   20.9827938       0.00000000    
   20.9994602       0.00000000    
   21.0161266       0.00000000    
   21.0327930       0.00000000    
   21.0494595       0.00000000    
   21.0661259       0.00000000    
   21.0827923       0.00000000    
   21.0994587       0.00000000    
   21.1161251       0.00000000    
   21.1327915       0.00000000    
   21.1494579       0.00000000    
   21.1661243       0.00000000    
   21.1827908       0.00000000    
   21.1994572       0.00000000    
   21.2161236       0.00000000    
   21.2327900       0.00000000    
   21.2494564       0.00000000    
   21.2661228       0.00000000    
   21.2827892       0.00000000    
   21.2994556       0.00000000    
   21.3161221       0.00000000    
   21.3327885       0.00000000    
   21.3494549       0.00000000    
   21.3661213       0.00000000    
   21.3827877       0.00000000    
   21.3994541       0.00000000    
   21.4161205       0.00000000    
   21.4327869       0.00000000    
   21.4494534       0.00000000    
   21.4661198       0.00000000    
   21.4827862       0.00000000    
   21.4994526       0.00000000    
   21.5161190       0.00000000    
   21.5327854       0.00000000    
   21.5494518       0.00000000    
   21.5661182       0.00000000    
   21.5827847       0.00000000    
   21.5994511       0.00000000    
   21.6161175       0.00000000    
   21.6327839       0.00000000    
   21.6494503       0.00000000    
   21.6661167       0.00000000    
   21.6827831       0.00000000    
   21.6994495       0.00000000    
   21.7161160       0.00000000    
   21.7327824       0.00000000    
   21.7494488       0.00000000    
   21.7661152       0.00000000    
   21.7827816       0.00000000    
   21.7994480       0.00000000    
   21.8161144       0.00000000    
   21.8327808       0.00000000    
   21.8494473       0.00000000    
   21.8661137       0.00000000    
   21.8827801       0.00000000    
   21.8994465       0.00000000    
   21.9161129       0.00000000    
   21.9327793       0.00000000    
   21.9494457       0.00000000    
   21.9661121       0.00000000    
   21.9827785       0.00000000    
   21.9994450       0.00000000    
   22.0161114       0.00000000    
   22.0327778       0.00000000    
   22.0494442       0.00000000    
   22.0661106       0.00000000    
   22.0827770       0.00000000    
   22.0994434       0.00000000    
   22.1161098       0.00000000    
   22.1327763       0.00000000    
   22.1494427       0.00000000    
   22.1661091       0.00000000    
   22.1827755       0.00000000    
   22.1994419       0.00000000    
   22.2161083       0.00000000    
   22.2327747       0.00000000    
   22.2494411       0.00000000    
   22.2661076       0.00000000    
   22.2827740       0.00000000    
   22.2994404       0.00000000    
   22.3161068       0.00000000    
   22.3327732       0.00000000    
   22.3494396       0.00000000    
   22.3661060       0.00000000    
   22.3827724       0.00000000    
   22.3994389       0.00000000    
   22.4161053       0.00000000    
   22.4327717       0.00000000    
   22.4494381       0.00000000    
   22.4661045       0.00000000    
   22.4827709       0.00000000    
   22.4994373       0.00000000    
   22.5161037       0.00000000    
   22.5327702       0.00000000    
   22.5494366       0.00000000    
   22.5661030       0.00000000    
   22.5827694       0.00000000    
   22.5994358       0.00000000    
   22.6161022       0.00000000    
   22.6327686       0.00000000    
   22.6494350       0.00000000    
   22.6661015       0.00000000    
   22.6827679       0.00000000    
   22.6994343       0.00000000    
   22.7161007       0.00000000    
   22.7327671       0.00000000    
   22.7494335       0.00000000    
   22.7660999       0.00000000    
   22.7827663       0.00000000    
   22.7994328       0.00000000    
   22.8160992       0.00000000    
   22.8327656       0.00000000    
   22.8494320       0.00000000    
   22.8660984       0.00000000    
   22.8827648       0.00000000    
   22.8994312       0.00000000    
   22.9160976       0.00000000    
   22.9327641       0.00000000    
   22.9494305       0.00000000    
   22.9660969       0.00000000    
   22.9827633       0.00000000    
   22.9994297       0.00000000    
   23.0160961       0.00000000    
   23.0327625       0.00000000    
   23.0494289       0.00000000    
   23.0660954       0.00000000    
   23.0827618       0.00000000    
   23.0994282       0.00000000    
   23.1160946       0.00000000    
   23.1327610       0.00000000    
   23.1494274       0.00000000    
   23.1660938       0.00000000    
   23.1827602       0.00000000    
   23.1994267       0.00000000    
   23.2160931       0.00000000    
   23.2327595       0.00000000    
   23.2494259       0.00000000    
   23.2660923       0.00000000    
   23.2827587       0.00000000    
   23.2994251       0.00000000    
   23.3160915       0.00000000    
   23.3327579       0.00000000    
   23.3494244       0.00000000    
   23.3660908       0.00000000    
   23.3827572       0.00000000    
   23.3994236       0.00000000    
   23.4160900       0.00000000    
   23.4327564       0.00000000    
   23.4494228       0.00000000    
   23.4660892       0.00000000    
   23.4827557       0.00000000    
   23.4994221       0.00000000    
   23.5160885       0.00000000    
   23.5327549       0.00000000    
   23.5494213       0.00000000    
   23.5660877       0.00000000    
   23.5827541       0.00000000    
   23.5994205       0.00000000    
   23.6160870       0.00000000    
   23.6327534       0.00000000    
   23.6494198       0.00000000    
   23.6660862       0.00000000    
   23.6827526       0.00000000    
   23.6994190       0.00000000    
   23.7160854       0.00000000    
   23.7327518       0.00000000    
   23.7494183       0.00000000    
   23.7660847       0.00000000    
   23.7827511       0.00000000    
   23.7994175       0.00000000    
   23.8160839       0.00000000    
   23.8327503       0.00000000    
   23.8494167       0.00000000    
   23.8660831       0.00000000    
   23.8827496       0.00000000    
   23.8994160       0.00000000    
   23.9160824       0.00000000    
   23.9327488       0.00000000    
   23.9494152       0.00000000    
   23.9660816       0.00000000    
   23.9827480       0.00000000    
