   0.00000000       0.00000000    
   1.66660007E-02   0.00000000    
   3.33320014E-02   0.00000000    
   4.99980003E-02   0.00000000    
   6.66640028E-02   0.00000000    
   8.33300054E-02   0.00000000    
   9.99960080E-02   0.00000000    
  0.116662011       0.00000000    
  0.133328006       0.00000000    
  0.149994001       0.00000000    
  0.166659996       0.00000000    
  0.183325991       0.00000000    
  0.199991986       0.00000000    
  0.216657981       0.00000000    
  0.233323976       0.00000000    
  0.249989972       0.00000000    
  0.266655982       0.00000000    
  0.283321977       0.00000000    
  0.299987972       0.00000000    
  0.316653967       0.00000000    
  0.333319962       0.00000000    
  0.349985957       0.00000000    
  0.366651952       0.00000000    
  0.383317947       0.00000000    
  0.399983943       0.00000000    
  0.416649938       0.00000000    
  0.433315933       0.00000000    
  0.449981928       0.00000000    
  0.466647923       0.00000000    
  0.483313918       0.00000000    
  0.499979913       0.00000000    
  0.516645908       0.00000000    
  0.533311903       0.00000000    
  0.549977899       0.00000000    
  0.566643894       0.00000000    
  0.583309889       0.00000000    
  0.599975884       0.00000000    
  0.616641879       0.00000000    
  0.633307874       0.00000000    
  0.649973869       0.00000000    
  0.666639864       0.00000000    
  0.683305860       0.00000000    
  0.699971855       0.00000000    
  0.716637850       0.00000000    
  0.733303845       0.00000000    
  0.749969840       0.00000000    
  0.766635835       0.00000000    
  0.783301830       0.00000000    
  0.799967825       0.00000000    
  0.816633821       0.00000000    
  0.833299816       0.00000000    
  0.849965811       0.00000000    
  0.866631806       0.00000000    
  0.883297801       0.00000000    
  0.899963796       0.00000000    
  0.916629791       0.00000000    
  0.933295786       0.00000000    
  0.949961782       0.00000000    
  0.966627777       0.00000000    
  0.983293772       0.00000000    
  0.999959767       0.00000000    
   1.01662576       0.00000000    
   1.03329182       0.00000000    
   1.04995787       0.00000000    
   1.06662393       0.00000000    
   1.08328998       0.00000000    
   1.09995604       0.00000000    
   1.11662209       0.00000000    
   1.13328815       0.00000000    
   1.14995420       0.00000000    
   1.16662025       0.00000000    
   1.18328631       0.00000000    
   1.19995236       0.00000000    
   1.21661842       0.00000000    
   1.23328447       0.00000000    
   1.24995053       0.00000000    
   1.26661658       0.00000000    
   1.28328264       0.00000000    
   1.29994869       0.00000000    
   1.31661475       0.00000000    
   1.33328080       0.00000000    
   1.34994686       0.00000000    
   1.36661291       0.00000000    
   1.38327897       0.00000000    
   1.39994502       0.00000000    
   1.41661108       0.00000000    
   1.43327713       0.00000000    
   1.44994318       0.00000000    
   1.46660924       0.00000000    
   1.48327529       0.00000000    
   1.49994135       0.00000000    
   1.51660740       0.00000000    
   1.53327346       0.00000000    
   1.54993951       0.00000000    
   1.56660557       0.00000000    
   1.58327162       0.00000000    
   1.59993768       0.00000000    
   1.61660373       0.00000000    
   1.63326979       0.00000000    
   1.64993584       0.00000000    
   1.66660190       0.00000000    
   1.68326795       0.00000000    
   1.69993401       0.00000000    
   1.71660006       0.00000000    
   1.73326612       0.00000000    
   1.74993217       0.00000000    
   1.76659822       0.00000000    
   1.78326428       0.00000000    
   1.79993033       0.00000000    
   1.81659639       0.00000000    
   1.83326244       0.00000000    
   1.84992850       0.00000000    
   1.86659455       0.00000000    
   1.88326061       0.00000000    
   1.89992666       0.00000000    
   1.91659272       0.00000000    
   1.93325877       0.00000000    
   1.94992483       0.00000000    
   1.96659088       0.00000000    
   1.98325694       0.00000000    
   1.99992299       0.00000000    
   2.01658893       0.00000000    
   2.03325486       0.00000000    
   2.04992080       0.00000000    
   2.06658673       0.00000000    
   2.08325267       0.00000000    
   2.09991860       0.00000000    
   2.11658454       0.00000000    
   2.13325047       0.00000000    
   2.14991641       0.00000000    
   2.16658235       0.00000000    
   2.18324828       0.00000000    
   2.19991422       0.00000000    
   2.21658015       0.00000000    
   2.23324609       0.00000000    
   2.24991202       0.00000000    
   2.26657796       0.00000000    
   2.28324389       0.00000000    
   2.29990983       0.00000000    
   2.31657577       0.00000000    
   2.33324170       0.00000000    
   2.34990764       0.00000000    
   2.36657357       0.00000000    
   2.38323951       0.00000000    
   2.39990544       0.00000000    
   2.41657138       0.00000000    
   2.43323731       0.00000000    
   2.44990325       0.00000000    
   2.46656919       0.00000000    
   2.48323512       0.00000000    
   2.49990106       0.00000000    
   2.51656699       0.00000000    
   2.53323293       0.00000000    
   2.54989886       0.00000000    
   2.56656480       0.00000000    
   2.58323073       0.00000000    
   2.59989667       0.00000000    
   2.61656260       0.00000000    
   2.63322854       0.00000000    
   2.64989448       0.00000000    
   2.66656041       0.00000000    
   2.68322635       0.00000000    
   2.69989228       0.00000000    
   2.71655822       0.00000000    
   2.73322415       0.00000000    
   2.74989009       0.00000000    
   2.76655602       0.00000000    
   2.78322196       0.00000000    
   2.79988790       0.00000000    
   2.81655383       0.00000000    
   2.83321977       0.00000000    
   2.84988570       0.00000000    
   2.86655164       0.00000000    
   2.88321757       0.00000000    
   2.89988351       0.00000000    
   2.91654944       0.00000000    
   2.93321538       0.00000000    
   2.94988132       0.00000000    
   2.96654725       0.00000000    
   2.98321319       0.00000000    
   2.99987912       0.00000000    
   3.01654506       0.00000000    
   3.03321099       0.00000000    
   3.04987693       0.00000000    
   3.06654286       0.00000000    
   3.08320880       0.00000000    
   3.09987473       0.00000000    
   3.11654067       0.00000000    
   3.13320661       0.00000000    
   3.14987254       0.00000000    
   3.16653848       0.00000000    
   3.18320441       0.00000000    
   3.19987035       0.00000000    
   3.21653628       0.00000000    
   3.23320222       0.00000000    
   3.24986815       0.00000000    
   3.26653409       0.00000000    
   3.28320003       0.00000000    
   3.29986596       0.00000000    
   3.31653190       0.00000000    
   3.33319783       0.00000000    
   3.34986377       0.00000000    
   3.36652970       0.00000000    
   3.38319564       0.00000000    
   3.39986157       0.00000000    
   3.41652751       0.00000000    
   3.43319345       0.00000000    
   3.44985938       0.00000000    
   3.46652532       0.00000000    
   3.48319125       0.00000000    
   3.49985719       0.00000000    
   3.51652312       0.00000000    
   3.53318906       0.00000000    
   3.54985499       0.00000000    
   3.56652093       0.00000000    
   3.58318686       0.00000000    
   3.59985280       0.00000000    
   3.61651874       0.00000000    
   3.63318467       0.00000000    
   3.64985061       0.00000000    
   3.66651654       0.00000000    
   3.68318248       0.00000000    
   3.69984841       0.00000000    
   3.71651435       0.00000000    
   3.73318028       0.00000000    
   3.74984622       0.00000000    
   3.76651216       0.00000000    
   3.78317809       0.00000000    
   3.79984403       0.00000000    
   3.81650996       0.00000000    
   3.83317590       0.00000000    
   3.84984183       0.00000000    
   3.86650777       0.00000000    
   3.88317370       0.00000000    
   3.89983964       0.00000000    
   3.91650558       0.00000000    
   3.93317151       0.00000000    
   3.94983745       0.00000000    
   3.96650338       0.00000000    
   3.98316932       0.00000000    
   3.99983525       0.00000000    
   4.01650143       0.00000000    
   4.03316736       0.00000000    
   4.04983330       0.00000000    
   4.06649923       0.00000000    
   4.08316517       0.00000000    
   4.09983110       0.00000000    
   4.11649704       0.00000000    
   4.13316298       0.00000000    
   4.14982891       0.00000000    
   4.16649485       0.00000000    
   4.18316078       0.00000000    
   4.19982672       0.00000000    
   4.21649265       0.00000000    
   4.23315859       0.00000000    
   4.24982452       0.00000000    
   4.26649046       0.00000000    
   4.28315639       0.00000000    
   4.29982233       0.00000000    
   4.31648827       0.00000000    
   4.33315420       0.00000000    
   4.34982014       0.00000000    
   4.36648607       0.00000000    
   4.38315201       0.00000000    
   4.39981794       0.00000000    
   4.41648388       0.00000000    
   4.43314981       0.00000000    
   4.44981575       0.00000000    
   4.46648169       0.00000000    
   4.48314762       0.00000000    
   4.49981356       0.00000000    
   4.51647949       0.00000000    
   4.53314543       0.00000000    
   4.54981136       0.00000000    
   4.56647730       0.00000000    
   4.58314323       0.00000000    
   4.59980917       0.00000000    
   4.61647511       0.00000000    
   4.63314104       0.00000000    
   4.64980698       0.00000000    
   4.66647291       0.00000000    
   4.68313885       0.00000000    
   4.69980478       0.00000000    
   4.71647072       0.00000000    
   4.73313665       0.00000000    
   4.74980259       0.00000000    
   4.76646852       0.00000000    
   4.78313446       0.00000000    
   4.79980040       0.00000000    
   4.81646633       0.00000000    
   4.83313227       0.00000000    
   4.84979820       0.00000000    
   4.86646414       0.00000000    
   4.88313007       0.00000000    
   4.89979601       0.00000000    
   4.91646194       0.00000000    
   4.93312788       0.00000000    
   4.94979382       0.00000000    
   4.96645975       0.00000000    
   4.98312569       0.00000000    
   4.99979162       0.00000000    
   5.01645756       0.00000000    
   5.03312349       0.00000000    
   5.04978943       0.00000000    
   5.06645536       0.00000000    
   5.08312130       0.00000000    
   5.09978724       0.00000000    
   5.11645317       0.00000000    
   5.13311911       0.00000000    
   5.14978504       0.00000000    
   5.16645098       0.00000000    
   5.18311691       0.00000000    
   5.19978285       0.00000000    
   5.21644878       0.00000000    
   5.23311472       0.00000000    
   5.24978065       0.00000000    
   5.26644659       0.00000000    
   5.28311253       0.00000000    
   5.29977846       0.00000000    
   5.31644440       5.81599979E-25
   5.33311033       9.93700031E-19
   5.34977627       9.52600040E-16
   5.36644220       2.64600001E-13
   5.38310814       1.68299992E-11
   5.39977407       7.50099982E-10
   5.41644001       8.16400014E-09
   5.43310595       2.93400007E-08
   5.44977188       7.36499999E-08
   5.46643782       1.47899996E-07
   5.48310375       2.67800004E-07
   5.49976969       4.65299991E-07
   5.51643562       7.65399989E-07
   5.53310156       1.23300003E-06
   5.54976749       1.93400001E-06
   5.56643343       2.80099994E-06
   5.58309937       3.99400005E-06
   5.59976530       5.48900016E-06
   5.61643124       7.32899980E-06
   5.63309717       9.65999971E-06
   5.64976311       1.25799997E-05
   5.66642904       1.61900007E-05
   5.68309498       2.06599998E-05
   5.69976091       2.62199992E-05
   5.71642685       3.22900014E-05
   5.73309278       4.00600002E-05
   5.74975872       4.89099984E-05
   5.76642466       5.98799998E-05
   5.78309059       7.16099967E-05
   5.79975653       8.55600010E-05
   5.81642246       1.01899997E-04
   5.83308840       1.20299999E-04
   5.84975433       1.40499993E-04
   5.86642027       1.63399993E-04
   5.88308620       1.89900005E-04
   5.89975214       2.22000002E-04
   5.91641808       2.47299991E-04
   5.93308401       2.87500006E-04
   5.94974995       3.17500002E-04
   5.96641588       3.53400013E-04
   5.98308182       3.96199990E-04
   5.99974775       4.47500002E-04
   6.01641369       4.99600021E-04
   6.03307962       5.48799988E-04
   6.04974556       6.01299980E-04
   6.06641150       6.57099998E-04
   6.08307743       7.15899980E-04
   6.09974337       7.77699985E-04
   6.11640930       8.42400012E-04
   6.13307524       9.09900002E-04
   6.14974117       9.80400015E-04
   6.16640711       1.05399999E-03
   6.18307304       1.12999999E-03
   6.19973898       1.20900001E-03
   6.21640491       1.29100005E-03
   6.23307085       1.37600000E-03
   6.24973679       1.46399997E-03
   6.26640272       1.55399996E-03
   6.28306866       1.64799998E-03
   6.29973459       1.74500002E-03
   6.31640053       1.84499996E-03
   6.33306646       1.94800005E-03
   6.34973240       2.05500005E-03
   6.36639833       2.16399995E-03
   6.38306427       2.27700011E-03
   6.39973021       2.39300006E-03
   6.41639614       2.51300004E-03
   6.43306208       2.63600005E-03
   6.44972801       2.76200008E-03
   6.46639395       2.89199990E-03
   6.48305988       3.02599999E-03
   6.49972582       3.16300010E-03
   6.51639175       3.30400001E-03
   6.53305769       3.44899995E-03
   6.54972363       3.59799992E-03
   6.56638956       3.75099992E-03
   6.58305550       3.90700018E-03
   6.59972143       4.06799978E-03
   6.61638737       4.23299987E-03
   6.63305330       4.40300023E-03
   6.64971924       4.57599992E-03
   6.66638517       4.75399988E-03
   6.68305111       4.93700011E-03
   6.69971704       5.12399990E-03
   6.71638298       5.31599997E-03
   6.73304892       5.51200006E-03
   6.74971485       5.71299996E-03
   6.76638079       5.91900013E-03
   6.78304672       6.13000011E-03
   6.79971266       6.34700013E-03
   6.81637859       6.56800019E-03
   6.83304453       6.79400004E-03
   6.84971046       7.02500017E-03
   6.86637640       7.26199988E-03
   6.88304234       7.50500010E-03
   6.89970827       7.75199989E-03
   6.91637421       8.00599996E-03
   6.93304014       8.26499984E-03
   6.94970608       8.52899998E-03
   6.96637201       8.79999995E-03
   6.98303795       9.07600019E-03
   6.99970388       9.35900025E-03
   7.01636982       9.64699965E-03
   7.03303576       9.94099956E-03
   7.04970169       1.02399997E-02
   7.06636763       1.05499998E-02
   7.08303356       1.08599998E-02
   7.09969950       1.11800004E-02
   7.11636543       1.15099996E-02
   7.13303137       1.18399998E-02
   7.14969730       1.21799996E-02
   7.16636324       1.25299999E-02
   7.18302917       1.28800003E-02
   7.19969511       1.32400002E-02
   7.21636105       1.36099998E-02
   7.23302698       1.39800003E-02
   7.24969292       1.43600004E-02
   7.26635885       1.47500001E-02
   7.28302479       1.51399998E-02
   7.29969072       1.55400001E-02
   7.31635666       1.59499999E-02
   7.33302259       1.63700003E-02
   7.34968853       1.67900007E-02
   7.36635447       1.72300003E-02
   7.38302040       1.76599994E-02
   7.39968634       1.81099996E-02
   7.41635227       1.85700003E-02
   7.43301821       1.90299992E-02
   7.44968414       1.95000004E-02
   7.46635008       1.99800003E-02
   7.48301601       2.04600003E-02
   7.49968195       2.09599994E-02
   7.51634789       2.14600004E-02
   7.53301382       2.19700001E-02
   7.54967976       2.24799998E-02
   7.56634569       2.30100006E-02
   7.58301163       2.35399995E-02
   7.59967756       2.40899995E-02
   7.61634350       2.46399995E-02
   7.63300943       2.52000000E-02
   7.64967537       2.57600006E-02
   7.66634130       2.63400003E-02
   7.68300724       2.69200001E-02
   7.69967318       2.75199991E-02
   7.71633911       2.81199999E-02
   7.73300505       2.87299994E-02
   7.74967098       2.93400008E-02
   7.76633692       2.99699996E-02
   7.78300285       3.06100007E-02
   7.79966879       3.12500000E-02
   7.81633472       3.18999998E-02
   7.83300066       3.25599983E-02
   7.84966660       3.32299992E-02
   7.86633253       3.39099988E-02
   7.88299847       3.46000008E-02
   7.89966440       3.52899991E-02
   7.91633034       3.59999985E-02
   7.93299627       3.67100015E-02
   7.94966221       3.74299996E-02
   7.96632814       3.81600000E-02
   7.98299408       3.88999991E-02
   7.99966002       3.96500006E-02
   8.01632595       4.04100008E-02
   8.03299236       4.11799997E-02
   8.04965878       4.19499986E-02
   8.06632519       4.27299999E-02
   8.08299160       4.35299985E-02
   8.09965801       4.43300009E-02
   8.11632442       4.51399982E-02
   8.13299084       4.59600016E-02
   8.14965725       4.67800014E-02
   8.16632366       4.76199985E-02
   8.18299007       4.84700017E-02
   8.19965649       4.93200012E-02
   8.21632290       5.01799993E-02
   8.23298931       5.10499999E-02
   8.24965572       5.19299991E-02
   8.26632214       5.28200008E-02
   8.28298855       5.37200011E-02
   8.29965496       5.46300001E-02
   8.31632137       5.55399992E-02
   8.33298779       5.64600006E-02
   8.34965420       5.73999994E-02
   8.36632061       5.83400019E-02
   8.38298702       5.92899993E-02
   8.39965343       6.02400005E-02
   8.41631985       6.12099990E-02
   8.43298626       6.21800013E-02
   8.44965267       6.31600022E-02
   8.46631908       6.41599968E-02
   8.48298550       6.51500002E-02
   8.49965191       6.61600009E-02
   8.51631832       6.71800002E-02
   8.53298473       6.81999996E-02
   8.54965115       6.92299977E-02
   8.56631756       7.02700019E-02
   8.58298397       7.13199973E-02
   8.59965038       7.23700002E-02
   8.61631680       7.34400004E-02
   8.63298321       7.45100006E-02
   8.64964962       7.55899996E-02
   8.66631603       7.66699985E-02
   8.68298244       7.77700022E-02
   8.69964886       7.88699985E-02
   8.71631527       7.99800009E-02
   8.73298168       8.11000019E-02
   8.74964809       8.22200030E-02
   8.76631451       8.33500028E-02
   8.78298092       8.44900012E-02
   8.79964733       8.56299996E-02
   8.81631374       8.67900029E-02
   8.83298016       8.79499987E-02
   8.84964657       8.91200006E-02
   8.86631298       9.02900025E-02
   8.88297939       9.14700031E-02
   8.89964581       9.26600024E-02
   8.91631222       9.38500017E-02
   8.93297863       9.49900001E-02
   8.94964504       9.62599963E-02
   8.96631145       9.74799991E-02
   8.98297787       9.87000018E-02
   8.99964428       9.99099985E-02
   9.01631069      0.101199999    
   9.03297710      0.102399997    
   9.04964352      0.103600003    
   9.06630993      0.104900002    
   9.08297634      0.106100000    
   9.09964275      0.107400000    
   9.11630917      0.108700000    
   9.13297558      0.109899998    
   9.14964199      0.111199997    
   9.16630840      0.112499997    
   9.18297482      0.113799997    
   9.19964123      0.115099996    
   9.21630764      0.116400003    
   9.23297405      0.117700003    
   9.24964046      0.119000003    
   9.26630688      0.120300002    
   9.28297329      0.121600002    
   9.29963970      0.123000003    
   9.31630611      0.124300003    
   9.33297253      0.125499994    
   9.34963894      0.127000004    
   9.36630535      0.128299996    
   9.38297176      0.129600003    
   9.39963818      0.130999997    
   9.41630459      0.132300004    
   9.43297100      0.133699998    
   9.44963741      0.135000005    
   9.46630383      0.136399999    
   9.48297024      0.137799993    
   9.49963665      0.139100000    
   9.51630306      0.140499994    
   9.53296947      0.141900003    
   9.54963589      0.143299997    
   9.56630230      0.144700006    
   9.58296871      0.145999998    
   9.59963512      0.147400007    
   9.61630154      0.148800001    
   9.63296795      0.150199994    
   9.64963436      0.151600003    
   9.66630077      0.152999997    
   9.68296719      0.154400006    
   9.69963360      0.155800000    
   9.71630001      0.157199994    
   9.73296642      0.158600003    
   9.74963284      0.159899995    
   9.76629925      0.161400005    
   9.78296566      0.162799999    
   9.79963207      0.164199993    
   9.81629848      0.165600002    
   9.83296490      0.166999996    
   9.84963131      0.168400005    
   9.86629772      0.169799998    
   9.88296413      0.171200007    
   9.89963055      0.172600001    
   9.91629696      0.173999995    
   9.93296337      0.175400004    
   9.94962978      0.176799998    
   9.96629620      0.178299993    
   9.98296261      0.179700002    
   9.99962902      0.181099996    
   10.0162954      0.182500005    
   10.0329618      0.183899999    
   10.0496283      0.185200006    
   10.0662947      0.186700001    
   10.0829611      0.188099995    
   10.0996275      0.189500004    
   10.1162939      0.190899998    
   10.1329603      0.192300007    
   10.1496267      0.193700001    
   10.1662931      0.195099995    
   10.1829596      0.196500003    
   10.1996260      0.197899997    
   10.2162924      0.199300006    
   10.2329588      0.200599998    
   10.2496252      0.202000007    
   10.2662916      0.203400001    
   10.2829580      0.204799995    
   10.2996244      0.206200004    
   10.3162909      0.207499996    
   10.3329573      0.208900005    
   10.3496237      0.210299999    
   10.3662901      0.211600006    
   10.3829565      0.213000000    
   10.3996229      0.214300007    
   10.4162893      0.215700001    
   10.4329557      0.216999993    
   10.4496222      0.218400002    
   10.4662886      0.219699994    
   10.4829550      0.221000001    
   10.4996214      0.222399995    
   10.5162878      0.223700002    
   10.5329542      0.224900007    
   10.5496206      0.226300001    
   10.5662870      0.227599993    
   10.5829535      0.228900000    
   10.5996199      0.230199993    
   10.6162863      0.231500000    
   10.6329527      0.232700005    
   10.6496191      0.234099999    
   10.6662855      0.235400006    
   10.6829519      0.236699998    
   10.6996183      0.237800002    
   10.7162848      0.239099994    
   10.7329512      0.240400001    
   10.7496176      0.241699994    
   10.7662840      0.242799997    
   10.7829504      0.244100004    
   10.7996168      0.245299995    
   10.8162832      0.246600002    
   10.8329496      0.247799993    
   10.8496161      0.248999998    
   10.8662825      0.250200003    
   10.8829489      0.251399994    
   10.8996153      0.252600014    
   10.9162817      0.253699988    
   10.9329481      0.254900008    
   10.9496145      0.256099999    
   10.9662809      0.257200003    
   10.9829473      0.258399993    
   10.9996138      0.259499997    
   11.0162802      0.260600001    
   11.0329466      0.261700004    
   11.0496130      0.262899995    
   11.0662794      0.263900012    
   11.0829458      0.264999986    
   11.0996122      0.266000003    
   11.1162786      0.267199993    
   11.1329451      0.268299997    
   11.1496115      0.269300014    
   11.1662779      0.270300001    
   11.1829443      0.271200001    
   11.1996107      0.272399992    
   11.2162771      0.273400009    
   11.2329435      0.274500012    
   11.2496099      0.275500000    
   11.2662764      0.276400000    
   11.2829428      0.277399987    
   11.2996092      0.278400004    
   11.3162756      0.279300004    
   11.3329420      0.280299991    
   11.3496084      0.281199992    
   11.3662748      0.282200009    
   11.3829412      0.283100009    
   11.3996077      0.284000009    
   11.4162741      0.284700006    
   11.4329405      0.285499990    
   11.4496069      0.286599994    
   11.4662733      0.287400007    
   11.4829397      0.288300008    
   11.4996061      0.289200008    
   11.5162725      0.289999992    
   11.5329390      0.290800005    
   11.5496054      0.291399986    
   11.5662718      0.292400002    
   11.5829382      0.293199986    
   11.5996046      0.293900013    
   11.6162710      0.294699997    
   11.6329374      0.295500010    
   11.6496038      0.296200007    
   11.6662703      0.296900004    
   11.6829367      0.297500014    
   11.6996031      0.298299998    
   11.7162695      0.298999995    
   11.7329359      0.299699992    
   11.7496023      0.300099999    
   11.7662687      0.300999999    
   11.7829351      0.301699996    
   11.7996016      0.302300006    
   11.8162680      0.302899987    
   11.8329344      0.303499997    
   11.8496008      0.304100007    
   11.8662672      0.304699987    
   11.8829336      0.305200011    
   11.8996000      0.305799991    
   11.9162664      0.306300014    
   11.9329329      0.306800008    
   11.9495993      0.307300001    
   11.9662657      0.307799995    
   11.9829321      0.308299989    
   11.9995985      0.308800012    
   12.0162649      0.309199989    
   12.0329313      0.309700012    
   12.0495977      0.310099989    
   12.0662642      0.310499996    
   12.0829306      0.310900003    
   12.0995970      0.311300009    
   12.1162634      0.311699986    
   12.1329298      0.312099993    
   12.1495962      0.312400013    
   12.1662626      0.312700003    
   12.1829290      0.313100010    
   12.1995955      0.313400000    
   12.2162619      0.313699991    
   12.2329283      0.313899994    
   12.2495947      0.314200014    
   12.2662611      0.314500004    
   12.2829275      0.314700007    
   12.2995939      0.314900011    
   12.3162603      0.315100014    
   12.3329268      0.315299988    
   12.3495932      0.315499991    
   12.3662596      0.315699995    
   12.3829260      0.315800011    
   12.3995924      0.316000015    
   12.4162588      0.316100001    
   12.4329252      0.316199988    
   12.4495916      0.316199988    
   12.4662580      0.316300005    
   12.4829245      0.316300005    
   12.4995909      0.316399992    
   12.5162573      0.316399992    
   12.5329237      0.316399992    
   12.5495901      0.316399992    
   12.5662565      0.316399992    
   12.5829229      0.316399992    
   12.5995893      0.316399992    
   12.6162558      0.316399992    
   12.6329222      0.316300005    
   12.6495886      0.316300005    
   12.6662550      0.316199988    
   12.6829214      0.316199988    
   12.6995878      0.316100001    
   12.7162542      0.316000015    
   12.7329206      0.315800011    
   12.7495871      0.315699995    
   12.7662535      0.315499991    
   12.7829199      0.315299988    
   12.7995863      0.315100014    
   12.8162527      0.314900011    
   12.8329191      0.314700007    
   12.8495855      0.314399987    
   12.8662519      0.314200014    
   12.8829184      0.313899994    
   12.8995848      0.313600004    
   12.9162512      0.313400000    
   12.9329176      0.312999994    
   12.9495840      0.312700003    
   12.9662504      0.312400013    
   12.9829168      0.312000006    
   12.9995832      0.311699986    
   13.0162497      0.311300009    
   13.0329161      0.310900003    
   13.0495825      0.310499996    
   13.0662489      0.310099989    
   13.0829153      0.309700012    
   13.0995817      0.309199989    
   13.1162481      0.308800012    
   13.1329145      0.308299989    
   13.1495810      0.307799995    
   13.1662474      0.307300001    
   13.1829138      0.306800008    
   13.1995802      0.306300014    
   13.2162466      0.305700004    
   13.2329130      0.305200011    
   13.2495794      0.304600000    
   13.2662458      0.304100007    
   13.2829123      0.303499997    
   13.2995787      0.302899987    
   13.3162451      0.302300006    
   13.3329115      0.301600009    
   13.3495779      0.300999999    
   13.3662443      0.300099999    
   13.3829107      0.299699992    
   13.3995771      0.298999995    
   13.4162436      0.298299998    
   13.4329100      0.297500014    
   13.4495764      0.296900004    
   13.4662428      0.296200007    
   13.4829092      0.295500010    
   13.4995756      0.294699997    
   13.5162420      0.293900013    
   13.5329084      0.293199986    
   13.5495749      0.292400002    
   13.5662413      0.291299999    
   13.5829077      0.290800005    
   13.5995741      0.289900005    
   13.6162405      0.289200008    
   13.6329069      0.288300008    
   13.6495733      0.287400007    
   13.6662397      0.286599994    
   13.6829062      0.285499990    
   13.6995726      0.284700006    
   13.7162390      0.283899993    
   13.7329054      0.282999992    
   13.7495718      0.282099992    
   13.7662382      0.281199992    
   13.7829046      0.280299991    
   13.7995710      0.279300004    
   13.8162374      0.278400004    
   13.8329039      0.277300000    
   13.8495703      0.276400000    
   13.8662367      0.275400013    
   13.8829031      0.274399996    
   13.8995695      0.273400009    
   13.9162359      0.272399992    
   13.9329023      0.271200001    
   13.9495687      0.270200014    
   13.9662352      0.269300014    
   13.9829016      0.268200010    
   13.9995680      0.267199993    
   14.0162344      0.266000003    
   14.0329008      0.264999986    
   14.0495672      0.263900012    
   14.0662336      0.262800008    
   14.0829000      0.261700004    
   14.0995665      0.260600001    
   14.1162329      0.259499997    
   14.1328993      0.258300006    
   14.1495657      0.257200003    
   14.1662321      0.256000012    
   14.1828985      0.254900008    
   14.1995649      0.253699988    
   14.2162313      0.252499998    
   14.2328978      0.251399994    
   14.2495642      0.250200003    
   14.2662306      0.248999998    
   14.2828970      0.247799993    
   14.2995634      0.246500000    
   14.3162298      0.245299995    
   14.3328962      0.244100004    
   14.3495626      0.242699996    
   14.3662291      0.241600007    
   14.3828955      0.240400001    
   14.3995619      0.239099994    
   14.4162283      0.237700000    
   14.4328947      0.236599997    
   14.4495611      0.235300004    
   14.4662275      0.234099999    
   14.4828939      0.232700005    
   14.4995604      0.231500000    
   14.5162268      0.230199993    
   14.5328932      0.228900000    
   14.5495596      0.227599993    
   14.5662260      0.226300001    
   14.5828924      0.224900007    
   14.5995588      0.223600000    
   14.6162252      0.222299993    
   14.6328917      0.221000001    
   14.6495581      0.219699994    
   14.6662245      0.218300000    
   14.6828909      0.216900006    
   14.6995573      0.215700001    
   14.7162237      0.214300007    
   14.7328901      0.212899998    
   14.7495565      0.211600006    
   14.7662230      0.210199997    
   14.7828894      0.208900005    
   14.7995558      0.207499996    
   14.8162222      0.206100002    
   14.8328886      0.204699993    
   14.8495550      0.203400001    
   14.8662214      0.202000007    
   14.8828878      0.200599998    
   14.8995543      0.199200004    
   14.9162207      0.197799996    
   14.9328871      0.196500003    
   14.9495535      0.195099995    
   14.9662199      0.193700001    
   14.9828863      0.192300007    
   14.9995527      0.190899998    
   15.0162191      0.189500004    
   15.0328856      0.188099995    
   15.0495520      0.186700001    
   15.0662184      0.185200006    
   15.0828848      0.183899999    
   15.0995512      0.182500005    
   15.1162176      0.181099996    
   15.1328840      0.179600000    
   15.1495504      0.178200006    
   15.1662169      0.176799998    
   15.1828833      0.175400004    
   15.1995497      0.173999995    
   15.2162161      0.172600001    
   15.2328825      0.171200007    
   15.2495489      0.169799998    
   15.2662153      0.168400005    
   15.2828817      0.166999996    
   15.2995481      0.165500000    
   15.3162146      0.164199993    
   15.3328810      0.162799999    
   15.3495474      0.161400005    
   15.3662138      0.159899995    
   15.3828802      0.158600003    
   15.3995466      0.157199994    
   15.4162130      0.155800000    
   15.4328794      0.154400006    
   15.4495459      0.152999997    
   15.4662123      0.151600003    
   15.4828787      0.150099993    
   15.4995451      0.148800001    
   15.5162115      0.147400007    
   15.5328779      0.145999998    
   15.5495443      0.144600004    
   15.5662107      0.143299997    
   15.5828772      0.141900003    
   15.5995436      0.140499994    
   15.6162100      0.139100000    
   15.6328764      0.137799993    
   15.6495428      0.136399999    
   15.6662092      0.135000005    
   15.6828756      0.133699998    
   15.6995420      0.132300004    
   15.7162085      0.130999997    
   15.7328749      0.129600003    
   15.7495413      0.128299996    
   15.7662077      0.126900002    
   15.7828741      0.125499994    
   15.7995405      0.124300003    
   15.8162069      0.122900002    
   15.8328733      0.121600002    
   15.8495398      0.120300002    
   15.8662062      0.119000003    
   15.8828726      0.117700003    
   15.8995390      0.116400003    
   15.9162054      0.115099996    
   15.9328718      0.113799997    
   15.9495382      0.112499997    
   15.9662046      0.111199997    
   15.9828711      0.109899998    
   15.9995375      0.108700000    
   16.0162029      0.107400000    
   16.0328693      0.106100000    
   16.0495358      0.104900002    
   16.0662022      0.103600003    
   16.0828686      0.102399997    
   16.0995350      0.101099998    
   16.1162014       9.99099985E-02
   16.1328678       9.86900032E-02
   16.1495342       9.74700004E-02
   16.1662006       9.62599963E-02
   16.1828671       9.49900001E-02
   16.1995335       9.38500017E-02
   16.2161999       9.26600024E-02
   16.2328663       9.14700031E-02
   16.2495327       9.02900025E-02
   16.2661991       8.91200006E-02
   16.2828655       8.79499987E-02
   16.2995319       8.67799968E-02
   16.3161983       8.56299996E-02
   16.3328648       8.44900012E-02
   16.3495312       8.33500028E-02
   16.3661976       8.22200030E-02
   16.3828640       8.11000019E-02
   16.3995304       7.99800009E-02
   16.4161968       7.88699985E-02
   16.4328632       7.77700022E-02
   16.4495296       7.66799971E-02
   16.4661961       7.55899996E-02
   16.4828625       7.45100006E-02
   16.4995289       7.34400004E-02
   16.5161953       7.23799989E-02
   16.5328617       7.13199973E-02
   16.5495281       7.02800006E-02
   16.5661945       6.92399964E-02
   16.5828609       6.82099983E-02
   16.5995274       6.71800002E-02
   16.6161938       6.61699995E-02
   16.6328602       6.51599988E-02
   16.6495266       6.41599968E-02
   16.6661930       6.31700009E-02
   16.6828594       6.21900000E-02
   16.6995258       6.12200014E-02
   16.7161922       6.02499992E-02
   16.7328587       5.92899993E-02
   16.7495251       5.83500005E-02
   16.7661915       5.74100018E-02
   16.7828579       5.64699993E-02
   16.7995243       5.55500016E-02
   16.8161907       5.46399988E-02
   16.8328571       5.37299998E-02
   16.8495235       5.28299995E-02
   16.8661900       5.19500002E-02
   16.8828564       5.10700010E-02
   16.8995228       5.01900017E-02
   16.9161892       4.93299998E-02
   16.9328556       4.84800003E-02
   16.9495220       4.76300009E-02
   16.9661884       4.67999987E-02
   16.9828548       4.59700003E-02
   16.9995213       4.51500006E-02
   17.0161877       4.43399996E-02
   17.0328541       4.35400009E-02
   17.0495205       4.27500010E-02
   17.0661869       4.19600010E-02
   17.0828533       4.11899984E-02
   17.0995197       4.04199995E-02
   17.1161861       3.96700017E-02
   17.1328526       3.89200002E-02
   17.1495190       3.81800011E-02
   17.1661854       3.74500006E-02
   17.1828518       3.67299989E-02
   17.1995182       3.60100009E-02
   17.2161846       3.53100002E-02
   17.2328510       3.46099995E-02
   17.2495174       3.39299999E-02
   17.2661839       3.32500003E-02
   17.2828503       3.25799994E-02
   17.2995167       3.19200009E-02
   17.3161831       3.12700011E-02
   17.3328495       3.06199994E-02
   17.3495159       2.99900007E-02
   17.3661823       2.93600000E-02
   17.3828487       2.87400000E-02
   17.3995152       2.81300005E-02
   17.4161816       2.75299996E-02
   17.4328480       2.69399993E-02
   17.4495144       2.63599996E-02
   17.4661808       2.57799998E-02
   17.4828472       2.52100006E-02
   17.4995136       2.46500000E-02
   17.5161800       2.41000000E-02
   17.5328465       2.35600006E-02
   17.5495129       2.30299998E-02
   17.5661793       2.25000009E-02
   17.5828457       2.19800007E-02
   17.5995121       2.14699991E-02
   17.6161785       2.09700000E-02
   17.6328449       2.04799995E-02
   17.6495113       1.99900009E-02
   17.6661777       1.95199996E-02
   17.6828442       1.90500002E-02
   17.6995106       1.85800008E-02
   17.7161770       1.81300007E-02
   17.7328434       1.76800005E-02
   17.7495098       1.72400009E-02
   17.7661762       1.68099999E-02
   17.7828426       1.63899995E-02
   17.7995090       1.59699991E-02
   17.8161755       1.55600002E-02
   17.8328419       1.51600000E-02
   17.8495083       1.47599997E-02
   17.8661747       1.43799996E-02
   17.8828411       1.40000004E-02
   17.8995075       1.36200003E-02
   17.9161739       1.32499998E-02
   17.9328403       1.28899999E-02
   17.9495068       1.25399996E-02
   17.9661732       1.21999998E-02
   17.9828396       1.18600000E-02
   17.9995060       1.15200002E-02
   18.0161724       1.11999996E-02
   18.0328388       1.08800000E-02
   18.0495052       1.05600003E-02
   18.0661716       1.02599999E-02
   18.0828381       9.95699968E-03
   18.0995045       9.66200046E-03
   18.1161709       9.37299989E-03
   18.1328373       9.09100007E-03
   18.1495037       8.81499983E-03
   18.1661701       8.54399987E-03
   18.1828365       8.27900041E-03
   18.1995029       8.01999960E-03
   18.2161694       7.76600000E-03
   18.2328358       7.51799997E-03
   18.2495022       7.27599999E-03
   18.2661686       7.03899981E-03
   18.2828350       6.80699991E-03
   18.2995014       6.58100005E-03
   18.3161678       6.36000000E-03
   18.3328342       6.14400022E-03
   18.3495007       5.93200000E-03
   18.3661671       5.72599983E-03
   18.3828335       5.52499993E-03
   18.3994999       5.32800006E-03
   18.4161663       5.13599999E-03
   18.4328327       4.94900020E-03
   18.4494991       4.76599997E-03
   18.4661655       4.58800001E-03
   18.4828320       4.41400008E-03
   18.4994984       4.24499996E-03
   18.5161648       4.07999987E-03
   18.5328312       3.91899981E-03
   18.5494976       3.76200001E-03
   18.5661640       3.60900001E-03
   18.5828304       3.46000004E-03
   18.5994968       3.31500010E-03
   18.6161633       3.17299995E-03
   18.6328297       3.03600007E-03
   18.6494961       2.90199998E-03
   18.6661625       2.77199992E-03
   18.6828289       2.64499988E-03
   18.6994953       2.52200011E-03
   18.7161617       2.40199990E-03
   18.7328281       2.28599994E-03
   18.7494946       2.17300002E-03
   18.7661610       2.06300011E-03
   18.7828274       1.95700000E-03
   18.7994938       1.85400003E-03
   18.8161602       1.75299996E-03
   18.8328266       1.65600004E-03
   18.8494930       1.56200002E-03
   18.8661594       1.47100003E-03
   18.8828259       1.38300005E-03
   18.8994923       1.29799999E-03
   18.9161587       1.21599995E-03
   18.9328251       1.13700004E-03
   18.9494915       1.06000004E-03
   18.9661579       9.86899948E-04
   18.9828243       9.16299992E-04
   18.9994907       8.48600001E-04
   19.0161572       7.83699972E-04
   19.0328236       7.21700024E-04
   19.0494900       6.62599981E-04
   19.0661564       6.06600021E-04
   19.0828228       5.53800026E-04
   19.0994892       5.04299998E-04
   19.1161556       4.53199988E-04
   19.1328220       4.00999998E-04
   19.1494884       3.57399986E-04
   19.1661549       3.20899999E-04
   19.1828213       2.90399999E-04
   19.1994877       2.50399986E-04
   19.2161541       2.24300005E-04
   19.2328205       1.92299995E-04
   19.2494869       1.65899997E-04
   19.2661533       1.43500001E-04
   19.2828197       1.23999998E-04
   19.2994862       1.04899998E-04
   19.3161526       8.75100013E-05
   19.3328190       7.29800013E-05
   19.3494854       6.08900009E-05
   19.3661518       5.08599987E-05
   19.3828182       4.08800006E-05
   19.3994846       3.35799996E-05
   19.4161510       2.67399992E-05
   19.4328175       2.11600000E-05
   19.4494839       1.66600003E-05
   19.4661503       1.29900000E-05
   19.4828167       9.98999985E-06
   19.4994831       7.56899999E-06
   19.5161495       5.65800019E-06
   19.5328159       4.16600005E-06
   19.5494823       2.93800008E-06
   19.5661488       2.01100011E-06
   19.5828152       1.30599994E-06
   19.5994816       8.25899974E-07
   19.6161480       4.90800005E-07
   19.6328144       2.85200002E-07
   19.6494808       1.59500004E-07
   19.6661472       8.08799996E-08
   19.6828136       3.31800010E-08
   19.6994801       9.60899982E-09
   19.7161465       1.21499999E-09
   19.7328129       2.94500015E-11
   19.7494793       4.61299998E-13
   19.7661457       2.55600006E-15
   19.7828121       3.02000002E-18
   19.7994785       9.54699978E-24
   19.8161449       0.00000000    
   19.8328114       0.00000000    
   19.8494778       0.00000000    
   19.8661442       0.00000000    
   19.8828106       0.00000000    
   19.8994770       0.00000000    
   19.9161434       0.00000000    
   19.9328098       0.00000000    
   19.9494762       0.00000000    
   19.9661427       0.00000000    
   19.9828091       0.00000000    
   19.9994755       0.00000000    
   20.0161419       0.00000000    
   20.0328083       0.00000000    
   20.0494747       0.00000000    
   20.0661411       0.00000000    
   20.0828075       0.00000000    
   20.0994740       0.00000000    
   20.1161404       0.00000000    
   20.1328068       0.00000000    
   20.1494732       0.00000000    
   20.1661396       0.00000000    
   20.1828060       0.00000000    
   20.1994724       0.00000000    
   20.2161388       0.00000000    
   20.2328053       0.00000000    
   20.2494717       0.00000000    
   20.2661381       0.00000000    
   20.2828045       0.00000000    
   20.2994709       0.00000000    
   20.3161373       0.00000000    
   20.3328037       0.00000000    
   20.3494701       0.00000000    
   20.3661366       0.00000000    
   20.3828030       0.00000000    
   20.3994694       0.00000000    
   20.4161358       0.00000000    
   20.4328022       0.00000000    
   20.4494686       0.00000000    
   20.4661350       0.00000000    
   20.4828014       0.00000000    
   20.4994678       0.00000000    
   20.5161343       0.00000000    
   20.5328007       0.00000000    
   20.5494671       0.00000000    
   20.5661335       0.00000000    
   20.5827999       0.00000000    
   20.5994663       0.00000000    
   20.6161327       0.00000000    
   20.6327991       0.00000000    
   20.6494656       0.00000000    
   20.6661320       0.00000000    
   20.6827984       0.00000000    
   20.6994648       0.00000000    
   20.7161312       0.00000000    
   20.7327976       0.00000000    
   20.7494640       0.00000000    
   20.7661304       0.00000000    
   20.7827969       0.00000000    
   20.7994633       0.00000000    
   20.8161297       0.00000000    
   20.8327961       0.00000000    
   20.8494625       0.00000000    
   20.8661289       0.00000000    
   20.8827953       0.00000000    
   20.8994617       0.00000000    
   20.9161282       0.00000000    
   20.9327946       0.00000000    
   20.9494610       0.00000000    
   20.9661274       0.00000000    
   20.9827938       0.00000000    
   20.9994602       0.00000000    
   21.0161266       0.00000000    
   21.0327930       0.00000000    
   21.0494595       0.00000000    
   21.0661259       0.00000000    
   21.0827923       0.00000000    
   21.0994587       0.00000000    
   21.1161251       0.00000000    
   21.1327915       0.00000000    
   21.1494579       0.00000000    
   21.1661243       0.00000000    
   21.1827908       0.00000000    
   21.1994572       0.00000000    
   21.2161236       0.00000000    
   21.2327900       0.00000000    
   21.2494564       0.00000000    
   21.2661228       0.00000000    
   21.2827892       0.00000000    
   21.2994556       0.00000000    
   21.3161221       0.00000000    
   21.3327885       0.00000000    
   21.3494549       0.00000000    
   21.3661213       0.00000000    
   21.3827877       0.00000000    
   21.3994541       0.00000000    
   21.4161205       0.00000000    
   21.4327869       0.00000000    
   21.4494534       0.00000000    
   21.4661198       0.00000000    
   21.4827862       0.00000000    
   21.4994526       0.00000000    
   21.5161190       0.00000000    
   21.5327854       0.00000000    
   21.5494518       0.00000000    
   21.5661182       0.00000000    
   21.5827847       0.00000000    
   21.5994511       0.00000000    
   21.6161175       0.00000000    
   21.6327839       0.00000000    
   21.6494503       0.00000000    
   21.6661167       0.00000000    
   21.6827831       0.00000000    
   21.6994495       0.00000000    
   21.7161160       0.00000000    
   21.7327824       0.00000000    
   21.7494488       0.00000000    
   21.7661152       0.00000000    
   21.7827816       0.00000000    
   21.7994480       0.00000000    
   21.8161144       0.00000000    
   21.8327808       0.00000000    
   21.8494473       0.00000000    
   21.8661137       0.00000000    
   21.8827801       0.00000000    
   21.8994465       0.00000000    
   21.9161129       0.00000000    
   21.9327793       0.00000000    
   21.9494457       0.00000000    
   21.9661121       0.00000000    
   21.9827785       0.00000000    
   21.9994450       0.00000000    
   22.0161114       0.00000000    
   22.0327778       0.00000000    
   22.0494442       0.00000000    
   22.0661106       0.00000000    
   22.0827770       0.00000000    
   22.0994434       0.00000000    
   22.1161098       0.00000000    
   22.1327763       0.00000000    
   22.1494427       0.00000000    
   22.1661091       0.00000000    
   22.1827755       0.00000000    
   22.1994419       0.00000000    
   22.2161083       0.00000000    
   22.2327747       0.00000000    
   22.2494411       0.00000000    
   22.2661076       0.00000000    
   22.2827740       0.00000000    
   22.2994404       0.00000000    
   22.3161068       0.00000000    
   22.3327732       0.00000000    
   22.3494396       0.00000000    
   22.3661060       0.00000000    
   22.3827724       0.00000000    
   22.3994389       0.00000000    
   22.4161053       0.00000000    
   22.4327717       0.00000000    
   22.4494381       0.00000000    
   22.4661045       0.00000000    
   22.4827709       0.00000000    
   22.4994373       0.00000000    
   22.5161037       0.00000000    
   22.5327702       0.00000000    
   22.5494366       0.00000000    
   22.5661030       0.00000000    
   22.5827694       0.00000000    
   22.5994358       0.00000000    
   22.6161022       0.00000000    
   22.6327686       0.00000000    
   22.6494350       0.00000000    
   22.6661015       0.00000000    
   22.6827679       0.00000000    
   22.6994343       0.00000000    
   22.7161007       0.00000000    
   22.7327671       0.00000000    
   22.7494335       0.00000000    
   22.7660999       0.00000000    
   22.7827663       0.00000000    
   22.7994328       0.00000000    
   22.8160992       0.00000000    
   22.8327656       0.00000000    
   22.8494320       0.00000000    
   22.8660984       0.00000000    
   22.8827648       0.00000000    
   22.8994312       0.00000000    
   22.9160976       0.00000000    
   22.9327641       0.00000000    
   22.9494305       0.00000000    
   22.9660969       0.00000000    
   22.9827633       0.00000000    
   22.9994297       0.00000000    
   23.0160961       0.00000000    
   23.0327625       0.00000000    
   23.0494289       0.00000000    
   23.0660954       0.00000000    
   23.0827618       0.00000000    
   23.0994282       0.00000000    
   23.1160946       0.00000000    
   23.1327610       0.00000000    
   23.1494274       0.00000000    
   23.1660938       0.00000000    
   23.1827602       0.00000000    
   23.1994267       0.00000000    
   23.2160931       0.00000000    
   23.2327595       0.00000000    
   23.2494259       0.00000000    
   23.2660923       0.00000000    
   23.2827587       0.00000000    
   23.2994251       0.00000000    
   23.3160915       0.00000000    
   23.3327579       0.00000000    
   23.3494244       0.00000000    
   23.3660908       0.00000000    
   23.3827572       0.00000000    
   23.3994236       0.00000000    
   23.4160900       0.00000000    
   23.4327564       0.00000000    
   23.4494228       0.00000000    
   23.4660892       0.00000000    
   23.4827557       0.00000000    
   23.4994221       0.00000000    
   23.5160885       0.00000000    
   23.5327549       0.00000000    
   23.5494213       0.00000000    
   23.5660877       0.00000000    
   23.5827541       0.00000000    
   23.5994205       0.00000000    
   23.6160870       0.00000000    
   23.6327534       0.00000000    
   23.6494198       0.00000000    
   23.6660862       0.00000000    
   23.6827526       0.00000000    
   23.6994190       0.00000000    
   23.7160854       0.00000000    
   23.7327518       0.00000000    
   23.7494183       0.00000000    
   23.7660847       0.00000000    
   23.7827511       0.00000000    
   23.7994175       0.00000000    
   23.8160839       0.00000000    
   23.8327503       0.00000000    
   23.8494167       0.00000000    
   23.8660831       0.00000000    
   23.8827496       0.00000000    
   23.8994160       0.00000000    
   23.9160824       0.00000000    
   23.9327488       0.00000000    
   23.9494152       0.00000000    
   23.9660816       0.00000000    
   23.9827480       0.00000000    
