   0.00000000       0.00000000    
   1.66660007E-02   0.00000000    
   3.33320014E-02   0.00000000    
   4.99980003E-02   0.00000000    
   6.66640028E-02   0.00000000    
   8.33300054E-02   0.00000000    
   9.99960080E-02   0.00000000    
  0.116662011       0.00000000    
  0.133328006       0.00000000    
  0.149994001       0.00000000    
  0.166659996       0.00000000    
  0.183325991       0.00000000    
  0.199991986       0.00000000    
  0.216657981       0.00000000    
  0.233323976       0.00000000    
  0.249989972       0.00000000    
  0.266655982       0.00000000    
  0.283321977       0.00000000    
  0.299987972       0.00000000    
  0.316653967       0.00000000    
  0.333319962       0.00000000    
  0.349985957       0.00000000    
  0.366651952       0.00000000    
  0.383317947       0.00000000    
  0.399983943       0.00000000    
  0.416649938       0.00000000    
  0.433315933       0.00000000    
  0.449981928       0.00000000    
  0.466647923       0.00000000    
  0.483313918       0.00000000    
  0.499979913       0.00000000    
  0.516645908       0.00000000    
  0.533311903       0.00000000    
  0.549977899       0.00000000    
  0.566643894       0.00000000    
  0.583309889       0.00000000    
  0.599975884       0.00000000    
  0.616641879       0.00000000    
  0.633307874       0.00000000    
  0.649973869       0.00000000    
  0.666639864       0.00000000    
  0.683305860       0.00000000    
  0.699971855       0.00000000    
  0.716637850       0.00000000    
  0.733303845       0.00000000    
  0.749969840       0.00000000    
  0.766635835       0.00000000    
  0.783301830       0.00000000    
  0.799967825       0.00000000    
  0.816633821       0.00000000    
  0.833299816       0.00000000    
  0.849965811       0.00000000    
  0.866631806       0.00000000    
  0.883297801       0.00000000    
  0.899963796       0.00000000    
  0.916629791       0.00000000    
  0.933295786       0.00000000    
  0.949961782       0.00000000    
  0.966627777       0.00000000    
  0.983293772       0.00000000    
  0.999959767       0.00000000    
   1.01662576       0.00000000    
   1.03329182       0.00000000    
   1.04995787       0.00000000    
   1.06662393       0.00000000    
   1.08328998       0.00000000    
   1.09995604       0.00000000    
   1.11662209       0.00000000    
   1.13328815       0.00000000    
   1.14995420       0.00000000    
   1.16662025       0.00000000    
   1.18328631       0.00000000    
   1.19995236       0.00000000    
   1.21661842       0.00000000    
   1.23328447       0.00000000    
   1.24995053       0.00000000    
   1.26661658       0.00000000    
   1.28328264       0.00000000    
   1.29994869       0.00000000    
   1.31661475       0.00000000    
   1.33328080       0.00000000    
   1.34994686       0.00000000    
   1.36661291       0.00000000    
   1.38327897       0.00000000    
   1.39994502       0.00000000    
   1.41661108       0.00000000    
   1.43327713       0.00000000    
   1.44994318       0.00000000    
   1.46660924       0.00000000    
   1.48327529       0.00000000    
   1.49994135       0.00000000    
   1.51660740       0.00000000    
   1.53327346       0.00000000    
   1.54993951       0.00000000    
   1.56660557       0.00000000    
   1.58327162       0.00000000    
   1.59993768       0.00000000    
   1.61660373       0.00000000    
   1.63326979       0.00000000    
   1.64993584       0.00000000    
   1.66660190       0.00000000    
   1.68326795       0.00000000    
   1.69993401       0.00000000    
   1.71660006       0.00000000    
   1.73326612       0.00000000    
   1.74993217       0.00000000    
   1.76659822       0.00000000    
   1.78326428       0.00000000    
   1.79993033       0.00000000    
   1.81659639       0.00000000    
   1.83326244       0.00000000    
   1.84992850       0.00000000    
   1.86659455       0.00000000    
   1.88326061       0.00000000    
   1.89992666       0.00000000    
   1.91659272       0.00000000    
   1.93325877       0.00000000    
   1.94992483       0.00000000    
   1.96659088       0.00000000    
   1.98325694       0.00000000    
   1.99992299       0.00000000    
   2.01658893       0.00000000    
   2.03325486       0.00000000    
   2.04992080       0.00000000    
   2.06658673       0.00000000    
   2.08325267       0.00000000    
   2.09991860       0.00000000    
   2.11658454       0.00000000    
   2.13325047       0.00000000    
   2.14991641       0.00000000    
   2.16658235       0.00000000    
   2.18324828       0.00000000    
   2.19991422       0.00000000    
   2.21658015       0.00000000    
   2.23324609       0.00000000    
   2.24991202       0.00000000    
   2.26657796       0.00000000    
   2.28324389       0.00000000    
   2.29990983       0.00000000    
   2.31657577       0.00000000    
   2.33324170       0.00000000    
   2.34990764       0.00000000    
   2.36657357       0.00000000    
   2.38323951       0.00000000    
   2.39990544       0.00000000    
   2.41657138       0.00000000    
   2.43323731       0.00000000    
   2.44990325       0.00000000    
   2.46656919       0.00000000    
   2.48323512       0.00000000    
   2.49990106       0.00000000    
   2.51656699       0.00000000    
   2.53323293       0.00000000    
   2.54989886       0.00000000    
   2.56656480       0.00000000    
   2.58323073       0.00000000    
   2.59989667       0.00000000    
   2.61656260       0.00000000    
   2.63322854       0.00000000    
   2.64989448       0.00000000    
   2.66656041       0.00000000    
   2.68322635       0.00000000    
   2.69989228       0.00000000    
   2.71655822       0.00000000    
   2.73322415       0.00000000    
   2.74989009       0.00000000    
   2.76655602       0.00000000    
   2.78322196       0.00000000    
   2.79988790       0.00000000    
   2.81655383       0.00000000    
   2.83321977       0.00000000    
   2.84988570       0.00000000    
   2.86655164       0.00000000    
   2.88321757       0.00000000    
   2.89988351       0.00000000    
   2.91654944       0.00000000    
   2.93321538       0.00000000    
   2.94988132       0.00000000    
   2.96654725       0.00000000    
   2.98321319       0.00000000    
   2.99987912       0.00000000    
   3.01654506       0.00000000    
   3.03321099       0.00000000    
   3.04987693       0.00000000    
   3.06654286       0.00000000    
   3.08320880       0.00000000    
   3.09987473       0.00000000    
   3.11654067       0.00000000    
   3.13320661       0.00000000    
   3.14987254       0.00000000    
   3.16653848       0.00000000    
   3.18320441       0.00000000    
   3.19987035       0.00000000    
   3.21653628       0.00000000    
   3.23320222       0.00000000    
   3.24986815       0.00000000    
   3.26653409       0.00000000    
   3.28320003       0.00000000    
   3.29986596       0.00000000    
   3.31653190       0.00000000    
   3.33319783       0.00000000    
   3.34986377       0.00000000    
   3.36652970       0.00000000    
   3.38319564       0.00000000    
   3.39986157       0.00000000    
   3.41652751       0.00000000    
   3.43319345       0.00000000    
   3.44985938       0.00000000    
   3.46652532       0.00000000    
   3.48319125       0.00000000    
   3.49985719       0.00000000    
   3.51652312       0.00000000    
   3.53318906       0.00000000    
   3.54985499       0.00000000    
   3.56652093       0.00000000    
   3.58318686       0.00000000    
   3.59985280       0.00000000    
   3.61651874       0.00000000    
   3.63318467       0.00000000    
   3.64985061       0.00000000    
   3.66651654       0.00000000    
   3.68318248       0.00000000    
   3.69984841       0.00000000    
   3.71651435       0.00000000    
   3.73318028       0.00000000    
   3.74984622       0.00000000    
   3.76651216       0.00000000    
   3.78317809       0.00000000    
   3.79984403       0.00000000    
   3.81650996       0.00000000    
   3.83317590       0.00000000    
   3.84984183       0.00000000    
   3.86650777       0.00000000    
   3.88317370       0.00000000    
   3.89983964       0.00000000    
   3.91650558       0.00000000    
   3.93317151       0.00000000    
   3.94983745       0.00000000    
   3.96650338       0.00000000    
   3.98316932       0.00000000    
   3.99983525       0.00000000    
   4.01650143       0.00000000    
   4.03316736       0.00000000    
   4.04983330       0.00000000    
   4.06649923       0.00000000    
   4.08316517       0.00000000    
   4.09983110       0.00000000    
   4.11649704       0.00000000    
   4.13316298       0.00000000    
   4.14982891       0.00000000    
   4.16649485       0.00000000    
   4.18316078       0.00000000    
   4.19982672       0.00000000    
   4.21649265       0.00000000    
   4.23315859       0.00000000    
   4.24982452       0.00000000    
   4.26649046       0.00000000    
   4.28315639       0.00000000    
   4.29982233       0.00000000    
   4.31648827       0.00000000    
   4.33315420       0.00000000    
   4.34982014       0.00000000    
   4.36648607       0.00000000    
   4.38315201       0.00000000    
   4.39981794       0.00000000    
   4.41648388       0.00000000    
   4.43314981       0.00000000    
   4.44981575       0.00000000    
   4.46648169       0.00000000    
   4.48314762       0.00000000    
   4.49981356       0.00000000    
   4.51647949       0.00000000    
   4.53314543       0.00000000    
   4.54981136       0.00000000    
   4.56647730       0.00000000    
   4.58314323       0.00000000    
   4.59980917       0.00000000    
   4.61647511       0.00000000    
   4.63314104       0.00000000    
   4.64980698       0.00000000    
   4.66647291       0.00000000    
   4.68313885       0.00000000    
   4.69980478       0.00000000    
   4.71647072       0.00000000    
   4.73313665       0.00000000    
   4.74980259       0.00000000    
   4.76646852       0.00000000    
   4.78313446       0.00000000    
   4.79980040       0.00000000    
   4.81646633       0.00000000    
   4.83313227       0.00000000    
   4.84979820       0.00000000    
   4.86646414       0.00000000    
   4.88313007       0.00000000    
   4.89979601       0.00000000    
   4.91646194       0.00000000    
   4.93312788       0.00000000    
   4.94979382       0.00000000    
   4.96645975       0.00000000    
   4.98312569       0.00000000    
   4.99979162       0.00000000    
   5.01645756       0.00000000    
   5.03312349       0.00000000    
   5.04978943       0.00000000    
   5.06645536       0.00000000    
   5.08312130       0.00000000    
   5.09978724       0.00000000    
   5.11645317       0.00000000    
   5.13311911       0.00000000    
   5.14978504       0.00000000    
   5.16645098       0.00000000    
   5.18311691       0.00000000    
   5.19978285       0.00000000    
   5.21644878       0.00000000    
   5.23311472       0.00000000    
   5.24978065       0.00000000    
   5.26644659       0.00000000    
   5.28311253       0.00000000    
   5.29977846       0.00000000    
   5.31644440       0.00000000    
   5.33311033       0.00000000    
   5.34977627       0.00000000    
   5.36644220       0.00000000    
   5.38310814       0.00000000    
   5.39977407       0.00000000    
   5.41644001       0.00000000    
   5.43310595       0.00000000    
   5.44977188       0.00000000    
   5.46643782       0.00000000    
   5.48310375       0.00000000    
   5.49976969       0.00000000    
   5.51643562       0.00000000    
   5.53310156       0.00000000    
   5.54976749       0.00000000    
   5.56643343       0.00000000    
   5.58309937       0.00000000    
   5.59976530       0.00000000    
   5.61643124       0.00000000    
   5.63309717       0.00000000    
   5.64976311       0.00000000    
   5.66642904       0.00000000    
   5.68309498       0.00000000    
   5.69976091       0.00000000    
   5.71642685       0.00000000    
   5.73309278       0.00000000    
   5.74975872       0.00000000    
   5.76642466       0.00000000    
   5.78309059       0.00000000    
   5.79975653       0.00000000    
   5.81642246       0.00000000    
   5.83308840       0.00000000    
   5.84975433       0.00000000    
   5.86642027       0.00000000    
   5.88308620       0.00000000    
   5.89975214       0.00000000    
   5.91641808       0.00000000    
   5.93308401       0.00000000    
   5.94974995       0.00000000    
   5.96641588       0.00000000    
   5.98308182       0.00000000    
   5.99974775       0.00000000    
   6.01641369       0.00000000    
   6.03307962       0.00000000    
   6.04974556       0.00000000    
   6.06641150       0.00000000    
   6.08307743       0.00000000    
   6.09974337       0.00000000    
   6.11640930       0.00000000    
   6.13307524       0.00000000    
   6.14974117       0.00000000    
   6.16640711       0.00000000    
   6.18307304       0.00000000    
   6.19973898       0.00000000    
   6.21640491       0.00000000    
   6.23307085       0.00000000    
   6.24973679       0.00000000    
   6.26640272       0.00000000    
   6.28306866       0.00000000    
   6.29973459       0.00000000    
   6.31640053       0.00000000    
   6.33306646       0.00000000    
   6.34973240       0.00000000    
   6.36639833       0.00000000    
   6.38306427       0.00000000    
   6.39973021       0.00000000    
   6.41639614       0.00000000    
   6.43306208       0.00000000    
   6.44972801       0.00000000    
   6.46639395       0.00000000    
   6.48305988       0.00000000    
   6.49972582       0.00000000    
   6.51639175       0.00000000    
   6.53305769       0.00000000    
   6.54972363       0.00000000    
   6.56638956       0.00000000    
   6.58305550       3.33509035E-43
   6.59972143       4.49599999E-20
   6.61638737       6.26899990E-16
   6.63305330       1.75599997E-12
   6.64971924       1.37599998E-09
   6.66638517       7.19299976E-07
   6.68305111       9.73700025E-06
   6.69971704       4.42899982E-05
   6.71638298       1.13299997E-04
   6.73304892       2.11799997E-04
   6.74971485       3.50799994E-04
   6.76638079       5.46799973E-04
   6.78304672       8.21999973E-04
   6.79971266       1.20699999E-03
   6.81637859       1.68999995E-03
   6.83304453       2.36600009E-03
   6.84971046       3.20499996E-03
   6.86637640       4.37099999E-03
   6.88304234       5.76000009E-03
   6.89970827       7.56300008E-03
   6.91637421       9.88500006E-03
   6.93304014       1.28699997E-02
   6.94970608       1.67399999E-02
   6.96637201       2.12500002E-02
   6.98303795       2.70900000E-02
   6.99970388       3.45599987E-02
   7.01636982       4.32399996E-02
   7.03303576       5.34700006E-02
   7.04970169       6.61199987E-02
   7.06636763       8.12399983E-02
   7.08303356       9.84200016E-02
   7.09969950      0.117799997    
   7.11636543      0.140599996    
   7.13303137      0.168599993    
   7.14969730      0.192300007    
   7.16636324      0.227400005    
   7.18302917      0.255100012    
   7.19969511      0.288599998    
   7.21636105      0.329699993    
   7.23302698      0.380400002    
   7.24969292      0.421400011    
   7.26635885      0.465400010    
   7.28302479      0.512099981    
   7.29969072      0.561100006    
   7.31635666      0.612200022    
   7.33302259      0.665300012    
   7.34968853      0.720300019    
   7.36635447      0.777199984    
   7.38302040      0.835799992    
   7.39968634      0.895900011    
   7.41635227      0.957700014    
   7.43301821       1.02100003    
   7.44968414       1.08599997    
   7.46635008       1.15199995    
   7.48301601       1.21899998    
   7.49968195       1.28799999    
   7.51634789       1.35800004    
   7.53301382       1.42999995    
   7.54967976       1.50199997    
   7.56634569       1.57599998    
   7.58301163       1.65100002    
   7.59967756       1.72700000    
   7.61634350       1.80499995    
   7.63300943       1.88300002    
   7.64967537       1.96300006    
   7.66634130       2.04299998    
   7.68300724       2.12500000    
   7.69967318       2.20799994    
   7.71633911       2.29200006    
   7.73300505       2.37700009    
   7.74967098       2.46300006    
   7.76633692       2.54999995    
   7.78300285       2.63800001    
   7.79966879       2.72700000    
   7.81633472       2.81699991    
   7.83300066       2.90799999    
   7.84966660       3.00099993    
   7.86633253       3.09400010    
   7.88299847       3.18799996    
   7.89966440       3.28399992    
   7.91633034       3.38000011    
   7.93299627       3.47799993    
   7.94966221       3.57599998    
   7.96632814       3.67600012    
   7.98299408       3.77600002    
   7.99966002       3.87800002    
   8.01632595       3.98099995    
   8.03299236       4.08500004    
   8.04965878       4.19000006    
   8.06632519       4.29500008    
   8.08299160       4.40199995    
   8.09965801       4.51000023    
   8.11632442       4.61999989    
   8.13299084       4.73000002    
   8.14965725       4.84100008    
   8.16632366       4.95400000    
   8.18299007       5.06699991    
   8.19965649       5.18100023    
   8.21632290       5.29699993    
   8.23298931       5.41400003    
   8.24965572       5.53100014    
   8.26632214       5.65000010    
   8.28298855       5.76999998    
   8.29965496       5.89099979    
   8.31632137       6.01200008    
   8.33298779       6.13500023    
   8.34965420       6.25899982    
   8.36632061       6.38399982    
   8.38298702       6.51000023    
   8.39965343       6.63700008    
   8.41631985       6.76499987    
   8.43298626       6.89400005    
   8.44965267       7.02400017    
   8.46631908       7.15500021    
   8.48298550       7.28700018    
   8.49965191       7.42000008    
   8.51631832       7.55399990    
   8.53298473       7.68800020    
   8.54965115       7.82399988    
   8.56631756       7.96099997    
   8.58298397       8.09799957    
   8.59965038       8.23700047    
   8.61631680       8.37600040    
   8.63298321       8.51599979    
   8.64964962       8.65699959    
   8.66631603       8.79899979    
   8.68298244       8.94200039    
   8.69964886       9.08600044    
   8.71631527       9.22999954    
   8.73298168       9.37500000    
   8.74964809       9.52099991    
   8.76631451       9.66800022    
   8.78298092       9.81599998    
   8.79964733       9.96399975    
   8.81631374       10.1099997    
   8.83298016       10.2600002    
   8.84964657       10.4099998    
   8.86631298       10.5600004    
   8.88297939       10.7200003    
   8.89964581       10.8699999    
   8.91631222       11.0200005    
   8.93297863       11.1800003    
   8.94964504       11.3299999    
   8.96631145       11.4799995    
   8.98297787       11.6400003    
   8.99964428       11.8000002    
   9.01631069       11.9499998    
   9.03297710       12.1099997    
   9.04964352       12.2700005    
   9.06630993       12.4300003    
   9.08297634       12.5799999    
   9.09964275       12.7399998    
   9.11630917       12.8999996    
   9.13297558       13.0600004    
   9.14964199       13.2200003    
   9.16630840       13.3800001    
   9.18297482       13.5500002    
   9.19964123       13.7100000    
   9.21630764       13.8699999    
   9.23297405       14.0299997    
   9.24964046       14.1999998    
   9.26630688       14.3599997    
   9.28297329       14.5200005    
   9.29963970       14.6800003    
   9.31630611       14.8500004    
   9.33297253       15.0100002    
   9.34963894       15.1800003    
   9.36630535       15.3400002    
   9.38297176       15.5100002    
   9.39963818       15.6700001    
   9.41630459       15.8400002    
   9.43297100       16.0000000    
   9.44963741       16.1700001    
   9.46630383       16.3299999    
   9.48297024       16.5000000    
   9.49963665       16.6700001    
   9.51630306       16.8299999    
   9.53296947       17.0000000    
   9.54963589       17.1599998    
   9.56630230       17.3299999    
   9.58296871       17.5000000    
   9.59963512       17.6599998    
   9.61630154       17.8299999    
   9.63296795       18.0000000    
   9.64963436       18.1599998    
   9.66630077       18.3299999    
   9.68296719       18.4899998    
   9.69963360       18.6599998    
   9.71630001       18.8299999    
   9.73296642       18.9899998    
   9.74963284       19.1599998    
   9.76629925       19.3199997    
   9.78296566       19.4899998    
   9.79963207       19.6499996    
   9.81629848       19.8199997    
   9.83296490       19.9799995    
   9.84963131       20.1499996    
   9.86629772       20.3099995    
   9.88296413       20.4799995    
   9.89963055       20.6399994    
   9.91629696       20.8099995    
   9.93296337       20.9699993    
   9.94962978       21.1299992    
   9.96629620       21.2999992    
   9.98296261       21.4599991    
   9.99962902       21.6200008    
   10.0162954       21.7900009    
   10.0329618       21.9500008    
   10.0496283       22.1100006    
   10.0662947       22.2700005    
   10.0829611       22.4300003    
   10.0996275       22.5900002    
   10.1162939       22.7500000    
   10.1329603       22.9099998    
   10.1496267       23.0699997    
   10.1662931       23.2299995    
   10.1829596       23.3899994    
   10.1996260       23.5499992    
   10.2162924       23.7099991    
   10.2329588       23.8600006    
   10.2496252       24.0200005    
   10.2662916       24.1800003    
   10.2829580       24.3299999    
   10.2996244       24.4899998    
   10.3162909       24.6399994    
   10.3329573       24.7999992    
   10.3496237       24.9500008    
   10.3662901       25.1000004    
   10.3829565       25.2600002    
   10.3996229       25.4099998    
   10.4162893       25.5599995    
   10.4329557       25.7099991    
   10.4496222       25.8600006    
   10.4662886       26.0100002    
   10.4829550       26.1599998    
   10.4996214       26.3099995    
   10.5162878       26.4599991    
   10.5329542       26.6000004    
   10.5496206       26.7500000    
   10.5662870       26.8999996    
   10.5829535       27.0400009    
   10.5996199       27.1900005    
   10.6162863       27.3299999    
   10.6329527       27.4699993    
   10.6496191       27.6200008    
   10.6662855       27.7600002    
   10.6829519       27.8999996    
   10.6996183       28.0400009    
   10.7162848       28.1800003    
   10.7329512       28.3199997    
   10.7496176       28.4599991    
   10.7662840       28.5900002    
   10.7829504       28.7299995    
   10.7996168       28.8600006    
   10.8162832       29.0000000    
   10.8329496       29.1299992    
   10.8496161       29.2700005    
   10.8662825       29.3999996    
   10.8829489       29.5300007    
   10.8996153       29.6599998    
   10.9162817       29.7900009    
   10.9329481       29.9200001    
   10.9496145       30.0499992    
   10.9662809       30.1800003    
   10.9829473       30.2999992    
   10.9996138       30.4300003    
   11.0162802       30.5499992    
   11.0329466       30.6800003    
   11.0496130       30.7999992    
   11.0662794       30.9200001    
   11.0829458       31.0400009    
   11.0996122       31.1599998    
   11.1162786       31.2800007    
   11.1329451       31.3999996    
   11.1496115       31.5200005    
   11.1662779       31.6399994    
   11.1829443       31.7500000    
   11.1996107       31.8700008    
   11.2162771       31.9799995    
   11.2329435       32.0900002    
   11.2496099       32.2099991    
   11.2662764       32.3199997    
   11.2829428       32.4300003    
   11.2996092       32.5400009    
   11.3162756       32.6399994    
   11.3329420       32.7500000    
   11.3496084       32.8600006    
   11.3662748       32.9599991    
   11.3829412       33.0600014    
   11.3996077       33.1699982    
   11.4162741       33.2700005    
   11.4329405       33.3699989    
   11.4496069       33.4700012    
   11.4662733       33.5699997    
   11.4829397       33.6699982    
   11.4996061       33.7599983    
   11.5162725       33.8600006    
   11.5329390       33.9500008    
   11.5496054       34.0499992    
   11.5662718       34.1399994    
   11.5829382       34.2299995    
   11.5996046       34.3199997    
   11.6162710       34.4099998    
   11.6329374       34.5000000    
   11.6496038       34.5800018    
   11.6662703       34.6699982    
   11.6829367       34.7500000    
   11.6996031       34.8400002    
   11.7162695       34.9199982    
   11.7329359       35.0000000    
   11.7496023       35.0800018    
   11.7662687       35.1599998    
   11.7829351       35.2400017    
   11.7996016       35.3100014    
   11.8162680       35.3899994    
   11.8329344       35.4599991    
   11.8496008       35.5400009    
   11.8662672       35.6100006    
   11.8829336       35.6800003    
   11.8996000       35.7500000    
   11.9162664       35.8199997    
   11.9329329       35.8899994    
   11.9495993       35.9500008    
   11.9662657       36.0200005    
   11.9829321       36.0800018    
   11.9995985       36.1399994    
   12.0162649       36.2099991    
   12.0329313       36.2700005    
   12.0495977       36.3300018    
   12.0662642       36.3800011    
   12.0829306       36.4399986    
   12.0995970       36.5000000    
   12.1162634       36.5499992    
   12.1329298       36.5999985    
   12.1495962       36.6599998    
   12.1662626       36.7099991    
   12.1829290       36.7599983    
   12.1995955       36.7999992    
   12.2162619       36.8499985    
   12.2329283       36.9000015    
   12.2495947       36.9399986    
   12.2662611       36.9900017    
   12.2829275       37.0299988    
   12.2995939       37.0699997    
   12.3162603       37.1100006    
   12.3329268       37.1500015    
   12.3495932       37.1899986    
   12.3662596       37.2200012    
   12.3829260       37.2599983    
   12.3995924       37.2900009    
   12.4162588       37.3199997    
   12.4329252       37.3499985    
   12.4495916       37.3800011    
   12.4662580       37.4099998    
   12.4829245       37.4399986    
   12.4995909       37.4700012    
   12.5162573       37.4900017    
   12.5329237       37.5200005    
   12.5495901       37.5400009    
   12.5662565       37.5600014    
   12.5829229       37.5800018    
   12.5995893       37.5999985    
   12.6162558       37.6199989    
   12.6329222       37.6300011    
   12.6495886       37.6500015    
   12.6662550       37.6599998    
   12.6829214       37.6699982    
   12.6995878       37.6800003    
   12.7162542       37.7000008    
   12.7329206       37.7000008    
   12.7495871       37.7099991    
   12.7662535       37.7200012    
   12.7829199       37.7200012    
   12.7995863       37.7299995    
   12.8162527       37.7299995    
   12.8329191       37.7299995    
   12.8495855       37.7299995    
   12.8662519       37.7299995    
   12.8829184       37.7299995    
   12.8995848       37.7200012    
   12.9162512       37.7200012    
   12.9329176       37.7099991    
   12.9495840       37.7000008    
   12.9662504       37.6899986    
   12.9829168       37.6800003    
   12.9995832       37.6699982    
   13.0162497       37.6599998    
   13.0329161       37.6500015    
   13.0495825       37.6300011    
   13.0662489       37.6100006    
   13.0829153       37.5999985    
   13.0995817       37.5800018    
   13.1162481       37.5600014    
   13.1329145       37.5400009    
   13.1495810       37.5099983    
   13.1662474       37.4900017    
   13.1829138       37.4700012    
   13.1995802       37.4399986    
   13.2162466       37.4099998    
   13.2329130       37.3800011    
   13.2495794       37.3499985    
   13.2662458       37.3199997    
   13.2829123       37.2900009    
   13.2995787       37.2599983    
   13.3162451       37.2200012    
   13.3329115       37.1800003    
   13.3495779       37.1500015    
   13.3662443       37.1100006    
   13.3829107       37.0699997    
   13.3995771       37.0299988    
   13.4162436       36.9799995    
   13.4329100       36.9399986    
   13.4495764       36.9000015    
   13.4662428       36.8499985    
   13.4829092       36.7999992    
   13.4995756       36.7500000    
   13.5162420       36.7000008    
   13.5329084       36.6500015    
   13.5495749       36.5999985    
   13.5662413       36.5499992    
   13.5829077       36.4900017    
   13.5995741       36.4399986    
   13.6162405       36.3800011    
   13.6329069       36.3199997    
   13.6495733       36.2599983    
   13.6662397       36.2000008    
   13.6829062       36.1399994    
   13.6995726       36.0800018    
   13.7162390       36.0099983    
   13.7329054       35.9500008    
   13.7495718       35.8800011    
   13.7662382       35.8100014    
   13.7829046       35.7500000    
   13.7995710       35.6800003    
   13.8162374       35.5999985    
   13.8329039       35.5299988    
   13.8495703       35.4599991    
   13.8662367       35.3899994    
   13.8829031       35.3100014    
   13.8995695       35.2299995    
   13.9162359       35.1500015    
   13.9329023       35.0800018    
   13.9495687       35.0000000    
   13.9662352       34.9099998    
   13.9829016       34.8300018    
   13.9995680       34.7500000    
   14.0162344       34.6599998    
   14.0329008       34.5800018    
   14.0495672       34.4900017    
   14.0662336       34.4000015    
   14.0829000       34.3100014    
   14.0995665       34.2200012    
   14.1162329       34.1300011    
   14.1328993       34.0400009    
   14.1495657       33.9500008    
   14.1662321       33.8499985    
   14.1828985       33.7599983    
   14.1995649       33.6599998    
   14.2162313       33.5600014    
   14.2328978       33.4599991    
   14.2495642       33.3600006    
   14.2662306       33.2599983    
   14.2828970       33.1599998    
   14.2995634       33.0600014    
   14.3162298       32.9599991    
   14.3328962       32.8499985    
   14.3495626       32.7400017    
   14.3662291       32.6399994    
   14.3828955       32.5299988    
   14.3995619       32.4199982    
   14.4162283       32.3100014    
   14.4328947       32.2000008    
   14.4495611       32.0900002    
   14.4662275       31.9699993    
   14.4828939       31.8600006    
   14.4995604       31.7500000    
   14.5162268       31.6299992    
   14.5328932       31.5100002    
   14.5495596       31.3999996    
   14.5662260       31.2800007    
   14.5828924       31.1599998    
   14.5995588       31.0400009    
   14.6162252       30.9200001    
   14.6328917       30.7900009    
   14.6495581       30.6700001    
   14.6662245       30.5499992    
   14.6828909       30.4200001    
   14.6995573       30.2999992    
   14.7162237       30.1700001    
   14.7328901       30.0400009    
   14.7495565       29.9099998    
   14.7662230       29.7900009    
   14.7828894       29.6599998    
   14.7995558       29.5200005    
   14.8162222       29.3899994    
   14.8328886       29.2600002    
   14.8495550       29.1299992    
   14.8662214       28.9899998    
   14.8828878       28.8600006    
   14.8995543       28.7199993    
   14.9162207       28.5799999    
   14.9328871       28.4500008    
   14.9495535       28.3099995    
   14.9662199       28.1700001    
   14.9828863       28.0300007    
   14.9995527       27.8899994    
   15.0162191       27.7500000    
   15.0328856       27.6100006    
   15.0495520       27.4699993    
   15.0662184       27.3199997    
   15.0828848       27.1800003    
   15.0995512       27.0300007    
   15.1162176       26.8899994    
   15.1328840       26.7399998    
   15.1495504       26.6000004    
   15.1662169       26.4500008    
   15.1828833       26.2999992    
   15.1995497       26.1499996    
   15.2162161       26.0000000    
   15.2328825       25.8500004    
   15.2495489       25.7000008    
   15.2662153       25.5499992    
   15.2828817       25.3999996    
   15.2995481       25.2500000    
   15.3162146       25.0900002    
   15.3328810       24.9400005    
   15.3495474       24.7900009    
   15.3662138       24.6299992    
   15.3828802       24.4799995    
   15.3995466       24.3199997    
   15.4162130       24.1700001    
   15.4328794       24.0100002    
   15.4495459       23.8500004    
   15.4662123       23.7000008    
   15.4828787       23.5400009    
   15.4995451       23.3799992    
   15.5162115       23.2199993    
   15.5328779       23.0599995    
   15.5495443       22.8999996    
   15.5662107       22.7399998    
   15.5828772       22.5799999    
   15.5995436       22.4200001    
   15.6162100       22.2600002    
   15.6328764       22.1000004    
   15.6495428       21.9400005    
   15.6662092       21.7800007    
   15.6828756       21.6100006    
   15.6995420       21.4500008    
   15.7162085       21.2900009    
   15.7328749       21.1299992    
   15.7495413       20.9599991    
   15.7662077       20.7999992    
   15.7828741       20.6299992    
   15.7995405       20.4699993    
   15.8162069       20.2999992    
   15.8328733       20.1399994    
   15.8495398       19.9799995    
   15.8662062       19.8099995    
   15.8828726       19.6399994    
   15.8995390       19.4799995    
   15.9162054       19.3099995    
   15.9328718       19.1499996    
   15.9495382       18.9799995    
   15.9662046       18.8199997    
   15.9828711       18.6499996    
   15.9995375       18.4799995    
   16.0162029       18.3199997    
   16.0328693       18.1499996    
   16.0495358       17.9899998    
   16.0662022       17.8199997    
   16.0828686       17.6499996    
   16.0995350       17.4899998    
   16.1162014       17.3199997    
   16.1328678       17.1499996    
   16.1495342       16.9899998    
   16.1662006       16.8199997    
   16.1828671       16.6599998    
   16.1995335       16.4899998    
   16.2161999       16.3199997    
   16.2328663       16.1599998    
   16.2495327       15.9899998    
   16.2661991       15.8299999    
   16.2828655       15.6599998    
   16.2995319       15.5000000    
   16.3161983       15.3299999    
   16.3328648       15.1700001    
   16.3495312       15.0000000    
   16.3661976       14.8400002    
   16.3828640       14.6800003    
   16.3995304       14.5100002    
   16.4161968       14.3500004    
   16.4328632       14.1800003    
   16.4495296       14.0200005    
   16.4661961       13.8599997    
   16.4828625       13.6999998    
   16.4995289       13.5400000    
   16.5161953       13.3699999    
   16.5328617       13.2100000    
   16.5495281       13.0500002    
   16.5661945       12.8900003    
   16.5828609       12.7299995    
   16.5995274       12.5699997    
   16.6161938       12.4200001    
   16.6328602       12.2600002    
   16.6495266       12.1000004    
   16.6661930       11.9399996    
   16.6828594       11.7900000    
   16.6995258       11.6300001    
   16.7161922       11.4700003    
   16.7328587       11.3199997    
   16.7495251       11.1700001    
   16.7661915       11.0100002    
   16.7828579       10.8599997    
   16.7995243       10.7100000    
   16.8161907       10.5500002    
   16.8328571       10.3999996    
   16.8495235       10.2500000    
   16.8661900       10.1000004    
   16.8828564       9.95499992    
   16.8995228       9.80599976    
   16.9161892       9.65900040    
   16.9328556       9.51200008    
   16.9495220       9.36600018    
   16.9661884       9.22099972    
   16.9828548       9.07600021    
   16.9995213       8.93299961    
   17.0161877       8.78999996    
   17.0328541       8.64799976    
   17.0495205       8.50699997    
   17.0661869       8.36699963    
   17.0828533       8.22799969    
   17.0995197       8.08899975    
   17.1161861       7.95200014    
   17.1328526       7.81500006    
   17.1495190       7.67999983    
   17.1661854       7.54500008    
   17.1828518       7.41099977    
   17.1995182       7.27799988    
   17.2161846       7.14699984    
   17.2328510       7.01599979    
   17.2495174       6.88600016    
   17.2661839       6.75699997    
   17.2828503       6.62900019    
   17.2995167       6.50199986    
   17.3161831       6.37599993    
   17.3328495       6.25099993    
   17.3495159       6.12699986    
   17.3661823       6.00400019    
   17.3828487       5.88199997    
   17.3995152       5.76200008    
   17.4161816       5.64200020    
   17.4328480       5.52299976    
   17.4495144       5.40600014    
   17.4661808       5.28900003    
   17.4828472       5.17399979    
   17.4995136       5.05900002    
   17.5161800       4.94600010    
   17.5328465       4.83400011    
   17.5495129       4.72200012    
   17.5661793       4.61199999    
   17.5828457       4.50299978    
   17.5995121       4.39499998    
   17.6161785       4.28800011    
   17.6328449       4.18200016    
   17.6495113       4.07800007    
   17.6661777       3.97399998    
   17.6828442       3.87100005    
   17.6995106       3.76999998    
   17.7161770       3.66899991    
   17.7328434       3.56900001    
   17.7495098       3.47099996    
   17.7661762       3.37400007    
   17.7828426       3.27699995    
   17.7995090       3.18199992    
   17.8161755       3.08699989    
   17.8328419       2.99399996    
   17.8495083       2.90199995    
   17.8661747       2.81100011    
   17.8828411       2.72099996    
   17.8995075       2.63199997    
   17.9161739       2.54399991    
   17.9328403       2.45700002    
   17.9495068       2.37100005    
   17.9661732       2.28600001    
   17.9828396       2.20199990    
   17.9995060       2.11899996    
   18.0161724       2.03800011    
   18.0328388       1.95700002    
   18.0495052       1.87800002    
   18.0661716       1.79900002    
   18.0828381       1.72200000    
   18.0995045       1.64600003    
   18.1161709       1.57099998    
   18.1328373       1.49699998    
   18.1495037       1.42499995    
   18.1661701       1.35300004    
   18.1828365       1.28299999    
   18.1995029       1.21500003    
   18.2161694       1.14699996    
   18.2328358       1.08099997    
   18.2495022       1.01600003    
   18.2661686      0.953299999    
   18.2828350      0.891600013    
   18.2995014      0.831499994    
   18.3161678      0.773100019    
   18.3328342      0.716499984    
   18.3495007      0.661499977    
   18.3661671      0.608500004    
   18.3828335      0.557500005    
   18.3994999      0.508599997    
   18.4161663      0.462099999    
   18.4328327      0.418399990    
   18.4494991      0.376500010    
   18.4661655      0.326499999    
   18.4828320      0.286000013    
   18.4994984      0.252900004    
   18.5161648      0.225700006    
   18.5328312      0.190300003    
   18.5494976      0.167199999    
   18.5661640      0.139200002    
   18.5828304      0.116300002    
   18.5994968       9.68099982E-02
   18.6161633       7.98299983E-02
   18.6328297       6.50599971E-02
   18.6494961       5.27199991E-02
   18.6661625       4.27000001E-02
   18.6828289       3.36700007E-02
   18.6994953       2.66999993E-02
   18.7161617       2.08100006E-02
   18.7328281       1.65199991E-02
   18.7494946       1.26900002E-02
   18.7661610       9.73100029E-03
   18.7828274       7.44199986E-03
   18.7994938       5.67399990E-03
   18.8161602       4.23600012E-03
   18.8328266       3.13599990E-03
   18.8494930       2.32500001E-03
   18.8661594       1.64799998E-03
   18.8828259       1.16099999E-03
   18.8994923       8.04800016E-04
   18.9161587       5.33499988E-04
   18.9328251       3.41200008E-04
   18.9494915       2.05200005E-04
   18.9661579       1.06799998E-04
   18.9828243       3.98699995E-05
   18.9994907       8.68000006E-06
   19.0161572       4.33899999E-07
   19.0328236       8.63999983E-10
   19.0494900       1.03299997E-12
   19.0661564       3.03400002E-16
   19.0828228       1.34000004E-20
   19.0994892       0.00000000    
   19.1161556       0.00000000    
   19.1328220       0.00000000    
   19.1494884       0.00000000    
   19.1661549       0.00000000    
   19.1828213       0.00000000    
   19.1994877       0.00000000    
   19.2161541       0.00000000    
   19.2328205       0.00000000    
   19.2494869       0.00000000    
   19.2661533       0.00000000    
   19.2828197       0.00000000    
   19.2994862       0.00000000    
   19.3161526       0.00000000    
   19.3328190       0.00000000    
   19.3494854       0.00000000    
   19.3661518       0.00000000    
   19.3828182       0.00000000    
   19.3994846       0.00000000    
   19.4161510       0.00000000    
   19.4328175       0.00000000    
   19.4494839       0.00000000    
   19.4661503       0.00000000    
   19.4828167       0.00000000    
   19.4994831       0.00000000    
   19.5161495       0.00000000    
   19.5328159       0.00000000    
   19.5494823       0.00000000    
   19.5661488       0.00000000    
   19.5828152       0.00000000    
   19.5994816       0.00000000    
   19.6161480       0.00000000    
   19.6328144       0.00000000    
   19.6494808       0.00000000    
   19.6661472       0.00000000    
   19.6828136       0.00000000    
   19.6994801       0.00000000    
   19.7161465       0.00000000    
   19.7328129       0.00000000    
   19.7494793       0.00000000    
   19.7661457       0.00000000    
   19.7828121       0.00000000    
   19.7994785       0.00000000    
   19.8161449       0.00000000    
   19.8328114       0.00000000    
   19.8494778       0.00000000    
   19.8661442       0.00000000    
   19.8828106       0.00000000    
   19.8994770       0.00000000    
   19.9161434       0.00000000    
   19.9328098       0.00000000    
   19.9494762       0.00000000    
   19.9661427       0.00000000    
   19.9828091       0.00000000    
   19.9994755       0.00000000    
   20.0161419       0.00000000    
   20.0328083       0.00000000    
   20.0494747       0.00000000    
   20.0661411       0.00000000    
   20.0828075       0.00000000    
   20.0994740       0.00000000    
   20.1161404       0.00000000    
   20.1328068       0.00000000    
   20.1494732       0.00000000    
   20.1661396       0.00000000    
   20.1828060       0.00000000    
   20.1994724       0.00000000    
   20.2161388       0.00000000    
   20.2328053       0.00000000    
   20.2494717       0.00000000    
   20.2661381       0.00000000    
   20.2828045       0.00000000    
   20.2994709       0.00000000    
   20.3161373       0.00000000    
   20.3328037       0.00000000    
   20.3494701       0.00000000    
   20.3661366       0.00000000    
   20.3828030       0.00000000    
   20.3994694       0.00000000    
   20.4161358       0.00000000    
   20.4328022       0.00000000    
   20.4494686       0.00000000    
   20.4661350       0.00000000    
   20.4828014       0.00000000    
   20.4994678       0.00000000    
   20.5161343       0.00000000    
   20.5328007       0.00000000    
   20.5494671       0.00000000    
   20.5661335       0.00000000    
   20.5827999       0.00000000    
   20.5994663       0.00000000    
   20.6161327       0.00000000    
   20.6327991       0.00000000    
   20.6494656       0.00000000    
   20.6661320       0.00000000    
   20.6827984       0.00000000    
   20.6994648       0.00000000    
   20.7161312       0.00000000    
   20.7327976       0.00000000    
   20.7494640       0.00000000    
   20.7661304       0.00000000    
   20.7827969       0.00000000    
   20.7994633       0.00000000    
   20.8161297       0.00000000    
   20.8327961       0.00000000    
   20.8494625       0.00000000    
   20.8661289       0.00000000    
   20.8827953       0.00000000    
   20.8994617       0.00000000    
   20.9161282       0.00000000    
   20.9327946       0.00000000    
   20.9494610       0.00000000    
   20.9661274       0.00000000    
   20.9827938       0.00000000    
   20.9994602       0.00000000    
   21.0161266       0.00000000    
   21.0327930       0.00000000    
   21.0494595       0.00000000    
   21.0661259       0.00000000    
   21.0827923       0.00000000    
   21.0994587       0.00000000    
   21.1161251       0.00000000    
   21.1327915       0.00000000    
   21.1494579       0.00000000    
   21.1661243       0.00000000    
   21.1827908       0.00000000    
   21.1994572       0.00000000    
   21.2161236       0.00000000    
   21.2327900       0.00000000    
   21.2494564       0.00000000    
   21.2661228       0.00000000    
   21.2827892       0.00000000    
   21.2994556       0.00000000    
   21.3161221       0.00000000    
   21.3327885       0.00000000    
   21.3494549       0.00000000    
   21.3661213       0.00000000    
   21.3827877       0.00000000    
   21.3994541       0.00000000    
   21.4161205       0.00000000    
   21.4327869       0.00000000    
   21.4494534       0.00000000    
   21.4661198       0.00000000    
   21.4827862       0.00000000    
   21.4994526       0.00000000    
   21.5161190       0.00000000    
   21.5327854       0.00000000    
   21.5494518       0.00000000    
   21.5661182       0.00000000    
   21.5827847       0.00000000    
   21.5994511       0.00000000    
   21.6161175       0.00000000    
   21.6327839       0.00000000    
   21.6494503       0.00000000    
   21.6661167       0.00000000    
   21.6827831       0.00000000    
   21.6994495       0.00000000    
   21.7161160       0.00000000    
   21.7327824       0.00000000    
   21.7494488       0.00000000    
   21.7661152       0.00000000    
   21.7827816       0.00000000    
   21.7994480       0.00000000    
   21.8161144       0.00000000    
   21.8327808       0.00000000    
   21.8494473       0.00000000    
   21.8661137       0.00000000    
   21.8827801       0.00000000    
   21.8994465       0.00000000    
   21.9161129       0.00000000    
   21.9327793       0.00000000    
   21.9494457       0.00000000    
   21.9661121       0.00000000    
   21.9827785       0.00000000    
   21.9994450       0.00000000    
   22.0161114       0.00000000    
   22.0327778       0.00000000    
   22.0494442       0.00000000    
   22.0661106       0.00000000    
   22.0827770       0.00000000    
   22.0994434       0.00000000    
   22.1161098       0.00000000    
   22.1327763       0.00000000    
   22.1494427       0.00000000    
   22.1661091       0.00000000    
   22.1827755       0.00000000    
   22.1994419       0.00000000    
   22.2161083       0.00000000    
   22.2327747       0.00000000    
   22.2494411       0.00000000    
   22.2661076       0.00000000    
   22.2827740       0.00000000    
   22.2994404       0.00000000    
   22.3161068       0.00000000    
   22.3327732       0.00000000    
   22.3494396       0.00000000    
   22.3661060       0.00000000    
   22.3827724       0.00000000    
   22.3994389       0.00000000    
   22.4161053       0.00000000    
   22.4327717       0.00000000    
   22.4494381       0.00000000    
   22.4661045       0.00000000    
   22.4827709       0.00000000    
   22.4994373       0.00000000    
   22.5161037       0.00000000    
   22.5327702       0.00000000    
   22.5494366       0.00000000    
   22.5661030       0.00000000    
   22.5827694       0.00000000    
   22.5994358       0.00000000    
   22.6161022       0.00000000    
   22.6327686       0.00000000    
   22.6494350       0.00000000    
   22.6661015       0.00000000    
   22.6827679       0.00000000    
   22.6994343       0.00000000    
   22.7161007       0.00000000    
   22.7327671       0.00000000    
   22.7494335       0.00000000    
   22.7660999       0.00000000    
   22.7827663       0.00000000    
   22.7994328       0.00000000    
   22.8160992       0.00000000    
   22.8327656       0.00000000    
   22.8494320       0.00000000    
   22.8660984       0.00000000    
   22.8827648       0.00000000    
   22.8994312       0.00000000    
   22.9160976       0.00000000    
   22.9327641       0.00000000    
   22.9494305       0.00000000    
   22.9660969       0.00000000    
   22.9827633       0.00000000    
   22.9994297       0.00000000    
   23.0160961       0.00000000    
   23.0327625       0.00000000    
   23.0494289       0.00000000    
   23.0660954       0.00000000    
   23.0827618       0.00000000    
   23.0994282       0.00000000    
   23.1160946       0.00000000    
   23.1327610       0.00000000    
   23.1494274       0.00000000    
   23.1660938       0.00000000    
   23.1827602       0.00000000    
   23.1994267       0.00000000    
   23.2160931       0.00000000    
   23.2327595       0.00000000    
   23.2494259       0.00000000    
   23.2660923       0.00000000    
   23.2827587       0.00000000    
   23.2994251       0.00000000    
   23.3160915       0.00000000    
   23.3327579       0.00000000    
   23.3494244       0.00000000    
   23.3660908       0.00000000    
   23.3827572       0.00000000    
   23.3994236       0.00000000    
   23.4160900       0.00000000    
   23.4327564       0.00000000    
   23.4494228       0.00000000    
   23.4660892       0.00000000    
   23.4827557       0.00000000    
   23.4994221       0.00000000    
   23.5160885       0.00000000    
   23.5327549       0.00000000    
   23.5494213       0.00000000    
   23.5660877       0.00000000    
   23.5827541       0.00000000    
   23.5994205       0.00000000    
   23.6160870       0.00000000    
   23.6327534       0.00000000    
   23.6494198       0.00000000    
   23.6660862       0.00000000    
   23.6827526       0.00000000    
   23.6994190       0.00000000    
   23.7160854       0.00000000    
   23.7327518       0.00000000    
   23.7494183       0.00000000    
   23.7660847       0.00000000    
   23.7827511       0.00000000    
   23.7994175       0.00000000    
   23.8160839       0.00000000    
   23.8327503       0.00000000    
   23.8494167       0.00000000    
   23.8660831       0.00000000    
   23.8827496       0.00000000    
   23.8994160       0.00000000    
   23.9160824       0.00000000    
   23.9327488       0.00000000    
   23.9494152       0.00000000    
   23.9660816       0.00000000    
   23.9827480       0.00000000    
