   0.00000000       0.00000000    
   1.66660007E-02   0.00000000    
   3.33320014E-02   0.00000000    
   4.99980003E-02   0.00000000    
   6.66640028E-02   0.00000000    
   8.33300054E-02   0.00000000    
   9.99960080E-02   0.00000000    
  0.116662011       0.00000000    
  0.133328006       0.00000000    
  0.149994001       0.00000000    
  0.166659996       0.00000000    
  0.183325991       0.00000000    
  0.199991986       0.00000000    
  0.216657981       0.00000000    
  0.233323976       0.00000000    
  0.249989972       0.00000000    
  0.266655982       0.00000000    
  0.283321977       0.00000000    
  0.299987972       0.00000000    
  0.316653967       0.00000000    
  0.333319962       0.00000000    
  0.349985957       0.00000000    
  0.366651952       0.00000000    
  0.383317947       0.00000000    
  0.399983943       0.00000000    
  0.416649938       0.00000000    
  0.433315933       0.00000000    
  0.449981928       0.00000000    
  0.466647923       0.00000000    
  0.483313918       0.00000000    
  0.499979913       0.00000000    
  0.516645908       0.00000000    
  0.533311903       0.00000000    
  0.549977899       0.00000000    
  0.566643894       0.00000000    
  0.583309889       0.00000000    
  0.599975884       0.00000000    
  0.616641879       0.00000000    
  0.633307874       0.00000000    
  0.649973869       0.00000000    
  0.666639864       0.00000000    
  0.683305860       0.00000000    
  0.699971855       0.00000000    
  0.716637850       0.00000000    
  0.733303845       0.00000000    
  0.749969840       0.00000000    
  0.766635835       0.00000000    
  0.783301830       0.00000000    
  0.799967825       0.00000000    
  0.816633821       0.00000000    
  0.833299816       0.00000000    
  0.849965811       0.00000000    
  0.866631806       0.00000000    
  0.883297801       0.00000000    
  0.899963796       0.00000000    
  0.916629791       0.00000000    
  0.933295786       0.00000000    
  0.949961782       0.00000000    
  0.966627777       0.00000000    
  0.983293772       0.00000000    
  0.999959767       0.00000000    
   1.01662576       0.00000000    
   1.03329182       0.00000000    
   1.04995787       0.00000000    
   1.06662393       0.00000000    
   1.08328998       0.00000000    
   1.09995604       0.00000000    
   1.11662209       0.00000000    
   1.13328815       0.00000000    
   1.14995420       0.00000000    
   1.16662025       0.00000000    
   1.18328631       0.00000000    
   1.19995236       0.00000000    
   1.21661842       0.00000000    
   1.23328447       0.00000000    
   1.24995053       0.00000000    
   1.26661658       0.00000000    
   1.28328264       0.00000000    
   1.29994869       0.00000000    
   1.31661475       0.00000000    
   1.33328080       0.00000000    
   1.34994686       0.00000000    
   1.36661291       0.00000000    
   1.38327897       0.00000000    
   1.39994502       0.00000000    
   1.41661108       0.00000000    
   1.43327713       0.00000000    
   1.44994318       0.00000000    
   1.46660924       0.00000000    
   1.48327529       0.00000000    
   1.49994135       0.00000000    
   1.51660740       0.00000000    
   1.53327346       0.00000000    
   1.54993951       0.00000000    
   1.56660557       0.00000000    
   1.58327162       0.00000000    
   1.59993768       0.00000000    
   1.61660373       0.00000000    
   1.63326979       0.00000000    
   1.64993584       0.00000000    
   1.66660190       0.00000000    
   1.68326795       0.00000000    
   1.69993401       0.00000000    
   1.71660006       0.00000000    
   1.73326612       0.00000000    
   1.74993217       0.00000000    
   1.76659822       0.00000000    
   1.78326428       0.00000000    
   1.79993033       0.00000000    
   1.81659639       0.00000000    
   1.83326244       0.00000000    
   1.84992850       0.00000000    
   1.86659455       0.00000000    
   1.88326061       0.00000000    
   1.89992666       0.00000000    
   1.91659272       0.00000000    
   1.93325877       0.00000000    
   1.94992483       0.00000000    
   1.96659088       0.00000000    
   1.98325694       0.00000000    
   1.99992299       0.00000000    
   2.01658893       0.00000000    
   2.03325486       0.00000000    
   2.04992080       0.00000000    
   2.06658673       0.00000000    
   2.08325267       0.00000000    
   2.09991860       0.00000000    
   2.11658454       0.00000000    
   2.13325047       0.00000000    
   2.14991641       0.00000000    
   2.16658235       0.00000000    
   2.18324828       0.00000000    
   2.19991422       0.00000000    
   2.21658015       0.00000000    
   2.23324609       0.00000000    
   2.24991202       0.00000000    
   2.26657796       0.00000000    
   2.28324389       0.00000000    
   2.29990983       0.00000000    
   2.31657577       0.00000000    
   2.33324170       0.00000000    
   2.34990764       0.00000000    
   2.36657357       0.00000000    
   2.38323951       0.00000000    
   2.39990544       0.00000000    
   2.41657138       0.00000000    
   2.43323731       0.00000000    
   2.44990325       0.00000000    
   2.46656919       0.00000000    
   2.48323512       0.00000000    
   2.49990106       0.00000000    
   2.51656699       0.00000000    
   2.53323293       0.00000000    
   2.54989886       0.00000000    
   2.56656480       0.00000000    
   2.58323073       0.00000000    
   2.59989667       0.00000000    
   2.61656260       0.00000000    
   2.63322854       0.00000000    
   2.64989448       0.00000000    
   2.66656041       0.00000000    
   2.68322635       0.00000000    
   2.69989228       0.00000000    
   2.71655822       0.00000000    
   2.73322415       0.00000000    
   2.74989009       0.00000000    
   2.76655602       0.00000000    
   2.78322196       0.00000000    
   2.79988790       0.00000000    
   2.81655383       0.00000000    
   2.83321977       0.00000000    
   2.84988570       0.00000000    
   2.86655164       0.00000000    
   2.88321757       0.00000000    
   2.89988351       0.00000000    
   2.91654944       0.00000000    
   2.93321538       0.00000000    
   2.94988132       0.00000000    
   2.96654725       0.00000000    
   2.98321319       0.00000000    
   2.99987912       0.00000000    
   3.01654506       0.00000000    
   3.03321099       0.00000000    
   3.04987693       0.00000000    
   3.06654286       0.00000000    
   3.08320880       0.00000000    
   3.09987473       0.00000000    
   3.11654067       0.00000000    
   3.13320661       0.00000000    
   3.14987254       0.00000000    
   3.16653848       0.00000000    
   3.18320441       0.00000000    
   3.19987035       0.00000000    
   3.21653628       0.00000000    
   3.23320222       0.00000000    
   3.24986815       0.00000000    
   3.26653409       0.00000000    
   3.28320003       0.00000000    
   3.29986596       0.00000000    
   3.31653190       0.00000000    
   3.33319783       0.00000000    
   3.34986377       0.00000000    
   3.36652970       0.00000000    
   3.38319564       0.00000000    
   3.39986157       0.00000000    
   3.41652751       0.00000000    
   3.43319345       0.00000000    
   3.44985938       0.00000000    
   3.46652532       0.00000000    
   3.48319125       0.00000000    
   3.49985719       0.00000000    
   3.51652312       0.00000000    
   3.53318906       0.00000000    
   3.54985499       0.00000000    
   3.56652093       0.00000000    
   3.58318686       0.00000000    
   3.59985280       0.00000000    
   3.61651874       0.00000000    
   3.63318467       0.00000000    
   3.64985061       0.00000000    
   3.66651654       0.00000000    
   3.68318248       0.00000000    
   3.69984841       0.00000000    
   3.71651435       0.00000000    
   3.73318028       0.00000000    
   3.74984622       0.00000000    
   3.76651216       0.00000000    
   3.78317809       0.00000000    
   3.79984403       0.00000000    
   3.81650996       0.00000000    
   3.83317590       0.00000000    
   3.84984183       0.00000000    
   3.86650777       0.00000000    
   3.88317370       0.00000000    
   3.89983964       0.00000000    
   3.91650558       0.00000000    
   3.93317151       0.00000000    
   3.94983745       0.00000000    
   3.96650338       0.00000000    
   3.98316932       0.00000000    
   3.99983525       0.00000000    
   4.01650143       0.00000000    
   4.03316736       0.00000000    
   4.04983330       0.00000000    
   4.06649923       0.00000000    
   4.08316517       0.00000000    
   4.09983110       0.00000000    
   4.11649704       0.00000000    
   4.13316298       0.00000000    
   4.14982891       0.00000000    
   4.16649485       0.00000000    
   4.18316078       0.00000000    
   4.19982672       0.00000000    
   4.21649265       0.00000000    
   4.23315859       0.00000000    
   4.24982452       0.00000000    
   4.26649046       0.00000000    
   4.28315639       0.00000000    
   4.29982233       0.00000000    
   4.31648827       0.00000000    
   4.33315420       0.00000000    
   4.34982014       0.00000000    
   4.36648607       0.00000000    
   4.38315201       0.00000000    
   4.39981794       0.00000000    
   4.41648388       0.00000000    
   4.43314981       0.00000000    
   4.44981575       0.00000000    
   4.46648169       0.00000000    
   4.48314762       0.00000000    
   4.49981356       0.00000000    
   4.51647949       0.00000000    
   4.53314543       0.00000000    
   4.54981136       0.00000000    
   4.56647730       0.00000000    
   4.58314323       0.00000000    
   4.59980917       0.00000000    
   4.61647511       0.00000000    
   4.63314104       0.00000000    
   4.64980698       0.00000000    
   4.66647291       0.00000000    
   4.68313885       0.00000000    
   4.69980478       0.00000000    
   4.71647072       0.00000000    
   4.73313665       0.00000000    
   4.74980259       0.00000000    
   4.76646852       0.00000000    
   4.78313446       0.00000000    
   4.79980040       0.00000000    
   4.81646633       0.00000000    
   4.83313227       0.00000000    
   4.84979820       0.00000000    
   4.86646414       0.00000000    
   4.88313007       0.00000000    
   4.89979601       0.00000000    
   4.91646194       0.00000000    
   4.93312788       0.00000000    
   4.94979382       0.00000000    
   4.96645975       0.00000000    
   4.98312569       0.00000000    
   4.99979162       0.00000000    
   5.01645756       0.00000000    
   5.03312349       0.00000000    
   5.04978943       0.00000000    
   5.06645536       0.00000000    
   5.08312130       0.00000000    
   5.09978724       0.00000000    
   5.11645317       0.00000000    
   5.13311911       0.00000000    
   5.14978504       0.00000000    
   5.16645098       0.00000000    
   5.18311691       0.00000000    
   5.19978285       0.00000000    
   5.21644878       0.00000000    
   5.23311472       0.00000000    
   5.24978065       0.00000000    
   5.26644659       0.00000000    
   5.28311253       0.00000000    
   5.29977846       0.00000000    
   5.31644440       0.00000000    
   5.33311033       0.00000000    
   5.34977627       0.00000000    
   5.36644220       0.00000000    
   5.38310814       0.00000000    
   5.39977407       0.00000000    
   5.41644001       0.00000000    
   5.43310595       0.00000000    
   5.44977188       0.00000000    
   5.46643782       0.00000000    
   5.48310375       0.00000000    
   5.49976969       0.00000000    
   5.51643562       0.00000000    
   5.53310156       0.00000000    
   5.54976749       0.00000000    
   5.56643343       0.00000000    
   5.58309937       0.00000000    
   5.59976530       0.00000000    
   5.61643124       0.00000000    
   5.63309717       0.00000000    
   5.64976311       0.00000000    
   5.66642904       0.00000000    
   5.68309498       0.00000000    
   5.69976091       0.00000000    
   5.71642685       0.00000000    
   5.73309278       0.00000000    
   5.74975872       0.00000000    
   5.76642466       0.00000000    
   5.78309059       0.00000000    
   5.79975653       0.00000000    
   5.81642246       0.00000000    
   5.83308840       0.00000000    
   5.84975433       0.00000000    
   5.86642027       0.00000000    
   5.88308620       0.00000000    
   5.89975214       0.00000000    
   5.91641808       0.00000000    
   5.93308401       0.00000000    
   5.94974995       0.00000000    
   5.96641588       0.00000000    
   5.98308182       0.00000000    
   5.99974775       0.00000000    
   6.01641369       0.00000000    
   6.03307962       0.00000000    
   6.04974556       0.00000000    
   6.06641150       0.00000000    
   6.08307743       0.00000000    
   6.09974337       0.00000000    
   6.11640930       0.00000000    
   6.13307524       0.00000000    
   6.14974117       0.00000000    
   6.16640711       0.00000000    
   6.18307304       0.00000000    
   6.19973898       0.00000000    
   6.21640491       0.00000000    
   6.23307085       0.00000000    
   6.24973679       0.00000000    
   6.26640272       0.00000000    
   6.28306866       0.00000000    
   6.29973459       0.00000000    
   6.31640053       0.00000000    
   6.33306646       0.00000000    
   6.34973240       0.00000000    
   6.36639833       0.00000000    
   6.38306427       0.00000000    
   6.39973021       0.00000000    
   6.41639614       0.00000000    
   6.43306208       0.00000000    
   6.44972801       4.09800002E-25
   6.46639395       1.59299993E-20
   6.48305988       9.83500014E-17
   6.49972582       1.91200002E-13
   6.51639175       1.97500002E-10
   6.53305769       3.92599997E-09
   6.54972363       2.19699992E-08
   6.56638956       6.38800017E-08
   6.58305550       1.42000005E-07
   6.59972143       2.78500011E-07
   6.61638737       5.11499991E-07
   6.63305330       8.84399981E-07
   6.64971924       1.40899999E-06
   6.66638517       2.14700003E-06
   6.68305111       3.15900002E-06
   6.69971704       4.36700020E-06
   6.71638298       6.01700003E-06
   6.73304892       8.12500002E-06
   6.74971485       1.06999996E-05
   6.76638079       1.39499998E-05
   6.78304672       1.80200004E-05
   6.79971266       2.31400008E-05
   6.81637859       2.86800005E-05
   6.83304453       3.60300000E-05
   6.84971046       4.42700002E-05
   6.86637640       5.49799988E-05
   6.88304234       6.62300008E-05
   6.89970827       7.96000022E-05
   6.91637421       9.51600014E-05
   6.93304014       1.13100003E-04
   6.94970608       1.34000002E-04
   6.96637201       1.59200004E-04
   6.98303795       1.79700000E-04
   6.99970388       2.11699997E-04
   7.01636982       2.36799999E-04
   7.03303576       2.67199997E-04
   7.04970169       3.04399990E-04
   7.06636763       3.49999988E-04
   7.08303356       3.88899993E-04
   7.09969950       4.30399989E-04
   7.11636543       4.74800006E-04
   7.13303137       5.21900016E-04
   7.14969730       5.71499986E-04
   7.16636324       6.23599975E-04
   7.18302917       6.78299984E-04
   7.19969511       7.35200010E-04
   7.21636105       7.94599997E-04
   7.23302698       8.56300001E-04
   7.24969292       9.20500024E-04
   7.26635885       9.87199950E-04
   7.28302479       1.05600001E-03
   7.29969072       1.12799997E-03
   7.31635666       1.20099995E-03
   7.33302259       1.27799995E-03
   7.34968853       1.35599996E-03
   7.36635447       1.43800001E-03
   7.38302040       1.52100006E-03
   7.39968634       1.60700001E-03
   7.41635227       1.69599999E-03
   7.43301821       1.78799999E-03
   7.44968414       1.88100000E-03
   7.46635008       1.97799993E-03
   7.48301601       2.07799999E-03
   7.49968195       2.18000007E-03
   7.51634789       2.28399993E-03
   7.53301382       2.39200005E-03
   7.54967976       2.50299997E-03
   7.56634569       2.61599990E-03
   7.58301163       2.73200008E-03
   7.59967756       2.85100006E-03
   7.61634350       2.97300005E-03
   7.63300943       3.09800007E-03
   7.64967537       3.22699989E-03
   7.66634130       3.35799996E-03
   7.68300724       3.49300005E-03
   7.69967318       3.63099994E-03
   7.71633911       3.77200008E-03
   7.73300505       3.91600002E-03
   7.74967098       4.06400021E-03
   7.76633692       4.21500020E-03
   7.78300285       4.37000021E-03
   7.79966879       4.52800002E-03
   7.81633472       4.68900008E-03
   7.83300066       4.85499995E-03
   7.84966660       5.02400007E-03
   7.86633253       5.19700022E-03
   7.88299847       5.37300017E-03
   7.89966440       5.55300014E-03
   7.91633034       5.73700015E-03
   7.93299627       5.92500018E-03
   7.94966221       6.11699978E-03
   7.96632814       6.31299987E-03
   7.98299408       6.51300000E-03
   7.99966002       6.71700016E-03
   8.01632595       6.92600012E-03
   8.03299236       7.13799987E-03
   8.04965878       7.35499989E-03
   8.06632519       7.57599995E-03
   8.08299160       7.80100003E-03
   8.09965801       8.03100038E-03
   8.11632442       8.26600008E-03
   8.13299084       8.50499980E-03
   8.14965725       8.74799956E-03
   8.16632366       8.99599958E-03
   8.18299007       9.24799964E-03
   8.19965649       9.50499997E-03
   8.21632290       9.76799987E-03
   8.23298931       1.00400001E-02
   8.24965572       1.03099998E-02
   8.26632214       1.05799995E-02
   8.28298855       1.08599998E-02
   8.29965496       1.11499997E-02
   8.31632137       1.14399996E-02
   8.33298779       1.17400000E-02
   8.34965420       1.20400004E-02
   8.36632061       1.23500004E-02
   8.38298702       1.26599995E-02
   8.39965343       1.29800001E-02
   8.41631985       1.32999998E-02
   8.43298626       1.36299999E-02
   8.44965267       1.39600001E-02
   8.46631908       1.42999999E-02
   8.48298550       1.46500003E-02
   8.49965191       1.49999997E-02
   8.51631832       1.53500000E-02
   8.53298473       1.57099999E-02
   8.54965115       1.60799995E-02
   8.56631756       1.64500009E-02
   8.58298397       1.68299992E-02
   8.59965038       1.72099993E-02
   8.61631680       1.75999999E-02
   8.63298321       1.79999992E-02
   8.64964962       1.84000004E-02
   8.66631603       1.87999997E-02
   8.68298244       1.92099996E-02
   8.69964886       1.96300000E-02
   8.71631527       2.00599991E-02
   8.73298168       2.04900000E-02
   8.74964809       2.09199991E-02
   8.76631451       2.13600006E-02
   8.78298092       2.18100008E-02
   8.79964733       2.22600009E-02
   8.81631374       2.27199998E-02
   8.83298016       2.31899992E-02
   8.84964657       2.36600004E-02
   8.86631298       2.41400003E-02
   8.88297939       2.46200003E-02
   8.89964581       2.51100007E-02
   8.91631222       2.55999994E-02
   8.93297863       2.61000004E-02
   8.94964504       2.66100001E-02
   8.96631145       2.71199998E-02
   8.98297787       2.76400000E-02
   8.99964428       2.81700008E-02
   9.01631069       2.86999997E-02
   9.03297710       2.92399991E-02
   9.04964352       2.97800004E-02
   9.06630993       3.03300004E-02
   9.08297634       3.08800004E-02
   9.09964275       3.14400010E-02
   9.11630917       3.20100002E-02
   9.13297558       3.25799994E-02
   9.14964199       3.31600010E-02
   9.16630840       3.37500013E-02
   9.18297482       3.43400016E-02
   9.19964123       3.49299982E-02
   9.21630764       3.55399996E-02
   9.23297405       3.61399986E-02
   9.24964046       3.67599986E-02
   9.26630688       3.73799987E-02
   9.28297329       3.79999988E-02
   9.29963970       3.86300012E-02
   9.31630611       3.92699987E-02
   9.33297253       3.99199985E-02
   9.34963894       4.05599996E-02
   9.36630535       4.12199982E-02
   9.38297176       4.18700017E-02
   9.39963818       4.25399989E-02
   9.41630459       4.32099998E-02
   9.43297100       4.38899994E-02
   9.44963741       4.45699990E-02
   9.46630383       4.52499986E-02
   9.48297024       4.59400006E-02
   9.49963665       4.66400012E-02
   9.51630306       4.73399982E-02
   9.53296947       4.80500013E-02
   9.54963589       4.87600006E-02
   9.56630230       4.94799986E-02
   9.58296871       5.02000004E-02
   9.59963512       5.09300008E-02
   9.61630154       5.16600013E-02
   9.63296795       5.24000004E-02
   9.64963436       5.31399995E-02
   9.66630077       5.38900010E-02
   9.68296719       5.46399988E-02
   9.69963360       5.53900003E-02
   9.71630001       5.61500005E-02
   9.73296642       5.69199994E-02
   9.74963284       5.76899983E-02
   9.76629925       5.84600009E-02
   9.78296566       5.92399985E-02
   9.79963207       6.00199997E-02
   9.81629848       6.08000010E-02
   9.83296490       6.15900010E-02
   9.84963131       6.23800009E-02
   9.86629772       6.31799996E-02
   9.88296413       6.39899969E-02
   9.89963055       6.47900030E-02
   9.91629696       6.56000003E-02
   9.93296337       6.63999990E-02
   9.94962978       6.72200024E-02
   9.96629620       6.80499971E-02
   9.98296261       6.88700005E-02
   9.99962902       6.97000027E-02
   10.0162954       7.05299973E-02
   10.0329618       7.13500008E-02
   10.0496283       7.21900016E-02
   10.0662947       7.30300024E-02
   10.0829611       7.38499984E-02
   10.0996275       7.47200027E-02
   10.1162939       7.55600035E-02
   10.1329603       7.63999969E-02
   10.1496267       7.72600025E-02
   10.1662931       7.81100020E-02
   10.1829596       7.89700001E-02
   10.1996260       7.98299983E-02
   10.2162924       8.06699991E-02
   10.2329588       8.15500021E-02
   10.2496252       8.24100003E-02
   10.2662916       8.32799971E-02
   10.2829580       8.40900019E-02
   10.2996244       8.50199983E-02
   10.3162909       8.58900025E-02
   10.3329573       8.67500007E-02
   10.3496237       8.76099989E-02
   10.3662901       8.85099992E-02
   10.3829565       8.93800035E-02
   10.3996229       9.02599990E-02
   10.4162893       9.11300033E-02
   10.4329557       9.20099989E-02
   10.4496222       9.28900018E-02
   10.4662886       9.37699974E-02
   10.4829550       9.46500003E-02
   10.4996214       9.55300033E-02
   10.5162878       9.64000002E-02
   10.5329542       9.72900018E-02
   10.5496206       9.81199965E-02
   10.5662870       9.90500003E-02
   10.5829535       9.99300033E-02
   10.5996199      0.100800000    
   10.6162863      0.101700000    
   10.6329527      0.102600001    
   10.6496191      0.103399999    
   10.6662855      0.104300000    
   10.6829519      0.105200000    
   10.6996183      0.106100000    
   10.7162848      0.107000001    
   10.7329512      0.107799999    
   10.7496176      0.108599998    
   10.7662840      0.109499998    
   10.7829504      0.110399999    
   10.7996168      0.111299999    
   10.8162832      0.112199999    
   10.8329496      0.112999998    
   10.8496161      0.113899998    
   10.8662825      0.114799999    
   10.8829489      0.115599997    
   10.8996153      0.116499998    
   10.9162817      0.117299996    
   10.9329481      0.118199997    
   10.9496145      0.119000003    
   10.9662809      0.119900003    
   10.9829473      0.120700002    
   10.9996138      0.121399999    
   11.0162802      0.122400001    
   11.0329466      0.123099998    
   11.0496130      0.124100000    
   11.0662794      0.124899998    
   11.0829458      0.125699997    
   11.0996122      0.126499996    
   11.1162786      0.127399996    
   11.1329451      0.128199995    
   11.1496115      0.128999993    
   11.1662779      0.129800007    
   11.1829443      0.130600005    
   11.1996107      0.131400004    
   11.2162771      0.132100001    
   11.2329435      0.133000001    
   11.2496099      0.133699998    
   11.2662764      0.134499997    
   11.2829428      0.135299996    
   11.2996092      0.136099994    
   11.3162756      0.136800006    
   11.3329420      0.137600005    
   11.3496084      0.138400003    
   11.3662748      0.139100000    
   11.3829412      0.139799997    
   11.3996077      0.140599996    
   11.4162741      0.141299993    
   11.4329405      0.142000005    
   11.4496069      0.142800003    
   11.4662733      0.143500000    
   11.4829397      0.144199997    
   11.4996061      0.144899994    
   11.5162725      0.145600006    
   11.5329390      0.146300003    
   11.5496054      0.147000000    
   11.5662718      0.147699997    
   11.5829382      0.148300007    
   11.5996046      0.149000004    
   11.6162710      0.149700001    
   11.6329374      0.150299996    
   11.6496038      0.150900006    
   11.6662703      0.151600003    
   11.6829367      0.152199998    
   11.6996031      0.152899995    
   11.7162695      0.153500006    
   11.7329359      0.154100001    
   11.7496023      0.154699996    
   11.7662687      0.155200005    
   11.7829351      0.155900002    
   11.7996016      0.156499997    
   11.8162680      0.157000005    
   11.8329344      0.157600001    
   11.8496008      0.158099994    
   11.8662672      0.158700004    
   11.8829336      0.159199998    
   11.8996000      0.159700006    
   11.9162664      0.160300002    
   11.9329329      0.160699993    
   11.9495993      0.161300004    
   11.9662657      0.161799997    
   11.9829321      0.162300006    
   11.9995985      0.162799999    
   12.0162649      0.163299993    
   12.0329313      0.163699999    
   12.0495977      0.164100006    
   12.0662642      0.164700001    
   12.0829306      0.165099993    
   12.0995970      0.165500000    
   12.1162634      0.165999994    
   12.1329298      0.166400000    
   12.1495962      0.166800007    
   12.1662626      0.167199999    
   12.1829290      0.167600006    
   12.1995955      0.167899996    
   12.2162619      0.168200001    
   12.2329283      0.168699995    
   12.2495947      0.169000000    
   12.2662611      0.169400007    
   12.2829275      0.169699997    
   12.2995939      0.170000002    
   12.3162603      0.170300007    
   12.3329268      0.170599997    
   12.3495932      0.170900002    
   12.3662596      0.171200007    
   12.3829260      0.171499997    
   12.3995924      0.171700001    
   12.4162588      0.172000006    
   12.4329252      0.172299996    
   12.4495916      0.172499999    
   12.4662580      0.172600001    
   12.4829245      0.172900006    
   12.4995909      0.173099995    
   12.5162573      0.173299998    
   12.5329237      0.173500001    
   12.5495901      0.173700005    
   12.5662565      0.173899993    
   12.5829229      0.173999995    
   12.5995893      0.174199998    
   12.6162558      0.174300000    
   12.6329222      0.174400002    
   12.6495886      0.174600005    
   12.6662550      0.174700007    
   12.6829214      0.174799994    
   12.6995878      0.174799994    
   12.7162542      0.174899995    
   12.7329206      0.174999997    
   12.7495871      0.174999997    
   12.7662535      0.175099999    
   12.7829199      0.175099999    
   12.7995863      0.175200000    
   12.8162527      0.175200000    
   12.8329191      0.175200000    
   12.8495855      0.175200000    
   12.8662519      0.175099999    
   12.8829184      0.175099999    
   12.8995848      0.175099999    
   12.9162512      0.174999997    
   12.9329176      0.174999997    
   12.9495840      0.174899995    
   12.9662504      0.174799994    
   12.9829168      0.174700007    
   12.9995832      0.174700007    
   13.0162497      0.174500003    
   13.0329161      0.174400002    
   13.0495825      0.174300000    
   13.0662489      0.174199998    
   13.0829153      0.173999995    
   13.0995817      0.173899993    
   13.1162481      0.173700005    
   13.1329145      0.173500001    
   13.1495810      0.173299998    
   13.1662474      0.173099995    
   13.1829138      0.172900006    
   13.1995802      0.172499999    
   13.2162466      0.172499999    
   13.2329130      0.172199994    
   13.2495794      0.172000006    
   13.2662458      0.171599999    
   13.2829123      0.171499997    
   13.2995787      0.171200007    
   13.3162451      0.170900002    
   13.3329115      0.170599997    
   13.3495779      0.170300007    
   13.3662443      0.170000002    
   13.3829107      0.169699997    
   13.3995771      0.169300005    
   13.4162436      0.169000000    
   13.4329100      0.168699995    
   13.4495764      0.168200001    
   13.4662428      0.167899996    
   13.4829092      0.167500004    
   13.4995756      0.167199999    
   13.5162420      0.166800007    
   13.5329084      0.166299999    
   13.5495749      0.165900007    
   13.5662413      0.165500000    
   13.5829077      0.165099993    
   13.5995741      0.164600000    
   13.6162405      0.164100006    
   13.6329069      0.163699999    
   13.6495733      0.163299993    
   13.6662397      0.162699997    
   13.6829062      0.162300006    
   13.6995726      0.161799997    
   13.7162390      0.161300004    
   13.7329054      0.160699993    
   13.7495718      0.160300002    
   13.7662382      0.159600005    
   13.7829046      0.159199998    
   13.7995710      0.158600003    
   13.8162374      0.158099994    
   13.8329039      0.157600001    
   13.8495703      0.157000005    
   13.8662367      0.156399995    
   13.8829031      0.155800000    
   13.8995695      0.155100003    
   13.9162359      0.154599994    
   13.9329023      0.153999999    
   13.9495687      0.153400004    
   13.9662352      0.152799994    
   13.9829016      0.152199998    
   13.9995680      0.151600003    
   14.0162344      0.150900006    
   14.0329008      0.150299996    
   14.0495672      0.149599999    
   14.0662336      0.149000004    
   14.0829000      0.148300007    
   14.0995665      0.147599995    
   14.1162329      0.146899998    
   14.1328993      0.146200001    
   14.1495657      0.145600006    
   14.1662321      0.144899994    
   14.1828985      0.144199997    
   14.1995649      0.143399999    
   14.2162313      0.142700002    
   14.2328978      0.142000005    
   14.2495642      0.141299993    
   14.2662306      0.140499994    
   14.2828970      0.139799997    
   14.2995634      0.139100000    
   14.3162298      0.138300002    
   14.3328962      0.137600005    
   14.3495626      0.136800006    
   14.3662291      0.136000007    
   14.3828955      0.135299996    
   14.3995619      0.134499997    
   14.4162283      0.133699998    
   14.4328947      0.132900000    
   14.4495611      0.132100001    
   14.4662275      0.131300002    
   14.4828939      0.130500004    
   14.4995604      0.129700005    
   14.5162268      0.128900006    
   14.5328932      0.128099993    
   14.5495596      0.127299994    
   14.5662260      0.126499996    
   14.5828924      0.125699997    
   14.5995588      0.124799997    
   14.6162252      0.123999998    
   14.6328917      0.123099998    
   14.6495581      0.122299999    
   14.6662245      0.121399999    
   14.6828909      0.120600000    
   14.6995573      0.119800001    
   14.7162237      0.119000003    
   14.7328901      0.118100002    
   14.7495565      0.117299996    
   14.7662230      0.116400003    
   14.7828894      0.115599997    
   14.7995558      0.114699997    
   14.8162222      0.113799997    
   14.8328886      0.112999998    
   14.8495550      0.112099998    
   14.8662214      0.111299999    
   14.8828878      0.110399999    
   14.8995543      0.109499998    
   14.9162207      0.108599998    
   14.9328871      0.107799999    
   14.9495535      0.106899999    
   14.9662199      0.105999999    
   14.9828863      0.105200000    
   14.9995527      0.104300000    
   15.0162191      0.103399999    
   15.0328856      0.102499999    
   15.0495520      0.101599999    
   15.0662184      0.100800000    
   15.0828848       9.98800024E-02
   15.0995512       9.89999995E-02
   15.1162176       9.81099978E-02
   15.1328840       9.72400010E-02
   15.1495504       9.63599980E-02
   15.1662169       9.54699963E-02
   15.1828833       9.45999995E-02
   15.1995497       9.37199965E-02
   15.2162161       9.28400010E-02
   15.2328825       9.19599980E-02
   15.2495489       9.10800025E-02
   15.2662153       9.01999995E-02
   15.2828817       8.93300027E-02
   15.2995481       8.84499997E-02
   15.3162146       8.75300020E-02
   15.3328810       8.67099985E-02
   15.3495474       8.58300030E-02
   15.3662138       8.49599987E-02
   15.3828802       8.40300024E-02
   15.3995466       8.32300037E-02
   15.4162130       8.23599994E-02
   15.4328794       8.15000013E-02
   15.4495459       8.06099996E-02
   15.4662123       7.97799975E-02
   15.4828787       7.89199993E-02
   15.4995451       7.80600011E-02
   15.5162115       7.72100016E-02
   15.5328779       7.63399974E-02
   15.5495443       7.55100027E-02
   15.5662107       7.46600032E-02
   15.5828772       7.38200024E-02
   15.5995436       7.29800016E-02
   15.6162100       7.21400008E-02
   15.6328764       7.12599978E-02
   15.6495428       7.04799965E-02
   15.6662092       6.96500018E-02
   15.6828756       6.88199997E-02
   15.6995420       6.80000037E-02
   15.7162085       6.71800002E-02
   15.7328749       6.63499981E-02
   15.7495413       6.55499995E-02
   15.7662077       6.47300035E-02
   15.7828741       6.39299974E-02
   15.7995405       6.31299987E-02
   15.8162069       6.23300001E-02
   15.8328733       6.15400001E-02
   15.8495398       6.07599989E-02
   15.8662062       5.99699989E-02
   15.8828726       5.91900013E-02
   15.8995390       5.84100001E-02
   15.9162054       5.76400012E-02
   15.9328718       5.68699986E-02
   15.9495382       5.61099984E-02
   15.9662046       5.53499982E-02
   15.9828711       5.45900017E-02
   15.9995375       5.38400002E-02
   16.0162029       5.31000011E-02
   16.0328693       5.23499995E-02
   16.0495358       5.16199991E-02
   16.0662022       5.08800000E-02
   16.0828686       5.01599982E-02
   16.0995350       4.94400002E-02
   16.1162014       4.87199984E-02
   16.1328678       4.80099991E-02
   16.1495342       4.72999997E-02
   16.1662006       4.65999991E-02
   16.1828671       4.58999984E-02
   16.1995335       4.52100001E-02
   16.2161999       4.45300005E-02
   16.2328663       4.38500009E-02
   16.2495327       4.31700014E-02
   16.2661991       4.25000004E-02
   16.2828655       4.18399982E-02
   16.2995319       4.11799997E-02
   16.3161983       4.05200012E-02
   16.3328648       3.98800001E-02
   16.3495312       3.92300002E-02
   16.3661976       3.86000015E-02
   16.3828640       3.79699990E-02
   16.3995304       3.73400003E-02
   16.4161968       3.67200002E-02
   16.4328632       3.61099988E-02
   16.4495296       3.55000012E-02
   16.4661961       3.48999985E-02
   16.4828625       3.42999995E-02
   16.4995289       3.37099992E-02
   16.5161953       3.31300013E-02
   16.5328617       3.25499997E-02
   16.5495281       3.19800004E-02
   16.5661945       3.14100012E-02
   16.5828609       3.08500007E-02
   16.5995274       3.03000007E-02
   16.6161938       2.97500007E-02
   16.6328602       2.92099994E-02
   16.6495266       2.86699999E-02
   16.6661930       2.81399991E-02
   16.6828594       2.76100002E-02
   16.6995258       2.70900000E-02
   16.7161922       2.65800003E-02
   16.7328587       2.60700006E-02
   16.7495251       2.55800001E-02
   16.7661915       2.50799991E-02
   16.7828579       2.45900005E-02
   16.7995243       2.41100006E-02
   16.8161907       2.36300007E-02
   16.8328571       2.31599994E-02
   16.8495235       2.27000006E-02
   16.8661900       2.22399998E-02
   16.8828564       2.17799991E-02
   16.8995228       2.13399995E-02
   16.9161892       2.08999999E-02
   16.9328556       2.04600003E-02
   16.9495220       2.00299993E-02
   16.9661884       1.96100008E-02
   16.9828548       1.91900004E-02
   16.9995213       1.87800005E-02
   17.0161877       1.83700006E-02
   17.0328541       1.79699995E-02
   17.0495205       1.75800007E-02
   17.0661869       1.71900000E-02
   17.0828533       1.68099999E-02
   17.0995197       1.64299998E-02
   17.1161861       1.60600003E-02
   17.1328526       1.56900007E-02
   17.1495190       1.53299998E-02
   17.1661854       1.49800004E-02
   17.1828518       1.46300001E-02
   17.1995182       1.42799998E-02
   17.2161846       1.39400000E-02
   17.2328510       1.36099998E-02
   17.2495174       1.32799996E-02
   17.2661839       1.29600000E-02
   17.2828503       1.26400003E-02
   17.2995167       1.23300003E-02
   17.3161831       1.20299999E-02
   17.3328495       1.17199998E-02
   17.3495159       1.14300000E-02
   17.3661823       1.11400001E-02
   17.3828487       1.08500002E-02
   17.3995152       1.05699999E-02
   17.4161816       1.02899997E-02
   17.4328480       1.00199999E-02
   17.4495144       9.75400023E-03
   17.4661808       9.49199963E-03
   17.4828472       9.23400000E-03
   17.4995136       8.98300018E-03
   17.5161800       8.73500016E-03
   17.5328465       8.49100016E-03
   17.5495129       8.25299975E-03
   17.5661793       8.01900029E-03
   17.5828457       7.78899994E-03
   17.5995121       7.56399985E-03
   17.6161785       7.34299980E-03
   17.6328449       7.12700002E-03
   17.6495113       6.91400003E-03
   17.6661777       6.70599984E-03
   17.6828442       6.50299992E-03
   17.6995106       6.30299980E-03
   17.7161770       6.10700017E-03
   17.7328434       5.91500010E-03
   17.7495098       5.72799984E-03
   17.7661762       5.54399984E-03
   17.7828426       5.36399987E-03
   17.7995090       5.18799992E-03
   17.8161755       5.01499977E-03
   17.8328419       4.84600011E-03
   17.8495083       4.68100002E-03
   17.8661747       4.51999996E-03
   17.8828411       4.36200015E-03
   17.8995075       4.20700014E-03
   17.9161739       4.05600015E-03
   17.9328403       3.90900020E-03
   17.9495068       3.76400002E-03
   17.9661732       3.62399989E-03
   17.9828396       3.48600000E-03
   17.9995060       3.35199991E-03
   18.0161724       3.22000007E-03
   18.0328388       3.09200003E-03
   18.0495052       2.96700001E-03
   18.0661716       2.84500001E-03
   18.0828381       2.72600004E-03
   18.0995045       2.61000008E-03
   18.1161709       2.49699992E-03
   18.1328373       2.38700002E-03
   18.1495037       2.27899989E-03
   18.1661701       2.17500003E-03
   18.1828365       2.07299995E-03
   18.1995029       1.97299989E-03
   18.2161694       1.87699997E-03
   18.2328358       1.78299996E-03
   18.2495022       1.69199996E-03
   18.2661686       1.60299998E-03
   18.2828350       1.51700003E-03
   18.2995014       1.43399998E-03
   18.3161678       1.35300006E-03
   18.3328342       1.27400004E-03
   18.3495007       1.19800004E-03
   18.3661671       1.12399994E-03
   18.3828335       1.05299999E-03
   18.3994999       9.84000042E-04
   18.4161663       9.17500001E-04
   18.4328327       8.53599980E-04
   18.4494991       7.91899976E-04
   18.4661655       7.32599990E-04
   18.4828320       6.75700023E-04
   18.4994984       6.21300016E-04
   18.5161648       5.69300028E-04
   18.5328312       5.19800000E-04
   18.5494976       4.72799991E-04
   18.5661640       4.28500003E-04
   18.5828304       3.87100008E-04
   18.5994968       3.47900001E-04
   18.6161633       3.02700006E-04
   18.6328297       2.65799987E-04
   18.6494961       2.35600004E-04
   18.6661625       2.10700004E-04
   18.6828289       1.78699993E-04
   18.6994953       1.58499999E-04
   18.7161617       1.33299996E-04
   18.7328281       1.12399997E-04
   18.7494946       9.45400025E-05
   18.7661610       7.90799968E-05
   18.7828274       6.58200006E-05
   18.7994938       5.46699994E-05
   18.8161602       4.38800016E-05
   18.8328266       3.57899989E-05
   18.8494930       2.84100006E-05
   18.8661594       2.28699992E-05
   18.8828259       1.78999999E-05
   18.8994923       1.38500000E-05
   18.9161587       1.06199996E-05
   18.9328251       8.06000025E-06
   18.9494915       5.91600019E-06
   18.9661579       4.32099978E-06
   18.9828243       3.11800000E-06
   18.9994907       2.12100008E-06
   19.0161572       1.38300004E-06
   19.0328236       8.56200018E-07
   19.0494900       5.00499993E-07
   19.0661564       2.71099992E-07
   19.0828228       1.36799997E-07
   19.0994892       6.19499971E-08
   19.1161556       2.11700009E-08
   19.1328220       3.57399998E-09
   19.1494884       1.75699996E-10
   19.1661549       1.44499999E-13
   19.1828213       7.29499979E-17
   19.1994877       1.04600002E-20
   19.2161541       2.22899995E-25
   19.2328205       0.00000000    
   19.2494869       0.00000000    
   19.2661533       0.00000000    
   19.2828197       0.00000000    
   19.2994862       0.00000000    
   19.3161526       0.00000000    
   19.3328190       0.00000000    
   19.3494854       0.00000000    
   19.3661518       0.00000000    
   19.3828182       0.00000000    
   19.3994846       0.00000000    
   19.4161510       0.00000000    
   19.4328175       0.00000000    
   19.4494839       0.00000000    
   19.4661503       0.00000000    
   19.4828167       0.00000000    
   19.4994831       0.00000000    
   19.5161495       0.00000000    
   19.5328159       0.00000000    
   19.5494823       0.00000000    
   19.5661488       0.00000000    
   19.5828152       0.00000000    
   19.5994816       0.00000000    
   19.6161480       0.00000000    
   19.6328144       0.00000000    
   19.6494808       0.00000000    
   19.6661472       0.00000000    
   19.6828136       0.00000000    
   19.6994801       0.00000000    
   19.7161465       0.00000000    
   19.7328129       0.00000000    
   19.7494793       0.00000000    
   19.7661457       0.00000000    
   19.7828121       0.00000000    
   19.7994785       0.00000000    
   19.8161449       0.00000000    
   19.8328114       0.00000000    
   19.8494778       0.00000000    
   19.8661442       0.00000000    
   19.8828106       0.00000000    
   19.8994770       0.00000000    
   19.9161434       0.00000000    
   19.9328098       0.00000000    
   19.9494762       0.00000000    
   19.9661427       0.00000000    
   19.9828091       0.00000000    
   19.9994755       0.00000000    
   20.0161419       0.00000000    
   20.0328083       0.00000000    
   20.0494747       0.00000000    
   20.0661411       0.00000000    
   20.0828075       0.00000000    
   20.0994740       0.00000000    
   20.1161404       0.00000000    
   20.1328068       0.00000000    
   20.1494732       0.00000000    
   20.1661396       0.00000000    
   20.1828060       0.00000000    
   20.1994724       0.00000000    
   20.2161388       0.00000000    
   20.2328053       0.00000000    
   20.2494717       0.00000000    
   20.2661381       0.00000000    
   20.2828045       0.00000000    
   20.2994709       0.00000000    
   20.3161373       0.00000000    
   20.3328037       0.00000000    
   20.3494701       0.00000000    
   20.3661366       0.00000000    
   20.3828030       0.00000000    
   20.3994694       0.00000000    
   20.4161358       0.00000000    
   20.4328022       0.00000000    
   20.4494686       0.00000000    
   20.4661350       0.00000000    
   20.4828014       0.00000000    
   20.4994678       0.00000000    
   20.5161343       0.00000000    
   20.5328007       0.00000000    
   20.5494671       0.00000000    
   20.5661335       0.00000000    
   20.5827999       0.00000000    
   20.5994663       0.00000000    
   20.6161327       0.00000000    
   20.6327991       0.00000000    
   20.6494656       0.00000000    
   20.6661320       0.00000000    
   20.6827984       0.00000000    
   20.6994648       0.00000000    
   20.7161312       0.00000000    
   20.7327976       0.00000000    
   20.7494640       0.00000000    
   20.7661304       0.00000000    
   20.7827969       0.00000000    
   20.7994633       0.00000000    
   20.8161297       0.00000000    
   20.8327961       0.00000000    
   20.8494625       0.00000000    
   20.8661289       0.00000000    
   20.8827953       0.00000000    
   20.8994617       0.00000000    
   20.9161282       0.00000000    
   20.9327946       0.00000000    
   20.9494610       0.00000000    
   20.9661274       0.00000000    
   20.9827938       0.00000000    
   20.9994602       0.00000000    
   21.0161266       0.00000000    
   21.0327930       0.00000000    
   21.0494595       0.00000000    
   21.0661259       0.00000000    
   21.0827923       0.00000000    
   21.0994587       0.00000000    
   21.1161251       0.00000000    
   21.1327915       0.00000000    
   21.1494579       0.00000000    
   21.1661243       0.00000000    
   21.1827908       0.00000000    
   21.1994572       0.00000000    
   21.2161236       0.00000000    
   21.2327900       0.00000000    
   21.2494564       0.00000000    
   21.2661228       0.00000000    
   21.2827892       0.00000000    
   21.2994556       0.00000000    
   21.3161221       0.00000000    
   21.3327885       0.00000000    
   21.3494549       0.00000000    
   21.3661213       0.00000000    
   21.3827877       0.00000000    
   21.3994541       0.00000000    
   21.4161205       0.00000000    
   21.4327869       0.00000000    
   21.4494534       0.00000000    
   21.4661198       0.00000000    
   21.4827862       0.00000000    
   21.4994526       0.00000000    
   21.5161190       0.00000000    
   21.5327854       0.00000000    
   21.5494518       0.00000000    
   21.5661182       0.00000000    
   21.5827847       0.00000000    
   21.5994511       0.00000000    
   21.6161175       0.00000000    
   21.6327839       0.00000000    
   21.6494503       0.00000000    
   21.6661167       0.00000000    
   21.6827831       0.00000000    
   21.6994495       0.00000000    
   21.7161160       0.00000000    
   21.7327824       0.00000000    
   21.7494488       0.00000000    
   21.7661152       0.00000000    
   21.7827816       0.00000000    
   21.7994480       0.00000000    
   21.8161144       0.00000000    
   21.8327808       0.00000000    
   21.8494473       0.00000000    
   21.8661137       0.00000000    
   21.8827801       0.00000000    
   21.8994465       0.00000000    
   21.9161129       0.00000000    
   21.9327793       0.00000000    
   21.9494457       0.00000000    
   21.9661121       0.00000000    
   21.9827785       0.00000000    
   21.9994450       0.00000000    
   22.0161114       0.00000000    
   22.0327778       0.00000000    
   22.0494442       0.00000000    
   22.0661106       0.00000000    
   22.0827770       0.00000000    
   22.0994434       0.00000000    
   22.1161098       0.00000000    
   22.1327763       0.00000000    
   22.1494427       0.00000000    
   22.1661091       0.00000000    
   22.1827755       0.00000000    
   22.1994419       0.00000000    
   22.2161083       0.00000000    
   22.2327747       0.00000000    
   22.2494411       0.00000000    
   22.2661076       0.00000000    
   22.2827740       0.00000000    
   22.2994404       0.00000000    
   22.3161068       0.00000000    
   22.3327732       0.00000000    
   22.3494396       0.00000000    
   22.3661060       0.00000000    
   22.3827724       0.00000000    
   22.3994389       0.00000000    
   22.4161053       0.00000000    
   22.4327717       0.00000000    
   22.4494381       0.00000000    
   22.4661045       0.00000000    
   22.4827709       0.00000000    
   22.4994373       0.00000000    
   22.5161037       0.00000000    
   22.5327702       0.00000000    
   22.5494366       0.00000000    
   22.5661030       0.00000000    
   22.5827694       0.00000000    
   22.5994358       0.00000000    
   22.6161022       0.00000000    
   22.6327686       0.00000000    
   22.6494350       0.00000000    
   22.6661015       0.00000000    
   22.6827679       0.00000000    
   22.6994343       0.00000000    
   22.7161007       0.00000000    
   22.7327671       0.00000000    
   22.7494335       0.00000000    
   22.7660999       0.00000000    
   22.7827663       0.00000000    
   22.7994328       0.00000000    
   22.8160992       0.00000000    
   22.8327656       0.00000000    
   22.8494320       0.00000000    
   22.8660984       0.00000000    
   22.8827648       0.00000000    
   22.8994312       0.00000000    
   22.9160976       0.00000000    
   22.9327641       0.00000000    
   22.9494305       0.00000000    
   22.9660969       0.00000000    
   22.9827633       0.00000000    
   22.9994297       0.00000000    
   23.0160961       0.00000000    
   23.0327625       0.00000000    
   23.0494289       0.00000000    
   23.0660954       0.00000000    
   23.0827618       0.00000000    
   23.0994282       0.00000000    
   23.1160946       0.00000000    
   23.1327610       0.00000000    
   23.1494274       0.00000000    
   23.1660938       0.00000000    
   23.1827602       0.00000000    
   23.1994267       0.00000000    
   23.2160931       0.00000000    
   23.2327595       0.00000000    
   23.2494259       0.00000000    
   23.2660923       0.00000000    
   23.2827587       0.00000000    
   23.2994251       0.00000000    
   23.3160915       0.00000000    
   23.3327579       0.00000000    
   23.3494244       0.00000000    
   23.3660908       0.00000000    
   23.3827572       0.00000000    
   23.3994236       0.00000000    
   23.4160900       0.00000000    
   23.4327564       0.00000000    
   23.4494228       0.00000000    
   23.4660892       0.00000000    
   23.4827557       0.00000000    
   23.4994221       0.00000000    
   23.5160885       0.00000000    
   23.5327549       0.00000000    
   23.5494213       0.00000000    
   23.5660877       0.00000000    
   23.5827541       0.00000000    
   23.5994205       0.00000000    
   23.6160870       0.00000000    
   23.6327534       0.00000000    
   23.6494198       0.00000000    
   23.6660862       0.00000000    
   23.6827526       0.00000000    
   23.6994190       0.00000000    
   23.7160854       0.00000000    
   23.7327518       0.00000000    
   23.7494183       0.00000000    
   23.7660847       0.00000000    
   23.7827511       0.00000000    
   23.7994175       0.00000000    
   23.8160839       0.00000000    
   23.8327503       0.00000000    
   23.8494167       0.00000000    
   23.8660831       0.00000000    
   23.8827496       0.00000000    
   23.8994160       0.00000000    
   23.9160824       0.00000000    
   23.9327488       0.00000000    
   23.9494152       0.00000000    
   23.9660816       0.00000000    
   23.9827480       0.00000000    
