   0.00000000       0.00000000    
   1.66660007E-02   0.00000000    
   3.33320014E-02   0.00000000    
   4.99980003E-02   0.00000000    
   6.66640028E-02   0.00000000    
   8.33300054E-02   0.00000000    
   9.99960080E-02   0.00000000    
  0.116662011       0.00000000    
  0.133328006       0.00000000    
  0.149994001       0.00000000    
  0.166659996       0.00000000    
  0.183325991       0.00000000    
  0.199991986       0.00000000    
  0.216657981       0.00000000    
  0.233323976       0.00000000    
  0.249989972       0.00000000    
  0.266655982       0.00000000    
  0.283321977       0.00000000    
  0.299987972       0.00000000    
  0.316653967       0.00000000    
  0.333319962       0.00000000    
  0.349985957       0.00000000    
  0.366651952       0.00000000    
  0.383317947       0.00000000    
  0.399983943       0.00000000    
  0.416649938       0.00000000    
  0.433315933       0.00000000    
  0.449981928       0.00000000    
  0.466647923       0.00000000    
  0.483313918       0.00000000    
  0.499979913       0.00000000    
  0.516645908       0.00000000    
  0.533311903       0.00000000    
  0.549977899       0.00000000    
  0.566643894       0.00000000    
  0.583309889       0.00000000    
  0.599975884       0.00000000    
  0.616641879       0.00000000    
  0.633307874       0.00000000    
  0.649973869       0.00000000    
  0.666639864       0.00000000    
  0.683305860       0.00000000    
  0.699971855       0.00000000    
  0.716637850       0.00000000    
  0.733303845       0.00000000    
  0.749969840       0.00000000    
  0.766635835       0.00000000    
  0.783301830       0.00000000    
  0.799967825       0.00000000    
  0.816633821       0.00000000    
  0.833299816       0.00000000    
  0.849965811       0.00000000    
  0.866631806       0.00000000    
  0.883297801       0.00000000    
  0.899963796       0.00000000    
  0.916629791       0.00000000    
  0.933295786       0.00000000    
  0.949961782       0.00000000    
  0.966627777       0.00000000    
  0.983293772       0.00000000    
  0.999959767       0.00000000    
   1.01662576       0.00000000    
   1.03329182       0.00000000    
   1.04995787       0.00000000    
   1.06662393       0.00000000    
   1.08328998       0.00000000    
   1.09995604       0.00000000    
   1.11662209       0.00000000    
   1.13328815       0.00000000    
   1.14995420       0.00000000    
   1.16662025       0.00000000    
   1.18328631       0.00000000    
   1.19995236       0.00000000    
   1.21661842       0.00000000    
   1.23328447       0.00000000    
   1.24995053       0.00000000    
   1.26661658       0.00000000    
   1.28328264       0.00000000    
   1.29994869       0.00000000    
   1.31661475       0.00000000    
   1.33328080       0.00000000    
   1.34994686       0.00000000    
   1.36661291       0.00000000    
   1.38327897       0.00000000    
   1.39994502       0.00000000    
   1.41661108       0.00000000    
   1.43327713       0.00000000    
   1.44994318       0.00000000    
   1.46660924       0.00000000    
   1.48327529       0.00000000    
   1.49994135       0.00000000    
   1.51660740       0.00000000    
   1.53327346       0.00000000    
   1.54993951       0.00000000    
   1.56660557       0.00000000    
   1.58327162       0.00000000    
   1.59993768       0.00000000    
   1.61660373       0.00000000    
   1.63326979       0.00000000    
   1.64993584       0.00000000    
   1.66660190       0.00000000    
   1.68326795       0.00000000    
   1.69993401       0.00000000    
   1.71660006       0.00000000    
   1.73326612       0.00000000    
   1.74993217       0.00000000    
   1.76659822       0.00000000    
   1.78326428       0.00000000    
   1.79993033       0.00000000    
   1.81659639       0.00000000    
   1.83326244       0.00000000    
   1.84992850       0.00000000    
   1.86659455       0.00000000    
   1.88326061       0.00000000    
   1.89992666       0.00000000    
   1.91659272       0.00000000    
   1.93325877       0.00000000    
   1.94992483       0.00000000    
   1.96659088       0.00000000    
   1.98325694       0.00000000    
   1.99992299       0.00000000    
   2.01658893       0.00000000    
   2.03325486       0.00000000    
   2.04992080       0.00000000    
   2.06658673       0.00000000    
   2.08325267       0.00000000    
   2.09991860       0.00000000    
   2.11658454       0.00000000    
   2.13325047       0.00000000    
   2.14991641       0.00000000    
   2.16658235       0.00000000    
   2.18324828       0.00000000    
   2.19991422       0.00000000    
   2.21658015       0.00000000    
   2.23324609       0.00000000    
   2.24991202       0.00000000    
   2.26657796       0.00000000    
   2.28324389       0.00000000    
   2.29990983       0.00000000    
   2.31657577       0.00000000    
   2.33324170       0.00000000    
   2.34990764       0.00000000    
   2.36657357       0.00000000    
   2.38323951       0.00000000    
   2.39990544       0.00000000    
   2.41657138       0.00000000    
   2.43323731       0.00000000    
   2.44990325       0.00000000    
   2.46656919       0.00000000    
   2.48323512       0.00000000    
   2.49990106       0.00000000    
   2.51656699       0.00000000    
   2.53323293       0.00000000    
   2.54989886       0.00000000    
   2.56656480       0.00000000    
   2.58323073       0.00000000    
   2.59989667       0.00000000    
   2.61656260       0.00000000    
   2.63322854       0.00000000    
   2.64989448       0.00000000    
   2.66656041       0.00000000    
   2.68322635       0.00000000    
   2.69989228       0.00000000    
   2.71655822       0.00000000    
   2.73322415       0.00000000    
   2.74989009       0.00000000    
   2.76655602       0.00000000    
   2.78322196       0.00000000    
   2.79988790       0.00000000    
   2.81655383       0.00000000    
   2.83321977       0.00000000    
   2.84988570       0.00000000    
   2.86655164       0.00000000    
   2.88321757       0.00000000    
   2.89988351       0.00000000    
   2.91654944       0.00000000    
   2.93321538       0.00000000    
   2.94988132       0.00000000    
   2.96654725       0.00000000    
   2.98321319       0.00000000    
   2.99987912       0.00000000    
   3.01654506       0.00000000    
   3.03321099       0.00000000    
   3.04987693       0.00000000    
   3.06654286       0.00000000    
   3.08320880       0.00000000    
   3.09987473       0.00000000    
   3.11654067       0.00000000    
   3.13320661       0.00000000    
   3.14987254       0.00000000    
   3.16653848       0.00000000    
   3.18320441       0.00000000    
   3.19987035       0.00000000    
   3.21653628       0.00000000    
   3.23320222       0.00000000    
   3.24986815       0.00000000    
   3.26653409       0.00000000    
   3.28320003       0.00000000    
   3.29986596       0.00000000    
   3.31653190       0.00000000    
   3.33319783       0.00000000    
   3.34986377       0.00000000    
   3.36652970       0.00000000    
   3.38319564       0.00000000    
   3.39986157       0.00000000    
   3.41652751       0.00000000    
   3.43319345       0.00000000    
   3.44985938       0.00000000    
   3.46652532       0.00000000    
   3.48319125       0.00000000    
   3.49985719       0.00000000    
   3.51652312       0.00000000    
   3.53318906       0.00000000    
   3.54985499       0.00000000    
   3.56652093       0.00000000    
   3.58318686       0.00000000    
   3.59985280       0.00000000    
   3.61651874       0.00000000    
   3.63318467       0.00000000    
   3.64985061       0.00000000    
   3.66651654       0.00000000    
   3.68318248       0.00000000    
   3.69984841       0.00000000    
   3.71651435       0.00000000    
   3.73318028       0.00000000    
   3.74984622       0.00000000    
   3.76651216       0.00000000    
   3.78317809       0.00000000    
   3.79984403       0.00000000    
   3.81650996       0.00000000    
   3.83317590       0.00000000    
   3.84984183       0.00000000    
   3.86650777       0.00000000    
   3.88317370       0.00000000    
   3.89983964       0.00000000    
   3.91650558       0.00000000    
   3.93317151       0.00000000    
   3.94983745       0.00000000    
   3.96650338       0.00000000    
   3.98316932       0.00000000    
   3.99983525       0.00000000    
   4.01650143       0.00000000    
   4.03316736       0.00000000    
   4.04983330       0.00000000    
   4.06649923       0.00000000    
   4.08316517       0.00000000    
   4.09983110       0.00000000    
   4.11649704       0.00000000    
   4.13316298       0.00000000    
   4.14982891       0.00000000    
   4.16649485       0.00000000    
   4.18316078       0.00000000    
   4.19982672       0.00000000    
   4.21649265       0.00000000    
   4.23315859       0.00000000    
   4.24982452       0.00000000    
   4.26649046       0.00000000    
   4.28315639       0.00000000    
   4.29982233       0.00000000    
   4.31648827       0.00000000    
   4.33315420       0.00000000    
   4.34982014       0.00000000    
   4.36648607       0.00000000    
   4.38315201       0.00000000    
   4.39981794       0.00000000    
   4.41648388       0.00000000    
   4.43314981       0.00000000    
   4.44981575       0.00000000    
   4.46648169       0.00000000    
   4.48314762       0.00000000    
   4.49981356       0.00000000    
   4.51647949       0.00000000    
   4.53314543       0.00000000    
   4.54981136       0.00000000    
   4.56647730       0.00000000    
   4.58314323       0.00000000    
   4.59980917       0.00000000    
   4.61647511       0.00000000    
   4.63314104       0.00000000    
   4.64980698       0.00000000    
   4.66647291       0.00000000    
   4.68313885       0.00000000    
   4.69980478       0.00000000    
   4.71647072       0.00000000    
   4.73313665       0.00000000    
   4.74980259       0.00000000    
   4.76646852       0.00000000    
   4.78313446       0.00000000    
   4.79980040       0.00000000    
   4.81646633       0.00000000    
   4.83313227       0.00000000    
   4.84979820       0.00000000    
   4.86646414       0.00000000    
   4.88313007       0.00000000    
   4.89979601       0.00000000    
   4.91646194       0.00000000    
   4.93312788       0.00000000    
   4.94979382       0.00000000    
   4.96645975       0.00000000    
   4.98312569       0.00000000    
   4.99979162       0.00000000    
   5.01645756       0.00000000    
   5.03312349       0.00000000    
   5.04978943       0.00000000    
   5.06645536       0.00000000    
   5.08312130       0.00000000    
   5.09978724       0.00000000    
   5.11645317       0.00000000    
   5.13311911       0.00000000    
   5.14978504       0.00000000    
   5.16645098       0.00000000    
   5.18311691       0.00000000    
   5.19978285       0.00000000    
   5.21644878       0.00000000    
   5.23311472       0.00000000    
   5.24978065       0.00000000    
   5.26644659       0.00000000    
   5.28311253       0.00000000    
   5.29977846       0.00000000    
   5.31644440       0.00000000    
   5.33311033       0.00000000    
   5.34977627       0.00000000    
   5.36644220       0.00000000    
   5.38310814       0.00000000    
   5.39977407       0.00000000    
   5.41644001       0.00000000    
   5.43310595       0.00000000    
   5.44977188       0.00000000    
   5.46643782       0.00000000    
   5.48310375       0.00000000    
   5.49976969       0.00000000    
   5.51643562       0.00000000    
   5.53310156       0.00000000    
   5.54976749       0.00000000    
   5.56643343       0.00000000    
   5.58309937       0.00000000    
   5.59976530       0.00000000    
   5.61643124       0.00000000    
   5.63309717       0.00000000    
   5.64976311       0.00000000    
   5.66642904       0.00000000    
   5.68309498       0.00000000    
   5.69976091       0.00000000    
   5.71642685       0.00000000    
   5.73309278       0.00000000    
   5.74975872       0.00000000    
   5.76642466       0.00000000    
   5.78309059       0.00000000    
   5.79975653       0.00000000    
   5.81642246       0.00000000    
   5.83308840       0.00000000    
   5.84975433       0.00000000    
   5.86642027       0.00000000    
   5.88308620       0.00000000    
   5.89975214       0.00000000    
   5.91641808       0.00000000    
   5.93308401       0.00000000    
   5.94974995       0.00000000    
   5.96641588       0.00000000    
   5.98308182       0.00000000    
   5.99974775       0.00000000    
   6.01641369       0.00000000    
   6.03307962       0.00000000    
   6.04974556       0.00000000    
   6.06641150       0.00000000    
   6.08307743       0.00000000    
   6.09974337       0.00000000    
   6.11640930       0.00000000    
   6.13307524       0.00000000    
   6.14974117       0.00000000    
   6.16640711       0.00000000    
   6.18307304       0.00000000    
   6.19973898       0.00000000    
   6.21640491       0.00000000    
   6.23307085       0.00000000    
   6.24973679       0.00000000    
   6.26640272       0.00000000    
   6.28306866       0.00000000    
   6.29973459       0.00000000    
   6.31640053       0.00000000    
   6.33306646       0.00000000    
   6.34973240       0.00000000    
   6.36639833       0.00000000    
   6.38306427       0.00000000    
   6.39973021       0.00000000    
   6.41639614       0.00000000    
   6.43306208       0.00000000    
   6.44972801       0.00000000    
   6.46639395       0.00000000    
   6.48305988       0.00000000    
   6.49972582       0.00000000    
   6.51639175       0.00000000    
   6.53305769       0.00000000    
   6.54972363       9.68100039E-21
   6.56638956       6.18899975E-16
   6.58305550       1.68700004E-12
   6.59972143       8.34699976E-10
   6.61638737       2.59899991E-07
   6.63305330       7.85199973E-06
   6.64971924       3.79300000E-05
   6.66638517       1.08599997E-04
   6.68305111       2.10300001E-04
   6.69971704       3.55500000E-04
   6.71638298       5.62299974E-04
   6.73304892       8.53899983E-04
   6.74971485       1.26199995E-03
   6.76638079       1.81900000E-03
   6.78304672       2.51500006E-03
   6.79971266       3.50599992E-03
   6.81637859       4.68399981E-03
   6.83304453       6.23800000E-03
   6.84971046       8.29599984E-03
   6.86637640       1.09999999E-02
   6.88304234       1.42000001E-02
   6.89970827       1.82399992E-02
   6.91637421       2.34600008E-02
   6.93304014       3.03000007E-02
   6.94970608       3.78799997E-02
   6.96637201       4.84700017E-02
   6.98303795       5.97099997E-02
   6.99970388       7.35500008E-02
   7.01636982       9.01400000E-02
   7.03303576      0.109399997    
   7.04970169      0.131600007    
   7.06636763      0.157499999    
   7.08303356      0.188999996    
   7.09969950      0.215000004    
   7.11636543      0.254700005    
   7.13303137      0.285600007    
   7.14969730      0.323100001    
   7.16636324      0.369100004    
   7.18302917      0.425799996    
   7.19969511      0.472299993    
   7.21636105      0.522099972    
   7.23302698      0.574899971    
   7.24969292      0.630400002    
   7.26635885      0.688499987    
   7.28302479      0.748799980    
   7.29969072      0.811299980    
   7.31635666      0.875899971    
   7.33302259      0.942399979    
   7.34968853       1.01100004    
   7.36635447       1.08099997    
   7.38302040       1.15300000    
   7.39968634       1.22700000    
   7.41635227       1.30200005    
   7.43301821       1.37899995    
   7.44968414       1.45700002    
   7.46635008       1.53699994    
   7.48301601       1.61899996    
   7.49968195       1.70200002    
   7.51634789       1.78600001    
   7.53301382       1.87100005    
   7.54967976       1.95799994    
   7.56634569       2.04699993    
   7.58301163       2.13599992    
   7.59967756       2.22700000    
   7.61634350       2.31900001    
   7.63300943       2.41300011    
   7.64967537       2.50699997    
   7.66634130       2.60299993    
   7.68300724       2.70099998    
   7.69967318       2.79900002    
   7.71633911       2.89899993    
   7.73300505       3.00000000    
   7.74967098       3.10200000    
   7.76633692       3.20499992    
   7.78300285       3.30999994    
   7.79966879       3.41599989    
   7.81633472       3.52300000    
   7.83300066       3.63199997    
   7.84966660       3.74099994    
   7.86633253       3.85200000    
   7.88299847       3.96499991    
   7.89966440       4.07800007    
   7.91633034       4.19299984    
   7.93299627       4.30900002    
   7.94966221       4.42700005    
   7.96632814       4.54500008    
   7.98299408       4.66499996    
   7.99966002       4.78599977    
   8.01632595       4.90899992    
   8.03299236       5.03200006    
   8.04965878       5.15700006    
   8.06632519       5.28399992    
   8.08299160       5.41099977    
   8.09965801       5.53999996    
   8.11632442       5.67000008    
   8.13299084       5.80200005    
   8.14965725       5.93400002    
   8.16632366       6.06799984    
   8.18299007       6.20300007    
   8.19965649       6.33900023    
   8.21632290       6.47700024    
   8.23298931       6.61600018    
   8.24965572       6.75600004    
   8.26632214       6.89699984    
   8.28298855       7.03999996    
   8.29965496       7.18300009    
   8.31632137       7.32800007    
   8.33298779       7.47399998    
   8.34965420       7.62099981    
   8.36632061       7.76900005    
   8.38298702       7.91900015    
   8.39965343       8.06900024    
   8.41631985       8.22099972    
   8.43298626       8.37300014    
   8.44965267       8.52700043    
   8.46631908       8.68200016    
   8.48298550       8.83800030    
   8.49965191       8.99499989    
   8.51631832       9.15299988    
   8.53298473       9.31099987    
   8.54965115       9.47099972    
   8.56631756       9.63199997    
   8.58298397       9.79399967    
   8.59965038       9.95600033    
   8.61631680       10.1199999    
   8.63298321       10.2799997    
   8.64964962       10.4499998    
   8.66631603       10.6199999    
   8.68298244       10.7799997    
   8.69964886       10.9499998    
   8.71631527       11.1199999    
   8.73298168       11.2900000    
   8.74964809       11.4600000    
   8.76631451       11.6300001    
   8.78298092       11.8000002    
   8.79964733       11.9700003    
   8.81631374       12.1499996    
   8.83298016       12.3199997    
   8.84964657       12.5000000    
   8.86631298       12.6700001    
   8.88297939       12.8500004    
   8.89964581       13.0200005    
   8.91631222       13.1999998    
   8.93297863       13.3800001    
   8.94964504       13.5600004    
   8.96631145       13.7299995    
   8.98297787       13.9099998    
   8.99964428       14.0900002    
   9.01631069       14.2700005    
   9.03297710       14.4499998    
   9.04964352       14.6300001    
   9.06630993       14.8199997    
   9.08297634       15.0000000    
   9.09964275       15.1800003    
   9.11630917       15.3599997    
   9.13297558       15.5500002    
   9.14964199       15.7299995    
   9.16630840       15.9099998    
   9.18297482       16.1000004    
   9.19964123       16.2800007    
   9.21630764       16.4699993    
   9.23297405       16.6499996    
   9.24964046       16.8400002    
   9.26630688       17.0200005    
   9.28297329       17.2099991    
   9.29963970       17.3899994    
   9.31630611       17.5799999    
   9.33297253       17.7600002    
   9.34963894       17.9500008    
   9.36630535       18.1399994    
   9.38297176       18.3199997    
   9.39963818       18.5100002    
   9.41630459       18.6900005    
   9.43297100       18.8799992    
   9.44963741       19.0699997    
   9.46630383       19.2500000    
   9.48297024       19.4400005    
   9.49963665       19.6299992    
   9.51630306       19.8099995    
   9.53296947       20.0000000    
   9.54963589       20.1900005    
   9.56630230       20.3700008    
   9.58296871       20.5599995    
   9.59963512       20.7500000    
   9.61630154       20.9300003    
   9.63296795       21.1200008    
   9.64963436       21.2999992    
   9.66630077       21.4899998    
   9.68296719       21.6800003    
   9.69963360       21.8600006    
   9.71630001       22.0499992    
   9.73296642       22.2299995    
   9.74963284       22.4200001    
   9.76629925       22.6000004    
   9.78296566       22.7800007    
   9.79963207       22.9699993    
   9.81629848       23.1499996    
   9.83296490       23.3400002    
   9.84963131       23.5200005    
   9.86629772       23.7000008    
   9.88296413       23.8799992    
   9.89963055       24.0699997    
   9.91629696       24.2500000    
   9.93296337       24.4300003    
   9.94962978       24.6100006    
   9.96629620       24.7900009    
   9.98296261       24.9699993    
   9.99962902       25.1499996    
   10.0162954       25.3299999    
   10.0329618       25.5100002    
   10.0496283       25.6900005    
   10.0662947       25.8700008    
   10.0829611       26.0400009    
   10.0996275       26.2199993    
   10.1162939       26.3999996    
   10.1329603       26.5699997    
   10.1496267       26.7500000    
   10.1662931       26.9200001    
   10.1829596       27.1000004    
   10.1996260       27.2700005    
   10.2162924       27.4500008    
   10.2329588       27.6200008    
   10.2496252       27.7900009    
   10.2662916       27.9599991    
   10.2829580       28.1299992    
   10.2996244       28.2999992    
   10.3162909       28.4699993    
   10.3329573       28.6399994    
   10.3496237       28.8099995    
   10.3662901       28.9799995    
   10.3829565       29.1399994    
   10.3996229       29.3099995    
   10.4162893       29.4799995    
   10.4329557       29.6399994    
   10.4496222       29.8099995    
   10.4662886       29.9699993    
   10.4829550       30.1299992    
   10.4996214       30.2900009    
   10.5162878       30.4599991    
   10.5329542       30.6200008    
   10.5496206       30.7800007    
   10.5662870       30.9400005    
   10.5829535       31.0900002    
   10.5996199       31.2500000    
   10.6162863       31.4099998    
   10.6329527       31.5599995    
   10.6496191       31.7199993    
   10.6662855       31.8700008    
   10.6829519       32.0299988    
   10.6996183       32.1800003    
   10.7162848       32.3300018    
   10.7329512       32.4799995    
   10.7496176       32.6300011    
   10.7662840       32.7799988    
   10.7829504       32.9300003    
   10.7996168       33.0800018    
   10.8162832       33.2200012    
   10.8329496       33.3699989    
   10.8496161       33.5099983    
   10.8662825       33.6599998    
   10.8829489       33.7999992    
   10.8996153       33.9399986    
   10.9162817       34.0800018    
   10.9329481       34.2200012    
   10.9496145       34.3600006    
   10.9662809       34.5000000    
   10.9829473       34.6399994    
   10.9996138       34.7700005    
   11.0162802       34.9099998    
   11.0329466       35.0400009    
   11.0496130       35.1800003    
   11.0662794       35.3100014    
   11.0829458       35.4399986    
   11.0996122       35.5699997    
   11.1162786       35.7000008    
   11.1329451       35.8300018    
   11.1496115       35.9500008    
   11.1662779       36.0800018    
   11.1829443       36.2000008    
   11.1996107       36.3300018    
   11.2162771       36.4500008    
   11.2329435       36.5699997    
   11.2496099       36.6899986    
   11.2662764       36.8100014    
   11.2829428       36.9300003    
   11.2996092       37.0499992    
   11.3162756       37.1599998    
   11.3329420       37.2799988    
   11.3496084       37.3899994    
   11.3662748       37.5099983    
   11.3829412       37.6199989    
   11.3996077       37.7299995    
   11.4162741       37.8400002    
   11.4329405       37.9500008    
   11.4496069       38.0600014    
   11.4662733       38.1599998    
   11.4829397       38.2700005    
   11.4996061       38.3699989    
   11.5162725       38.4700012    
   11.5329390       38.5699997    
   11.5496054       38.6800003    
   11.5662718       38.7700005    
   11.5829382       38.8699989    
   11.5996046       38.9700012    
   11.6162710       39.0699997    
   11.6329374       39.1599998    
   11.6496038       39.2500000    
   11.6662703       39.3499985    
   11.6829367       39.4399986    
   11.6996031       39.5299988    
   11.7162695       39.6199989    
   11.7329359       39.7000008    
   11.7496023       39.7900009    
   11.7662687       39.8699989    
   11.7829351       39.9599991    
   11.7996016       40.0400009    
   11.8162680       40.1199989    
   11.8329344       40.2000008    
   11.8496008       40.2799988    
   11.8662672       40.3600006    
   11.8829336       40.4300003    
   11.8996000       40.5099983    
   11.9162664       40.5800018    
   11.9329329       40.6599998    
   11.9495993       40.7299995    
   11.9662657       40.7999992    
   11.9829321       40.8699989    
   11.9995985       40.9300003    
   12.0162649       41.0000000    
   12.0329313       41.0600014    
   12.0495977       41.1300011    
   12.0662642       41.1899986    
   12.0829306       41.2500000    
   12.0995970       41.3100014    
   12.1162634       41.3699989    
   12.1329298       41.4300003    
   12.1495962       41.4799995    
   12.1662626       41.5400009    
   12.1829290       41.5900002    
   12.1995955       41.6399994    
   12.2162619       41.6899986    
   12.2329283       41.7400017    
   12.2495947       41.7900009    
   12.2662611       41.8400002    
   12.2829275       41.8899994    
   12.2995939       41.9300003    
   12.3162603       41.9700012    
   12.3329268       42.0200005    
   12.3495932       42.0600014    
   12.3662596       42.0900002    
   12.3829260       42.1300011    
   12.3995924       42.1699982    
   12.4162588       42.2000008    
   12.4329252       42.2400017    
   12.4495916       42.2700005    
   12.4662580       42.2999992    
   12.4829245       42.3300018    
   12.4995909       42.3600006    
   12.5162573       42.3899994    
   12.5329237       42.4099998    
   12.5495901       42.4399986    
   12.5662565       42.4599991    
   12.5829229       42.4799995    
   12.5995893       42.5000000    
   12.6162558       42.5200005    
   12.6329222       42.5400009    
   12.6495886       42.5600014    
   12.6662550       42.5699997    
   12.6829214       42.5800018    
   12.6995878       42.5999985    
   12.7162542       42.6100006    
   12.7329206       42.6199989    
   12.7495871       42.6300011    
   12.7662535       42.6300011    
   12.7829199       42.6399994    
   12.7995863       42.6399994    
   12.8162527       42.6500015    
   12.8329191       42.6500015    
   12.8495855       42.6500015    
   12.8662519       42.6500015    
   12.8829184       42.6500015    
   12.8995848       42.6399994    
   12.9162512       42.6399994    
   12.9329176       42.6300011    
   12.9495840       42.6199989    
   12.9662504       42.6100006    
   12.9829168       42.5999985    
   12.9995832       42.5900002    
   13.0162497       42.5800018    
   13.0329161       42.5699997    
   13.0495825       42.5499992    
   13.0662489       42.5299988    
   13.0829153       42.5099983    
   13.0995817       42.4900017    
   13.1162481       42.4700012    
   13.1329145       42.4500008    
   13.1495810       42.4300003    
   13.1662474       42.4000015    
   13.1829138       42.3800011    
   13.1995802       42.3499985    
   13.2162466       42.3199997    
   13.2329130       42.2900009    
   13.2495794       42.2599983    
   13.2662458       42.2200012    
   13.2829123       42.1899986    
   13.2995787       42.1500015    
   13.3162451       42.1199989    
   13.3329115       42.0800018    
   13.3495779       42.0400009    
   13.3662443       42.0000000    
   13.3829107       41.9599991    
   13.3995771       41.9099998    
   13.4162436       41.8699989    
   13.4329100       41.8199997    
   13.4495764       41.7700005    
   13.4662428       41.7299995    
   13.4829092       41.6800003    
   13.4995756       41.6199989    
   13.5162420       41.5699997    
   13.5329084       41.5200005    
   13.5495749       41.4599991    
   13.5662413       41.4099998    
   13.5829077       41.3499985    
   13.5995741       41.2900009    
   13.6162405       41.2299995    
   13.6329069       41.1699982    
   13.6495733       41.0999985    
   13.6662397       41.0400009    
   13.6829062       40.9700012    
   13.6995726       40.9099998    
   13.7162390       40.8400002    
   13.7329054       40.7700005    
   13.7495718       40.7000008    
   13.7662382       40.6300011    
   13.7829046       40.5499992    
   13.7995710       40.4799995    
   13.8162374       40.4099998    
   13.8329039       40.3300018    
   13.8495703       40.2500000    
   13.8662367       40.1699982    
   13.8829031       40.0900002    
   13.8995695       40.0099983    
   13.9162359       39.9300003    
   13.9329023       39.8400002    
   13.9495687       39.7599983    
   13.9662352       39.6699982    
   13.9829016       39.5800018    
   13.9995680       39.4900017    
   14.0162344       39.4000015    
   14.0329008       39.3100014    
   14.0495672       39.2200012    
   14.0662336       39.1199989    
   14.0829000       39.0299988    
   14.0995665       38.9300003    
   14.1162329       38.8400002    
   14.1328993       38.7400017    
   14.1495657       38.6399994    
   14.1662321       38.5400009    
   14.1828985       38.4300003    
   14.1995649       38.3300018    
   14.2162313       38.2299995    
   14.2328978       38.1199989    
   14.2495642       38.0099983    
   14.2662306       37.9099998    
   14.2828970       37.7999992    
   14.2995634       37.6899986    
   14.3162298       37.5800018    
   14.3328962       37.4599991    
   14.3495626       37.3499985    
   14.3662291       37.2400017    
   14.3828955       37.1199989    
   14.3995619       37.0000000    
   14.4162283       36.8899994    
   14.4328947       36.7700005    
   14.4495611       36.6500015    
   14.4662275       36.5299988    
   14.4828939       36.4000015    
   14.4995604       36.2799988    
   14.5162268       36.1599998    
   14.5328932       36.0299988    
   14.5495596       35.9000015    
   14.5662260       35.7799988    
   14.5828924       35.6500015    
   14.5995588       35.5200005    
   14.6162252       35.3899994    
   14.6328917       35.2599983    
   14.6495581       35.1199989    
   14.6662245       34.9900017    
   14.6828909       34.8600006    
   14.6995573       34.7200012    
   14.7162237       34.5800018    
   14.7328901       34.4500008    
   14.7495565       34.3100014    
   14.7662230       34.1699982    
   14.7828894       34.0299988    
   14.7995558       33.8899994    
   14.8162222       33.7500000    
   14.8328886       33.5999985    
   14.8495550       33.4599991    
   14.8662214       33.3100014    
   14.8828878       33.1699982    
   14.8995543       33.0200005    
   14.9162207       32.8699989    
   14.9328871       32.7200012    
   14.9495535       32.5699997    
   14.9662199       32.4199982    
   14.9828863       32.2700005    
   14.9995527       32.1199989    
   15.0162191       31.9699993    
   15.0328856       31.8099995    
   15.0495520       31.6599998    
   15.0662184       31.5000000    
   15.0828848       31.3500004    
   15.0995512       31.1900005    
   15.1162176       31.0300007    
   15.1328840       30.8700008    
   15.1495504       30.7199993    
   15.1662169       30.5599995    
   15.1828833       30.3899994    
   15.1995497       30.2299995    
   15.2162161       30.0699997    
   15.2328825       29.9099998    
   15.2495489       29.7399998    
   15.2662153       29.5799999    
   15.2828817       29.4099998    
   15.2995481       29.2500000    
   15.3162146       29.0799999    
   15.3328810       28.9099998    
   15.3495474       28.7500000    
   15.3662138       28.5799999    
   15.3828802       28.4099998    
   15.3995466       28.2399998    
   15.4162130       28.0699997    
   15.4328794       27.8999996    
   15.4495459       27.7199993    
   15.4662123       27.5499992    
   15.4828787       27.3799992    
   15.4995451       27.2099991    
   15.5162115       27.0300007    
   15.5328779       26.8600006    
   15.5495443       26.6800003    
   15.5662107       26.5100002    
   15.5828772       26.3299999    
   15.5995436       26.1499996    
   15.6162100       25.9799995    
   15.6328764       25.7999992    
   15.6495428       25.6200008    
   15.6662092       25.4400005    
   15.6828756       25.2600002    
   15.6995420       25.0799999    
   15.7162085       24.8999996    
   15.7328749       24.7199993    
   15.7495413       24.5400009    
   15.7662077       24.3600006    
   15.7828741       24.1800003    
   15.7995405       24.0000000    
   15.8162069       23.8099995    
   15.8328733       23.6299992    
   15.8495398       23.4500008    
   15.8662062       23.2700005    
   15.8828726       23.0799999    
   15.8995390       22.8999996    
   15.9162054       22.7099991    
   15.9328718       22.5300007    
   15.9495382       22.3500004    
   15.9662046       22.1599998    
   15.9828711       21.9799995    
   15.9995375       21.7900009    
   16.0162029       21.6100006    
   16.0328693       21.4200001    
   16.0495358       21.2299995    
   16.0662022       21.0499992    
   16.0828686       20.8600006    
   16.0995350       20.6800003    
   16.1162014       20.4899998    
   16.1328678       20.2999992    
   16.1495342       20.1200008    
   16.1662006       19.9300003    
   16.1828671       19.7399998    
   16.1995335       19.5599995    
   16.2161999       19.3700008    
   16.2328663       19.1800003    
   16.2495327       19.0000000    
   16.2661991       18.8099995    
   16.2828655       18.6200008    
   16.2995319       18.4400005    
   16.3161983       18.2500000    
   16.3328648       18.0599995    
   16.3495312       17.8799992    
   16.3661976       17.6900005    
   16.3828640       17.5100002    
   16.3995304       17.3199997    
   16.4161968       17.1399994    
   16.4328632       16.9500008    
   16.4495296       16.7600002    
   16.4661961       16.5799999    
   16.4828625       16.3999996    
   16.4995289       16.2099991    
   16.5161953       16.0300007    
   16.5328617       15.8400002    
   16.5495281       15.6599998    
   16.5661945       15.4799995    
   16.5828609       15.2900000    
   16.5995274       15.1099997    
   16.6161938       14.9300003    
   16.6328602       14.7500000    
   16.6495266       14.5699997    
   16.6661930       14.3800001    
   16.6828594       14.1999998    
   16.6995258       14.0200005    
   16.7161922       13.8400002    
   16.7328587       13.6700001    
   16.7495251       13.4899998    
   16.7661915       13.3100004    
   16.7828579       13.1300001    
   16.7995243       12.9600000    
   16.8161907       12.7799997    
   16.8328571       12.6000004    
   16.8495235       12.4300003    
   16.8661900       12.2500000    
   16.8828564       12.0799999    
   16.8995228       11.9099998    
   16.9161892       11.7399998    
   16.9328556       11.5600004    
   16.9495220       11.3900003    
   16.9661884       11.2200003    
   16.9828548       11.0500002    
   16.9995213       10.8900003    
   17.0161877       10.7200003    
   17.0328541       10.5500002    
   17.0495205       10.3900003    
   17.0661869       10.2200003    
   17.0828533       10.0600004    
   17.0995197       9.89400005    
   17.1161861       9.73200035    
   17.1328526       9.56999969    
   17.1495190       9.40999985    
   17.1661854       9.25000000    
   17.1828518       9.09200001    
   17.1995182       8.93400002    
   17.2161846       8.77799988    
   17.2328510       8.62199974    
   17.2495174       8.46800041    
   17.2661839       8.31499958    
   17.2828503       8.16199970    
   17.2995167       8.01200008    
   17.3161831       7.86100006    
   17.3328495       7.71199989    
   17.3495159       7.56500006    
   17.3661823       7.41800022    
   17.3828487       7.27199984    
   17.3995152       7.12799978    
   17.4161816       6.98500013    
   17.4328480       6.84299994    
   17.4495144       6.70200014    
   17.4661808       6.56199980    
   17.4828472       6.42399979    
   17.4995136       6.28700018    
   17.5161800       6.15100002    
   17.5328465       6.01700020    
   17.5495129       5.88299990    
   17.5661793       5.75099993    
   17.5828457       5.61999989    
   17.5995121       5.49100018    
   17.6161785       5.36199999    
   17.6328449       5.23500013    
   17.6495113       5.10900021    
   17.6661777       4.98500013    
   17.6828442       4.86199999    
   17.6995106       4.73999977    
   17.7161770       4.61899996    
   17.7328434       4.49900007    
   17.7495098       4.38100004    
   17.7661762       4.26399994    
   17.7828426       4.14900017    
   17.7995090       4.03399992    
   17.8161755       3.92100000    
   17.8328419       3.80999994    
   17.8495083       3.69899988    
   17.8661747       3.58999991    
   17.8828411       3.48200011    
   17.8995075       3.37500000    
   17.9161739       3.26999998    
   17.9328403       3.16499996    
   17.9495068       3.06200004    
   17.9661732       2.96099997    
   17.9828396       2.85999990    
   17.9995060       2.76099992    
   18.0161724       2.66300011    
   18.0328388       2.56599998    
   18.0495052       2.47099996    
   18.0661716       2.37700009    
   18.0828381       2.28399992    
   18.0995045       2.19199991    
   18.1161709       2.10200000    
   18.1328373       2.01200008    
   18.1495037       1.92499995    
   18.1661701       1.83800006    
   18.1828365       1.75300002    
   18.1995029       1.66999996    
   18.2161694       1.58700001    
   18.2328358       1.50600004    
   18.2495022       1.42700005    
   18.2661686       1.34899998    
   18.2828350       1.27300000    
   18.2995014       1.19799995    
   18.3161678       1.12500000    
   18.3328342       1.05400002    
   18.3495007      0.984399974    
   18.3661671      0.916599989    
   18.3828335      0.850799978    
   18.3994999      0.787000000    
   18.4161663      0.725300014    
   18.4328327      0.665899992    
   18.4494991      0.608799994    
   18.4661655      0.554300010    
   18.4828320      0.502600014    
   18.4994984      0.453999996    
   18.5161648      0.402599990    
   18.5328312      0.350300014    
   18.5494976      0.307799995    
   18.5661640      0.273000002    
   18.5828304      0.241500005    
   18.5994968      0.203899994    
   18.6161633      0.173899993    
   18.6328297      0.149700001    
   18.6494961      0.123999998    
   18.6661625      0.102399997    
   18.6828289       8.41500014E-02
   18.6994953       6.88199997E-02
   18.7161617       5.51900007E-02
   18.7328281       4.36999984E-02
   18.7494946       3.51700000E-02
   18.7661610       2.72700004E-02
   18.7828274       2.13500001E-02
   18.7994938       1.67800002E-02
   18.8161602       1.28699997E-02
   18.8328266       9.85500030E-03
   18.8494930       7.51900021E-03
   18.8661594       5.60599985E-03
   18.8828259       4.16899985E-03
   18.8994923       3.10300011E-03
   18.9161587       2.21400009E-03
   18.9328251       1.58000004E-03
   18.9494915       1.09399995E-03
   18.9661579       7.32599990E-04
   18.9828243       4.75899986E-04
   18.9994907       2.95200007E-04
   19.0161572       1.68200000E-04
   19.0328236       7.50999970E-05
   19.0494900       2.25599997E-05
   19.0661564       2.86699992E-06
   19.0828228       3.23999991E-08
   19.0994892       8.85500007E-11
   19.1161556       8.84399975E-14
   19.1328220       1.72199995E-17
   19.1494884       2.55400004E-25
   19.1661549       0.00000000    
   19.1828213       0.00000000    
   19.1994877       0.00000000    
   19.2161541       0.00000000    
   19.2328205       0.00000000    
   19.2494869       0.00000000    
   19.2661533       0.00000000    
   19.2828197       0.00000000    
   19.2994862       0.00000000    
   19.3161526       0.00000000    
   19.3328190       0.00000000    
   19.3494854       0.00000000    
   19.3661518       0.00000000    
   19.3828182       0.00000000    
   19.3994846       0.00000000    
   19.4161510       0.00000000    
   19.4328175       0.00000000    
   19.4494839       0.00000000    
   19.4661503       0.00000000    
   19.4828167       0.00000000    
   19.4994831       0.00000000    
   19.5161495       0.00000000    
   19.5328159       0.00000000    
   19.5494823       0.00000000    
   19.5661488       0.00000000    
   19.5828152       0.00000000    
   19.5994816       0.00000000    
   19.6161480       0.00000000    
   19.6328144       0.00000000    
   19.6494808       0.00000000    
   19.6661472       0.00000000    
   19.6828136       0.00000000    
   19.6994801       0.00000000    
   19.7161465       0.00000000    
   19.7328129       0.00000000    
   19.7494793       0.00000000    
   19.7661457       0.00000000    
   19.7828121       0.00000000    
   19.7994785       0.00000000    
   19.8161449       0.00000000    
   19.8328114       0.00000000    
   19.8494778       0.00000000    
   19.8661442       0.00000000    
   19.8828106       0.00000000    
   19.8994770       0.00000000    
   19.9161434       0.00000000    
   19.9328098       0.00000000    
   19.9494762       0.00000000    
   19.9661427       0.00000000    
   19.9828091       0.00000000    
   19.9994755       0.00000000    
   20.0161419       0.00000000    
   20.0328083       0.00000000    
   20.0494747       0.00000000    
   20.0661411       0.00000000    
   20.0828075       0.00000000    
   20.0994740       0.00000000    
   20.1161404       0.00000000    
   20.1328068       0.00000000    
   20.1494732       0.00000000    
   20.1661396       0.00000000    
   20.1828060       0.00000000    
   20.1994724       0.00000000    
   20.2161388       0.00000000    
   20.2328053       0.00000000    
   20.2494717       0.00000000    
   20.2661381       0.00000000    
   20.2828045       0.00000000    
   20.2994709       0.00000000    
   20.3161373       0.00000000    
   20.3328037       0.00000000    
   20.3494701       0.00000000    
   20.3661366       0.00000000    
   20.3828030       0.00000000    
   20.3994694       0.00000000    
   20.4161358       0.00000000    
   20.4328022       0.00000000    
   20.4494686       0.00000000    
   20.4661350       0.00000000    
   20.4828014       0.00000000    
   20.4994678       0.00000000    
   20.5161343       0.00000000    
   20.5328007       0.00000000    
   20.5494671       0.00000000    
   20.5661335       0.00000000    
   20.5827999       0.00000000    
   20.5994663       0.00000000    
   20.6161327       0.00000000    
   20.6327991       0.00000000    
   20.6494656       0.00000000    
   20.6661320       0.00000000    
   20.6827984       0.00000000    
   20.6994648       0.00000000    
   20.7161312       0.00000000    
   20.7327976       0.00000000    
   20.7494640       0.00000000    
   20.7661304       0.00000000    
   20.7827969       0.00000000    
   20.7994633       0.00000000    
   20.8161297       0.00000000    
   20.8327961       0.00000000    
   20.8494625       0.00000000    
   20.8661289       0.00000000    
   20.8827953       0.00000000    
   20.8994617       0.00000000    
   20.9161282       0.00000000    
   20.9327946       0.00000000    
   20.9494610       0.00000000    
   20.9661274       0.00000000    
   20.9827938       0.00000000    
   20.9994602       0.00000000    
   21.0161266       0.00000000    
   21.0327930       0.00000000    
   21.0494595       0.00000000    
   21.0661259       0.00000000    
   21.0827923       0.00000000    
   21.0994587       0.00000000    
   21.1161251       0.00000000    
   21.1327915       0.00000000    
   21.1494579       0.00000000    
   21.1661243       0.00000000    
   21.1827908       0.00000000    
   21.1994572       0.00000000    
   21.2161236       0.00000000    
   21.2327900       0.00000000    
   21.2494564       0.00000000    
   21.2661228       0.00000000    
   21.2827892       0.00000000    
   21.2994556       0.00000000    
   21.3161221       0.00000000    
   21.3327885       0.00000000    
   21.3494549       0.00000000    
   21.3661213       0.00000000    
   21.3827877       0.00000000    
   21.3994541       0.00000000    
   21.4161205       0.00000000    
   21.4327869       0.00000000    
   21.4494534       0.00000000    
   21.4661198       0.00000000    
   21.4827862       0.00000000    
   21.4994526       0.00000000    
   21.5161190       0.00000000    
   21.5327854       0.00000000    
   21.5494518       0.00000000    
   21.5661182       0.00000000    
   21.5827847       0.00000000    
   21.5994511       0.00000000    
   21.6161175       0.00000000    
   21.6327839       0.00000000    
   21.6494503       0.00000000    
   21.6661167       0.00000000    
   21.6827831       0.00000000    
   21.6994495       0.00000000    
   21.7161160       0.00000000    
   21.7327824       0.00000000    
   21.7494488       0.00000000    
   21.7661152       0.00000000    
   21.7827816       0.00000000    
   21.7994480       0.00000000    
   21.8161144       0.00000000    
   21.8327808       0.00000000    
   21.8494473       0.00000000    
   21.8661137       0.00000000    
   21.8827801       0.00000000    
   21.8994465       0.00000000    
   21.9161129       0.00000000    
   21.9327793       0.00000000    
   21.9494457       0.00000000    
   21.9661121       0.00000000    
   21.9827785       0.00000000    
   21.9994450       0.00000000    
   22.0161114       0.00000000    
   22.0327778       0.00000000    
   22.0494442       0.00000000    
   22.0661106       0.00000000    
   22.0827770       0.00000000    
   22.0994434       0.00000000    
   22.1161098       0.00000000    
   22.1327763       0.00000000    
   22.1494427       0.00000000    
   22.1661091       0.00000000    
   22.1827755       0.00000000    
   22.1994419       0.00000000    
   22.2161083       0.00000000    
   22.2327747       0.00000000    
   22.2494411       0.00000000    
   22.2661076       0.00000000    
   22.2827740       0.00000000    
   22.2994404       0.00000000    
   22.3161068       0.00000000    
   22.3327732       0.00000000    
   22.3494396       0.00000000    
   22.3661060       0.00000000    
   22.3827724       0.00000000    
   22.3994389       0.00000000    
   22.4161053       0.00000000    
   22.4327717       0.00000000    
   22.4494381       0.00000000    
   22.4661045       0.00000000    
   22.4827709       0.00000000    
   22.4994373       0.00000000    
   22.5161037       0.00000000    
   22.5327702       0.00000000    
   22.5494366       0.00000000    
   22.5661030       0.00000000    
   22.5827694       0.00000000    
   22.5994358       0.00000000    
   22.6161022       0.00000000    
   22.6327686       0.00000000    
   22.6494350       0.00000000    
   22.6661015       0.00000000    
   22.6827679       0.00000000    
   22.6994343       0.00000000    
   22.7161007       0.00000000    
   22.7327671       0.00000000    
   22.7494335       0.00000000    
   22.7660999       0.00000000    
   22.7827663       0.00000000    
   22.7994328       0.00000000    
   22.8160992       0.00000000    
   22.8327656       0.00000000    
   22.8494320       0.00000000    
   22.8660984       0.00000000    
   22.8827648       0.00000000    
   22.8994312       0.00000000    
   22.9160976       0.00000000    
   22.9327641       0.00000000    
   22.9494305       0.00000000    
   22.9660969       0.00000000    
   22.9827633       0.00000000    
   22.9994297       0.00000000    
   23.0160961       0.00000000    
   23.0327625       0.00000000    
   23.0494289       0.00000000    
   23.0660954       0.00000000    
   23.0827618       0.00000000    
   23.0994282       0.00000000    
   23.1160946       0.00000000    
   23.1327610       0.00000000    
   23.1494274       0.00000000    
   23.1660938       0.00000000    
   23.1827602       0.00000000    
   23.1994267       0.00000000    
   23.2160931       0.00000000    
   23.2327595       0.00000000    
   23.2494259       0.00000000    
   23.2660923       0.00000000    
   23.2827587       0.00000000    
   23.2994251       0.00000000    
   23.3160915       0.00000000    
   23.3327579       0.00000000    
   23.3494244       0.00000000    
   23.3660908       0.00000000    
   23.3827572       0.00000000    
   23.3994236       0.00000000    
   23.4160900       0.00000000    
   23.4327564       0.00000000    
   23.4494228       0.00000000    
   23.4660892       0.00000000    
   23.4827557       0.00000000    
   23.4994221       0.00000000    
   23.5160885       0.00000000    
   23.5327549       0.00000000    
   23.5494213       0.00000000    
   23.5660877       0.00000000    
   23.5827541       0.00000000    
   23.5994205       0.00000000    
   23.6160870       0.00000000    
   23.6327534       0.00000000    
   23.6494198       0.00000000    
   23.6660862       0.00000000    
   23.6827526       0.00000000    
   23.6994190       0.00000000    
   23.7160854       0.00000000    
   23.7327518       0.00000000    
   23.7494183       0.00000000    
   23.7660847       0.00000000    
   23.7827511       0.00000000    
   23.7994175       0.00000000    
   23.8160839       0.00000000    
   23.8327503       0.00000000    
   23.8494167       0.00000000    
   23.8660831       0.00000000    
   23.8827496       0.00000000    
   23.8994160       0.00000000    
   23.9160824       0.00000000    
   23.9327488       0.00000000    
   23.9494152       0.00000000    
   23.9660816       0.00000000    
   23.9827480       0.00000000    
