   0.00000000       0.00000000    
   1.66660007E-02   0.00000000    
   3.33320014E-02   0.00000000    
   4.99980003E-02   0.00000000    
   6.66640028E-02   0.00000000    
   8.33300054E-02   0.00000000    
   9.99960080E-02   0.00000000    
  0.116662011       0.00000000    
  0.133328006       0.00000000    
  0.149994001       0.00000000    
  0.166659996       0.00000000    
  0.183325991       0.00000000    
  0.199991986       0.00000000    
  0.216657981       0.00000000    
  0.233323976       0.00000000    
  0.249989972       0.00000000    
  0.266655982       0.00000000    
  0.283321977       0.00000000    
  0.299987972       0.00000000    
  0.316653967       0.00000000    
  0.333319962       0.00000000    
  0.349985957       0.00000000    
  0.366651952       0.00000000    
  0.383317947       0.00000000    
  0.399983943       0.00000000    
  0.416649938       0.00000000    
  0.433315933       0.00000000    
  0.449981928       0.00000000    
  0.466647923       0.00000000    
  0.483313918       0.00000000    
  0.499979913       0.00000000    
  0.516645908       0.00000000    
  0.533311903       0.00000000    
  0.549977899       0.00000000    
  0.566643894       0.00000000    
  0.583309889       0.00000000    
  0.599975884       0.00000000    
  0.616641879       0.00000000    
  0.633307874       0.00000000    
  0.649973869       0.00000000    
  0.666639864       0.00000000    
  0.683305860       0.00000000    
  0.699971855       0.00000000    
  0.716637850       0.00000000    
  0.733303845       0.00000000    
  0.749969840       0.00000000    
  0.766635835       0.00000000    
  0.783301830       0.00000000    
  0.799967825       0.00000000    
  0.816633821       0.00000000    
  0.833299816       0.00000000    
  0.849965811       0.00000000    
  0.866631806       0.00000000    
  0.883297801       0.00000000    
  0.899963796       0.00000000    
  0.916629791       0.00000000    
  0.933295786       0.00000000    
  0.949961782       0.00000000    
  0.966627777       0.00000000    
  0.983293772       0.00000000    
  0.999959767       0.00000000    
   1.01662576       0.00000000    
   1.03329182       0.00000000    
   1.04995787       0.00000000    
   1.06662393       0.00000000    
   1.08328998       0.00000000    
   1.09995604       0.00000000    
   1.11662209       0.00000000    
   1.13328815       0.00000000    
   1.14995420       0.00000000    
   1.16662025       0.00000000    
   1.18328631       0.00000000    
   1.19995236       0.00000000    
   1.21661842       0.00000000    
   1.23328447       0.00000000    
   1.24995053       0.00000000    
   1.26661658       0.00000000    
   1.28328264       0.00000000    
   1.29994869       0.00000000    
   1.31661475       0.00000000    
   1.33328080       0.00000000    
   1.34994686       0.00000000    
   1.36661291       0.00000000    
   1.38327897       0.00000000    
   1.39994502       0.00000000    
   1.41661108       0.00000000    
   1.43327713       0.00000000    
   1.44994318       0.00000000    
   1.46660924       0.00000000    
   1.48327529       0.00000000    
   1.49994135       0.00000000    
   1.51660740       0.00000000    
   1.53327346       0.00000000    
   1.54993951       0.00000000    
   1.56660557       0.00000000    
   1.58327162       0.00000000    
   1.59993768       0.00000000    
   1.61660373       0.00000000    
   1.63326979       0.00000000    
   1.64993584       0.00000000    
   1.66660190       0.00000000    
   1.68326795       0.00000000    
   1.69993401       0.00000000    
   1.71660006       0.00000000    
   1.73326612       0.00000000    
   1.74993217       0.00000000    
   1.76659822       0.00000000    
   1.78326428       0.00000000    
   1.79993033       0.00000000    
   1.81659639       0.00000000    
   1.83326244       0.00000000    
   1.84992850       0.00000000    
   1.86659455       0.00000000    
   1.88326061       0.00000000    
   1.89992666       0.00000000    
   1.91659272       0.00000000    
   1.93325877       0.00000000    
   1.94992483       0.00000000    
   1.96659088       0.00000000    
   1.98325694       0.00000000    
   1.99992299       0.00000000    
   2.01658893       0.00000000    
   2.03325486       0.00000000    
   2.04992080       0.00000000    
   2.06658673       0.00000000    
   2.08325267       0.00000000    
   2.09991860       0.00000000    
   2.11658454       0.00000000    
   2.13325047       0.00000000    
   2.14991641       0.00000000    
   2.16658235       0.00000000    
   2.18324828       0.00000000    
   2.19991422       0.00000000    
   2.21658015       0.00000000    
   2.23324609       0.00000000    
   2.24991202       0.00000000    
   2.26657796       0.00000000    
   2.28324389       0.00000000    
   2.29990983       0.00000000    
   2.31657577       0.00000000    
   2.33324170       0.00000000    
   2.34990764       0.00000000    
   2.36657357       0.00000000    
   2.38323951       0.00000000    
   2.39990544       0.00000000    
   2.41657138       0.00000000    
   2.43323731       0.00000000    
   2.44990325       0.00000000    
   2.46656919       0.00000000    
   2.48323512       0.00000000    
   2.49990106       0.00000000    
   2.51656699       0.00000000    
   2.53323293       0.00000000    
   2.54989886       0.00000000    
   2.56656480       0.00000000    
   2.58323073       0.00000000    
   2.59989667       0.00000000    
   2.61656260       0.00000000    
   2.63322854       0.00000000    
   2.64989448       0.00000000    
   2.66656041       0.00000000    
   2.68322635       0.00000000    
   2.69989228       0.00000000    
   2.71655822       0.00000000    
   2.73322415       0.00000000    
   2.74989009       0.00000000    
   2.76655602       0.00000000    
   2.78322196       0.00000000    
   2.79988790       0.00000000    
   2.81655383       0.00000000    
   2.83321977       0.00000000    
   2.84988570       0.00000000    
   2.86655164       0.00000000    
   2.88321757       0.00000000    
   2.89988351       0.00000000    
   2.91654944       0.00000000    
   2.93321538       0.00000000    
   2.94988132       0.00000000    
   2.96654725       0.00000000    
   2.98321319       0.00000000    
   2.99987912       0.00000000    
   3.01654506       0.00000000    
   3.03321099       0.00000000    
   3.04987693       0.00000000    
   3.06654286       0.00000000    
   3.08320880       0.00000000    
   3.09987473       0.00000000    
   3.11654067       0.00000000    
   3.13320661       0.00000000    
   3.14987254       0.00000000    
   3.16653848       0.00000000    
   3.18320441       0.00000000    
   3.19987035       0.00000000    
   3.21653628       0.00000000    
   3.23320222       0.00000000    
   3.24986815       0.00000000    
   3.26653409       0.00000000    
   3.28320003       0.00000000    
   3.29986596       0.00000000    
   3.31653190       0.00000000    
   3.33319783       0.00000000    
   3.34986377       0.00000000    
   3.36652970       0.00000000    
   3.38319564       0.00000000    
   3.39986157       0.00000000    
   3.41652751       0.00000000    
   3.43319345       0.00000000    
   3.44985938       0.00000000    
   3.46652532       0.00000000    
   3.48319125       0.00000000    
   3.49985719       0.00000000    
   3.51652312       0.00000000    
   3.53318906       0.00000000    
   3.54985499       0.00000000    
   3.56652093       0.00000000    
   3.58318686       0.00000000    
   3.59985280       0.00000000    
   3.61651874       0.00000000    
   3.63318467       0.00000000    
   3.64985061       0.00000000    
   3.66651654       0.00000000    
   3.68318248       0.00000000    
   3.69984841       0.00000000    
   3.71651435       0.00000000    
   3.73318028       0.00000000    
   3.74984622       0.00000000    
   3.76651216       0.00000000    
   3.78317809       0.00000000    
   3.79984403       0.00000000    
   3.81650996       0.00000000    
   3.83317590       0.00000000    
   3.84984183       0.00000000    
   3.86650777       0.00000000    
   3.88317370       0.00000000    
   3.89983964       0.00000000    
   3.91650558       0.00000000    
   3.93317151       0.00000000    
   3.94983745       0.00000000    
   3.96650338       0.00000000    
   3.98316932       0.00000000    
   3.99983525       0.00000000    
   4.01650143       0.00000000    
   4.03316736       0.00000000    
   4.04983330       0.00000000    
   4.06649923       0.00000000    
   4.08316517       0.00000000    
   4.09983110       0.00000000    
   4.11649704       0.00000000    
   4.13316298       0.00000000    
   4.14982891       0.00000000    
   4.16649485       0.00000000    
   4.18316078       0.00000000    
   4.19982672       0.00000000    
   4.21649265       0.00000000    
   4.23315859       0.00000000    
   4.24982452       0.00000000    
   4.26649046       0.00000000    
   4.28315639       0.00000000    
   4.29982233       0.00000000    
   4.31648827       0.00000000    
   4.33315420       0.00000000    
   4.34982014       0.00000000    
   4.36648607       0.00000000    
   4.38315201       0.00000000    
   4.39981794       0.00000000    
   4.41648388       0.00000000    
   4.43314981       0.00000000    
   4.44981575       0.00000000    
   4.46648169       0.00000000    
   4.48314762       0.00000000    
   4.49981356       0.00000000    
   4.51647949       0.00000000    
   4.53314543       0.00000000    
   4.54981136       0.00000000    
   4.56647730       0.00000000    
   4.58314323       0.00000000    
   4.59980917       0.00000000    
   4.61647511       0.00000000    
   4.63314104       0.00000000    
   4.64980698       0.00000000    
   4.66647291       0.00000000    
   4.68313885       0.00000000    
   4.69980478       0.00000000    
   4.71647072       0.00000000    
   4.73313665       0.00000000    
   4.74980259       0.00000000    
   4.76646852       0.00000000    
   4.78313446       0.00000000    
   4.79980040       0.00000000    
   4.81646633       0.00000000    
   4.83313227       0.00000000    
   4.84979820       0.00000000    
   4.86646414       0.00000000    
   4.88313007       0.00000000    
   4.89979601       0.00000000    
   4.91646194       0.00000000    
   4.93312788       0.00000000    
   4.94979382       0.00000000    
   4.96645975       0.00000000    
   4.98312569       0.00000000    
   4.99979162       0.00000000    
   5.01645756       0.00000000    
   5.03312349       0.00000000    
   5.04978943       0.00000000    
   5.06645536       0.00000000    
   5.08312130       0.00000000    
   5.09978724       0.00000000    
   5.11645317       0.00000000    
   5.13311911       0.00000000    
   5.14978504       0.00000000    
   5.16645098       0.00000000    
   5.18311691       0.00000000    
   5.19978285       0.00000000    
   5.21644878       0.00000000    
   5.23311472       0.00000000    
   5.24978065       0.00000000    
   5.26644659       0.00000000    
   5.28311253       0.00000000    
   5.29977846       0.00000000    
   5.31644440       0.00000000    
   5.33311033       0.00000000    
   5.34977627       0.00000000    
   5.36644220       0.00000000    
   5.38310814       0.00000000    
   5.39977407       0.00000000    
   5.41644001       0.00000000    
   5.43310595       0.00000000    
   5.44977188       0.00000000    
   5.46643782       0.00000000    
   5.48310375       0.00000000    
   5.49976969       0.00000000    
   5.51643562       0.00000000    
   5.53310156       0.00000000    
   5.54976749       0.00000000    
   5.56643343       0.00000000    
   5.58309937       0.00000000    
   5.59976530       0.00000000    
   5.61643124       0.00000000    
   5.63309717       0.00000000    
   5.64976311       0.00000000    
   5.66642904       0.00000000    
   5.68309498       0.00000000    
   5.69976091       0.00000000    
   5.71642685       0.00000000    
   5.73309278       0.00000000    
   5.74975872       0.00000000    
   5.76642466       0.00000000    
   5.78309059       0.00000000    
   5.79975653       0.00000000    
   5.81642246       0.00000000    
   5.83308840       0.00000000    
   5.84975433       0.00000000    
   5.86642027       0.00000000    
   5.88308620       0.00000000    
   5.89975214       0.00000000    
   5.91641808       0.00000000    
   5.93308401       0.00000000    
   5.94974995       0.00000000    
   5.96641588       0.00000000    
   5.98308182       0.00000000    
   5.99974775       0.00000000    
   6.01641369       0.00000000    
   6.03307962       0.00000000    
   6.04974556       0.00000000    
   6.06641150       0.00000000    
   6.08307743       0.00000000    
   6.09974337       0.00000000    
   6.11640930       0.00000000    
   6.13307524       0.00000000    
   6.14974117       0.00000000    
   6.16640711       0.00000000    
   6.18307304       0.00000000    
   6.19973898       0.00000000    
   6.21640491       0.00000000    
   6.23307085       0.00000000    
   6.24973679       0.00000000    
   6.26640272       0.00000000    
   6.28306866       0.00000000    
   6.29973459       0.00000000    
   6.31640053       0.00000000    
   6.33306646       0.00000000    
   6.34973240       0.00000000    
   6.36639833       0.00000000    
   6.38306427       0.00000000    
   6.39973021       0.00000000    
   6.41639614       0.00000000    
   6.43306208       0.00000000    
   6.44972801       0.00000000    
   6.46639395       0.00000000    
   6.48305988       0.00000000    
   6.49972582       0.00000000    
   6.51639175       0.00000000    
   6.53305769       0.00000000    
   6.54972363       0.00000000    
   6.56638956       0.00000000    
   6.58305550       0.00000000    
   6.59972143       8.94200029E-26
   6.61638737       6.82400014E-21
   6.63305330       3.62400002E-17
   6.64971924       4.41400016E-14
   6.66638517       5.32799985E-11
   6.68305111       2.13900009E-09
   6.69971704       1.46400003E-08
   6.71638298       5.09899998E-08
   6.73304892       1.17500001E-07
   6.74971485       2.33799994E-07
   6.76638079       4.37599994E-07
   6.78304672       7.79300024E-07
   6.79971266       1.30900003E-06
   6.81637859       2.03700006E-06
   6.83304453       3.00200008E-06
   6.84971046       4.29800002E-06
   6.86637640       5.89999991E-06
   6.88304234       7.91999992E-06
   6.89970827       1.05099998E-05
   6.91637421       1.37500001E-05
   6.93304014       1.77399997E-05
   6.94970608       2.26400007E-05
   6.96637201       2.87300008E-05
   6.98303795       3.59000005E-05
   6.99970388       4.41900011E-05
   7.01636982       5.42400012E-05
   7.03303576       6.64399995E-05
   7.04970169       7.95500018E-05
   7.06636763       9.49699970E-05
   7.08303356       1.12800000E-04
   7.09969950       1.33299996E-04
   7.11636543       1.57300005E-04
   7.13303137       1.82200005E-04
   7.14969730       2.08400001E-04
   7.16636324       2.45100004E-04
   7.18302917       2.72500009E-04
   7.19969511       3.05399997E-04
   7.21636105       3.45300010E-04
   7.23302698       3.93800001E-04
   7.24969292       4.41000011E-04
   7.26635885       4.86800011E-04
   7.28302479       5.35900006E-04
   7.29969072       5.87899995E-04
   7.31635666       6.42800005E-04
   7.33302259       7.00499979E-04
   7.34968853       7.60799972E-04
   7.36635447       8.23999988E-04
   7.38302040       8.89700023E-04
   7.39968634       9.58100019E-04
   7.41635227       1.02900004E-03
   7.43301821       1.10300002E-03
   7.44968414       1.17900001E-03
   7.46635008       1.25900004E-03
   7.48301601       1.33999996E-03
   7.49968195       1.42500002E-03
   7.51634789       1.51199999E-03
   7.53301382       1.60199997E-03
   7.54967976       1.69499998E-03
   7.56634569       1.79000001E-03
   7.58301163       1.88899995E-03
   7.59967756       1.99000002E-03
   7.61634350       2.09400011E-03
   7.63300943       2.20200000E-03
   7.64967537       2.31199991E-03
   7.66634130       2.42500007E-03
   7.68300724       2.54100002E-03
   7.69967318       2.66000000E-03
   7.71633911       2.78300000E-03
   7.73300505       2.90800002E-03
   7.74967098       3.03700007E-03
   7.76633692       3.16899992E-03
   7.78300285       3.30500002E-03
   7.79966879       3.44299991E-03
   7.81633472       3.58500006E-03
   7.83300066       3.73100000E-03
   7.84966660       3.87999997E-03
   7.86633253       4.03300021E-03
   7.88299847       4.18900000E-03
   7.89966440       4.34899982E-03
   7.91633034       4.51199990E-03
   7.93299627       4.67999978E-03
   7.94966221       4.85099992E-03
   7.96632814       5.02499985E-03
   7.98299408       5.20400004E-03
   7.99966002       5.38699981E-03
   8.01632595       5.57400007E-03
   8.03299236       5.76400012E-03
   8.04965878       5.95899997E-03
   8.06632519       6.15799986E-03
   8.08299160       6.36099977E-03
   8.09965801       6.56800019E-03
   8.11632442       6.77999994E-03
   8.13299084       6.99600019E-03
   8.14965725       7.21699977E-03
   8.16632366       7.44100008E-03
   8.18299007       7.67099997E-03
   8.19965649       7.90499989E-03
   8.21632290       8.14300030E-03
   8.23298931       8.38600006E-03
   8.24965572       8.63400009E-03
   8.26632214       8.88700038E-03
   8.28298855       9.14399978E-03
   8.29965496       9.40699968E-03
   8.31632137       9.67399962E-03
   8.33298779       9.94599983E-03
   8.34965420       1.02199996E-02
   8.36632061       1.04999999E-02
   8.38298702       1.07899997E-02
   8.39965343       1.10799996E-02
   8.41631985       1.13800000E-02
   8.43298626       1.16800005E-02
   8.44965267       1.19899996E-02
   8.46631908       1.23100001E-02
   8.48298550       1.26200002E-02
   8.49965191       1.29500004E-02
   8.51631832       1.32799996E-02
   8.53298473       1.36099998E-02
   8.54965115       1.39499996E-02
   8.56631756       1.42999999E-02
   8.58298397       1.46500003E-02
   8.59965038       1.50100002E-02
   8.61631680       1.53700002E-02
   8.63298321       1.57399997E-02
   8.64964962       1.61099993E-02
   8.66631603       1.64899994E-02
   8.68298244       1.68800000E-02
   8.69964886       1.72700007E-02
   8.71631527       1.76700000E-02
   8.73298168       1.80699993E-02
   8.74964809       1.84799992E-02
   8.76631451       1.88900009E-02
   8.78298092       1.93099994E-02
   8.79964733       1.97400004E-02
   8.81631374       2.01699995E-02
   8.83298016       2.06099991E-02
   8.84964657       2.10599992E-02
   8.86631298       2.15099994E-02
   8.88297939       2.19599996E-02
   8.89964581       2.24300008E-02
   8.91631222       2.28899997E-02
   8.93297863       2.33699996E-02
   8.94964504       2.38499995E-02
   8.96631145       2.43400000E-02
   8.98297787       2.48300005E-02
   8.99964428       2.53299996E-02
   9.01631069       2.58300006E-02
   9.03297710       2.63500009E-02
   9.04964352       2.68600006E-02
   9.06630993       2.73899995E-02
   9.08297634       2.79200003E-02
   9.09964275       2.84499992E-02
   9.11630917       2.89900005E-02
   9.13297558       2.95400005E-02
   9.14964199       3.00900005E-02
   9.16630840       3.06499992E-02
   9.18297482       3.12200002E-02
   9.19964123       3.17899995E-02
   9.21630764       3.23700011E-02
   9.23297405       3.29499990E-02
   9.24964046       3.35399993E-02
   9.26630688       3.41399983E-02
   9.28297329       3.47400010E-02
   9.29963970       3.53499986E-02
   9.31630611       3.59600000E-02
   9.33297253       3.65800001E-02
   9.34963894       3.72099988E-02
   9.36630535       3.78400013E-02
   9.38297176       3.84700000E-02
   9.39963818       3.91100012E-02
   9.41630459       3.97600010E-02
   9.43297100       4.04199995E-02
   9.44963741       4.10800017E-02
   9.46630383       4.17400002E-02
   9.48297024       4.24100012E-02
   9.49963665       4.30900007E-02
   9.51630306       4.37700003E-02
   9.53296947       4.44599986E-02
   9.54963589       4.51500006E-02
   9.56630230       4.58399989E-02
   9.58296871       4.65499982E-02
   9.59963512       4.72499989E-02
   9.61630154       4.79700007E-02
   9.63296795       4.86899987E-02
   9.64963436       4.94100004E-02
   9.66630077       5.01400009E-02
   9.68296719       5.08700013E-02
   9.69963360       5.16100004E-02
   9.71630001       5.23499995E-02
   9.73296642       5.31000011E-02
   9.74963284       5.38499989E-02
   9.76629925       5.46099991E-02
   9.78296566       5.53699993E-02
   9.79963207       5.61299995E-02
   9.81629848       5.68999983E-02
   9.83296490       5.76799996E-02
   9.84963131       5.84600009E-02
   9.86629772       5.92399985E-02
   9.88296413       6.00199997E-02
   9.89963055       6.08199984E-02
   9.91629696       6.16099983E-02
   9.93296337       6.24100007E-02
   9.94962978       6.32100031E-02
   9.96629620       6.40200004E-02
   9.98296261       6.48299977E-02
   9.99962902       6.56400025E-02
   10.0162954       6.64599985E-02
   10.0329618       6.72800019E-02
   10.0496283       6.80999979E-02
   10.0662947       6.89300001E-02
   10.0829611       6.97600022E-02
   10.0996275       7.05899969E-02
   10.1162939       7.14299977E-02
   10.1329603       7.22599998E-02
   10.1496267       7.31000006E-02
   10.1662931       7.39500001E-02
   10.1829596       7.47999996E-02
   10.1996260       7.56499991E-02
   10.2162924       7.64999986E-02
   10.2329588       7.73499981E-02
   10.2496252       7.81899989E-02
   10.2662916       7.90700018E-02
   10.2829580       7.99300000E-02
   10.2996244       8.07899982E-02
   10.3162909       8.16499963E-02
   10.3329573       8.25200006E-02
   10.3496237       8.33899975E-02
   10.3662901       8.42500031E-02
   10.3829565       8.51299986E-02
   10.3996229       8.59899968E-02
   10.4162893       8.68699998E-02
   10.4329557       8.77299979E-02
   10.4496222       8.86100009E-02
   10.4662886       8.94799978E-02
   10.4829550       9.03699994E-02
   10.4996214       9.12500024E-02
   10.5162878       9.20900032E-02
   10.5329542       9.30000022E-02
   10.5496206       9.38799977E-02
   10.5662870       9.47600007E-02
   10.5829535       9.56400037E-02
   10.5996199       9.65100005E-02
   10.6162863       9.73900035E-02
   10.6329527       9.82699990E-02
   10.6496191       9.91500020E-02
   10.6662855      0.100000001    
   10.6829519      0.100900002    
   10.6996183      0.101800002    
   10.7162848      0.102600001    
   10.7329512      0.103500001    
   10.7496176      0.104400001    
   10.7662840      0.105300002    
   10.7829504      0.106100000    
   10.7996168      0.107000001    
   10.8162832      0.107900001    
   10.8329496      0.108700000    
   10.8496161      0.109600000    
   10.8662825      0.110500000    
   10.8829489      0.111299999    
   10.8996153      0.112199999    
   10.9162817      0.112999998    
   10.9329481      0.113899998    
   10.9496145      0.114799999    
   10.9662809      0.115500003    
   10.9829473      0.116499998    
   10.9996138      0.117299996    
   11.0162802      0.118100002    
   11.0329466      0.119000003    
   11.0496130      0.119800001    
   11.0662794      0.120600000    
   11.0829458      0.121500000    
   11.0996122      0.122299999    
   11.1162786      0.123099998    
   11.1329451      0.123899996    
   11.1496115      0.124799997    
   11.1662779      0.125599995    
   11.1829443      0.126399994    
   11.1996107      0.127200007    
   11.2162771      0.127900004    
   11.2329435      0.128800005    
   11.2496099      0.129500002    
   11.2662764      0.130300000    
   11.2829428      0.131099999    
   11.2996092      0.131899998    
   11.3162756      0.132699996    
   11.3329420      0.133399993    
   11.3496084      0.134200007    
   11.3662748      0.135000005    
   11.3829412      0.135700002    
   11.3996077      0.136500001    
   11.4162741      0.137199998    
   11.4329405      0.137899995    
   11.4496069      0.138699993    
   11.4662733      0.139400005    
   11.4829397      0.140100002    
   11.4996061      0.140799999    
   11.5162725      0.141499996    
   11.5329390      0.142199993    
   11.5496054      0.142900005    
   11.5662718      0.143600002    
   11.5829382      0.144299999    
   11.5996046      0.144999996    
   11.6162710      0.145600006    
   11.6329374      0.146300003    
   11.6496038      0.146799996    
   11.6662703      0.147599995    
   11.6829367      0.148200005    
   11.6996031      0.148900002    
   11.7162695      0.149499997    
   11.7329359      0.150099993    
   11.7496023      0.150700003    
   11.7662687      0.151299998    
   11.7829351      0.151899993    
   11.7996016      0.152500004    
   11.8162680      0.152999997    
   11.8329344      0.153699994    
   11.8496008      0.154300004    
   11.8662672      0.154799998    
   11.8829336      0.155399993    
   11.8996000      0.155900002    
   11.9162664      0.156399995    
   11.9329329      0.156800002    
   11.9495993      0.157399997    
   11.9662657      0.158000007    
   11.9829321      0.158500001    
   11.9995985      0.158999994    
   12.0162649      0.159500003    
   12.0329313      0.159999996    
   12.0495977      0.160400003    
   12.0662642      0.160899997    
   12.0829306      0.161300004    
   12.0995970      0.161799997    
   12.1162634      0.162200004    
   12.1329298      0.162599996    
   12.1495962      0.163100004    
   12.1662626      0.163499996    
   12.1829290      0.163900003    
   12.1995955      0.164199993    
   12.2162619      0.164600000    
   12.2329283      0.164900005    
   12.2495947      0.165299997    
   12.2662611      0.165700004    
   12.2829275      0.165999994    
   12.2995939      0.166400000    
   12.3162603      0.166700006    
   12.3329268      0.166999996    
   12.3495932      0.167300001    
   12.3662596      0.167400002    
   12.3829260      0.167899996    
   12.3995924      0.168099999    
   12.4162588      0.168400005    
   12.4329252      0.168699995    
   12.4495916      0.168899998    
   12.4662580      0.169100001    
   12.4829245      0.169400007    
   12.4995909      0.169599995    
   12.5162573      0.169799998    
   12.5329237      0.170000002    
   12.5495901      0.170200005    
   12.5662565      0.170300007    
   12.5829229      0.170499995    
   12.5995893      0.170599997    
   12.6162558      0.170800000    
   12.6329222      0.170900002    
   12.6495886      0.171000004    
   12.6662550      0.171000004    
   12.6829214      0.171200007    
   12.6995878      0.171299994    
   12.7162542      0.171399996    
   12.7329206      0.171499997    
   12.7495871      0.171499997    
   12.7662535      0.171499997    
   12.7829199      0.171599999    
   12.7995863      0.171599999    
   12.8162527      0.171599999    
   12.8329191      0.171599999    
   12.8495855      0.171599999    
   12.8662519      0.171599999    
   12.8829184      0.171599999    
   12.8995848      0.171599999    
   12.9162512      0.171499997    
   12.9329176      0.171499997    
   12.9495840      0.171499997    
   12.9662504      0.171399996    
   12.9829168      0.171299994    
   12.9995832      0.171200007    
   13.0162497      0.171000004    
   13.0329161      0.171000004    
   13.0495825      0.170900002    
   13.0662489      0.170699999    
   13.0829153      0.170599997    
   13.0995817      0.170399994    
   13.1162481      0.170300007    
   13.1329145      0.170100003    
   13.1495810      0.169900000    
   13.1662474      0.169699997    
   13.1829138      0.169499993    
   13.1995802      0.169300005    
   13.2162466      0.169000000    
   13.2329130      0.168799996    
   13.2495794      0.168599993    
   13.2662458      0.168300003    
   13.2829123      0.168099999    
   13.2995787      0.167799994    
   13.3162451      0.167500004    
   13.3329115      0.167199999    
   13.3495779      0.166899994    
   13.3662443      0.166600004    
   13.3829107      0.166299999    
   13.3995771      0.165900007    
   13.4162436      0.165600002    
   13.4329100      0.165299997    
   13.4495764      0.164800003    
   13.4662428      0.164499998    
   13.4829092      0.164100006    
   13.4995756      0.163800001    
   13.5162420      0.163399994    
   13.5329084      0.162900001    
   13.5495749      0.162499994    
   13.5662413      0.162100002    
   13.5829077      0.161699995    
   13.5995741      0.161200002    
   13.6162405      0.160799995    
   13.6329069      0.160300002    
   13.6495733      0.159799993    
   13.6662397      0.159199998    
   13.6829062      0.158899993    
   13.6995726      0.158299997    
   13.7162390      0.157900006    
   13.7329054      0.157299995    
   13.7495718      0.156800002    
   13.7662382      0.156299993    
   13.7829046      0.155800000    
   13.7995710      0.155200005    
   13.8162374      0.154699996    
   13.8329039      0.154100001    
   13.8495703      0.153600007    
   13.8662367      0.152899995    
   13.8829031      0.152400002    
   13.8995695      0.151800007    
   13.9162359      0.151199996    
   13.9329023      0.150600001    
   13.9495687      0.150000006    
   13.9662352      0.149399996    
   13.9829016      0.148699999    
   13.9995680      0.148100004    
   14.0162344      0.147400007    
   14.0329008      0.146699995    
   14.0495672      0.146100000    
   14.0662336      0.145400003    
   14.0829000      0.144800007    
   14.0995665      0.144099995    
   14.1162329      0.143399999    
   14.1328993      0.142800003    
   14.1495657      0.142100006    
   14.1662321      0.141399994    
   14.1828985      0.140599996    
   14.1995649      0.139899999    
   14.2162313      0.139200002    
   14.2328978      0.138500005    
   14.2495642      0.137799993    
   14.2662306      0.136999995    
   14.2828970      0.136299998    
   14.2995634      0.135399997    
   14.3162298      0.134800002    
   14.3328962      0.134000003    
   14.3495626      0.133300006    
   14.3662291      0.132499993    
   14.3828955      0.131699994    
   14.3995619      0.130899996    
   14.4162283      0.130099997    
   14.4328947      0.129400000    
   14.4495611      0.128600001    
   14.4662275      0.127800003    
   14.4828939      0.127000004    
   14.4995604      0.126200005    
   14.5162268      0.125300005    
   14.5328932      0.124499999    
   14.5495596      0.123700000    
   14.5662260      0.122900002    
   14.5828924      0.122100003    
   14.5995588      0.121200003    
   14.6162252      0.120399997    
   14.6328917      0.119499996    
   14.6495581      0.118799999    
   14.6662245      0.117899999    
   14.6828909      0.117100000    
   14.6995573      0.116200000    
   14.7162237      0.115400001    
   14.7328901      0.114500001    
   14.7495565      0.113700002    
   14.7662230      0.112800002    
   14.7828894      0.112000003    
   14.7995558      0.111100003    
   14.8162222      0.110299997    
   14.8328886      0.109399997    
   14.8495550      0.108499996    
   14.8662214      0.107699998    
   14.8828878      0.106799997    
   14.8995543      0.105899997    
   14.9162207      0.104999997    
   14.9328871      0.104199998    
   14.9495535      0.103299998    
   14.9662199      0.102399997    
   14.9828863      0.101599999    
   14.9995527      0.100699998    
   15.0162191       9.97999981E-02
   15.0328856       9.88700017E-02
   15.0495520       9.80499983E-02
   15.0662184       9.71700028E-02
   15.0828848       9.62899998E-02
   15.0995512       9.54099968E-02
   15.1162176       9.45200026E-02
   15.1328840       9.36499983E-02
   15.1495504       9.27700028E-02
   15.1662169       9.18999985E-02
   15.1828833       9.10099968E-02
   15.1995497       9.01400000E-02
   15.2162161       8.92599970E-02
   15.2328825       8.83800015E-02
   15.2495489       8.75099972E-02
   15.2662153       8.66499990E-02
   15.2828817       8.57200027E-02
   15.2995481       8.48999992E-02
   15.3162146       8.40300024E-02
   15.3328810       8.31499994E-02
   15.3495474       8.22999999E-02
   15.3662138       8.14199969E-02
   15.3828802       8.05699974E-02
   15.3995466       7.97000006E-02
   15.4162130       7.88500011E-02
   15.4328794       7.79799968E-02
   15.4495459       7.71299973E-02
   15.4662123       7.62799978E-02
   15.4828787       7.54299983E-02
   15.4995451       7.45799989E-02
   15.5162115       7.37399980E-02
   15.5328779       7.28899986E-02
   15.5495443       7.20499977E-02
   15.5662107       7.12099969E-02
   15.5828772       7.03800023E-02
   15.5995436       6.95400015E-02
   15.6162100       6.87199980E-02
   15.6328764       6.78900033E-02
   15.6495428       6.70699999E-02
   15.6662092       6.62499964E-02
   15.6828756       6.54300004E-02
   15.6995420       6.46200031E-02
   15.7162085       6.38099983E-02
   15.7328749       6.30099997E-02
   15.7495413       6.21999986E-02
   15.7662077       6.14099987E-02
   15.7828741       6.06100000E-02
   15.7995405       5.98200001E-02
   15.8162069       5.90399988E-02
   15.8328733       5.82499988E-02
   15.8495398       5.74800000E-02
   15.8662062       5.66999987E-02
   15.8828726       5.59299998E-02
   15.8995390       5.51699996E-02
   15.9162054       5.44099994E-02
   15.9328718       5.36499992E-02
   15.9495382       5.29000014E-02
   15.9662046       5.21599986E-02
   15.9828711       5.14100008E-02
   15.9995375       5.06800003E-02
   16.0162029       4.99499999E-02
   16.0328693       4.92199995E-02
   16.0495358       4.85000014E-02
   16.0662022       4.77799997E-02
   16.0828686       4.70700003E-02
   16.0995350       4.63600010E-02
   16.1162014       4.56600003E-02
   16.1328678       4.49699983E-02
   16.1495342       4.42800000E-02
   16.1662006       4.35900018E-02
   16.1828671       4.29099984E-02
   16.1995335       4.22400013E-02
   16.2161999       4.15700004E-02
   16.2328663       4.08999994E-02
   16.2495327       4.02499996E-02
   16.2661991       3.95900011E-02
   16.2828655       3.89500000E-02
   16.2995319       3.83099988E-02
   16.3161983       3.76700014E-02
   16.3328648       3.70399989E-02
   16.3495312       3.64199989E-02
   16.3661976       3.57999988E-02
   16.3828640       3.51900011E-02
   16.3995304       3.45799997E-02
   16.4161968       3.39800008E-02
   16.4328632       3.33900005E-02
   16.4495296       3.28000002E-02
   16.4661961       3.22199985E-02
   16.4828625       3.16400006E-02
   16.4995289       3.10699996E-02
   16.5161953       3.05100009E-02
   16.5328617       2.99500003E-02
   16.5495281       2.94000003E-02
   16.5661945       2.88500004E-02
   16.5828609       2.83100009E-02
   16.5995274       2.77800001E-02
   16.6161938       2.72499993E-02
   16.6328602       2.67299991E-02
   16.6495266       2.62100007E-02
   16.6661930       2.56999992E-02
   16.6828594       2.52000000E-02
   16.6995258       2.47000009E-02
   16.7161922       2.42100004E-02
   16.7328587       2.37199999E-02
   16.7495251       2.32400000E-02
   16.7661915       2.27700006E-02
   16.7828579       2.22999994E-02
   16.7995243       2.18400005E-02
   16.8161907       2.13900004E-02
   16.8328571       2.09400002E-02
   16.8495235       2.05000006E-02
   16.8661900       2.00599991E-02
   16.8828564       1.96300000E-02
   16.8995228       1.92000009E-02
   16.9161892       1.87800005E-02
   16.9328556       1.83700006E-02
   16.9495220       1.79600008E-02
   16.9661884       1.75599996E-02
   16.9828548       1.71600003E-02
   16.9995213       1.67699996E-02
   17.0161877       1.63899995E-02
   17.0328541       1.60099994E-02
   17.0495205       1.56399999E-02
   17.0661869       1.52700003E-02
   17.0828533       1.49100004E-02
   17.0995197       1.45600000E-02
   17.1161861       1.42099997E-02
   17.1328526       1.38600003E-02
   17.1495190       1.35199996E-02
   17.1661854       1.31900003E-02
   17.1828518       1.28600001E-02
   17.1995182       1.25399996E-02
   17.2161846       1.22199999E-02
   17.2328510       1.19099999E-02
   17.2495174       1.15999999E-02
   17.2661839       1.13000004E-02
   17.2828503       1.10099996E-02
   17.2995167       1.07100001E-02
   17.3161831       1.04299998E-02
   17.3328495       1.01500005E-02
   17.3495159       9.87199973E-03
   17.3661823       9.60099977E-03
   17.3828487       9.33500007E-03
   17.3995152       9.07499995E-03
   17.4161816       8.81899986E-03
   17.4328480       8.56699981E-03
   17.4495144       8.32000002E-03
   17.4661808       8.07799958E-03
   17.4828472       7.84100033E-03
   17.4995136       7.60899996E-03
   17.5161800       7.37999985E-03
   17.5328465       7.15699978E-03
   17.5495129       6.93699997E-03
   17.5661793       6.72199996E-03
   17.5828457       6.51200023E-03
   17.5995121       6.30600005E-03
   17.6161785       6.10399991E-03
   17.6328449       5.90599980E-03
   17.6495113       5.71200019E-03
   17.6661777       5.52200014E-03
   17.6828442       5.33699989E-03
   17.6995106       5.15499990E-03
   17.7161770       4.97800019E-03
   17.7328434       4.80399979E-03
   17.7495098       4.63399990E-03
   17.7661762       4.46800003E-03
   17.7828426       4.30499995E-03
   17.7995090       4.14599990E-03
   17.8161755       3.99099989E-03
   17.8328419       3.83899990E-03
   17.8495083       3.69099993E-03
   17.8661747       3.54700000E-03
   17.8828411       3.40500008E-03
   17.8995075       3.26699996E-03
   17.9161739       3.13300011E-03
   17.9328403       3.00200004E-03
   17.9495068       2.87400000E-03
   17.9661732       2.74899998E-03
   17.9828396       2.62699998E-03
   17.9995060       2.50900001E-03
   18.0161724       2.39400007E-03
   18.0328388       2.28099991E-03
   18.0495052       2.17200001E-03
   18.0661716       2.06599990E-03
   18.0828381       1.96200004E-03
   18.0995045       1.86199998E-03
   18.1161709       1.76400004E-03
   18.1328373       1.66900002E-03
   18.1495037       1.57700002E-03
   18.1661701       1.48800004E-03
   18.1828365       1.40099996E-03
   18.1995029       1.31700002E-03
   18.2161694       1.23599998E-03
   18.2328358       1.15799997E-03
   18.2495022       1.08199997E-03
   18.2661686       1.00900000E-03
   18.2828350       9.38999990E-04
   18.2995014       8.71299999E-04
   18.3161678       8.06200027E-04
   18.3328342       7.44000019E-04
   18.3495007       6.84299972E-04
   18.3661671       6.27400004E-04
   18.3828335       5.73199999E-04
   18.3994999       5.22000017E-04
   18.4161663       4.73799999E-04
   18.4328327       4.29000007E-04
   18.4494991       3.79400008E-04
   18.4661655       3.33500007E-04
   18.4828320       2.95700011E-04
   18.4994984       2.64400005E-04
   18.5161648       2.31099999E-04
   18.5328312       2.01500006E-04
   18.5494976       1.73199995E-04
   18.5661640       1.52299996E-04
   18.5828304       1.28600004E-04
   18.5994968       1.08499997E-04
   18.6161633       9.12699979E-05
   18.6328297       7.65200020E-05
   18.6494961       6.23899978E-05
   18.6661625       5.11899998E-05
   18.6828289       4.22699995E-05
   18.6994953       3.35900004E-05
   18.7161617       2.68299991E-05
   18.7328281       2.14899992E-05
   18.7494946       1.67100006E-05
   18.7661610       1.28900001E-05
   18.7828274       9.83900009E-06
   18.7994938       7.37900018E-06
   18.8161602       5.37100004E-06
   18.8328266       3.90000014E-06
   18.8494930       2.69599991E-06
   18.8661594       1.82300005E-06
   18.8828259       1.12999999E-06
   18.8994923       6.64699996E-07
   18.9161587       3.68200006E-07
   18.9328251       1.93700004E-07
   18.9494915       9.41899998E-08
   18.9661579       3.77700005E-08
   18.9828243       9.36500033E-09
   18.9994907       9.88499949E-10
   19.0161572       8.84300012E-12
   19.0328236       7.06600009E-15
   19.0494900       3.63699983E-18
   19.0661564       4.27900016E-22
   19.0828228       2.33400007E-28
   19.0994892       0.00000000    
   19.1161556       0.00000000    
   19.1328220       0.00000000    
   19.1494884       0.00000000    
   19.1661549       0.00000000    
   19.1828213       0.00000000    
   19.1994877       0.00000000    
   19.2161541       0.00000000    
   19.2328205       0.00000000    
   19.2494869       0.00000000    
   19.2661533       0.00000000    
   19.2828197       0.00000000    
   19.2994862       0.00000000    
   19.3161526       0.00000000    
   19.3328190       0.00000000    
   19.3494854       0.00000000    
   19.3661518       0.00000000    
   19.3828182       0.00000000    
   19.3994846       0.00000000    
   19.4161510       0.00000000    
   19.4328175       0.00000000    
   19.4494839       0.00000000    
   19.4661503       0.00000000    
   19.4828167       0.00000000    
   19.4994831       0.00000000    
   19.5161495       0.00000000    
   19.5328159       0.00000000    
   19.5494823       0.00000000    
   19.5661488       0.00000000    
   19.5828152       0.00000000    
   19.5994816       0.00000000    
   19.6161480       0.00000000    
   19.6328144       0.00000000    
   19.6494808       0.00000000    
   19.6661472       0.00000000    
   19.6828136       0.00000000    
   19.6994801       0.00000000    
   19.7161465       0.00000000    
   19.7328129       0.00000000    
   19.7494793       0.00000000    
   19.7661457       0.00000000    
   19.7828121       0.00000000    
   19.7994785       0.00000000    
   19.8161449       0.00000000    
   19.8328114       0.00000000    
   19.8494778       0.00000000    
   19.8661442       0.00000000    
   19.8828106       0.00000000    
   19.8994770       0.00000000    
   19.9161434       0.00000000    
   19.9328098       0.00000000    
   19.9494762       0.00000000    
   19.9661427       0.00000000    
   19.9828091       0.00000000    
   19.9994755       0.00000000    
   20.0161419       0.00000000    
   20.0328083       0.00000000    
   20.0494747       0.00000000    
   20.0661411       0.00000000    
   20.0828075       0.00000000    
   20.0994740       0.00000000    
   20.1161404       0.00000000    
   20.1328068       0.00000000    
   20.1494732       0.00000000    
   20.1661396       0.00000000    
   20.1828060       0.00000000    
   20.1994724       0.00000000    
   20.2161388       0.00000000    
   20.2328053       0.00000000    
   20.2494717       0.00000000    
   20.2661381       0.00000000    
   20.2828045       0.00000000    
   20.2994709       0.00000000    
   20.3161373       0.00000000    
   20.3328037       0.00000000    
   20.3494701       0.00000000    
   20.3661366       0.00000000    
   20.3828030       0.00000000    
   20.3994694       0.00000000    
   20.4161358       0.00000000    
   20.4328022       0.00000000    
   20.4494686       0.00000000    
   20.4661350       0.00000000    
   20.4828014       0.00000000    
   20.4994678       0.00000000    
   20.5161343       0.00000000    
   20.5328007       0.00000000    
   20.5494671       0.00000000    
   20.5661335       0.00000000    
   20.5827999       0.00000000    
   20.5994663       0.00000000    
   20.6161327       0.00000000    
   20.6327991       0.00000000    
   20.6494656       0.00000000    
   20.6661320       0.00000000    
   20.6827984       0.00000000    
   20.6994648       0.00000000    
   20.7161312       0.00000000    
   20.7327976       0.00000000    
   20.7494640       0.00000000    
   20.7661304       0.00000000    
   20.7827969       0.00000000    
   20.7994633       0.00000000    
   20.8161297       0.00000000    
   20.8327961       0.00000000    
   20.8494625       0.00000000    
   20.8661289       0.00000000    
   20.8827953       0.00000000    
   20.8994617       0.00000000    
   20.9161282       0.00000000    
   20.9327946       0.00000000    
   20.9494610       0.00000000    
   20.9661274       0.00000000    
   20.9827938       0.00000000    
   20.9994602       0.00000000    
   21.0161266       0.00000000    
   21.0327930       0.00000000    
   21.0494595       0.00000000    
   21.0661259       0.00000000    
   21.0827923       0.00000000    
   21.0994587       0.00000000    
   21.1161251       0.00000000    
   21.1327915       0.00000000    
   21.1494579       0.00000000    
   21.1661243       0.00000000    
   21.1827908       0.00000000    
   21.1994572       0.00000000    
   21.2161236       0.00000000    
   21.2327900       0.00000000    
   21.2494564       0.00000000    
   21.2661228       0.00000000    
   21.2827892       0.00000000    
   21.2994556       0.00000000    
   21.3161221       0.00000000    
   21.3327885       0.00000000    
   21.3494549       0.00000000    
   21.3661213       0.00000000    
   21.3827877       0.00000000    
   21.3994541       0.00000000    
   21.4161205       0.00000000    
   21.4327869       0.00000000    
   21.4494534       0.00000000    
   21.4661198       0.00000000    
   21.4827862       0.00000000    
   21.4994526       0.00000000    
   21.5161190       0.00000000    
   21.5327854       0.00000000    
   21.5494518       0.00000000    
   21.5661182       0.00000000    
   21.5827847       0.00000000    
   21.5994511       0.00000000    
   21.6161175       0.00000000    
   21.6327839       0.00000000    
   21.6494503       0.00000000    
   21.6661167       0.00000000    
   21.6827831       0.00000000    
   21.6994495       0.00000000    
   21.7161160       0.00000000    
   21.7327824       0.00000000    
   21.7494488       0.00000000    
   21.7661152       0.00000000    
   21.7827816       0.00000000    
   21.7994480       0.00000000    
   21.8161144       0.00000000    
   21.8327808       0.00000000    
   21.8494473       0.00000000    
   21.8661137       0.00000000    
   21.8827801       0.00000000    
   21.8994465       0.00000000    
   21.9161129       0.00000000    
   21.9327793       0.00000000    
   21.9494457       0.00000000    
   21.9661121       0.00000000    
   21.9827785       0.00000000    
   21.9994450       0.00000000    
   22.0161114       0.00000000    
   22.0327778       0.00000000    
   22.0494442       0.00000000    
   22.0661106       0.00000000    
   22.0827770       0.00000000    
   22.0994434       0.00000000    
   22.1161098       0.00000000    
   22.1327763       0.00000000    
   22.1494427       0.00000000    
   22.1661091       0.00000000    
   22.1827755       0.00000000    
   22.1994419       0.00000000    
   22.2161083       0.00000000    
   22.2327747       0.00000000    
   22.2494411       0.00000000    
   22.2661076       0.00000000    
   22.2827740       0.00000000    
   22.2994404       0.00000000    
   22.3161068       0.00000000    
   22.3327732       0.00000000    
   22.3494396       0.00000000    
   22.3661060       0.00000000    
   22.3827724       0.00000000    
   22.3994389       0.00000000    
   22.4161053       0.00000000    
   22.4327717       0.00000000    
   22.4494381       0.00000000    
   22.4661045       0.00000000    
   22.4827709       0.00000000    
   22.4994373       0.00000000    
   22.5161037       0.00000000    
   22.5327702       0.00000000    
   22.5494366       0.00000000    
   22.5661030       0.00000000    
   22.5827694       0.00000000    
   22.5994358       0.00000000    
   22.6161022       0.00000000    
   22.6327686       0.00000000    
   22.6494350       0.00000000    
   22.6661015       0.00000000    
   22.6827679       0.00000000    
   22.6994343       0.00000000    
   22.7161007       0.00000000    
   22.7327671       0.00000000    
   22.7494335       0.00000000    
   22.7660999       0.00000000    
   22.7827663       0.00000000    
   22.7994328       0.00000000    
   22.8160992       0.00000000    
   22.8327656       0.00000000    
   22.8494320       0.00000000    
   22.8660984       0.00000000    
   22.8827648       0.00000000    
   22.8994312       0.00000000    
   22.9160976       0.00000000    
   22.9327641       0.00000000    
   22.9494305       0.00000000    
   22.9660969       0.00000000    
   22.9827633       0.00000000    
   22.9994297       0.00000000    
   23.0160961       0.00000000    
   23.0327625       0.00000000    
   23.0494289       0.00000000    
   23.0660954       0.00000000    
   23.0827618       0.00000000    
   23.0994282       0.00000000    
   23.1160946       0.00000000    
   23.1327610       0.00000000    
   23.1494274       0.00000000    
   23.1660938       0.00000000    
   23.1827602       0.00000000    
   23.1994267       0.00000000    
   23.2160931       0.00000000    
   23.2327595       0.00000000    
   23.2494259       0.00000000    
   23.2660923       0.00000000    
   23.2827587       0.00000000    
   23.2994251       0.00000000    
   23.3160915       0.00000000    
   23.3327579       0.00000000    
   23.3494244       0.00000000    
   23.3660908       0.00000000    
   23.3827572       0.00000000    
   23.3994236       0.00000000    
   23.4160900       0.00000000    
   23.4327564       0.00000000    
   23.4494228       0.00000000    
   23.4660892       0.00000000    
   23.4827557       0.00000000    
   23.4994221       0.00000000    
   23.5160885       0.00000000    
   23.5327549       0.00000000    
   23.5494213       0.00000000    
   23.5660877       0.00000000    
   23.5827541       0.00000000    
   23.5994205       0.00000000    
   23.6160870       0.00000000    
   23.6327534       0.00000000    
   23.6494198       0.00000000    
   23.6660862       0.00000000    
   23.6827526       0.00000000    
   23.6994190       0.00000000    
   23.7160854       0.00000000    
   23.7327518       0.00000000    
   23.7494183       0.00000000    
   23.7660847       0.00000000    
   23.7827511       0.00000000    
   23.7994175       0.00000000    
   23.8160839       0.00000000    
   23.8327503       0.00000000    
   23.8494167       0.00000000    
   23.8660831       0.00000000    
   23.8827496       0.00000000    
   23.8994160       0.00000000    
   23.9160824       0.00000000    
   23.9327488       0.00000000    
   23.9494152       0.00000000    
   23.9660816       0.00000000    
   23.9827480       0.00000000    
