   0.00000000       0.00000000    
   1.66660007E-02   0.00000000    
   3.33320014E-02   0.00000000    
   4.99980003E-02   0.00000000    
   6.66640028E-02   0.00000000    
   8.33300054E-02   0.00000000    
   9.99960080E-02   0.00000000    
  0.116662011       0.00000000    
  0.133328006       0.00000000    
  0.149994001       0.00000000    
  0.166659996       0.00000000    
  0.183325991       0.00000000    
  0.199991986       0.00000000    
  0.216657981       0.00000000    
  0.233323976       0.00000000    
  0.249989972       0.00000000    
  0.266655982       0.00000000    
  0.283321977       0.00000000    
  0.299987972       0.00000000    
  0.316653967       0.00000000    
  0.333319962       0.00000000    
  0.349985957       0.00000000    
  0.366651952       0.00000000    
  0.383317947       0.00000000    
  0.399983943       0.00000000    
  0.416649938       0.00000000    
  0.433315933       0.00000000    
  0.449981928       0.00000000    
  0.466647923       0.00000000    
  0.483313918       0.00000000    
  0.499979913       0.00000000    
  0.516645908       0.00000000    
  0.533311903       0.00000000    
  0.549977899       0.00000000    
  0.566643894       0.00000000    
  0.583309889       0.00000000    
  0.599975884       0.00000000    
  0.616641879       0.00000000    
  0.633307874       0.00000000    
  0.649973869       0.00000000    
  0.666639864       0.00000000    
  0.683305860       0.00000000    
  0.699971855       0.00000000    
  0.716637850       0.00000000    
  0.733303845       0.00000000    
  0.749969840       0.00000000    
  0.766635835       0.00000000    
  0.783301830       0.00000000    
  0.799967825       0.00000000    
  0.816633821       0.00000000    
  0.833299816       0.00000000    
  0.849965811       0.00000000    
  0.866631806       0.00000000    
  0.883297801       0.00000000    
  0.899963796       0.00000000    
  0.916629791       0.00000000    
  0.933295786       0.00000000    
  0.949961782       0.00000000    
  0.966627777       0.00000000    
  0.983293772       0.00000000    
  0.999959767       0.00000000    
   1.01662576       0.00000000    
   1.03329182       0.00000000    
   1.04995787       0.00000000    
   1.06662393       0.00000000    
   1.08328998       0.00000000    
   1.09995604       0.00000000    
   1.11662209       0.00000000    
   1.13328815       0.00000000    
   1.14995420       0.00000000    
   1.16662025       0.00000000    
   1.18328631       0.00000000    
   1.19995236       0.00000000    
   1.21661842       0.00000000    
   1.23328447       0.00000000    
   1.24995053       0.00000000    
   1.26661658       0.00000000    
   1.28328264       0.00000000    
   1.29994869       0.00000000    
   1.31661475       0.00000000    
   1.33328080       0.00000000    
   1.34994686       0.00000000    
   1.36661291       0.00000000    
   1.38327897       0.00000000    
   1.39994502       0.00000000    
   1.41661108       0.00000000    
   1.43327713       0.00000000    
   1.44994318       0.00000000    
   1.46660924       0.00000000    
   1.48327529       0.00000000    
   1.49994135       0.00000000    
   1.51660740       0.00000000    
   1.53327346       0.00000000    
   1.54993951       0.00000000    
   1.56660557       0.00000000    
   1.58327162       0.00000000    
   1.59993768       0.00000000    
   1.61660373       0.00000000    
   1.63326979       0.00000000    
   1.64993584       0.00000000    
   1.66660190       0.00000000    
   1.68326795       0.00000000    
   1.69993401       0.00000000    
   1.71660006       0.00000000    
   1.73326612       0.00000000    
   1.74993217       0.00000000    
   1.76659822       0.00000000    
   1.78326428       0.00000000    
   1.79993033       0.00000000    
   1.81659639       0.00000000    
   1.83326244       0.00000000    
   1.84992850       0.00000000    
   1.86659455       0.00000000    
   1.88326061       0.00000000    
   1.89992666       0.00000000    
   1.91659272       0.00000000    
   1.93325877       0.00000000    
   1.94992483       0.00000000    
   1.96659088       0.00000000    
   1.98325694       0.00000000    
   1.99992299       0.00000000    
   2.01658893       0.00000000    
   2.03325486       0.00000000    
   2.04992080       0.00000000    
   2.06658673       0.00000000    
   2.08325267       0.00000000    
   2.09991860       0.00000000    
   2.11658454       0.00000000    
   2.13325047       0.00000000    
   2.14991641       0.00000000    
   2.16658235       0.00000000    
   2.18324828       0.00000000    
   2.19991422       0.00000000    
   2.21658015       0.00000000    
   2.23324609       0.00000000    
   2.24991202       0.00000000    
   2.26657796       0.00000000    
   2.28324389       0.00000000    
   2.29990983       0.00000000    
   2.31657577       0.00000000    
   2.33324170       0.00000000    
   2.34990764       0.00000000    
   2.36657357       0.00000000    
   2.38323951       0.00000000    
   2.39990544       0.00000000    
   2.41657138       0.00000000    
   2.43323731       0.00000000    
   2.44990325       0.00000000    
   2.46656919       0.00000000    
   2.48323512       0.00000000    
   2.49990106       0.00000000    
   2.51656699       0.00000000    
   2.53323293       0.00000000    
   2.54989886       0.00000000    
   2.56656480       0.00000000    
   2.58323073       0.00000000    
   2.59989667       0.00000000    
   2.61656260       0.00000000    
   2.63322854       0.00000000    
   2.64989448       0.00000000    
   2.66656041       0.00000000    
   2.68322635       0.00000000    
   2.69989228       0.00000000    
   2.71655822       0.00000000    
   2.73322415       0.00000000    
   2.74989009       0.00000000    
   2.76655602       0.00000000    
   2.78322196       0.00000000    
   2.79988790       0.00000000    
   2.81655383       0.00000000    
   2.83321977       0.00000000    
   2.84988570       0.00000000    
   2.86655164       0.00000000    
   2.88321757       0.00000000    
   2.89988351       0.00000000    
   2.91654944       0.00000000    
   2.93321538       0.00000000    
   2.94988132       0.00000000    
   2.96654725       0.00000000    
   2.98321319       0.00000000    
   2.99987912       0.00000000    
   3.01654506       0.00000000    
   3.03321099       0.00000000    
   3.04987693       0.00000000    
   3.06654286       0.00000000    
   3.08320880       0.00000000    
   3.09987473       0.00000000    
   3.11654067       0.00000000    
   3.13320661       0.00000000    
   3.14987254       0.00000000    
   3.16653848       0.00000000    
   3.18320441       0.00000000    
   3.19987035       0.00000000    
   3.21653628       0.00000000    
   3.23320222       0.00000000    
   3.24986815       0.00000000    
   3.26653409       0.00000000    
   3.28320003       0.00000000    
   3.29986596       0.00000000    
   3.31653190       0.00000000    
   3.33319783       0.00000000    
   3.34986377       0.00000000    
   3.36652970       0.00000000    
   3.38319564       0.00000000    
   3.39986157       0.00000000    
   3.41652751       0.00000000    
   3.43319345       0.00000000    
   3.44985938       0.00000000    
   3.46652532       0.00000000    
   3.48319125       0.00000000    
   3.49985719       0.00000000    
   3.51652312       0.00000000    
   3.53318906       0.00000000    
   3.54985499       0.00000000    
   3.56652093       0.00000000    
   3.58318686       0.00000000    
   3.59985280       0.00000000    
   3.61651874       0.00000000    
   3.63318467       0.00000000    
   3.64985061       0.00000000    
   3.66651654       0.00000000    
   3.68318248       0.00000000    
   3.69984841       0.00000000    
   3.71651435       0.00000000    
   3.73318028       0.00000000    
   3.74984622       0.00000000    
   3.76651216       0.00000000    
   3.78317809       0.00000000    
   3.79984403       0.00000000    
   3.81650996       0.00000000    
   3.83317590       0.00000000    
   3.84984183       0.00000000    
   3.86650777       0.00000000    
   3.88317370       0.00000000    
   3.89983964       0.00000000    
   3.91650558       0.00000000    
   3.93317151       0.00000000    
   3.94983745       0.00000000    
   3.96650338       0.00000000    
   3.98316932       0.00000000    
   3.99983525       0.00000000    
   4.01650143       0.00000000    
   4.03316736       0.00000000    
   4.04983330       0.00000000    
   4.06649923       0.00000000    
   4.08316517       0.00000000    
   4.09983110       0.00000000    
   4.11649704       0.00000000    
   4.13316298       0.00000000    
   4.14982891       0.00000000    
   4.16649485       0.00000000    
   4.18316078       0.00000000    
   4.19982672       0.00000000    
   4.21649265       0.00000000    
   4.23315859       0.00000000    
   4.24982452       0.00000000    
   4.26649046       0.00000000    
   4.28315639       0.00000000    
   4.29982233       0.00000000    
   4.31648827       0.00000000    
   4.33315420       0.00000000    
   4.34982014       0.00000000    
   4.36648607       0.00000000    
   4.38315201       0.00000000    
   4.39981794       0.00000000    
   4.41648388       0.00000000    
   4.43314981       0.00000000    
   4.44981575       0.00000000    
   4.46648169       0.00000000    
   4.48314762       0.00000000    
   4.49981356       0.00000000    
   4.51647949       0.00000000    
   4.53314543       0.00000000    
   4.54981136       0.00000000    
   4.56647730       0.00000000    
   4.58314323       0.00000000    
   4.59980917       0.00000000    
   4.61647511       0.00000000    
   4.63314104       0.00000000    
   4.64980698       0.00000000    
   4.66647291       0.00000000    
   4.68313885       0.00000000    
   4.69980478       0.00000000    
   4.71647072       0.00000000    
   4.73313665       0.00000000    
   4.74980259       0.00000000    
   4.76646852       0.00000000    
   4.78313446       0.00000000    
   4.79980040       0.00000000    
   4.81646633       0.00000000    
   4.83313227       0.00000000    
   4.84979820       0.00000000    
   4.86646414       0.00000000    
   4.88313007       0.00000000    
   4.89979601       0.00000000    
   4.91646194       0.00000000    
   4.93312788       0.00000000    
   4.94979382       0.00000000    
   4.96645975       0.00000000    
   4.98312569       0.00000000    
   4.99979162       0.00000000    
   5.01645756       0.00000000    
   5.03312349       0.00000000    
   5.04978943       0.00000000    
   5.06645536       0.00000000    
   5.08312130       0.00000000    
   5.09978724       0.00000000    
   5.11645317       0.00000000    
   5.13311911       0.00000000    
   5.14978504       0.00000000    
   5.16645098       0.00000000    
   5.18311691       0.00000000    
   5.19978285       0.00000000    
   5.21644878       0.00000000    
   5.23311472       0.00000000    
   5.24978065       0.00000000    
   5.26644659       0.00000000    
   5.28311253       0.00000000    
   5.29977846       0.00000000    
   5.31644440       0.00000000    
   5.33311033       0.00000000    
   5.34977627       0.00000000    
   5.36644220       0.00000000    
   5.38310814       0.00000000    
   5.39977407       0.00000000    
   5.41644001       0.00000000    
   5.43310595       0.00000000    
   5.44977188       0.00000000    
   5.46643782       0.00000000    
   5.48310375       0.00000000    
   5.49976969       0.00000000    
   5.51643562       0.00000000    
   5.53310156       0.00000000    
   5.54976749       0.00000000    
   5.56643343       0.00000000    
   5.58309937       0.00000000    
   5.59976530       0.00000000    
   5.61643124       0.00000000    
   5.63309717       0.00000000    
   5.64976311       0.00000000    
   5.66642904       0.00000000    
   5.68309498       0.00000000    
   5.69976091       0.00000000    
   5.71642685       0.00000000    
   5.73309278       0.00000000    
   5.74975872       0.00000000    
   5.76642466       0.00000000    
   5.78309059       0.00000000    
   5.79975653       0.00000000    
   5.81642246       0.00000000    
   5.83308840       0.00000000    
   5.84975433       0.00000000    
   5.86642027       0.00000000    
   5.88308620       0.00000000    
   5.89975214       0.00000000    
   5.91641808       0.00000000    
   5.93308401       0.00000000    
   5.94974995       0.00000000    
   5.96641588       0.00000000    
   5.98308182       0.00000000    
   5.99974775       0.00000000    
   6.01641369       0.00000000    
   6.03307962       0.00000000    
   6.04974556       0.00000000    
   6.06641150       0.00000000    
   6.08307743       0.00000000    
   6.09974337       0.00000000    
   6.11640930       0.00000000    
   6.13307524       0.00000000    
   6.14974117       0.00000000    
   6.16640711       0.00000000    
   6.18307304       0.00000000    
   6.19973898       0.00000000    
   6.21640491       2.60300002E-30
   6.23307085       1.16000004E-24
   6.24973679       1.04900002E-19
   6.26640272       3.31400010E-15
   6.28306866       2.95399989E-11
   6.29973459       1.41000001E-09
   6.31640053       1.12000000E-08
   6.33306646       4.09000016E-08
   6.34973240       9.39799989E-08
   6.36639833       1.89500000E-07
   6.38306427       3.56700014E-07
   6.39973021       6.25200016E-07
   6.41639614       1.02700005E-06
   6.43306208       1.57099998E-06
   6.44972801       2.25700001E-06
   6.46639395       3.21800007E-06
   6.48305988       4.35499987E-06
   6.49972582       5.83200017E-06
   6.51639175       7.73499960E-06
   6.53305769       1.01100004E-05
   6.54972363       1.30400003E-05
   6.56638956       1.66800000E-05
   6.58305550       2.12899995E-05
   6.59972143       2.63399997E-05
   6.61638737       3.30500006E-05
   6.63305330       4.02500009E-05
   6.64971924       4.90700004E-05
   6.66638517       5.97500002E-05
   6.68305111       7.17899966E-05
   6.69971704       8.48900017E-05
   6.71638298       1.00199999E-04
   6.73304892       1.18700002E-04
   6.74971485       1.36600007E-04
   6.76638079       1.59200004E-04
   6.78304672       1.79499999E-04
   6.79971266       2.04600001E-04
   6.81637859       2.35400003E-04
   6.83304453       2.68000003E-04
   6.84971046       2.98200001E-04
   6.86637640       3.30600014E-04
   6.88304234       3.65199987E-04
   6.89970827       4.01900004E-04
   6.91637421       4.40400006E-04
   6.93304014       4.80799994E-04
   6.94970608       5.23100025E-04
   6.96637201       5.67200012E-04
   6.98303795       6.13100012E-04
   6.99970388       6.61000027E-04
   7.01636982       7.10499997E-04
   7.03303576       7.61899981E-04
   7.04970169       8.14999978E-04
   7.06636763       8.69999989E-04
   7.08303356       9.27100016E-04
   7.09969950       9.85800056E-04
   7.11636543       1.04600005E-03
   7.13303137       1.10899995E-03
   7.14969730       1.17299997E-03
   7.16636324       1.23900000E-03
   7.18302917       1.30799995E-03
   7.19969511       1.37800002E-03
   7.21636105       1.44999998E-03
   7.23302698       1.52399996E-03
   7.24969292       1.59999996E-03
   7.26635885       1.67799997E-03
   7.28302479       1.75800000E-03
   7.29969072       1.84100005E-03
   7.31635666       1.92499999E-03
   7.33302259       2.01199995E-03
   7.34968853       2.10099993E-03
   7.36635447       2.19199993E-03
   7.38302040       2.28499994E-03
   7.39968634       2.38099997E-03
   7.41635227       2.47900002E-03
   7.43301821       2.57900008E-03
   7.44968414       2.68199993E-03
   7.46635008       2.78700003E-03
   7.48301601       2.89499993E-03
   7.49968195       3.00500006E-03
   7.51634789       3.11699999E-03
   7.53301382       3.23199993E-03
   7.54967976       3.35099990E-03
   7.56634569       3.47099989E-03
   7.58301163       3.59399989E-03
   7.59967756       3.71999992E-03
   7.61634350       3.84799996E-03
   7.63300943       3.98000004E-03
   7.64967537       4.11400013E-03
   7.66634130       4.25100001E-03
   7.68300724       4.39100014E-03
   7.69967318       4.53400007E-03
   7.71633911       4.67999978E-03
   7.73300505       4.82900022E-03
   7.74967098       4.98200022E-03
   7.76633692       5.13699977E-03
   7.78300285       5.29500004E-03
   7.79966879       5.45699988E-03
   7.81633472       5.62100019E-03
   7.83300066       5.78999985E-03
   7.84966660       5.96099999E-03
   7.86633253       6.13600016E-03
   7.88299847       6.31400011E-03
   7.89966440       6.49600010E-03
   7.91633034       6.68099988E-03
   7.93299627       6.87000016E-03
   7.94966221       7.06200022E-03
   7.96632814       7.25799985E-03
   7.98299408       7.45700020E-03
   7.99966002       7.66000012E-03
   8.01632595       7.86800031E-03
   8.03299236       8.07799958E-03
   8.04965878       8.29300005E-03
   8.06632519       8.51100031E-03
   8.08299160       8.73299967E-03
   8.09965801       8.95900000E-03
   8.11632442       9.18999966E-03
   8.13299084       9.42400005E-03
   8.14965725       9.66200046E-03
   8.16632366       9.90500022E-03
   8.18299007       1.01500005E-02
   8.19965649       1.04000000E-02
   8.21632290       1.06600001E-02
   8.23298931       1.09200003E-02
   8.24965572       1.11800004E-02
   8.26632214       1.14500001E-02
   8.28298855       1.17199998E-02
   8.29965496       1.20000001E-02
   8.31632137       1.22800004E-02
   8.33298779       1.25599997E-02
   8.34965420       1.28499996E-02
   8.36632061       1.31500000E-02
   8.38298702       1.34500004E-02
   8.39965343       1.37499999E-02
   8.41631985       1.40600000E-02
   8.43298626       1.43700000E-02
   8.44965267       1.46899996E-02
   8.46631908       1.50100002E-02
   8.48298550       1.53400004E-02
   8.49965191       1.56699996E-02
   8.51631832       1.60099994E-02
   8.53298473       1.63499992E-02
   8.54965115       1.66999996E-02
   8.56631756       1.70499999E-02
   8.58298397       1.74100008E-02
   8.59965038       1.77699998E-02
   8.61631680       1.81399994E-02
   8.63298321       1.85100008E-02
   8.64964962       1.88800003E-02
   8.66631603       1.92699991E-02
   8.68298244       1.96499992E-02
   8.69964886       2.00500004E-02
   8.71631527       2.04399992E-02
   8.73298168       2.08400004E-02
   8.74964809       2.12500002E-02
   8.76631451       2.16700006E-02
   8.78298092       2.20800005E-02
   8.79964733       2.25099996E-02
   8.81631374       2.29300000E-02
   8.83298016       2.33699996E-02
   8.84964657       2.38000005E-02
   8.86631298       2.42500007E-02
   8.88297939       2.47000009E-02
   8.89964581       2.51499992E-02
   8.91631222       2.56099999E-02
   8.93297863       2.60700006E-02
   8.94964504       2.65400000E-02
   8.96631145       2.70199999E-02
   8.98297787       2.74999999E-02
   8.99964428       2.79799998E-02
   9.01631069       2.84700003E-02
   9.03297710       2.89699994E-02
   9.04964352       2.94700004E-02
   9.06630993       2.99800001E-02
   9.08297634       3.04899998E-02
   9.09964275       3.10100000E-02
   9.11630917       3.15300003E-02
   9.13297558       3.20499986E-02
   9.14964199       3.25900018E-02
   9.16630840       3.31199989E-02
   9.18297482       3.36700007E-02
   9.19964123       3.42100002E-02
   9.21630764       3.47599983E-02
   9.23297405       3.53199989E-02
   9.24964046       3.58900018E-02
   9.26630688       3.64499986E-02
   9.28297329       3.70200016E-02
   9.29963970       3.75999995E-02
   9.31630611       3.81800011E-02
   9.33297253       3.87700014E-02
   9.34963894       3.93600017E-02
   9.36630535       3.99600007E-02
   9.38297176       4.05599996E-02
   9.39963818       4.11700010E-02
   9.41630459       4.17799987E-02
   9.43297100       4.23900001E-02
   9.44963741       4.30100001E-02
   9.46630383       4.36399989E-02
   9.48297024       4.42700014E-02
   9.49963665       4.49000001E-02
   9.51630306       4.55400012E-02
   9.53296947       4.61799987E-02
   9.54963589       4.68299985E-02
   9.56630230       4.74799983E-02
   9.58296871       4.81400006E-02
   9.59963512       4.87900004E-02
   9.61630154       4.94600013E-02
   9.63296795       5.01299985E-02
   9.64963436       5.08100018E-02
   9.66630077       5.14799990E-02
   9.68296719       5.21599986E-02
   9.69963360       5.28500006E-02
   9.71630001       5.35399988E-02
   9.73296642       5.42300008E-02
   9.74963284       5.49199991E-02
   9.76629925       5.56199998E-02
   9.78296566       5.63200004E-02
   9.79963207       5.70299998E-02
   9.81629848       5.77399991E-02
   9.83296490       5.84600009E-02
   9.84963131       5.91799989E-02
   9.86629772       5.98899983E-02
   9.88296413       6.06199987E-02
   9.89963055       6.13499992E-02
   9.91629696       6.20799996E-02
   9.93296337       6.28099963E-02
   9.94962978       6.35500029E-02
   9.96629620       6.42800033E-02
   9.98296261       6.50200024E-02
   9.99962902       6.57700002E-02
   10.0162954       6.65000007E-02
   10.0329618       6.72700033E-02
   10.0496283       6.80200011E-02
   10.0662947       6.87299967E-02
   10.0829611       6.95300028E-02
   10.0996275       7.02899992E-02
   10.1162939       7.10500032E-02
   10.1329603       7.18099996E-02
   10.1496267       7.25700036E-02
   10.1662931       7.33399987E-02
   10.1829596       7.40899965E-02
   10.1996260       7.48799965E-02
   10.2162924       7.56599978E-02
   10.2329588       7.64200017E-02
   10.2496252       7.72000030E-02
   10.2662916       7.79300034E-02
   10.2829580       7.87599981E-02
   10.2996244       7.95399994E-02
   10.3162909       8.02600011E-02
   10.3329573       8.11000019E-02
   10.3496237       8.18800032E-02
   10.3662901       8.26700032E-02
   10.3829565       8.34499970E-02
   10.3996229       8.42299983E-02
   10.4162893       8.50199983E-02
   10.4329557       8.57999995E-02
   10.4496222       8.65899995E-02
   10.4662886       8.73799995E-02
   10.4829550       8.81600007E-02
   10.4996214       8.89500007E-02
   10.5162878       8.97400007E-02
   10.5329542       9.05200019E-02
   10.5496206       9.13000032E-02
   10.5662870       9.21000019E-02
   10.5829535       9.28800032E-02
   10.5996199       9.36599970E-02
   10.6162863       9.44499969E-02
   10.6329527       9.52299982E-02
   10.6496191       9.60099995E-02
   10.6662855       9.67900008E-02
   10.6829519       9.75700021E-02
   10.6996183       9.83600020E-02
   10.7162848       9.91400033E-02
   10.7329512       9.98999998E-02
   10.7496176      0.100699998    
   10.7662840      0.101499997    
   10.7829504      0.102200001    
   10.7996168      0.103000000    
   10.8162832      0.103799999    
   10.8329496      0.104500003    
   10.8496161      0.105300002    
   10.8662825      0.106100000    
   10.8829489      0.106799997    
   10.8996153      0.107600003    
   10.9162817      0.108400002    
   10.9329481      0.109099999    
   10.9496145      0.109700002    
   10.9662809      0.110600002    
   10.9829473      0.111400001    
   10.9996138      0.112000003    
   11.0162802      0.112800002    
   11.0329466      0.113600001    
   11.0496130      0.114299998    
   11.0662794      0.115000002    
   11.0829458      0.115800001    
   11.0996122      0.116499998    
   11.1162786      0.117200002    
   11.1329451      0.117899999    
   11.1496115      0.118600003    
   11.1662779      0.119300000    
   11.1829443      0.120099999    
   11.1996107      0.120800003    
   11.2162771      0.121500000    
   11.2329435      0.122100003    
   11.2496099      0.122800000    
   11.2662764      0.123499997    
   11.2829428      0.124100000    
   11.2996092      0.124899998    
   11.3162756      0.125499994    
   11.3329420      0.126200005    
   11.3496084      0.126900002    
   11.3662748      0.127499998    
   11.3829412      0.128199995    
   11.3996077      0.128800005    
   11.4162741      0.129500002    
   11.4329405      0.130099997    
   11.4496069      0.130700007    
   11.4662733      0.131300002    
   11.4829397      0.131999999    
   11.4996061      0.132599995    
   11.5162725      0.133100003    
   11.5329390      0.133800000    
   11.5496054      0.134399995    
   11.5662718      0.135000005    
   11.5829382      0.135499999    
   11.5996046      0.136099994    
   11.6162710      0.136700004    
   11.6329374      0.137300000    
   11.6496038      0.137600005    
   11.6662703      0.138400003    
   11.6829367      0.138899997    
   11.6996031      0.139500007    
   11.7162695      0.140000001    
   11.7329359      0.140499994    
   11.7496023      0.141000003    
   11.7662687      0.141499996    
   11.7829351      0.142000005    
   11.7996016      0.142499998    
   11.8162680      0.143000007    
   11.8329344      0.143500000    
   11.8496008      0.143999994    
   11.8662672      0.144400001    
   11.8829336      0.144800007    
   11.8996000      0.145400003    
   11.9162664      0.145799994    
   11.9329329      0.146200001    
   11.9495993      0.146699995    
   11.9662657      0.147100002    
   11.9829321      0.147400007    
   11.9995985      0.147799999    
   12.0162649      0.148300007    
   12.0329313      0.148699999    
   12.0495977      0.149100006    
   12.0662642      0.149499997    
   12.0829306      0.149800003    
   12.0995970      0.150199994    
   12.1162634      0.150500000    
   12.1329298      0.150700003    
   12.1495962      0.151199996    
   12.1662626      0.151500002    
   12.1829290      0.151899993    
   12.1995955      0.151999995    
   12.2162619      0.152500004    
   12.2329283      0.152700007    
   12.2495947      0.152999997    
   12.2662611      0.153300002    
   12.2829275      0.153600007    
   12.2995939      0.153799996    
   12.3162603      0.154100001    
   12.3329268      0.154300004    
   12.3495932      0.154599994    
   12.3662596      0.154799998    
   12.3829260      0.154899999    
   12.3995924      0.155100003    
   12.4162588      0.155399993    
   12.4329252      0.155599996    
   12.4495916      0.155800000    
   12.4662580      0.155699998    
   12.4829245      0.156000003    
   12.4995909      0.156200007    
   12.5162573      0.156399995    
   12.5329237      0.156499997    
   12.5495901      0.156599998    
   12.5662565      0.156700000    
   12.5829229      0.156800002    
   12.5995893      0.156900004    
   12.6162558      0.157000005    
   12.6329222      0.157100007    
   12.6495886      0.157199994    
   12.6662550      0.157199994    
   12.6829214      0.157299995    
   12.6995878      0.157299995    
   12.7162542      0.157399997    
   12.7329206      0.157399997    
   12.7495871      0.157399997    
   12.7662535      0.157399997    
   12.7829199      0.157399997    
   12.7995863      0.157399997    
   12.8162527      0.157299995    
   12.8329191      0.157299995    
   12.8495855      0.157299995    
   12.8662519      0.157199994    
   12.8829184      0.157199994    
   12.8995848      0.157100007    
   12.9162512      0.157000005    
   12.9329176      0.156900004    
   12.9495840      0.156800002    
   12.9662504      0.156700000    
   12.9829168      0.156599998    
   12.9995832      0.156499997    
   13.0162497      0.156299993    
   13.0329161      0.156200007    
   13.0495825      0.155800000    
   13.0662489      0.155699998    
   13.0829153      0.155699998    
   13.0995817      0.155499995    
   13.1162481      0.155300006    
   13.1329145      0.155100003    
   13.1495810      0.154899999    
   13.1662474      0.154699996    
   13.1829138      0.154499993    
   13.1995802      0.154300004    
   13.2162466      0.153999999    
   13.2329130      0.153799996    
   13.2495794      0.153500006    
   13.2662458      0.153200001    
   13.2829123      0.152999997    
   13.2995787      0.152600005    
   13.3162451      0.152300000    
   13.3329115      0.151999995    
   13.3495779      0.151800007    
   13.3662443      0.151400000    
   13.3829107      0.151099995    
   13.3995771      0.150700003    
   13.4162436      0.150399998    
   13.4329100      0.150099993    
   13.4495764      0.149599999    
   13.4662428      0.149399996    
   13.4829092      0.149000004    
   13.4995756      0.148599997    
   13.5162420      0.148200005    
   13.5329084      0.147799999    
   13.5495749      0.147200003    
   13.5662413      0.147000000    
   13.5829077      0.146500006    
   13.5995741      0.146100000    
   13.6162405      0.145699993    
   13.6329069      0.145199999    
   13.6495733      0.144800007    
   13.6662397      0.144299999    
   13.6829062      0.143700004    
   13.6995726      0.143399999    
   13.7162390      0.142900005    
   13.7329054      0.142399997    
   13.7495718      0.141900003    
   13.7662382      0.141299993    
   13.7829046      0.140900001    
   13.7995710      0.140300006    
   13.8162374      0.139799997    
   13.8329039      0.139300004    
   13.8495703      0.138699993    
   13.8662367      0.138200000    
   13.8829031      0.137600005    
   13.8995695      0.137099996    
   13.9162359      0.136399999    
   13.9329023      0.136000007    
   13.9495687      0.135399997    
   13.9662352      0.134800002    
   13.9829016      0.134200007    
   13.9995680      0.133599997    
   14.0162344      0.132900000    
   14.0329008      0.132400006    
   14.0495672      0.131799996    
   14.0662336      0.131200001    
   14.0829000      0.130500004    
   14.0995665      0.129800007    
   14.1162329      0.129299998    
   14.1328993      0.128600001    
   14.1495657      0.128000006    
   14.1662321      0.127200007    
   14.1828985      0.126599997    
   14.1995649      0.126000002    
   14.2162313      0.125300005    
   14.2328978      0.124700002    
   14.2495642      0.123800002    
   14.2662306      0.123300001    
   14.2828970      0.122599997    
   14.2995634      0.121900000    
   14.3162298      0.121200003    
   14.3328962      0.120499998    
   14.3495626      0.119800001    
   14.3662291      0.119099997    
   14.3828955      0.118400000    
   14.3995619      0.117700003    
   14.4162283      0.116999999    
   14.4328947      0.116300002    
   14.4495611      0.115500003    
   14.4662275      0.114799999    
   14.4828939      0.114100002    
   14.4995604      0.113300003    
   14.5162268      0.112599999    
   14.5328932      0.111900002    
   14.5495596      0.111100003    
   14.5662260      0.110399999    
   14.5828924      0.109600000    
   14.5995588      0.108900003    
   14.6162252      0.108099997    
   14.6328917      0.107299998    
   14.6495581      0.106600001    
   14.6662245      0.105800003    
   14.6828909      0.105099998    
   14.6995573      0.104300000    
   14.7162237      0.103500001    
   14.7328901      0.102799997    
   14.7495565      0.101999998    
   14.7662230      0.101199999    
   14.7828894      0.100400001    
   14.7995558       9.96600017E-02
   14.8162222       9.88999978E-02
   14.8328886       9.81199965E-02
   14.8495550       9.73400027E-02
   14.8662214       9.65600014E-02
   14.8828878       9.57800001E-02
   14.8995543       9.49900001E-02
   14.9162207       9.41900015E-02
   14.9328871       9.34299976E-02
   14.9495535       9.26399976E-02
   14.9662199       9.18599963E-02
   14.9828863       9.10699964E-02
   14.9995527       9.01999995E-02
   15.0162191       8.94899964E-02
   15.0328856       8.87100026E-02
   15.0495520       8.79300013E-02
   15.0662184       8.71400014E-02
   15.0828848       8.63500014E-02
   15.0995512       8.55399966E-02
   15.1162176       8.47600028E-02
   15.1328840       8.39999989E-02
   15.1495504       8.31400007E-02
   15.1662169       8.24299976E-02
   15.1828833       8.16499963E-02
   15.1995497       8.08599964E-02
   15.2162161       8.00599977E-02
   15.2328825       7.92900026E-02
   15.2495489       7.84699991E-02
   15.2662153       7.77499974E-02
   15.2828817       7.69700035E-02
   15.2995481       7.61699975E-02
   15.3162146       7.54199997E-02
   15.3328810       7.46499971E-02
   15.3495474       7.38800019E-02
   15.3662138       7.31199980E-02
   15.3828802       7.23399967E-02
   15.3995466       7.15800002E-02
   15.4162130       7.07599968E-02
   15.4328794       7.00599998E-02
   15.4495459       6.93000033E-02
   15.4662123       6.85499981E-02
   15.4828787       6.77900016E-02
   15.4995451       6.70399964E-02
   15.5162115       6.62899986E-02
   15.5328779       6.55499995E-02
   15.5495443       6.48100004E-02
   15.5662107       6.40600026E-02
   15.5828772       6.33300021E-02
   15.5995436       6.25900030E-02
   15.6162100       6.18599989E-02
   15.6328764       6.11299984E-02
   15.6495428       6.04100004E-02
   15.6662092       5.96799999E-02
   15.6828756       5.89599982E-02
   15.6995420       5.82400002E-02
   15.7162085       5.75399995E-02
   15.7328749       5.68200015E-02
   15.7495413       5.61200008E-02
   15.7662077       5.54200001E-02
   15.7828741       5.47199994E-02
   15.7995405       5.40199988E-02
   15.8162069       5.33300005E-02
   15.8328733       5.26500009E-02
   15.8495398       5.19599989E-02
   15.8662062       5.12700006E-02
   15.8828726       5.06099984E-02
   15.8995390       4.99400012E-02
   15.9162054       4.92700003E-02
   15.9328718       4.85999994E-02
   15.9495382       4.79499996E-02
   15.9662046       4.72900011E-02
   15.9828711       4.66400012E-02
   15.9995375       4.60000001E-02
   16.0162029       4.53500003E-02
   16.0328693       4.47200015E-02
   16.0495358       4.40800004E-02
   16.0662022       4.34500016E-02
   16.0828686       4.28300016E-02
   16.0995350       4.22100015E-02
   16.1162014       4.16000001E-02
   16.1328678       4.09899987E-02
   16.1495342       4.03899997E-02
   16.1662006       3.97900008E-02
   16.1828671       3.91900018E-02
   16.1995335       3.86000015E-02
   16.2161999       3.80100012E-02
   16.2328663       3.74299996E-02
   16.2495327       3.68600003E-02
   16.2661991       3.62900011E-02
   16.2828655       3.57199982E-02
   16.2995319       3.51600014E-02
   16.3161983       3.46000008E-02
   16.3328648       3.40499990E-02
   16.3495312       3.35099995E-02
   16.3661976       3.29700001E-02
   16.3828640       3.24300006E-02
   16.3995304       3.18999998E-02
   16.4161968       3.13800015E-02
   16.4328632       3.08599994E-02
   16.4495296       3.03399991E-02
   16.4661961       2.98299994E-02
   16.4828625       2.93300003E-02
   16.4995289       2.88299993E-02
   16.5161953       2.83300001E-02
   16.5328617       2.78500002E-02
   16.5495281       2.73599997E-02
   16.5661945       2.68799998E-02
   16.5828609       2.64100004E-02
   16.5995274       2.59399991E-02
   16.6161938       2.54800003E-02
   16.6328602       2.50199996E-02
   16.6495266       2.45699994E-02
   16.6661930       2.41199993E-02
   16.6828594       2.36799996E-02
   16.6995258       2.32400000E-02
   16.7161922       2.28100009E-02
   16.7328587       2.23800000E-02
   16.7495251       2.19599996E-02
   16.7661915       2.15499997E-02
   16.7828579       2.11399999E-02
   16.7995243       2.07300000E-02
   16.8161907       2.03300007E-02
   16.8328571       1.99400000E-02
   16.8495235       1.95499994E-02
   16.8661900       1.91600006E-02
   16.8828564       1.87800005E-02
   16.8995228       1.84000004E-02
   16.9161892       1.80300009E-02
   16.9328556       1.76700000E-02
   16.9495220       1.73099991E-02
   16.9661884       1.69500001E-02
   16.9828548       1.65999997E-02
   16.9995213       1.62599999E-02
   17.0161877       1.59200002E-02
   17.0328541       1.55800004E-02
   17.0495205       1.52500002E-02
   17.0661869       1.49200000E-02
   17.0828533       1.46000003E-02
   17.0995197       1.42900003E-02
   17.1161861       1.39800003E-02
   17.1328526       1.36700002E-02
   17.1495190       1.33699998E-02
   17.1661854       1.30700003E-02
   17.1828518       1.27699999E-02
   17.1995182       1.24800000E-02
   17.2161846       1.21999998E-02
   17.2328510       1.19200004E-02
   17.2495174       1.16499998E-02
   17.2661839       1.13700004E-02
   17.2828503       1.11100003E-02
   17.2995167       1.08500002E-02
   17.3161831       1.05900001E-02
   17.3328495       1.03300000E-02
   17.3495159       1.00800004E-02
   17.3661823       9.83900018E-03
   17.3828487       9.59799998E-03
   17.3995152       9.36099980E-03
   17.4161816       9.12799966E-03
   17.4328480       8.89899954E-03
   17.4495144       8.67300015E-03
   17.4661808       8.45200010E-03
   17.4828472       8.23500007E-03
   17.4995136       8.02200008E-03
   17.5161800       7.81199988E-03
   17.5328465       7.60600017E-03
   17.5495129       7.40400003E-03
   17.5661793       7.20500015E-03
   17.5828457       7.01100007E-03
   17.5995121       6.81999978E-03
   17.6161785       6.63200021E-03
   17.6328449       6.44800020E-03
   17.6495113       6.26699999E-03
   17.6661777       6.08999981E-03
   17.6828442       5.91599988E-03
   17.6995106       5.74599998E-03
   17.7161770       5.57800010E-03
   17.7328434       5.41399978E-03
   17.7495098       5.25399996E-03
   17.7661762       5.09600015E-03
   17.7828426       4.94199991E-03
   17.7995090       4.79099993E-03
   17.8161755       4.64300020E-03
   17.8328419       4.49700002E-03
   17.8495083       4.35499987E-03
   17.8661747       4.21599997E-03
   17.8828411       4.07999987E-03
   17.8995075       3.94599978E-03
   17.9161739       3.81599995E-03
   17.9328403       3.68799991E-03
   17.9495068       3.56299989E-03
   17.9661732       3.43999988E-03
   17.9828396       3.31999990E-03
   17.9995060       3.20299994E-03
   18.0161724       3.08900001E-03
   18.0328388       2.97700008E-03
   18.0495052       2.86799995E-03
   18.0661716       2.76100007E-03
   18.0828381       2.65599997E-03
   18.0995045       2.55399989E-03
   18.1161709       2.45400006E-03
   18.1328373       2.35700002E-03
   18.1495037       2.26199999E-03
   18.1661701       2.16899998E-03
   18.1828365       2.07900000E-03
   18.1995029       1.99000002E-03
   18.2161694       1.90399995E-03
   18.2328358       1.82000000E-03
   18.2495022       1.73899997E-03
   18.2661686       1.65899994E-03
   18.2828350       1.58100005E-03
   18.2995014       1.50599994E-03
   18.3161678       1.43199996E-03
   18.3328342       1.36100000E-03
   18.3495007       1.29100005E-03
   18.3661671       1.22300000E-03
   18.3828335       1.15799997E-03
   18.3994999       1.09399995E-03
   18.4161663       1.03199994E-03
   18.4328327       9.71700007E-04
   18.4494991       9.13400028E-04
   18.4661655       8.57000006E-04
   18.4828320       8.02399998E-04
   18.4994984       7.49700004E-04
   18.5161648       6.98800024E-04
   18.5328312       6.49599999E-04
   18.5494976       6.02299988E-04
   18.5661640       5.56799991E-04
   18.5828304       5.13200008E-04
   18.5994968       4.71300009E-04
   18.6161633       4.31399996E-04
   18.6328297       3.93299997E-04
   18.6494961       3.57200013E-04
   18.6661625       3.23099986E-04
   18.6828289       2.91100005E-04
   18.6994953       2.61500012E-04
   18.7161617       2.27900004E-04
   18.7328281       1.98499998E-04
   18.7494946       1.74600005E-04
   18.7661610       1.54900001E-04
   18.7828274       1.31800000E-04
   18.7994938       1.15600000E-04
   18.8161602       9.69999965E-05
   18.8328266       8.16399988E-05
   18.8494930       6.84499973E-05
   18.8661594       5.69399999E-05
   18.8828259       4.70300001E-05
   18.8994923       3.88100016E-05
   18.9161587       3.13999990E-05
   18.9328251       2.52099999E-05
   18.9494915       2.00600007E-05
   18.9661579       1.60300006E-05
   18.9828243       1.24500002E-05
   18.9994907       9.59899990E-06
   19.0161572       7.33400020E-06
   19.0328236       5.54899998E-06
   19.0494900       4.08300002E-06
   19.0661564       2.95700011E-06
   19.0828228       2.12800001E-06
   19.0994892       1.43399996E-06
   19.1161556       9.23799973E-07
   19.1328220       5.59199975E-07
   19.1494884       3.15800008E-07
   19.1661549       1.64599996E-07
   19.1828213       7.92799995E-08
   19.1994877       3.22900000E-08
   19.2161541       8.39300007E-09
   19.2328205       7.71600006E-10
   19.2494869       8.51200013E-12
   19.2661533       3.31899987E-16
   19.2828197       1.11800003E-20
   19.2994862       1.01600003E-25
   19.3161526       9.83499977E-32
   19.3328190       0.00000000    
   19.3494854       0.00000000    
   19.3661518       0.00000000    
   19.3828182       0.00000000    
   19.3994846       0.00000000    
   19.4161510       0.00000000    
   19.4328175       0.00000000    
   19.4494839       0.00000000    
   19.4661503       0.00000000    
   19.4828167       0.00000000    
   19.4994831       0.00000000    
   19.5161495       0.00000000    
   19.5328159       0.00000000    
   19.5494823       0.00000000    
   19.5661488       0.00000000    
   19.5828152       0.00000000    
   19.5994816       0.00000000    
   19.6161480       0.00000000    
   19.6328144       0.00000000    
   19.6494808       0.00000000    
   19.6661472       0.00000000    
   19.6828136       0.00000000    
   19.6994801       0.00000000    
   19.7161465       0.00000000    
   19.7328129       0.00000000    
   19.7494793       0.00000000    
   19.7661457       0.00000000    
   19.7828121       0.00000000    
   19.7994785       0.00000000    
   19.8161449       0.00000000    
   19.8328114       0.00000000    
   19.8494778       0.00000000    
   19.8661442       0.00000000    
   19.8828106       0.00000000    
   19.8994770       0.00000000    
   19.9161434       0.00000000    
   19.9328098       0.00000000    
   19.9494762       0.00000000    
   19.9661427       0.00000000    
   19.9828091       0.00000000    
   19.9994755       0.00000000    
   20.0161419       0.00000000    
   20.0328083       0.00000000    
   20.0494747       0.00000000    
   20.0661411       0.00000000    
   20.0828075       0.00000000    
   20.0994740       0.00000000    
   20.1161404       0.00000000    
   20.1328068       0.00000000    
   20.1494732       0.00000000    
   20.1661396       0.00000000    
   20.1828060       0.00000000    
   20.1994724       0.00000000    
   20.2161388       0.00000000    
   20.2328053       0.00000000    
   20.2494717       0.00000000    
   20.2661381       0.00000000    
   20.2828045       0.00000000    
   20.2994709       0.00000000    
   20.3161373       0.00000000    
   20.3328037       0.00000000    
   20.3494701       0.00000000    
   20.3661366       0.00000000    
   20.3828030       0.00000000    
   20.3994694       0.00000000    
   20.4161358       0.00000000    
   20.4328022       0.00000000    
   20.4494686       0.00000000    
   20.4661350       0.00000000    
   20.4828014       0.00000000    
   20.4994678       0.00000000    
   20.5161343       0.00000000    
   20.5328007       0.00000000    
   20.5494671       0.00000000    
   20.5661335       0.00000000    
   20.5827999       0.00000000    
   20.5994663       0.00000000    
   20.6161327       0.00000000    
   20.6327991       0.00000000    
   20.6494656       0.00000000    
   20.6661320       0.00000000    
   20.6827984       0.00000000    
   20.6994648       0.00000000    
   20.7161312       0.00000000    
   20.7327976       0.00000000    
   20.7494640       0.00000000    
   20.7661304       0.00000000    
   20.7827969       0.00000000    
   20.7994633       0.00000000    
   20.8161297       0.00000000    
   20.8327961       0.00000000    
   20.8494625       0.00000000    
   20.8661289       0.00000000    
   20.8827953       0.00000000    
   20.8994617       0.00000000    
   20.9161282       0.00000000    
   20.9327946       0.00000000    
   20.9494610       0.00000000    
   20.9661274       0.00000000    
   20.9827938       0.00000000    
   20.9994602       0.00000000    
   21.0161266       0.00000000    
   21.0327930       0.00000000    
   21.0494595       0.00000000    
   21.0661259       0.00000000    
   21.0827923       0.00000000    
   21.0994587       0.00000000    
   21.1161251       0.00000000    
   21.1327915       0.00000000    
   21.1494579       0.00000000    
   21.1661243       0.00000000    
   21.1827908       0.00000000    
   21.1994572       0.00000000    
   21.2161236       0.00000000    
   21.2327900       0.00000000    
   21.2494564       0.00000000    
   21.2661228       0.00000000    
   21.2827892       0.00000000    
   21.2994556       0.00000000    
   21.3161221       0.00000000    
   21.3327885       0.00000000    
   21.3494549       0.00000000    
   21.3661213       0.00000000    
   21.3827877       0.00000000    
   21.3994541       0.00000000    
   21.4161205       0.00000000    
   21.4327869       0.00000000    
   21.4494534       0.00000000    
   21.4661198       0.00000000    
   21.4827862       0.00000000    
   21.4994526       0.00000000    
   21.5161190       0.00000000    
   21.5327854       0.00000000    
   21.5494518       0.00000000    
   21.5661182       0.00000000    
   21.5827847       0.00000000    
   21.5994511       0.00000000    
   21.6161175       0.00000000    
   21.6327839       0.00000000    
   21.6494503       0.00000000    
   21.6661167       0.00000000    
   21.6827831       0.00000000    
   21.6994495       0.00000000    
   21.7161160       0.00000000    
   21.7327824       0.00000000    
   21.7494488       0.00000000    
   21.7661152       0.00000000    
   21.7827816       0.00000000    
   21.7994480       0.00000000    
   21.8161144       0.00000000    
   21.8327808       0.00000000    
   21.8494473       0.00000000    
   21.8661137       0.00000000    
   21.8827801       0.00000000    
   21.8994465       0.00000000    
   21.9161129       0.00000000    
   21.9327793       0.00000000    
   21.9494457       0.00000000    
   21.9661121       0.00000000    
   21.9827785       0.00000000    
   21.9994450       0.00000000    
   22.0161114       0.00000000    
   22.0327778       0.00000000    
   22.0494442       0.00000000    
   22.0661106       0.00000000    
   22.0827770       0.00000000    
   22.0994434       0.00000000    
   22.1161098       0.00000000    
   22.1327763       0.00000000    
   22.1494427       0.00000000    
   22.1661091       0.00000000    
   22.1827755       0.00000000    
   22.1994419       0.00000000    
   22.2161083       0.00000000    
   22.2327747       0.00000000    
   22.2494411       0.00000000    
   22.2661076       0.00000000    
   22.2827740       0.00000000    
   22.2994404       0.00000000    
   22.3161068       0.00000000    
   22.3327732       0.00000000    
   22.3494396       0.00000000    
   22.3661060       0.00000000    
   22.3827724       0.00000000    
   22.3994389       0.00000000    
   22.4161053       0.00000000    
   22.4327717       0.00000000    
   22.4494381       0.00000000    
   22.4661045       0.00000000    
   22.4827709       0.00000000    
   22.4994373       0.00000000    
   22.5161037       0.00000000    
   22.5327702       0.00000000    
   22.5494366       0.00000000    
   22.5661030       0.00000000    
   22.5827694       0.00000000    
   22.5994358       0.00000000    
   22.6161022       0.00000000    
   22.6327686       0.00000000    
   22.6494350       0.00000000    
   22.6661015       0.00000000    
   22.6827679       0.00000000    
   22.6994343       0.00000000    
   22.7161007       0.00000000    
   22.7327671       0.00000000    
   22.7494335       0.00000000    
   22.7660999       0.00000000    
   22.7827663       0.00000000    
   22.7994328       0.00000000    
   22.8160992       0.00000000    
   22.8327656       0.00000000    
   22.8494320       0.00000000    
   22.8660984       0.00000000    
   22.8827648       0.00000000    
   22.8994312       0.00000000    
   22.9160976       0.00000000    
   22.9327641       0.00000000    
   22.9494305       0.00000000    
   22.9660969       0.00000000    
   22.9827633       0.00000000    
   22.9994297       0.00000000    
   23.0160961       0.00000000    
   23.0327625       0.00000000    
   23.0494289       0.00000000    
   23.0660954       0.00000000    
   23.0827618       0.00000000    
   23.0994282       0.00000000    
   23.1160946       0.00000000    
   23.1327610       0.00000000    
   23.1494274       0.00000000    
   23.1660938       0.00000000    
   23.1827602       0.00000000    
   23.1994267       0.00000000    
   23.2160931       0.00000000    
   23.2327595       0.00000000    
   23.2494259       0.00000000    
   23.2660923       0.00000000    
   23.2827587       0.00000000    
   23.2994251       0.00000000    
   23.3160915       0.00000000    
   23.3327579       0.00000000    
   23.3494244       0.00000000    
   23.3660908       0.00000000    
   23.3827572       0.00000000    
   23.3994236       0.00000000    
   23.4160900       0.00000000    
   23.4327564       0.00000000    
   23.4494228       0.00000000    
   23.4660892       0.00000000    
   23.4827557       0.00000000    
   23.4994221       0.00000000    
   23.5160885       0.00000000    
   23.5327549       0.00000000    
   23.5494213       0.00000000    
   23.5660877       0.00000000    
   23.5827541       0.00000000    
   23.5994205       0.00000000    
   23.6160870       0.00000000    
   23.6327534       0.00000000    
   23.6494198       0.00000000    
   23.6660862       0.00000000    
   23.6827526       0.00000000    
   23.6994190       0.00000000    
   23.7160854       0.00000000    
   23.7327518       0.00000000    
   23.7494183       0.00000000    
   23.7660847       0.00000000    
   23.7827511       0.00000000    
   23.7994175       0.00000000    
   23.8160839       0.00000000    
   23.8327503       0.00000000    
   23.8494167       0.00000000    
   23.8660831       0.00000000    
   23.8827496       0.00000000    
   23.8994160       0.00000000    
   23.9160824       0.00000000    
   23.9327488       0.00000000    
   23.9494152       0.00000000    
   23.9660816       0.00000000    
   23.9827480       0.00000000    
