   0.00000000       0.00000000    
   1.66660007E-02   0.00000000    
   3.33320014E-02   0.00000000    
   4.99980003E-02   0.00000000    
   6.66640028E-02   0.00000000    
   8.33300054E-02   0.00000000    
   9.99960080E-02   0.00000000    
  0.116662011       0.00000000    
  0.133328006       0.00000000    
  0.149994001       0.00000000    
  0.166659996       0.00000000    
  0.183325991       0.00000000    
  0.199991986       0.00000000    
  0.216657981       0.00000000    
  0.233323976       0.00000000    
  0.249989972       0.00000000    
  0.266655982       0.00000000    
  0.283321977       0.00000000    
  0.299987972       0.00000000    
  0.316653967       0.00000000    
  0.333319962       0.00000000    
  0.349985957       0.00000000    
  0.366651952       0.00000000    
  0.383317947       0.00000000    
  0.399983943       0.00000000    
  0.416649938       0.00000000    
  0.433315933       0.00000000    
  0.449981928       0.00000000    
  0.466647923       0.00000000    
  0.483313918       0.00000000    
  0.499979913       0.00000000    
  0.516645908       0.00000000    
  0.533311903       0.00000000    
  0.549977899       0.00000000    
  0.566643894       0.00000000    
  0.583309889       0.00000000    
  0.599975884       0.00000000    
  0.616641879       0.00000000    
  0.633307874       0.00000000    
  0.649973869       0.00000000    
  0.666639864       0.00000000    
  0.683305860       0.00000000    
  0.699971855       0.00000000    
  0.716637850       0.00000000    
  0.733303845       0.00000000    
  0.749969840       0.00000000    
  0.766635835       0.00000000    
  0.783301830       0.00000000    
  0.799967825       0.00000000    
  0.816633821       0.00000000    
  0.833299816       0.00000000    
  0.849965811       0.00000000    
  0.866631806       0.00000000    
  0.883297801       0.00000000    
  0.899963796       0.00000000    
  0.916629791       0.00000000    
  0.933295786       0.00000000    
  0.949961782       0.00000000    
  0.966627777       0.00000000    
  0.983293772       0.00000000    
  0.999959767       0.00000000    
   1.01662576       0.00000000    
   1.03329182       0.00000000    
   1.04995787       0.00000000    
   1.06662393       0.00000000    
   1.08328998       0.00000000    
   1.09995604       0.00000000    
   1.11662209       0.00000000    
   1.13328815       0.00000000    
   1.14995420       0.00000000    
   1.16662025       0.00000000    
   1.18328631       0.00000000    
   1.19995236       0.00000000    
   1.21661842       0.00000000    
   1.23328447       0.00000000    
   1.24995053       0.00000000    
   1.26661658       0.00000000    
   1.28328264       0.00000000    
   1.29994869       0.00000000    
   1.31661475       0.00000000    
   1.33328080       0.00000000    
   1.34994686       0.00000000    
   1.36661291       0.00000000    
   1.38327897       0.00000000    
   1.39994502       0.00000000    
   1.41661108       0.00000000    
   1.43327713       0.00000000    
   1.44994318       0.00000000    
   1.46660924       0.00000000    
   1.48327529       0.00000000    
   1.49994135       0.00000000    
   1.51660740       0.00000000    
   1.53327346       0.00000000    
   1.54993951       0.00000000    
   1.56660557       0.00000000    
   1.58327162       0.00000000    
   1.59993768       0.00000000    
   1.61660373       0.00000000    
   1.63326979       0.00000000    
   1.64993584       0.00000000    
   1.66660190       0.00000000    
   1.68326795       0.00000000    
   1.69993401       0.00000000    
   1.71660006       0.00000000    
   1.73326612       0.00000000    
   1.74993217       0.00000000    
   1.76659822       0.00000000    
   1.78326428       0.00000000    
   1.79993033       0.00000000    
   1.81659639       0.00000000    
   1.83326244       0.00000000    
   1.84992850       0.00000000    
   1.86659455       0.00000000    
   1.88326061       0.00000000    
   1.89992666       0.00000000    
   1.91659272       0.00000000    
   1.93325877       0.00000000    
   1.94992483       0.00000000    
   1.96659088       0.00000000    
   1.98325694       0.00000000    
   1.99992299       0.00000000    
   2.01658893       0.00000000    
   2.03325486       0.00000000    
   2.04992080       0.00000000    
   2.06658673       0.00000000    
   2.08325267       0.00000000    
   2.09991860       0.00000000    
   2.11658454       0.00000000    
   2.13325047       0.00000000    
   2.14991641       0.00000000    
   2.16658235       0.00000000    
   2.18324828       0.00000000    
   2.19991422       0.00000000    
   2.21658015       0.00000000    
   2.23324609       0.00000000    
   2.24991202       0.00000000    
   2.26657796       0.00000000    
   2.28324389       0.00000000    
   2.29990983       0.00000000    
   2.31657577       0.00000000    
   2.33324170       0.00000000    
   2.34990764       0.00000000    
   2.36657357       0.00000000    
   2.38323951       0.00000000    
   2.39990544       0.00000000    
   2.41657138       0.00000000    
   2.43323731       0.00000000    
   2.44990325       0.00000000    
   2.46656919       0.00000000    
   2.48323512       0.00000000    
   2.49990106       0.00000000    
   2.51656699       0.00000000    
   2.53323293       0.00000000    
   2.54989886       0.00000000    
   2.56656480       0.00000000    
   2.58323073       0.00000000    
   2.59989667       0.00000000    
   2.61656260       0.00000000    
   2.63322854       0.00000000    
   2.64989448       0.00000000    
   2.66656041       0.00000000    
   2.68322635       0.00000000    
   2.69989228       0.00000000    
   2.71655822       0.00000000    
   2.73322415       0.00000000    
   2.74989009       0.00000000    
   2.76655602       0.00000000    
   2.78322196       0.00000000    
   2.79988790       0.00000000    
   2.81655383       0.00000000    
   2.83321977       0.00000000    
   2.84988570       0.00000000    
   2.86655164       0.00000000    
   2.88321757       0.00000000    
   2.89988351       0.00000000    
   2.91654944       0.00000000    
   2.93321538       0.00000000    
   2.94988132       0.00000000    
   2.96654725       0.00000000    
   2.98321319       0.00000000    
   2.99987912       0.00000000    
   3.01654506       0.00000000    
   3.03321099       0.00000000    
   3.04987693       0.00000000    
   3.06654286       0.00000000    
   3.08320880       0.00000000    
   3.09987473       0.00000000    
   3.11654067       0.00000000    
   3.13320661       0.00000000    
   3.14987254       0.00000000    
   3.16653848       0.00000000    
   3.18320441       0.00000000    
   3.19987035       0.00000000    
   3.21653628       0.00000000    
   3.23320222       0.00000000    
   3.24986815       0.00000000    
   3.26653409       0.00000000    
   3.28320003       0.00000000    
   3.29986596       0.00000000    
   3.31653190       0.00000000    
   3.33319783       0.00000000    
   3.34986377       0.00000000    
   3.36652970       0.00000000    
   3.38319564       0.00000000    
   3.39986157       0.00000000    
   3.41652751       0.00000000    
   3.43319345       0.00000000    
   3.44985938       0.00000000    
   3.46652532       0.00000000    
   3.48319125       0.00000000    
   3.49985719       0.00000000    
   3.51652312       0.00000000    
   3.53318906       0.00000000    
   3.54985499       0.00000000    
   3.56652093       0.00000000    
   3.58318686       0.00000000    
   3.59985280       0.00000000    
   3.61651874       0.00000000    
   3.63318467       0.00000000    
   3.64985061       0.00000000    
   3.66651654       0.00000000    
   3.68318248       0.00000000    
   3.69984841       0.00000000    
   3.71651435       0.00000000    
   3.73318028       0.00000000    
   3.74984622       0.00000000    
   3.76651216       0.00000000    
   3.78317809       0.00000000    
   3.79984403       0.00000000    
   3.81650996       0.00000000    
   3.83317590       0.00000000    
   3.84984183       0.00000000    
   3.86650777       0.00000000    
   3.88317370       0.00000000    
   3.89983964       0.00000000    
   3.91650558       0.00000000    
   3.93317151       0.00000000    
   3.94983745       0.00000000    
   3.96650338       0.00000000    
   3.98316932       0.00000000    
   3.99983525       0.00000000    
   4.01650143       0.00000000    
   4.03316736       0.00000000    
   4.04983330       0.00000000    
   4.06649923       0.00000000    
   4.08316517       0.00000000    
   4.09983110       0.00000000    
   4.11649704       0.00000000    
   4.13316298       0.00000000    
   4.14982891       0.00000000    
   4.16649485       0.00000000    
   4.18316078       0.00000000    
   4.19982672       0.00000000    
   4.21649265       0.00000000    
   4.23315859       0.00000000    
   4.24982452       0.00000000    
   4.26649046       0.00000000    
   4.28315639       0.00000000    
   4.29982233       0.00000000    
   4.31648827       0.00000000    
   4.33315420       0.00000000    
   4.34982014       0.00000000    
   4.36648607       0.00000000    
   4.38315201       0.00000000    
   4.39981794       0.00000000    
   4.41648388       0.00000000    
   4.43314981       0.00000000    
   4.44981575       0.00000000    
   4.46648169       0.00000000    
   4.48314762       0.00000000    
   4.49981356       0.00000000    
   4.51647949       0.00000000    
   4.53314543       0.00000000    
   4.54981136       0.00000000    
   4.56647730       0.00000000    
   4.58314323       0.00000000    
   4.59980917       0.00000000    
   4.61647511       0.00000000    
   4.63314104       0.00000000    
   4.64980698       0.00000000    
   4.66647291       0.00000000    
   4.68313885       0.00000000    
   4.69980478       0.00000000    
   4.71647072       0.00000000    
   4.73313665       0.00000000    
   4.74980259       0.00000000    
   4.76646852       0.00000000    
   4.78313446       0.00000000    
   4.79980040       0.00000000    
   4.81646633       0.00000000    
   4.83313227       0.00000000    
   4.84979820       0.00000000    
   4.86646414       0.00000000    
   4.88313007       0.00000000    
   4.89979601       0.00000000    
   4.91646194       0.00000000    
   4.93312788       0.00000000    
   4.94979382       0.00000000    
   4.96645975       0.00000000    
   4.98312569       0.00000000    
   4.99979162       0.00000000    
   5.01645756       0.00000000    
   5.03312349       0.00000000    
   5.04978943       0.00000000    
   5.06645536       0.00000000    
   5.08312130       0.00000000    
   5.09978724       0.00000000    
   5.11645317       0.00000000    
   5.13311911       0.00000000    
   5.14978504       0.00000000    
   5.16645098       0.00000000    
   5.18311691       0.00000000    
   5.19978285       0.00000000    
   5.21644878       0.00000000    
   5.23311472       0.00000000    
   5.24978065       0.00000000    
   5.26644659       0.00000000    
   5.28311253       0.00000000    
   5.29977846       0.00000000    
   5.31644440       0.00000000    
   5.33311033       0.00000000    
   5.34977627       0.00000000    
   5.36644220       0.00000000    
   5.38310814       0.00000000    
   5.39977407       0.00000000    
   5.41644001       0.00000000    
   5.43310595       0.00000000    
   5.44977188       0.00000000    
   5.46643782       0.00000000    
   5.48310375       0.00000000    
   5.49976969       0.00000000    
   5.51643562       0.00000000    
   5.53310156       0.00000000    
   5.54976749       0.00000000    
   5.56643343       0.00000000    
   5.58309937       0.00000000    
   5.59976530       0.00000000    
   5.61643124       0.00000000    
   5.63309717       0.00000000    
   5.64976311       0.00000000    
   5.66642904       0.00000000    
   5.68309498       0.00000000    
   5.69976091       0.00000000    
   5.71642685       0.00000000    
   5.73309278       0.00000000    
   5.74975872       0.00000000    
   5.76642466       0.00000000    
   5.78309059       0.00000000    
   5.79975653       0.00000000    
   5.81642246       0.00000000    
   5.83308840       0.00000000    
   5.84975433       0.00000000    
   5.86642027       0.00000000    
   5.88308620       0.00000000    
   5.89975214       0.00000000    
   5.91641808       0.00000000    
   5.93308401       0.00000000    
   5.94974995       0.00000000    
   5.96641588       0.00000000    
   5.98308182       0.00000000    
   5.99974775       0.00000000    
   6.01641369       0.00000000    
   6.03307962       0.00000000    
   6.04974556       0.00000000    
   6.06641150       0.00000000    
   6.08307743       0.00000000    
   6.09974337       0.00000000    
   6.11640930       0.00000000    
   6.13307524       0.00000000    
   6.14974117       0.00000000    
   6.16640711       0.00000000    
   6.18307304       0.00000000    
   6.19973898       0.00000000    
   6.21640491       1.85800005E-22
   6.23307085       1.36800003E-15
   6.24973679       3.34599991E-12
   6.26640272       1.41400003E-09
   6.28306866       2.04399996E-07
   6.29973459       7.78499998E-06
   6.31640053       3.99300006E-05
   6.33306646       1.14399998E-04
   6.34973240       2.27299999E-04
   6.36639833       3.95200012E-04
   6.38306427       6.40399987E-04
   6.39973021       9.80700017E-04
   6.41639614       1.45500002E-03
   6.43306208       2.07699998E-03
   6.44972801       2.94100004E-03
   6.46639395       4.12799977E-03
   6.48305988       5.54300006E-03
   6.49972582       7.44399987E-03
   6.51639175       1.00499997E-02
   6.53305769       1.31999999E-02
   6.54972363       1.72799993E-02
   6.56638956       2.25600004E-02
   6.58305550       2.86299996E-02
   6.59972143       3.66900004E-02
   6.61638737       4.74699996E-02
   6.63305330       5.88099994E-02
   6.64971924       7.32899979E-02
   6.66638517       9.28499997E-02
   6.68305111      0.113200001    
   6.69971704      0.137500003    
   6.71638298      0.164600000    
   6.73304892      0.191799998    
   6.74971485      0.227200001    
   6.76638079      0.265399992    
   6.78304672      0.305799991    
   6.79971266      0.345699996    
   6.81637859      0.394499987    
   6.83304453      0.454699993    
   6.84971046      0.513499975    
   6.86637640      0.569899976    
   6.88304234      0.630100012    
   6.89970827      0.693899989    
   6.91637421      0.760500014    
   6.93304014      0.829999983    
   6.94970608      0.902199984    
   6.96637201      0.976700008    
   6.98303795       1.05400002    
   6.99970388       1.13300002    
   7.01636982       1.21500003    
   7.03303576       1.29900002    
   7.04970169       1.38399994    
   7.06636763       1.47200000    
   7.08303356       1.56200004    
   7.09969950       1.65400004    
   7.11636543       1.74699998    
   7.13303137       1.84200001    
   7.14969730       1.93900001    
   7.16636324       2.03699994    
   7.18302917       2.13800001    
   7.19969511       2.24000001    
   7.21636105       2.34400010    
   7.23302698       2.44899988    
   7.24969292       2.55599999    
   7.26635885       2.66499996    
   7.28302479       2.77500010    
   7.29969072       2.88700008    
   7.31635666       3.00000000    
   7.33302259       3.11500001    
   7.34968853       3.23200011    
   7.36635447       3.34999990    
   7.38302040       3.47000003    
   7.39968634       3.59200001    
   7.41635227       3.71499991    
   7.43301821       3.83999991    
   7.44968414       3.96600008    
   7.46635008       4.09499979    
   7.48301601       4.22399998    
   7.49968195       4.35599995    
   7.51634789       4.48899984    
   7.53301382       4.62400007    
   7.54967976       4.76100016    
   7.56634569       4.89900017    
   7.58301163       5.03900003    
   7.59967756       5.17999983    
   7.61634350       5.32299995    
   7.63300943       5.46799994    
   7.64967537       5.61499977    
   7.66634130       5.76300001    
   7.68300724       5.91300011    
   7.69967318       6.06400013    
   7.71633911       6.21799994    
   7.73300505       6.37200022    
   7.74967098       6.52899981    
   7.76633692       6.68699980    
   7.78300285       6.84700012    
   7.79966879       7.00799990    
   7.81633472       7.17100000    
   7.83300066       7.33500004    
   7.84966660       7.50099993    
   7.86633253       7.66900015    
   7.88299847       7.83699989    
   7.89966440       8.00800037    
   7.91633034       8.18000031    
   7.93299627       8.35299969    
   7.94966221       8.52799988    
   7.96632814       8.70400047    
   7.98299408       8.88199997    
   7.99966002       9.06099987    
   8.01632595       9.24199963    
   8.03299236       9.42300034    
   8.04965878       9.60599995    
   8.06632519       9.79100037    
   8.08299160       9.97599983    
   8.09965801       10.1599998    
   8.11632442       10.3500004    
   8.13299084       10.5400000    
   8.14965725       10.7299995    
   8.16632366       10.9200001    
   8.18299007       11.1199999    
   8.19965649       11.3100004    
   8.21632290       11.5100002    
   8.23298931       11.6999998    
   8.24965572       11.8999996    
   8.26632214       12.1000004    
   8.28298855       12.3000002    
   8.29965496       12.5000000    
   8.31632137       12.6999998    
   8.33298779       12.8999996    
   8.34965420       13.1000004    
   8.36632061       13.3100004    
   8.38298702       13.5100002    
   8.39965343       13.7200003    
   8.41631985       13.9200001    
   8.43298626       14.1300001    
   8.44965267       14.3400002    
   8.46631908       14.5500002    
   8.48298550       14.7600002    
   8.49965191       14.9700003    
   8.51631832       15.1800003    
   8.53298473       15.3900003    
   8.54965115       15.6000004    
   8.56631756       15.8199997    
   8.58298397       16.0300007    
   8.59965038       16.2500000    
   8.61631680       16.4599991    
   8.63298321       16.6800003    
   8.64964962       16.8899994    
   8.66631603       17.1100006    
   8.68298244       17.3299999    
   8.69964886       17.5400009    
   8.71631527       17.7600002    
   8.73298168       17.9799995    
   8.74964809       18.2000008    
   8.76631451       18.4200001    
   8.78298092       18.6399994    
   8.79964733       18.8600006    
   8.81631374       19.0799999    
   8.83298016       19.2999992    
   8.84964657       19.5200005    
   8.86631298       19.7399998    
   8.88297939       19.9599991    
   8.89964581       20.1800003    
   8.91631222       20.3999996    
   8.93297863       20.6200008    
   8.94964504       20.8500004    
   8.96631145       21.0699997    
   8.98297787       21.2900009    
   8.99964428       21.5100002    
   9.01631069       21.7399998    
   9.03297710       21.9599991    
   9.04964352       22.1800003    
   9.06630993       22.3999996    
   9.08297634       22.6299992    
   9.09964275       22.8500004    
   9.11630917       23.0699997    
   9.13297558       23.2900009    
   9.14964199       23.5200005    
   9.16630840       23.7399998    
   9.18297482       23.9599991    
   9.19964123       24.1900005    
   9.21630764       24.4099998    
   9.23297405       24.6299992    
   9.24964046       24.8500004    
   9.26630688       25.0799999    
   9.28297329       25.2999992    
   9.29963970       25.5200005    
   9.31630611       25.7399998    
   9.33297253       25.9599991    
   9.34963894       26.1800003    
   9.36630535       26.3999996    
   9.38297176       26.6200008    
   9.39963818       26.8400002    
   9.41630459       27.0599995    
   9.43297100       27.2900009    
   9.44963741       27.5000000    
   9.46630383       27.7199993    
   9.48297024       27.9400005    
   9.49963665       28.1599998    
   9.51630306       28.3799992    
   9.53296947       28.6000004    
   9.54963589       28.8099995    
   9.56630230       29.0300007    
   9.58296871       29.2500000    
   9.59963512       29.4599991    
   9.61630154       29.6800003    
   9.63296795       29.8999996    
   9.64963436       30.1100006    
   9.66630077       30.3199997    
   9.68296719       30.5400009    
   9.69963360       30.7500000    
   9.71630001       30.9699993    
   9.73296642       31.1800003    
   9.74963284       31.3899994    
   9.76629925       31.6000004    
   9.78296566       31.8099995    
   9.79963207       32.0200005    
   9.81629848       32.2299995    
   9.83296490       32.4399986    
   9.84963131       32.6500015    
   9.86629772       32.8600006    
   9.88296413       33.0600014    
   9.89963055       33.2700005    
   9.91629696       33.4799995    
   9.93296337       33.6800003    
   9.94962978       33.8899994    
   9.96629620       34.0900002    
   9.98296261       34.2900009    
   9.99962902       34.5000000    
   10.0162954       34.7000008    
   10.0329618       34.9000015    
   10.0496283       35.0999985    
   10.0662947       35.2999992    
   10.0829611       35.5000000    
   10.0996275       35.7000008    
   10.1162939       35.8899994    
   10.1329603       36.0900002    
   10.1496267       36.2900009    
   10.1662931       36.4799995    
   10.1829596       36.6699982    
   10.1996260       36.8699989    
   10.2162924       37.0600014    
   10.2329588       37.2500000    
   10.2496252       37.4399986    
   10.2662916       37.6300011    
   10.2829580       37.8199997    
   10.2996244       38.0099983    
   10.3162909       38.2000008    
   10.3329573       38.3800011    
   10.3496237       38.5699997    
   10.3662901       38.7599983    
   10.3829565       38.9399986    
   10.3996229       39.1199989    
   10.4162893       39.2999992    
   10.4329557       39.4900017    
   10.4496222       39.6699982    
   10.4662886       39.8499985    
   10.4829550       40.0200005    
   10.4996214       40.2000008    
   10.5162878       40.3800011    
   10.5329542       40.5499992    
   10.5496206       40.7299995    
   10.5662870       40.9000015    
   10.5829535       41.0699997    
   10.5996199       41.2400017    
   10.6162863       41.4099998    
   10.6329527       41.5800018    
   10.6496191       41.7500000    
   10.6662855       41.9199982    
   10.6829519       42.0800018    
   10.6996183       42.2500000    
   10.7162848       42.4099998    
   10.7329512       42.5800018    
   10.7496176       42.7400017    
   10.7662840       42.9000015    
   10.7829504       43.0600014    
   10.7996168       43.2200012    
   10.8162832       43.3800011    
   10.8329496       43.5299988    
   10.8496161       43.6899986    
   10.8662825       43.8400002    
   10.8829489       43.9900017    
   10.8996153       44.1500015    
   10.9162817       44.2999992    
   10.9329481       44.4500008    
   10.9496145       44.5999985    
   10.9662809       44.7400017    
   10.9829473       44.8899994    
   10.9996138       45.0299988    
   11.0162802       45.1800003    
   11.0329466       45.3199997    
   11.0496130       45.4599991    
   11.0662794       45.5999985    
   11.0829458       45.7400017    
   11.0996122       45.8800011    
   11.1162786       46.0200005    
   11.1329451       46.1500015    
   11.1496115       46.2900009    
   11.1662779       46.4199982    
   11.1829443       46.5499992    
   11.1996107       46.6800003    
   11.2162771       46.8100014    
   11.2329435       46.9399986    
   11.2496099       47.0699997    
   11.2662764       47.1899986    
   11.2829428       47.3199997    
   11.2996092       47.4399986    
   11.3162756       47.5600014    
   11.3329420       47.6800003    
   11.3496084       47.7999992    
   11.3662748       47.9199982    
   11.3829412       48.0400009    
   11.3996077       48.1599998    
   11.4162741       48.2700005    
   11.4329405       48.3800011    
   11.4496069       48.4900017    
   11.4662733       48.5999985    
   11.4829397       48.7099991    
   11.4996061       48.8199997    
   11.5162725       48.9300003    
   11.5329390       49.0299988    
   11.5496054       49.1399994    
   11.5662718       49.2400017    
   11.5829382       49.3400002    
   11.5996046       49.4399986    
   11.6162710       49.5400009    
   11.6329374       49.6399994    
   11.6496038       49.7299995    
   11.6662703       49.8300018    
   11.6829367       49.9199982    
   11.6996031       50.0099983    
   11.7162695       50.0999985    
   11.7329359       50.1899986    
   11.7496023       50.2799988    
   11.7662687       50.3699989    
   11.7829351       50.4500008    
   11.7996016       50.5299988    
   11.8162680       50.6199989    
   11.8329344       50.7000008    
   11.8496008       50.7799988    
   11.8662672       50.8600006    
   11.8829336       50.9300003    
   11.8996000       51.0099983    
   11.9162664       51.0800018    
   11.9329329       51.1500015    
   11.9495993       51.2299995    
   11.9662657       51.2999992    
   11.9829321       51.3600006    
   11.9995985       51.4300003    
   12.0162649       51.5000000    
   12.0329313       51.5600014    
   12.0495977       51.6199989    
   12.0662642       51.6899986    
   12.0829306       51.7400017    
   12.0995970       51.7999992    
   12.1162634       51.8600006    
   12.1329298       51.9199982    
   12.1495962       51.9700012    
   12.1662626       52.0200005    
   12.1829290       52.0800018    
   12.1995955       52.1300011    
   12.2162619       52.1699982    
   12.2329283       52.2200012    
   12.2495947       52.2700005    
   12.2662611       52.3100014    
   12.2829275       52.3499985    
   12.2995939       52.4000015    
   12.3162603       52.4399986    
   12.3329268       52.4700012    
   12.3495932       52.5099983    
   12.3662596       52.5499992    
   12.3829260       52.5800018    
   12.3995924       52.6100006    
   12.4162588       52.6500015    
   12.4329252       52.6800003    
   12.4495916       52.7000008    
   12.4662580       52.7299995    
   12.4829245       52.7599983    
   12.4995909       52.7799988    
   12.5162573       52.7999992    
   12.5329237       52.8300018    
   12.5495901       52.8499985    
   12.5662565       52.8600006    
   12.5829229       52.8800011    
   12.5995893       52.9000015    
   12.6162558       52.9099998    
   12.6329222       52.9199982    
   12.6495886       52.9300003    
   12.6662550       52.9399986    
   12.6829214       52.9500008    
   12.6995878       52.9599991    
   12.7162542       52.9599991    
   12.7329206       52.9700012    
   12.7495871       52.9700012    
   12.7662535       52.9700012    
   12.7829199       52.9700012    
   12.7995863       52.9700012    
   12.8162527       52.9599991    
   12.8329191       52.9599991    
   12.8495855       52.9500008    
   12.8662519       52.9399986    
   12.8829184       52.9399986    
   12.8995848       52.9300003    
   12.9162512       52.9099998    
   12.9329176       52.9000015    
   12.9495840       52.8800011    
   12.9662504       52.8699989    
   12.9829168       52.8499985    
   12.9995832       52.8300018    
   13.0162497       52.8100014    
   13.0329161       52.7900009    
   13.0495825       52.7599983    
   13.0662489       52.7400017    
   13.0829153       52.7099991    
   13.0995817       52.6800003    
   13.1162481       52.6500015    
   13.1329145       52.6199989    
   13.1495810       52.5900002    
   13.1662474       52.5600014    
   13.1829138       52.5200005    
   13.1995802       52.4799995    
   13.2162466       52.4399986    
   13.2329130       52.4099998    
   13.2495794       52.3600006    
   13.2662458       52.3199997    
   13.2829123       52.2799988    
   13.2995787       52.2299995    
   13.3162451       52.1800003    
   13.3329115       52.1399994    
   13.3495779       52.0900002    
   13.3662443       52.0400009    
   13.3829107       51.9799995    
   13.3995771       51.9300003    
   13.4162436       51.8699989    
   13.4329100       51.8199997    
   13.4495764       51.7599983    
   13.4662428       51.7000008    
   13.4829092       51.6399994    
   13.4995756       51.5800018    
   13.5162420       51.5099983    
   13.5329084       51.4500008    
   13.5495749       51.3800011    
   13.5662413       51.3100014    
   13.5829077       51.2400017    
   13.5995741       51.1699982    
   13.6162405       51.0999985    
   13.6329069       51.0200005    
   13.6495733       50.9500008    
   13.6662397       50.8699989    
   13.6829062       50.7999992    
   13.6995726       50.7200012    
   13.7162390       50.6300011    
   13.7329054       50.5499992    
   13.7495718       50.4700012    
   13.7662382       50.3899994    
   13.7829046       50.2999992    
   13.7995710       50.2099991    
   13.8162374       50.1199989    
   13.8329039       50.0299988    
   13.8495703       49.9399986    
   13.8662367       49.8499985    
   13.8829031       49.7500000    
   13.8995695       49.6599998    
   13.9162359       49.5600014    
   13.9329023       49.4599991    
   13.9495687       49.3600006    
   13.9662352       49.2599983    
   13.9829016       49.1599998    
   13.9995680       49.0600014    
   14.0162344       48.9500008    
   14.0329008       48.8499985    
   14.0495672       48.7400017    
   14.0662336       48.6300011    
   14.0829000       48.5200005    
   14.0995665       48.4099998    
   14.1162329       48.2999992    
   14.1328993       48.1800003    
   14.1495657       48.0699997    
   14.1662321       47.9500008    
   14.1828985       47.8300018    
   14.1995649       47.7099991    
   14.2162313       47.5900002    
   14.2328978       47.4700012    
   14.2495642       47.3499985    
   14.2662306       47.2200012    
   14.2828970       47.0999985    
   14.2995634       46.9700012    
   14.3162298       46.8400002    
   14.3328962       46.7099991    
   14.3495626       46.5800018    
   14.3662291       46.4500008    
   14.3828955       46.3199997    
   14.3995619       46.1800003    
   14.4162283       46.0499992    
   14.4328947       45.9099998    
   14.4495611       45.7700005    
   14.4662275       45.6399994    
   14.4828939       45.5000000    
   14.4995604       45.3499985    
   14.5162268       45.2099991    
   14.5328932       45.0699997    
   14.5495596       44.9199982    
   14.5662260       44.7799988    
   14.5828924       44.6300011    
   14.5995588       44.4799995    
   14.6162252       44.3300018    
   14.6328917       44.1800003    
   14.6495581       44.0299988    
   14.6662245       43.8800011    
   14.6828909       43.7200012    
   14.6995573       43.5699997    
   14.7162237       43.4099998    
   14.7328901       43.2500000    
   14.7495565       43.0999985    
   14.7662230       42.9399986    
   14.7828894       42.7799988    
   14.7995558       42.6100006    
   14.8162222       42.4500008    
   14.8328886       42.2900009    
   14.8495550       42.1199989    
   14.8662214       41.9599991    
   14.8828878       41.7900009    
   14.8995543       41.6199989    
   14.9162207       41.4500008    
   14.9328871       41.2799988    
   14.9495535       41.1100006    
   14.9662199       40.9399986    
   14.9828863       40.7700005    
   14.9995527       40.5900002    
   15.0162191       40.4199982    
   15.0328856       40.2400017    
   15.0495520       40.0699997    
   15.0662184       39.8899994    
   15.0828848       39.7099991    
   15.0995512       39.5299988    
   15.1162176       39.3499985    
   15.1328840       39.1699982    
   15.1495504       38.9799995    
   15.1662169       38.7999992    
   15.1828833       38.6100006    
   15.1995497       38.4300003    
   15.2162161       38.2400017    
   15.2328825       38.0499992    
   15.2495489       37.8699989    
   15.2662153       37.6800003    
   15.2828817       37.4900017    
   15.2995481       37.2999992    
   15.3162146       37.1100006    
   15.3328810       36.9099998    
   15.3495474       36.7200012    
   15.3662138       36.5299988    
   15.3828802       36.3300018    
   15.3995466       36.1399994    
   15.4162130       35.9399986    
   15.4328794       35.7400017    
   15.4495459       35.5499992    
   15.4662123       35.3499985    
   15.4828787       35.1500015    
   15.4995451       34.9500008    
   15.5162115       34.7500000    
   15.5328779       34.5400009    
   15.5495443       34.3400002    
   15.5662107       34.1399994    
   15.5828772       33.9399986    
   15.5995436       33.7299995    
   15.6162100       33.5299988    
   15.6328764       33.3199997    
   15.6495428       33.1100006    
   15.6662092       32.9099998    
   15.6828756       32.7000008    
   15.6995420       32.4900017    
   15.7162085       32.2799988    
   15.7328749       32.0699997    
   15.7495413       31.8600006    
   15.7662077       31.6499996    
   15.7828741       31.4400005    
   15.7995405       31.2299995    
   15.8162069       31.0200005    
   15.8328733       30.7999992    
   15.8495398       30.5900002    
   15.8662062       30.3799992    
   15.8828726       30.1599998    
   15.8995390       29.9500008    
   15.9162054       29.7299995    
   15.9328718       29.5200005    
   15.9495382       29.2999992    
   15.9662046       29.0900002    
   15.9828711       28.8700008    
   15.9995375       28.6499996    
   16.0162029       28.4300003    
   16.0328693       28.2199993    
   16.0495358       28.0000000    
   16.0662022       27.7800007    
   16.0828686       27.5599995    
   16.0995350       27.3400002    
   16.1162014       27.1200008    
   16.1328678       26.8999996    
   16.1495342       26.6800003    
   16.1662006       26.4599991    
   16.1828671       26.2399998    
   16.1995335       26.0200005    
   16.2161999       25.7999992    
   16.2328663       25.5699997    
   16.2495327       25.3500004    
   16.2661991       25.1299992    
   16.2828655       24.9099998    
   16.2995319       24.6900005    
   16.3161983       24.4599991    
   16.3328648       24.2399998    
   16.3495312       24.0200005    
   16.3661976       23.7999992    
   16.3828640       23.5699997    
   16.3995304       23.3500004    
   16.4161968       23.1299992    
   16.4328632       22.9099998    
   16.4495296       22.6800003    
   16.4661961       22.4599991    
   16.4828625       22.2399998    
   16.4995289       22.0200005    
   16.5161953       21.7900009    
   16.5328617       21.5699997    
   16.5495281       21.3500004    
   16.5661945       21.1299992    
   16.5828609       20.8999996    
   16.5995274       20.6800003    
   16.6161938       20.4599991    
   16.6328602       20.2399998    
   16.6495266       20.0200005    
   16.6661930       19.7999992    
   16.6828594       19.5699997    
   16.6995258       19.3500004    
   16.7161922       19.1299992    
   16.7328587       18.9099998    
   16.7495251       18.6900005    
   16.7661915       18.4699993    
   16.7828579       18.2600002    
   16.7995243       18.0400009    
   16.8161907       17.8199997    
   16.8328571       17.6000004    
   16.8495235       17.3799992    
   16.8661900       17.1700001    
   16.8828564       16.9500008    
   16.8995228       16.7299995    
   16.9161892       16.5200005    
   16.9328556       16.2999992    
   16.9495220       16.0900002    
   16.9661884       15.8699999    
   16.9828548       15.6599998    
   16.9995213       15.4499998    
   17.0161877       15.2399998    
   17.0328541       15.0299997    
   17.0495205       14.8199997    
   17.0661869       14.6099997    
   17.0828533       14.3999996    
   17.0995197       14.1899996    
   17.1161861       13.9799995    
   17.1328526       13.7700005    
   17.1495190       13.5699997    
   17.1661854       13.3599997    
   17.1828518       13.1599998    
   17.1995182       12.9600000    
   17.2161846       12.7500000    
   17.2328510       12.5500002    
   17.2495174       12.3500004    
   17.2661839       12.1499996    
   17.2828503       11.9499998    
   17.2995167       11.7600002    
   17.3161831       11.5600004    
   17.3328495       11.3599997    
   17.3495159       11.1700001    
   17.3661823       10.9799995    
   17.3828487       10.7799997    
   17.3995152       10.5900002    
   17.4161816       10.3999996    
   17.4328480       10.2200003    
   17.4495144       10.0299997    
   17.4661808       9.84200001    
   17.4828472       9.65799999    
   17.4995136       9.47399998    
   17.5161800       9.29199982    
   17.5328465       9.11200047    
   17.5495129       8.93200016    
   17.5661793       8.75399971    
   17.5828457       8.57800007    
   17.5995121       8.40299988    
   17.6161785       8.22900009    
   17.6328449       8.05599976    
   17.6495113       7.88600016    
   17.6661777       7.71600008    
   17.6828442       7.54899979    
   17.6995106       7.38199997    
   17.7161770       7.21799994    
   17.7328434       7.05399990    
   17.7495098       6.89300013    
   17.7661762       6.73299980    
   17.7828426       6.57399988    
   17.7995090       6.41800022    
   17.8161755       6.26200008    
   17.8328419       6.10900021    
   17.8495083       5.95699978    
   17.8661747       5.80600023    
   17.8828411       5.65799999    
   17.8995075       5.51100016    
   17.9161739       5.36499977    
   17.9328403       5.22200012    
   17.9495068       5.07999992    
   17.9661732       4.94000006    
   17.9828396       4.80100012    
   17.9995060       4.66400003    
   18.0161724       4.52899981    
   18.0328388       4.39499998    
   18.0495052       4.26300001    
   18.0661716       4.13299990    
   18.0828381       4.00400019    
   18.0995045       3.87700009    
   18.1161709       3.75200009    
   18.1328373       3.62800002    
   18.1495037       3.50600004    
   18.1661701       3.38599992    
   18.1828365       3.26699996    
   18.1995029       3.15000010    
   18.2161694       3.03500009    
   18.2328358       2.92100000    
   18.2495022       2.80800009    
   18.2661686       2.69799995    
   18.2828350       2.58899999    
   18.2995014       2.48099995    
   18.3161678       2.37599993    
   18.3328342       2.27200007    
   18.3495007       2.16899991    
   18.3661671       2.06800008    
   18.3828335       1.96899998    
   18.3994999       1.87199998    
   18.4161663       1.77600002    
   18.4328327       1.68200004    
   18.4494991       1.59000003    
   18.4661655       1.50000000    
   18.4828320       1.41199994    
   18.4994984       1.32500005    
   18.5161648       1.24100006    
   18.5328312       1.15900004    
   18.5494976       1.07900000    
   18.5661640       1.00100005    
   18.5828304      0.925499976    
   18.5994968      0.852500021    
   18.6161633      0.782299995    
   18.6328297      0.714800000    
   18.6494961      0.650200009    
   18.6661625      0.588800013    
   18.6828289      0.531099975    
   18.6994953      0.476799995    
   18.7161617      0.412499994    
   18.7328281      0.360300004    
   18.7494946      0.317799985    
   18.7661610      0.282999992    
   18.7828274      0.237399995    
   18.7994938      0.205799997    
   18.8161602      0.173600003    
   18.8328266      0.143999994    
   18.8494930      0.118900001    
   18.8661594       9.75899994E-02
   18.8828259       7.96699971E-02
   18.8994923       6.36100024E-02
   18.9161587       5.03499992E-02
   18.9328251       4.04900014E-02
   18.9494915       3.12099997E-02
   18.9661579       2.41400003E-02
   18.9828243       1.86500009E-02
   18.9994907       1.43100005E-02
   19.0161572       1.08599998E-02
   19.0328236       8.19499977E-03
   19.0494900       6.16100011E-03
   19.0661564       4.52600000E-03
   19.0828228       3.29799997E-03
   19.0994892       2.33800011E-03
   19.1161556       1.64599996E-03
   19.1328220       1.12499995E-03
   19.1494884       7.42300006E-04
   19.1661549       4.72000014E-04
   19.1828213       2.77399988E-04
   19.1994877       1.47800005E-04
   19.2161541       6.26300025E-05
   19.2328205       1.50899996E-05
   19.2494869       9.91600018E-07
   19.2661533       8.35600034E-09
   19.2828197       3.50900003E-11
   19.2994862       2.72100000E-14
   19.3161526       1.04099998E-18
   19.3328190       0.00000000    
   19.3494854       0.00000000    
   19.3661518       0.00000000    
   19.3828182       0.00000000    
   19.3994846       0.00000000    
   19.4161510       0.00000000    
   19.4328175       0.00000000    
   19.4494839       0.00000000    
   19.4661503       0.00000000    
   19.4828167       0.00000000    
   19.4994831       0.00000000    
   19.5161495       0.00000000    
   19.5328159       0.00000000    
   19.5494823       0.00000000    
   19.5661488       0.00000000    
   19.5828152       0.00000000    
   19.5994816       0.00000000    
   19.6161480       0.00000000    
   19.6328144       0.00000000    
   19.6494808       0.00000000    
   19.6661472       0.00000000    
   19.6828136       0.00000000    
   19.6994801       0.00000000    
   19.7161465       0.00000000    
   19.7328129       0.00000000    
   19.7494793       0.00000000    
   19.7661457       0.00000000    
   19.7828121       0.00000000    
   19.7994785       0.00000000    
   19.8161449       0.00000000    
   19.8328114       0.00000000    
   19.8494778       0.00000000    
   19.8661442       0.00000000    
   19.8828106       0.00000000    
   19.8994770       0.00000000    
   19.9161434       0.00000000    
   19.9328098       0.00000000    
   19.9494762       0.00000000    
   19.9661427       0.00000000    
   19.9828091       0.00000000    
   19.9994755       0.00000000    
   20.0161419       0.00000000    
   20.0328083       0.00000000    
   20.0494747       0.00000000    
   20.0661411       0.00000000    
   20.0828075       0.00000000    
   20.0994740       0.00000000    
   20.1161404       0.00000000    
   20.1328068       0.00000000    
   20.1494732       0.00000000    
   20.1661396       0.00000000    
   20.1828060       0.00000000    
   20.1994724       0.00000000    
   20.2161388       0.00000000    
   20.2328053       0.00000000    
   20.2494717       0.00000000    
   20.2661381       0.00000000    
   20.2828045       0.00000000    
   20.2994709       0.00000000    
   20.3161373       0.00000000    
   20.3328037       0.00000000    
   20.3494701       0.00000000    
   20.3661366       0.00000000    
   20.3828030       0.00000000    
   20.3994694       0.00000000    
   20.4161358       0.00000000    
   20.4328022       0.00000000    
   20.4494686       0.00000000    
   20.4661350       0.00000000    
   20.4828014       0.00000000    
   20.4994678       0.00000000    
   20.5161343       0.00000000    
   20.5328007       0.00000000    
   20.5494671       0.00000000    
   20.5661335       0.00000000    
   20.5827999       0.00000000    
   20.5994663       0.00000000    
   20.6161327       0.00000000    
   20.6327991       0.00000000    
   20.6494656       0.00000000    
   20.6661320       0.00000000    
   20.6827984       0.00000000    
   20.6994648       0.00000000    
   20.7161312       0.00000000    
   20.7327976       0.00000000    
   20.7494640       0.00000000    
   20.7661304       0.00000000    
   20.7827969       0.00000000    
   20.7994633       0.00000000    
   20.8161297       0.00000000    
   20.8327961       0.00000000    
   20.8494625       0.00000000    
   20.8661289       0.00000000    
   20.8827953       0.00000000    
   20.8994617       0.00000000    
   20.9161282       0.00000000    
   20.9327946       0.00000000    
   20.9494610       0.00000000    
   20.9661274       0.00000000    
   20.9827938       0.00000000    
   20.9994602       0.00000000    
   21.0161266       0.00000000    
   21.0327930       0.00000000    
   21.0494595       0.00000000    
   21.0661259       0.00000000    
   21.0827923       0.00000000    
   21.0994587       0.00000000    
   21.1161251       0.00000000    
   21.1327915       0.00000000    
   21.1494579       0.00000000    
   21.1661243       0.00000000    
   21.1827908       0.00000000    
   21.1994572       0.00000000    
   21.2161236       0.00000000    
   21.2327900       0.00000000    
   21.2494564       0.00000000    
   21.2661228       0.00000000    
   21.2827892       0.00000000    
   21.2994556       0.00000000    
   21.3161221       0.00000000    
   21.3327885       0.00000000    
   21.3494549       0.00000000    
   21.3661213       0.00000000    
   21.3827877       0.00000000    
   21.3994541       0.00000000    
   21.4161205       0.00000000    
   21.4327869       0.00000000    
   21.4494534       0.00000000    
   21.4661198       0.00000000    
   21.4827862       0.00000000    
   21.4994526       0.00000000    
   21.5161190       0.00000000    
   21.5327854       0.00000000    
   21.5494518       0.00000000    
   21.5661182       0.00000000    
   21.5827847       0.00000000    
   21.5994511       0.00000000    
   21.6161175       0.00000000    
   21.6327839       0.00000000    
   21.6494503       0.00000000    
   21.6661167       0.00000000    
   21.6827831       0.00000000    
   21.6994495       0.00000000    
   21.7161160       0.00000000    
   21.7327824       0.00000000    
   21.7494488       0.00000000    
   21.7661152       0.00000000    
   21.7827816       0.00000000    
   21.7994480       0.00000000    
   21.8161144       0.00000000    
   21.8327808       0.00000000    
   21.8494473       0.00000000    
   21.8661137       0.00000000    
   21.8827801       0.00000000    
   21.8994465       0.00000000    
   21.9161129       0.00000000    
   21.9327793       0.00000000    
   21.9494457       0.00000000    
   21.9661121       0.00000000    
   21.9827785       0.00000000    
   21.9994450       0.00000000    
   22.0161114       0.00000000    
   22.0327778       0.00000000    
   22.0494442       0.00000000    
   22.0661106       0.00000000    
   22.0827770       0.00000000    
   22.0994434       0.00000000    
   22.1161098       0.00000000    
   22.1327763       0.00000000    
   22.1494427       0.00000000    
   22.1661091       0.00000000    
   22.1827755       0.00000000    
   22.1994419       0.00000000    
   22.2161083       0.00000000    
   22.2327747       0.00000000    
   22.2494411       0.00000000    
   22.2661076       0.00000000    
   22.2827740       0.00000000    
   22.2994404       0.00000000    
   22.3161068       0.00000000    
   22.3327732       0.00000000    
   22.3494396       0.00000000    
   22.3661060       0.00000000    
   22.3827724       0.00000000    
   22.3994389       0.00000000    
   22.4161053       0.00000000    
   22.4327717       0.00000000    
   22.4494381       0.00000000    
   22.4661045       0.00000000    
   22.4827709       0.00000000    
   22.4994373       0.00000000    
   22.5161037       0.00000000    
   22.5327702       0.00000000    
   22.5494366       0.00000000    
   22.5661030       0.00000000    
   22.5827694       0.00000000    
   22.5994358       0.00000000    
   22.6161022       0.00000000    
   22.6327686       0.00000000    
   22.6494350       0.00000000    
   22.6661015       0.00000000    
   22.6827679       0.00000000    
   22.6994343       0.00000000    
   22.7161007       0.00000000    
   22.7327671       0.00000000    
   22.7494335       0.00000000    
   22.7660999       0.00000000    
   22.7827663       0.00000000    
   22.7994328       0.00000000    
   22.8160992       0.00000000    
   22.8327656       0.00000000    
   22.8494320       0.00000000    
   22.8660984       0.00000000    
   22.8827648       0.00000000    
   22.8994312       0.00000000    
   22.9160976       0.00000000    
   22.9327641       0.00000000    
   22.9494305       0.00000000    
   22.9660969       0.00000000    
   22.9827633       0.00000000    
   22.9994297       0.00000000    
   23.0160961       0.00000000    
   23.0327625       0.00000000    
   23.0494289       0.00000000    
   23.0660954       0.00000000    
   23.0827618       0.00000000    
   23.0994282       0.00000000    
   23.1160946       0.00000000    
   23.1327610       0.00000000    
   23.1494274       0.00000000    
   23.1660938       0.00000000    
   23.1827602       0.00000000    
   23.1994267       0.00000000    
   23.2160931       0.00000000    
   23.2327595       0.00000000    
   23.2494259       0.00000000    
   23.2660923       0.00000000    
   23.2827587       0.00000000    
   23.2994251       0.00000000    
   23.3160915       0.00000000    
   23.3327579       0.00000000    
   23.3494244       0.00000000    
   23.3660908       0.00000000    
   23.3827572       0.00000000    
   23.3994236       0.00000000    
   23.4160900       0.00000000    
   23.4327564       0.00000000    
   23.4494228       0.00000000    
   23.4660892       0.00000000    
   23.4827557       0.00000000    
   23.4994221       0.00000000    
   23.5160885       0.00000000    
   23.5327549       0.00000000    
   23.5494213       0.00000000    
   23.5660877       0.00000000    
   23.5827541       0.00000000    
   23.5994205       0.00000000    
   23.6160870       0.00000000    
   23.6327534       0.00000000    
   23.6494198       0.00000000    
   23.6660862       0.00000000    
   23.6827526       0.00000000    
   23.6994190       0.00000000    
   23.7160854       0.00000000    
   23.7327518       0.00000000    
   23.7494183       0.00000000    
   23.7660847       0.00000000    
   23.7827511       0.00000000    
   23.7994175       0.00000000    
   23.8160839       0.00000000    
   23.8327503       0.00000000    
   23.8494167       0.00000000    
   23.8660831       0.00000000    
   23.8827496       0.00000000    
   23.8994160       0.00000000    
   23.9160824       0.00000000    
   23.9327488       0.00000000    
   23.9494152       0.00000000    
   23.9660816       0.00000000    
   23.9827480       0.00000000    
