   0.00000000       0.00000000    
   1.66660007E-02   0.00000000    
   3.33320014E-02   0.00000000    
   4.99980003E-02   0.00000000    
   6.66640028E-02   0.00000000    
   8.33300054E-02   0.00000000    
   9.99960080E-02   0.00000000    
  0.116662011       0.00000000    
  0.133328006       0.00000000    
  0.149994001       0.00000000    
  0.166659996       0.00000000    
  0.183325991       0.00000000    
  0.199991986       0.00000000    
  0.216657981       0.00000000    
  0.233323976       0.00000000    
  0.249989972       0.00000000    
  0.266655982       0.00000000    
  0.283321977       0.00000000    
  0.299987972       0.00000000    
  0.316653967       0.00000000    
  0.333319962       0.00000000    
  0.349985957       0.00000000    
  0.366651952       0.00000000    
  0.383317947       0.00000000    
  0.399983943       0.00000000    
  0.416649938       0.00000000    
  0.433315933       0.00000000    
  0.449981928       0.00000000    
  0.466647923       0.00000000    
  0.483313918       0.00000000    
  0.499979913       0.00000000    
  0.516645908       0.00000000    
  0.533311903       0.00000000    
  0.549977899       0.00000000    
  0.566643894       0.00000000    
  0.583309889       0.00000000    
  0.599975884       0.00000000    
  0.616641879       0.00000000    
  0.633307874       0.00000000    
  0.649973869       0.00000000    
  0.666639864       0.00000000    
  0.683305860       0.00000000    
  0.699971855       0.00000000    
  0.716637850       0.00000000    
  0.733303845       0.00000000    
  0.749969840       0.00000000    
  0.766635835       0.00000000    
  0.783301830       0.00000000    
  0.799967825       0.00000000    
  0.816633821       0.00000000    
  0.833299816       0.00000000    
  0.849965811       0.00000000    
  0.866631806       0.00000000    
  0.883297801       0.00000000    
  0.899963796       0.00000000    
  0.916629791       0.00000000    
  0.933295786       0.00000000    
  0.949961782       0.00000000    
  0.966627777       0.00000000    
  0.983293772       0.00000000    
  0.999959767       0.00000000    
   1.01662576       0.00000000    
   1.03329182       0.00000000    
   1.04995787       0.00000000    
   1.06662393       0.00000000    
   1.08328998       0.00000000    
   1.09995604       0.00000000    
   1.11662209       0.00000000    
   1.13328815       0.00000000    
   1.14995420       0.00000000    
   1.16662025       0.00000000    
   1.18328631       0.00000000    
   1.19995236       0.00000000    
   1.21661842       0.00000000    
   1.23328447       0.00000000    
   1.24995053       0.00000000    
   1.26661658       0.00000000    
   1.28328264       0.00000000    
   1.29994869       0.00000000    
   1.31661475       0.00000000    
   1.33328080       0.00000000    
   1.34994686       0.00000000    
   1.36661291       0.00000000    
   1.38327897       0.00000000    
   1.39994502       0.00000000    
   1.41661108       0.00000000    
   1.43327713       0.00000000    
   1.44994318       0.00000000    
   1.46660924       0.00000000    
   1.48327529       0.00000000    
   1.49994135       0.00000000    
   1.51660740       0.00000000    
   1.53327346       0.00000000    
   1.54993951       0.00000000    
   1.56660557       0.00000000    
   1.58327162       0.00000000    
   1.59993768       0.00000000    
   1.61660373       0.00000000    
   1.63326979       0.00000000    
   1.64993584       0.00000000    
   1.66660190       0.00000000    
   1.68326795       0.00000000    
   1.69993401       0.00000000    
   1.71660006       0.00000000    
   1.73326612       0.00000000    
   1.74993217       0.00000000    
   1.76659822       0.00000000    
   1.78326428       0.00000000    
   1.79993033       0.00000000    
   1.81659639       0.00000000    
   1.83326244       0.00000000    
   1.84992850       0.00000000    
   1.86659455       0.00000000    
   1.88326061       0.00000000    
   1.89992666       0.00000000    
   1.91659272       0.00000000    
   1.93325877       0.00000000    
   1.94992483       0.00000000    
   1.96659088       0.00000000    
   1.98325694       0.00000000    
   1.99992299       0.00000000    
   2.01658893       0.00000000    
   2.03325486       0.00000000    
   2.04992080       0.00000000    
   2.06658673       0.00000000    
   2.08325267       0.00000000    
   2.09991860       0.00000000    
   2.11658454       0.00000000    
   2.13325047       0.00000000    
   2.14991641       0.00000000    
   2.16658235       0.00000000    
   2.18324828       0.00000000    
   2.19991422       0.00000000    
   2.21658015       0.00000000    
   2.23324609       0.00000000    
   2.24991202       0.00000000    
   2.26657796       0.00000000    
   2.28324389       0.00000000    
   2.29990983       0.00000000    
   2.31657577       0.00000000    
   2.33324170       0.00000000    
   2.34990764       0.00000000    
   2.36657357       0.00000000    
   2.38323951       0.00000000    
   2.39990544       0.00000000    
   2.41657138       0.00000000    
   2.43323731       0.00000000    
   2.44990325       0.00000000    
   2.46656919       0.00000000    
   2.48323512       0.00000000    
   2.49990106       0.00000000    
   2.51656699       0.00000000    
   2.53323293       0.00000000    
   2.54989886       0.00000000    
   2.56656480       0.00000000    
   2.58323073       0.00000000    
   2.59989667       0.00000000    
   2.61656260       0.00000000    
   2.63322854       0.00000000    
   2.64989448       0.00000000    
   2.66656041       0.00000000    
   2.68322635       0.00000000    
   2.69989228       0.00000000    
   2.71655822       0.00000000    
   2.73322415       0.00000000    
   2.74989009       0.00000000    
   2.76655602       0.00000000    
   2.78322196       0.00000000    
   2.79988790       0.00000000    
   2.81655383       0.00000000    
   2.83321977       0.00000000    
   2.84988570       0.00000000    
   2.86655164       0.00000000    
   2.88321757       0.00000000    
   2.89988351       0.00000000    
   2.91654944       0.00000000    
   2.93321538       0.00000000    
   2.94988132       0.00000000    
   2.96654725       0.00000000    
   2.98321319       0.00000000    
   2.99987912       0.00000000    
   3.01654506       0.00000000    
   3.03321099       0.00000000    
   3.04987693       0.00000000    
   3.06654286       0.00000000    
   3.08320880       0.00000000    
   3.09987473       0.00000000    
   3.11654067       0.00000000    
   3.13320661       0.00000000    
   3.14987254       0.00000000    
   3.16653848       0.00000000    
   3.18320441       0.00000000    
   3.19987035       0.00000000    
   3.21653628       0.00000000    
   3.23320222       0.00000000    
   3.24986815       0.00000000    
   3.26653409       0.00000000    
   3.28320003       0.00000000    
   3.29986596       0.00000000    
   3.31653190       0.00000000    
   3.33319783       0.00000000    
   3.34986377       0.00000000    
   3.36652970       0.00000000    
   3.38319564       0.00000000    
   3.39986157       0.00000000    
   3.41652751       0.00000000    
   3.43319345       0.00000000    
   3.44985938       0.00000000    
   3.46652532       0.00000000    
   3.48319125       0.00000000    
   3.49985719       0.00000000    
   3.51652312       0.00000000    
   3.53318906       0.00000000    
   3.54985499       0.00000000    
   3.56652093       0.00000000    
   3.58318686       0.00000000    
   3.59985280       0.00000000    
   3.61651874       0.00000000    
   3.63318467       0.00000000    
   3.64985061       0.00000000    
   3.66651654       0.00000000    
   3.68318248       0.00000000    
   3.69984841       0.00000000    
   3.71651435       0.00000000    
   3.73318028       0.00000000    
   3.74984622       0.00000000    
   3.76651216       0.00000000    
   3.78317809       0.00000000    
   3.79984403       0.00000000    
   3.81650996       0.00000000    
   3.83317590       0.00000000    
   3.84984183       0.00000000    
   3.86650777       0.00000000    
   3.88317370       0.00000000    
   3.89983964       0.00000000    
   3.91650558       0.00000000    
   3.93317151       0.00000000    
   3.94983745       0.00000000    
   3.96650338       0.00000000    
   3.98316932       0.00000000    
   3.99983525       0.00000000    
   4.01650143       0.00000000    
   4.03316736       0.00000000    
   4.04983330       0.00000000    
   4.06649923       0.00000000    
   4.08316517       0.00000000    
   4.09983110       0.00000000    
   4.11649704       0.00000000    
   4.13316298       0.00000000    
   4.14982891       0.00000000    
   4.16649485       0.00000000    
   4.18316078       0.00000000    
   4.19982672       0.00000000    
   4.21649265       0.00000000    
   4.23315859       0.00000000    
   4.24982452       0.00000000    
   4.26649046       0.00000000    
   4.28315639       0.00000000    
   4.29982233       0.00000000    
   4.31648827       0.00000000    
   4.33315420       0.00000000    
   4.34982014       0.00000000    
   4.36648607       0.00000000    
   4.38315201       0.00000000    
   4.39981794       0.00000000    
   4.41648388       0.00000000    
   4.43314981       0.00000000    
   4.44981575       0.00000000    
   4.46648169       0.00000000    
   4.48314762       0.00000000    
   4.49981356       0.00000000    
   4.51647949       0.00000000    
   4.53314543       0.00000000    
   4.54981136       0.00000000    
   4.56647730       0.00000000    
   4.58314323       0.00000000    
   4.59980917       0.00000000    
   4.61647511       0.00000000    
   4.63314104       0.00000000    
   4.64980698       0.00000000    
   4.66647291       0.00000000    
   4.68313885       0.00000000    
   4.69980478       0.00000000    
   4.71647072       0.00000000    
   4.73313665       0.00000000    
   4.74980259       0.00000000    
   4.76646852       0.00000000    
   4.78313446       0.00000000    
   4.79980040       0.00000000    
   4.81646633       0.00000000    
   4.83313227       0.00000000    
   4.84979820       0.00000000    
   4.86646414       0.00000000    
   4.88313007       0.00000000    
   4.89979601       0.00000000    
   4.91646194       0.00000000    
   4.93312788       0.00000000    
   4.94979382       0.00000000    
   4.96645975       0.00000000    
   4.98312569       0.00000000    
   4.99979162       0.00000000    
   5.01645756       0.00000000    
   5.03312349       0.00000000    
   5.04978943       0.00000000    
   5.06645536       0.00000000    
   5.08312130       0.00000000    
   5.09978724       0.00000000    
   5.11645317       0.00000000    
   5.13311911       0.00000000    
   5.14978504       0.00000000    
   5.16645098       0.00000000    
   5.18311691       0.00000000    
   5.19978285       0.00000000    
   5.21644878       0.00000000    
   5.23311472       0.00000000    
   5.24978065       0.00000000    
   5.26644659       0.00000000    
   5.28311253       0.00000000    
   5.29977846       0.00000000    
   5.31644440       0.00000000    
   5.33311033       0.00000000    
   5.34977627       0.00000000    
   5.36644220       0.00000000    
   5.38310814       0.00000000    
   5.39977407       0.00000000    
   5.41644001       0.00000000    
   5.43310595       0.00000000    
   5.44977188       0.00000000    
   5.46643782       0.00000000    
   5.48310375       0.00000000    
   5.49976969       0.00000000    
   5.51643562       0.00000000    
   5.53310156       0.00000000    
   5.54976749       0.00000000    
   5.56643343       0.00000000    
   5.58309937       0.00000000    
   5.59976530       0.00000000    
   5.61643124       0.00000000    
   5.63309717       0.00000000    
   5.64976311       0.00000000    
   5.66642904       0.00000000    
   5.68309498       0.00000000    
   5.69976091       0.00000000    
   5.71642685       0.00000000    
   5.73309278       0.00000000    
   5.74975872       0.00000000    
   5.76642466       0.00000000    
   5.78309059       0.00000000    
   5.79975653       0.00000000    
   5.81642246       0.00000000    
   5.83308840       0.00000000    
   5.84975433       0.00000000    
   5.86642027       0.00000000    
   5.88308620       0.00000000    
   5.89975214       0.00000000    
   5.91641808       0.00000000    
   5.93308401       0.00000000    
   5.94974995       0.00000000    
   5.96641588       0.00000000    
   5.98308182       0.00000000    
   5.99974775       0.00000000    
   6.01641369       0.00000000    
   6.03307962       0.00000000    
   6.04974556       0.00000000    
   6.06641150       0.00000000    
   6.08307743       0.00000000    
   6.09974337       0.00000000    
   6.11640930       0.00000000    
   6.13307524       0.00000000    
   6.14974117       0.00000000    
   6.16640711       0.00000000    
   6.18307304       0.00000000    
   6.19973898       0.00000000    
   6.21640491       0.00000000    
   6.23307085       0.00000000    
   6.24973679       0.00000000    
   6.26640272       0.00000000    
   6.28306866       0.00000000    
   6.29973459       0.00000000    
   6.31640053       0.00000000    
   6.33306646       0.00000000    
   6.34973240       0.00000000    
   6.36639833       0.00000000    
   6.38306427       0.00000000    
   6.39973021       0.00000000    
   6.41639614       0.00000000    
   6.43306208       0.00000000    
   6.44972801       0.00000000    
   6.46639395       0.00000000    
   6.48305988       0.00000000    
   6.49972582       2.73499999E-20
   6.51639175       2.45899996E-15
   6.53305769       3.39300007E-12
   6.54972363       9.59299973E-10
   6.56638956       1.19899994E-07
   6.58305550       4.73199998E-06
   6.59972143       2.95499995E-05
   6.61638737       8.59900028E-05
   6.63305330       1.77900001E-04
   6.64971924       3.08899995E-04
   6.66638517       4.92200023E-04
   6.68305111       7.49500003E-04
   6.69971704       1.10999995E-03
   6.71638298       1.56000000E-03
   6.73304892       2.20100000E-03
   6.74971485       2.99399998E-03
   6.76638079       4.09899978E-03
   6.78304672       5.40099991E-03
   6.79971266       7.06700003E-03
   6.81637859       9.19200014E-03
   6.83304453       1.18800001E-02
   6.84971046       1.53000001E-02
   6.86637640       1.96599998E-02
   6.88304234       2.46699993E-02
   6.89970827       3.11299991E-02
   6.91637421       3.90600003E-02
   6.93304014       4.86700013E-02
   6.94970608       5.96400015E-02
   6.96637201       7.31699988E-02
   6.98303795       8.95899981E-02
   6.99970388      0.108199999    
   7.01636982      0.128500000    
   7.03303576      0.151700005    
   7.04970169      0.179299995    
   7.06636763      0.213000000    
   7.08303356      0.239600003    
   7.09969950      0.282299995    
   7.11636543      0.313600004    
   7.13303137      0.351099998    
   7.14969730      0.396299988    
   7.16636324      0.451000005    
   7.18302917      0.505500019    
   7.19969511      0.555999994    
   7.21636105      0.609700024    
   7.23302698      0.666199982    
   7.24969292      0.725300014    
   7.26635885      0.786700010    
   7.28302479      0.850300014    
   7.29969072      0.916100025    
   7.31635666      0.983900011    
   7.33302259       1.05400002    
   7.34968853       1.12500000    
   7.36635447       1.19799995    
   7.38302040       1.27300000    
   7.39968634       1.35000002    
   7.41635227       1.42799997    
   7.43301821       1.50800002    
   7.44968414       1.58899999    
   7.46635008       1.67100000    
   7.48301601       1.75500000    
   7.49968195       1.84000003    
   7.51634789       1.92700005    
   7.53301382       2.01500010    
   7.54967976       2.10400009    
   7.56634569       2.19499993    
   7.58301163       2.28699994    
   7.59967756       2.38000011    
   7.61634350       2.47399998    
   7.63300943       2.56999993    
   7.64967537       2.66599989    
   7.66634130       2.76399994    
   7.68300724       2.86299992    
   7.69967318       2.96399999    
   7.71633911       3.06500006    
   7.73300505       3.16799998    
   7.74967098       3.27099991    
   7.76633692       3.37599993    
   7.78300285       3.48300004    
   7.79966879       3.58999991    
   7.81633472       3.69899988    
   7.83300066       3.80800009    
   7.84966660       3.91899991    
   7.86633253       4.03100014    
   7.88299847       4.14499998    
   7.89966440       4.25899982    
   7.91633034       4.37500000    
   7.93299627       4.49100018    
   7.94966221       4.60900021    
   7.96632814       4.72900009    
   7.98299408       4.84899998    
   7.99966002       4.97100019    
   8.01632595       5.09299994    
   8.03299236       5.21700001    
   8.04965878       5.34200001    
   8.06632519       5.46799994    
   8.08299160       5.59600019    
   8.09965801       5.72399998    
   8.11632442       5.85300016    
   8.13299084       5.98400021    
   8.14965725       6.11600018    
   8.16632366       6.24900007    
   8.18299007       6.38299990    
   8.19965649       6.51800013    
   8.21632290       6.65399981    
   8.23298931       6.79099989    
   8.24965572       6.92999983    
   8.26632214       7.06899977    
   8.28298855       7.21000004    
   8.29965496       7.35099983    
   8.31632137       7.49300003    
   8.33298779       7.63700008    
   8.34965420       7.78100014    
   8.36632061       7.92600012    
   8.38298702       8.07299995    
   8.39965343       8.22000027    
   8.41631985       8.36800003    
   8.43298626       8.51700020    
   8.44965267       8.66699982    
   8.46631908       8.81799984    
   8.48298550       8.96899986    
   8.49965191       9.12199974    
   8.51631832       9.27499962    
   8.53298473       9.42899990    
   8.54965115       9.58399963    
   8.56631756       9.73999977    
   8.58298397       9.89599991    
   8.59965038       10.0500002    
   8.61631680       10.2100000    
   8.63298321       10.3699999    
   8.64964962       10.5299997    
   8.66631603       10.6899996    
   8.68298244       10.8500004    
   8.69964886       11.0100002    
   8.71631527       11.1700001    
   8.73298168       11.3299999    
   8.74964809       11.5000000    
   8.76631451       11.6599998    
   8.78298092       11.8299999    
   8.79964733       11.9899998    
   8.81631374       12.1499996    
   8.83298016       12.3199997    
   8.84964657       12.4899998    
   8.86631298       12.6499996    
   8.88297939       12.8199997    
   8.89964581       12.9899998    
   8.91631222       13.1599998    
   8.93297863       13.3199997    
   8.94964504       13.4899998    
   8.96631145       13.6599998    
   8.98297787       13.8299999    
   8.99964428       14.0000000    
   9.01631069       14.1700001    
   9.03297710       14.3400002    
   9.04964352       14.5100002    
   9.06630993       14.6800003    
   9.08297634       14.8500004    
   9.09964275       15.0200005    
   9.11630917       15.1899996    
   9.13297558       15.3599997    
   9.14964199       15.5400000    
   9.16630840       15.7100000    
   9.18297482       15.8800001    
   9.19964123       16.0499992    
   9.21630764       16.2199993    
   9.23297405       16.3999996    
   9.24964046       16.5699997    
   9.26630688       16.7399998    
   9.28297329       16.9099998    
   9.29963970       17.0799999    
   9.31630611       17.2600002    
   9.33297253       17.4300003    
   9.34963894       17.6000004    
   9.36630535       17.7700005    
   9.38297176       17.9500008    
   9.39963818       18.1200008    
   9.41630459       18.2900009    
   9.43297100       18.4599991    
   9.44963741       18.6299992    
   9.46630383       18.7999992    
   9.48297024       18.9799995    
   9.49963665       19.1499996    
   9.51630306       19.3199997    
   9.53296947       19.4899998    
   9.54963589       19.6599998    
   9.56630230       19.8299999    
   9.58296871       20.0000000    
   9.59963512       20.1700001    
   9.61630154       20.3400002    
   9.63296795       20.5100002    
   9.64963436       20.6800003    
   9.66630077       20.8500004    
   9.68296719       21.0200005    
   9.69963360       21.1900005    
   9.71630001       21.3500004    
   9.73296642       21.5200005    
   9.74963284       21.6900005    
   9.76629925       21.8600006    
   9.78296566       22.0200005    
   9.79963207       22.1900005    
   9.81629848       22.3600006    
   9.83296490       22.5200005    
   9.84963131       22.6900005    
   9.86629772       22.8500004    
   9.88296413       23.0100002    
   9.89963055       23.1800003    
   9.91629696       23.3400002    
   9.93296337       23.5000000    
   9.94962978       23.6700001    
   9.96629620       23.8299999    
   9.98296261       23.9899998    
   9.99962902       24.1499996    
   10.0162954       24.3099995    
   10.0329618       24.4699993    
   10.0496283       24.6299992    
   10.0662947       24.7900009    
   10.0829611       24.9400005    
   10.0996275       25.1000004    
   10.1162939       25.2600002    
   10.1329603       25.4200001    
   10.1496267       25.5699997    
   10.1662931       25.7299995    
   10.1829596       25.8799992    
   10.1996260       26.0300007    
   10.2162924       26.1900005    
   10.2329588       26.3400002    
   10.2496252       26.4899998    
   10.2662916       26.6399994    
   10.2829580       26.7900009    
   10.2996244       26.9400005    
   10.3162909       27.0900002    
   10.3329573       27.2399998    
   10.3496237       27.3899994    
   10.3662901       27.5300007    
   10.3829565       27.6800003    
   10.3996229       27.8199997    
   10.4162893       27.9699993    
   10.4329557       28.1100006    
   10.4496222       28.2500000    
   10.4662886       28.3999996    
   10.4829550       28.5400009    
   10.4996214       28.6800003    
   10.5162878       28.8199997    
   10.5329542       28.9599991    
   10.5496206       29.0900002    
   10.5662870       29.2299995    
   10.5829535       29.3700008    
   10.5996199       29.5000000    
   10.6162863       29.6399994    
   10.6329527       29.7700005    
   10.6496191       29.8999996    
   10.6662855       30.0400009    
   10.6829519       30.1700001    
   10.6996183       30.2999992    
   10.7162848       30.4300003    
   10.7329512       30.5599995    
   10.7496176       30.6800003    
   10.7662840       30.8099995    
   10.7829504       30.9400005    
   10.7996168       31.0599995    
   10.8162832       31.1800003    
   10.8329496       31.3099995    
   10.8496161       31.4300003    
   10.8662825       31.5499992    
   10.8829489       31.6700001    
   10.8996153       31.7900009    
   10.9162817       31.9099998    
   10.9329481       32.0200005    
   10.9496145       32.1399994    
   10.9662809       32.2599983    
   10.9829473       32.3699989    
   10.9996138       32.4799995    
   11.0162802       32.5999985    
   11.0329466       32.7099991    
   11.0496130       32.8199997    
   11.0662794       32.9300003    
   11.0829458       33.0299988    
   11.0996122       33.1399994    
   11.1162786       33.2500000    
   11.1329451       33.3499985    
   11.1496115       33.4599991    
   11.1662779       33.5600014    
   11.1829443       33.6599998    
   11.1996107       33.7599983    
   11.2162771       33.8600006    
   11.2329435       33.9599991    
   11.2496099       34.0600014    
   11.2662764       34.1500015    
   11.2829428       34.2500000    
   11.2996092       34.3400002    
   11.3162756       34.4300003    
   11.3329420       34.5299988    
   11.3496084       34.6199989    
   11.3662748       34.7099991    
   11.3829412       34.7999992    
   11.3996077       34.8800011    
   11.4162741       34.9700012    
   11.4329405       35.0600014    
   11.4496069       35.1399994    
   11.4662733       35.2200012    
   11.4829397       35.2999992    
   11.4996061       35.3899994    
   11.5162725       35.4599991    
   11.5329390       35.5400009    
   11.5496054       35.6199989    
   11.5662718       35.7000008    
   11.5829382       35.7700005    
   11.5996046       35.8499985    
   11.6162710       35.9199982    
   11.6329374       35.9900017    
   11.6496038       36.0600014    
   11.6662703       36.1300011    
   11.6829367       36.2000008    
   11.6996031       36.2599983    
   11.7162695       36.3300018    
   11.7329359       36.3899994    
   11.7496023       36.4599991    
   11.7662687       36.5200005    
   11.7829351       36.5800018    
   11.7996016       36.6399994    
   11.8162680       36.7000008    
   11.8329344       36.7500000    
   11.8496008       36.8100014    
   11.8662672       36.8600006    
   11.8829336       36.9199982    
   11.8996000       36.9700012    
   11.9162664       37.0200005    
   11.9329329       37.0699997    
   11.9495993       37.1199989    
   11.9662657       37.1699982    
   11.9829321       37.2099991    
   11.9995985       37.2599983    
   12.0162649       37.2999992    
   12.0329313       37.3499985    
   12.0495977       37.3899994    
   12.0662642       37.4300003    
   12.0829306       37.4700012    
   12.0995970       37.5000000    
   12.1162634       37.5400009    
   12.1329298       37.5699997    
   12.1495962       37.6100006    
   12.1662626       37.6399994    
   12.1829290       37.6699982    
   12.1995955       37.7000008    
   12.2162619       37.7299995    
   12.2329283       37.7599983    
   12.2495947       37.7900009    
   12.2662611       37.8100014    
   12.2829275       37.8300018    
   12.2995939       37.8600006    
   12.3162603       37.8800011    
   12.3329268       37.9000015    
   12.3495932       37.9199982    
   12.3662596       37.9300003    
   12.3829260       37.9500008    
   12.3995924       37.9700012    
   12.4162588       37.9799995    
   12.4329252       37.9900017    
   12.4495916       38.0000000    
   12.4662580       38.0099983    
   12.4829245       38.0200005    
   12.4995909       38.0299988    
   12.5162573       38.0400009    
   12.5329237       38.0400009    
   12.5495901       38.0400009    
   12.5662565       38.0499992    
   12.5829229       38.0499992    
   12.5995893       38.0499992    
   12.6162558       38.0499992    
   12.6329222       38.0400009    
   12.6495886       38.0400009    
   12.6662550       38.0299988    
   12.6829214       38.0299988    
   12.6995878       38.0200005    
   12.7162542       38.0099983    
   12.7329206       38.0000000    
   12.7495871       37.9900017    
   12.7662535       37.9799995    
   12.7829199       37.9599991    
   12.7995863       37.9500008    
   12.8162527       37.9300003    
   12.8329191       37.9099998    
   12.8495855       37.8899994    
   12.8662519       37.8699989    
   12.8829184       37.8499985    
   12.8995848       37.8300018    
   12.9162512       37.8100014    
   12.9329176       37.7799988    
   12.9495840       37.7500000    
   12.9662504       37.7299995    
   12.9829168       37.7000008    
   12.9995832       37.6699982    
   13.0162497       37.6399994    
   13.0329161       37.5999985    
   13.0495825       37.5699997    
   13.0662489       37.5299988    
   13.0829153       37.5000000    
   13.0995817       37.4599991    
   13.1162481       37.4199982    
   13.1329145       37.3800011    
   13.1495810       37.3400002    
   13.1662474       37.2999992    
   13.1829138       37.2500000    
   13.1995802       37.2099991    
   13.2162466       37.1599998    
   13.2329130       37.1100006    
   13.2495794       37.0600014    
   13.2662458       37.0099983    
   13.2829123       36.9599991    
   13.2995787       36.9099998    
   13.3162451       36.8600006    
   13.3329115       36.7999992    
   13.3495779       36.7400017    
   13.3662443       36.6899986    
   13.3829107       36.6300011    
   13.3995771       36.5699997    
   13.4162436       36.5099983    
   13.4329100       36.4500008    
   13.4495764       36.3800011    
   13.4662428       36.3199997    
   13.4829092       36.2500000    
   13.4995756       36.1800003    
   13.5162420       36.1199989    
   13.5329084       36.0499992    
   13.5495749       35.9799995    
   13.5662413       35.9099998    
   13.5829077       35.8300018    
   13.5995741       35.7599983    
   13.6162405       35.6800003    
   13.6329069       35.6100006    
   13.6495733       35.5299988    
   13.6662397       35.4500008    
   13.6829062       35.3699989    
   13.6995726       35.2900009    
   13.7162390       35.2099991    
   13.7329054       35.1199989    
   13.7495718       35.0400009    
   13.7662382       34.9599991    
   13.7829046       34.8699989    
   13.7995710       34.7799988    
   13.8162374       34.6899986    
   13.8329039       34.5999985    
   13.8495703       34.5099983    
   13.8662367       34.4199982    
   13.8829031       34.3300018    
   13.8995695       34.2299995    
   13.9162359       34.1399994    
   13.9329023       34.0400009    
   13.9495687       33.9399986    
   13.9662352       33.8400002    
   13.9829016       33.7400017    
   13.9995680       33.6399994    
   14.0162344       33.5400009    
   14.0329008       33.4399986    
   14.0495672       33.3300018    
   14.0662336       33.2299995    
   14.0829000       33.1199989    
   14.0995665       33.0099983    
   14.1162329       32.9099998    
   14.1328993       32.7999992    
   14.1495657       32.6899986    
   14.1662321       32.5800018    
   14.1828985       32.4599991    
   14.1995649       32.3499985    
   14.2162313       32.2400017    
   14.2328978       32.1199989    
   14.2495642       32.0000000    
   14.2662306       31.8899994    
   14.2828970       31.7700005    
   14.2995634       31.6499996    
   14.3162298       31.5300007    
   14.3328962       31.4099998    
   14.3495626       31.2900009    
   14.3662291       31.1599998    
   14.3828955       31.0400009    
   14.3995619       30.9099998    
   14.4162283       30.7900009    
   14.4328947       30.6599998    
   14.4495611       30.5300007    
   14.4662275       30.4099998    
   14.4828939       30.2800007    
   14.4995604       30.1499996    
   14.5162268       30.0100002    
   14.5328932       29.8799992    
   14.5495596       29.7500000    
   14.5662260       29.6100006    
   14.5828924       29.4799995    
   14.5995588       29.3400002    
   14.6162252       29.2099991    
   14.6328917       29.0699997    
   14.6495581       28.9300003    
   14.6662245       28.7900009    
   14.6828909       28.6499996    
   14.6995573       28.5100002    
   14.7162237       28.3700008    
   14.7328901       28.2299995    
   14.7495565       28.0900002    
   14.7662230       27.9400005    
   14.7828894       27.7999992    
   14.7995558       27.6499996    
   14.8162222       27.5100002    
   14.8328886       27.3600006    
   14.8495550       27.2099991    
   14.8662214       27.0599995    
   14.8828878       26.9200001    
   14.8995543       26.7700005    
   14.9162207       26.6200008    
   14.9328871       26.4599991    
   14.9495535       26.3099995    
   14.9662199       26.1599998    
   14.9828863       26.0100002    
   14.9995527       25.8500004    
   15.0162191       25.7000008    
   15.0328856       25.5400009    
   15.0495520       25.3899994    
   15.0662184       25.2299995    
   15.0828848       25.0799999    
   15.0995512       24.9200001    
   15.1162176       24.7600002    
   15.1328840       24.6000004    
   15.1495504       24.4400005    
   15.1662169       24.2800007    
   15.1828833       24.1200008    
   15.1995497       23.9599991    
   15.2162161       23.7999992    
   15.2328825       23.6399994    
   15.2495489       23.4799995    
   15.2662153       23.3099995    
   15.2828817       23.1499996    
   15.2995481       22.9899998    
   15.3162146       22.8199997    
   15.3328810       22.6599998    
   15.3495474       22.4899998    
   15.3662138       22.3299999    
   15.3828802       22.1599998    
   15.3995466       21.9899998    
   15.4162130       21.8299999    
   15.4328794       21.6599998    
   15.4495459       21.4899998    
   15.4662123       21.3299999    
   15.4828787       21.1599998    
   15.4995451       20.9899998    
   15.5162115       20.8199997    
   15.5328779       20.6499996    
   15.5495443       20.4799995    
   15.5662107       20.3099995    
   15.5828772       20.1399994    
   15.5995436       19.9699993    
   15.6162100       19.7999992    
   15.6328764       19.6299992    
   15.6495428       19.4599991    
   15.6662092       19.2900009    
   15.6828756       19.1200008    
   15.6995420       18.9500008    
   15.7162085       18.7700005    
   15.7328749       18.6000004    
   15.7495413       18.4300003    
   15.7662077       18.2600002    
   15.7828741       18.0900002    
   15.7995405       17.9200001    
   15.8162069       17.7399998    
   15.8328733       17.5699997    
   15.8495398       17.3999996    
   15.8662062       17.2299995    
   15.8828726       17.0499992    
   15.8995390       16.8799992    
   15.9162054       16.7099991    
   15.9328718       16.5400009    
   15.9495382       16.3700008    
   15.9662046       16.1900005    
   15.9828711       16.0200005    
   15.9995375       15.8500004    
   16.0162029       15.6800003    
   16.0328693       15.5100002    
   16.0495358       15.3299999    
   16.0662022       15.1599998    
   16.0828686       14.9899998    
   16.0995350       14.8199997    
   16.1162014       14.6499996    
   16.1328678       14.4799995    
   16.1495342       14.3100004    
   16.1662006       14.1400003    
   16.1828671       13.9700003    
   16.1995335       13.8000002    
   16.2161999       13.6300001    
   16.2328663       13.4600000    
   16.2495327       13.2900000    
   16.2661991       13.1300001    
   16.2828655       12.9600000    
   16.2995319       12.7900000    
   16.3161983       12.6199999    
   16.3328648       12.4600000    
   16.3495312       12.2900000    
   16.3661976       12.1300001    
   16.3828640       11.9600000    
   16.3995304       11.8000002    
   16.4161968       11.6300001    
   16.4328632       11.4700003    
   16.4495296       11.3100004    
   16.4661961       11.1400003    
   16.4828625       10.9799995    
   16.4995289       10.8199997    
   16.5161953       10.6599998    
   16.5328617       10.5000000    
   16.5495281       10.3400002    
   16.5661945       10.1800003    
   16.5828609       10.0299997    
   16.5995274       9.86900043    
   16.6161938       9.71199989    
   16.6328602       9.55700016    
   16.6495266       9.40200043    
   16.6661930       9.24800014    
   16.6828594       9.09500027    
   16.6995258       8.94299984    
   16.7161922       8.79100037    
   16.7328587       8.64000034    
   16.7495251       8.49100018    
   16.7661915       8.34200001    
   16.7828579       8.19400024    
   16.7995243       8.04699993    
   16.8161907       7.90100002    
   16.8328571       7.75600004    
   16.8495235       7.61100006    
   16.8661900       7.46799994    
   16.8828564       7.32600021    
   16.8995228       7.18499994    
   16.9161892       7.04400015    
   16.9328556       6.90500021    
   16.9495220       6.76700020    
   16.9661884       6.63000011    
   16.9828548       6.49399996    
   16.9995213       6.35900021    
   17.0161877       6.22599983    
   17.0328541       6.09299994    
   17.0495205       5.96099997    
   17.0661869       5.83099985    
   17.0828533       5.70100021    
   17.0995197       5.57299995    
   17.1161861       5.44600010    
   17.1328526       5.32000017    
   17.1495190       5.19500017    
   17.1661854       5.07100010    
   17.1828518       4.94899988    
   17.1995182       4.82800007    
   17.2161846       4.70800018    
   17.2328510       4.58900023    
   17.2495174       4.47100019    
   17.2661839       4.35400009    
   17.2828503       4.23899984    
   17.2995167       4.12500000    
   17.3161831       4.01100016    
   17.3328495       3.90000010    
   17.3495159       3.78900003    
   17.3661823       3.67899990    
   17.3828487       3.57100010    
   17.3995152       3.46399999    
   17.4161816       3.35800004    
   17.4328480       3.25300002    
   17.4495144       3.14899993    
   17.4661808       3.04699993    
   17.4828472       2.94600010    
   17.4995136       2.84599996    
   17.5161800       2.74699998    
   17.5328465       2.64899993    
   17.5495129       2.55200005    
   17.5661793       2.45700002    
   17.5828457       2.36299992    
   17.5995121       2.26999998    
   17.6161785       2.17899990    
   17.6328449       2.08800006    
   17.6495113       1.99899995    
   17.6661777       1.91199994    
   17.6828442       1.82500005    
   17.6995106       1.74000001    
   17.7161770       1.65600002    
   17.7328434       1.57400000    
   17.7495098       1.49300003    
   17.7661762       1.41400003    
   17.7828426       1.33599997    
   17.7995090       1.25999999    
   17.8161755       1.18499994    
   17.8328419       1.11199999    
   17.8495083       1.04100001    
   17.8661747      0.971700013    
   17.8828411      0.904299974    
   17.8995075      0.838900030    
   17.9161739      0.775600016    
   17.9328403      0.714999974    
   17.9495068      0.655900002    
   17.9661732      0.600000024    
   17.9828396      0.546800017    
   17.9995060      0.496899992    
   18.0161724      0.440400004    
   18.0328388      0.387600005    
   18.0495052      0.344000012    
   18.0661716      0.307700008    
   18.0828381      0.277300000    
   18.0995045      0.234200001    
   18.1161709      0.205300003    
   18.1328373      0.175200000    
   18.1495037      0.147599995    
   18.1661701      0.124100000    
   18.1828365      0.103699997    
   18.1995029       8.58300030E-02
   18.2161694       7.05100000E-02
   18.2328358       5.77600002E-02
   18.2495022       4.73299995E-02
   18.2661686       3.73100005E-02
   18.2828350       3.01799998E-02
   18.2995014       2.36300007E-02
   18.3161678       1.86400004E-02
   18.3328342       1.48099996E-02
   18.3495007       1.14700003E-02
   18.3661671       8.85900017E-03
   18.3828335       6.81200018E-03
   18.3994999       5.13300020E-03
   18.4161663       3.83000006E-03
   18.4328327       2.85600009E-03
   18.4494991       2.06000009E-03
   18.4661655       1.47999998E-03
   18.4828320       1.02099997E-03
   18.4994984       6.92199974E-04
   18.5161648       4.56899987E-04
   18.5328312       2.85399990E-04
   18.5494976       1.59000003E-04
   18.5661640       7.18500014E-05
   18.5828304       2.22100007E-05
   18.5994968       3.19900005E-06
   18.6161633       4.69799986E-08
   18.6328297       4.16000012E-10
   18.6494961       9.85400021E-13
   18.6661625       5.73000001E-16
   18.6828289       1.54500001E-21
   18.6994953       0.00000000    
   18.7161617       0.00000000    
   18.7328281       0.00000000    
   18.7494946       0.00000000    
   18.7661610       0.00000000    
   18.7828274       0.00000000    
   18.7994938       0.00000000    
   18.8161602       0.00000000    
   18.8328266       0.00000000    
   18.8494930       0.00000000    
   18.8661594       0.00000000    
   18.8828259       0.00000000    
   18.8994923       0.00000000    
   18.9161587       0.00000000    
   18.9328251       0.00000000    
   18.9494915       0.00000000    
   18.9661579       0.00000000    
   18.9828243       0.00000000    
   18.9994907       0.00000000    
   19.0161572       0.00000000    
   19.0328236       0.00000000    
   19.0494900       0.00000000    
   19.0661564       0.00000000    
   19.0828228       0.00000000    
   19.0994892       0.00000000    
   19.1161556       0.00000000    
   19.1328220       0.00000000    
   19.1494884       0.00000000    
   19.1661549       0.00000000    
   19.1828213       0.00000000    
   19.1994877       0.00000000    
   19.2161541       0.00000000    
   19.2328205       0.00000000    
   19.2494869       0.00000000    
   19.2661533       0.00000000    
   19.2828197       0.00000000    
   19.2994862       0.00000000    
   19.3161526       0.00000000    
   19.3328190       0.00000000    
   19.3494854       0.00000000    
   19.3661518       0.00000000    
   19.3828182       0.00000000    
   19.3994846       0.00000000    
   19.4161510       0.00000000    
   19.4328175       0.00000000    
   19.4494839       0.00000000    
   19.4661503       0.00000000    
   19.4828167       0.00000000    
   19.4994831       0.00000000    
   19.5161495       0.00000000    
   19.5328159       0.00000000    
   19.5494823       0.00000000    
   19.5661488       0.00000000    
   19.5828152       0.00000000    
   19.5994816       0.00000000    
   19.6161480       0.00000000    
   19.6328144       0.00000000    
   19.6494808       0.00000000    
   19.6661472       0.00000000    
   19.6828136       0.00000000    
   19.6994801       0.00000000    
   19.7161465       0.00000000    
   19.7328129       0.00000000    
   19.7494793       0.00000000    
   19.7661457       0.00000000    
   19.7828121       0.00000000    
   19.7994785       0.00000000    
   19.8161449       0.00000000    
   19.8328114       0.00000000    
   19.8494778       0.00000000    
   19.8661442       0.00000000    
   19.8828106       0.00000000    
   19.8994770       0.00000000    
   19.9161434       0.00000000    
   19.9328098       0.00000000    
   19.9494762       0.00000000    
   19.9661427       0.00000000    
   19.9828091       0.00000000    
   19.9994755       0.00000000    
   20.0161419       0.00000000    
   20.0328083       0.00000000    
   20.0494747       0.00000000    
   20.0661411       0.00000000    
   20.0828075       0.00000000    
   20.0994740       0.00000000    
   20.1161404       0.00000000    
   20.1328068       0.00000000    
   20.1494732       0.00000000    
   20.1661396       0.00000000    
   20.1828060       0.00000000    
   20.1994724       0.00000000    
   20.2161388       0.00000000    
   20.2328053       0.00000000    
   20.2494717       0.00000000    
   20.2661381       0.00000000    
   20.2828045       0.00000000    
   20.2994709       0.00000000    
   20.3161373       0.00000000    
   20.3328037       0.00000000    
   20.3494701       0.00000000    
   20.3661366       0.00000000    
   20.3828030       0.00000000    
   20.3994694       0.00000000    
   20.4161358       0.00000000    
   20.4328022       0.00000000    
   20.4494686       0.00000000    
   20.4661350       0.00000000    
   20.4828014       0.00000000    
   20.4994678       0.00000000    
   20.5161343       0.00000000    
   20.5328007       0.00000000    
   20.5494671       0.00000000    
   20.5661335       0.00000000    
   20.5827999       0.00000000    
   20.5994663       0.00000000    
   20.6161327       0.00000000    
   20.6327991       0.00000000    
   20.6494656       0.00000000    
   20.6661320       0.00000000    
   20.6827984       0.00000000    
   20.6994648       0.00000000    
   20.7161312       0.00000000    
   20.7327976       0.00000000    
   20.7494640       0.00000000    
   20.7661304       0.00000000    
   20.7827969       0.00000000    
   20.7994633       0.00000000    
   20.8161297       0.00000000    
   20.8327961       0.00000000    
   20.8494625       0.00000000    
   20.8661289       0.00000000    
   20.8827953       0.00000000    
   20.8994617       0.00000000    
   20.9161282       0.00000000    
   20.9327946       0.00000000    
   20.9494610       0.00000000    
   20.9661274       0.00000000    
   20.9827938       0.00000000    
   20.9994602       0.00000000    
   21.0161266       0.00000000    
   21.0327930       0.00000000    
   21.0494595       0.00000000    
   21.0661259       0.00000000    
   21.0827923       0.00000000    
   21.0994587       0.00000000    
   21.1161251       0.00000000    
   21.1327915       0.00000000    
   21.1494579       0.00000000    
   21.1661243       0.00000000    
   21.1827908       0.00000000    
   21.1994572       0.00000000    
   21.2161236       0.00000000    
   21.2327900       0.00000000    
   21.2494564       0.00000000    
   21.2661228       0.00000000    
   21.2827892       0.00000000    
   21.2994556       0.00000000    
   21.3161221       0.00000000    
   21.3327885       0.00000000    
   21.3494549       0.00000000    
   21.3661213       0.00000000    
   21.3827877       0.00000000    
   21.3994541       0.00000000    
   21.4161205       0.00000000    
   21.4327869       0.00000000    
   21.4494534       0.00000000    
   21.4661198       0.00000000    
   21.4827862       0.00000000    
   21.4994526       0.00000000    
   21.5161190       0.00000000    
   21.5327854       0.00000000    
   21.5494518       0.00000000    
   21.5661182       0.00000000    
   21.5827847       0.00000000    
   21.5994511       0.00000000    
   21.6161175       0.00000000    
   21.6327839       0.00000000    
   21.6494503       0.00000000    
   21.6661167       0.00000000    
   21.6827831       0.00000000    
   21.6994495       0.00000000    
   21.7161160       0.00000000    
   21.7327824       0.00000000    
   21.7494488       0.00000000    
   21.7661152       0.00000000    
   21.7827816       0.00000000    
   21.7994480       0.00000000    
   21.8161144       0.00000000    
   21.8327808       0.00000000    
   21.8494473       0.00000000    
   21.8661137       0.00000000    
   21.8827801       0.00000000    
   21.8994465       0.00000000    
   21.9161129       0.00000000    
   21.9327793       0.00000000    
   21.9494457       0.00000000    
   21.9661121       0.00000000    
   21.9827785       0.00000000    
   21.9994450       0.00000000    
   22.0161114       0.00000000    
   22.0327778       0.00000000    
   22.0494442       0.00000000    
   22.0661106       0.00000000    
   22.0827770       0.00000000    
   22.0994434       0.00000000    
   22.1161098       0.00000000    
   22.1327763       0.00000000    
   22.1494427       0.00000000    
   22.1661091       0.00000000    
   22.1827755       0.00000000    
   22.1994419       0.00000000    
   22.2161083       0.00000000    
   22.2327747       0.00000000    
   22.2494411       0.00000000    
   22.2661076       0.00000000    
   22.2827740       0.00000000    
   22.2994404       0.00000000    
   22.3161068       0.00000000    
   22.3327732       0.00000000    
   22.3494396       0.00000000    
   22.3661060       0.00000000    
   22.3827724       0.00000000    
   22.3994389       0.00000000    
   22.4161053       0.00000000    
   22.4327717       0.00000000    
   22.4494381       0.00000000    
   22.4661045       0.00000000    
   22.4827709       0.00000000    
   22.4994373       0.00000000    
   22.5161037       0.00000000    
   22.5327702       0.00000000    
   22.5494366       0.00000000    
   22.5661030       0.00000000    
   22.5827694       0.00000000    
   22.5994358       0.00000000    
   22.6161022       0.00000000    
   22.6327686       0.00000000    
   22.6494350       0.00000000    
   22.6661015       0.00000000    
   22.6827679       0.00000000    
   22.6994343       0.00000000    
   22.7161007       0.00000000    
   22.7327671       0.00000000    
   22.7494335       0.00000000    
   22.7660999       0.00000000    
   22.7827663       0.00000000    
   22.7994328       0.00000000    
   22.8160992       0.00000000    
   22.8327656       0.00000000    
   22.8494320       0.00000000    
   22.8660984       0.00000000    
   22.8827648       0.00000000    
   22.8994312       0.00000000    
   22.9160976       0.00000000    
   22.9327641       0.00000000    
   22.9494305       0.00000000    
   22.9660969       0.00000000    
   22.9827633       0.00000000    
   22.9994297       0.00000000    
   23.0160961       0.00000000    
   23.0327625       0.00000000    
   23.0494289       0.00000000    
   23.0660954       0.00000000    
   23.0827618       0.00000000    
   23.0994282       0.00000000    
   23.1160946       0.00000000    
   23.1327610       0.00000000    
   23.1494274       0.00000000    
   23.1660938       0.00000000    
   23.1827602       0.00000000    
   23.1994267       0.00000000    
   23.2160931       0.00000000    
   23.2327595       0.00000000    
   23.2494259       0.00000000    
   23.2660923       0.00000000    
   23.2827587       0.00000000    
   23.2994251       0.00000000    
   23.3160915       0.00000000    
   23.3327579       0.00000000    
   23.3494244       0.00000000    
   23.3660908       0.00000000    
   23.3827572       0.00000000    
   23.3994236       0.00000000    
   23.4160900       0.00000000    
   23.4327564       0.00000000    
   23.4494228       0.00000000    
   23.4660892       0.00000000    
   23.4827557       0.00000000    
   23.4994221       0.00000000    
   23.5160885       0.00000000    
   23.5327549       0.00000000    
   23.5494213       0.00000000    
   23.5660877       0.00000000    
   23.5827541       0.00000000    
   23.5994205       0.00000000    
   23.6160870       0.00000000    
   23.6327534       0.00000000    
   23.6494198       0.00000000    
   23.6660862       0.00000000    
   23.6827526       0.00000000    
   23.6994190       0.00000000    
   23.7160854       0.00000000    
   23.7327518       0.00000000    
   23.7494183       0.00000000    
   23.7660847       0.00000000    
   23.7827511       0.00000000    
   23.7994175       0.00000000    
   23.8160839       0.00000000    
   23.8327503       0.00000000    
   23.8494167       0.00000000    
   23.8660831       0.00000000    
   23.8827496       0.00000000    
   23.8994160       0.00000000    
   23.9160824       0.00000000    
   23.9327488       0.00000000    
   23.9494152       0.00000000    
   23.9660816       0.00000000    
   23.9827480       0.00000000    
