   0.00000000       0.00000000    
   1.66660007E-02   0.00000000    
   3.33320014E-02   0.00000000    
   4.99980003E-02   0.00000000    
   6.66640028E-02   0.00000000    
   8.33300054E-02   0.00000000    
   9.99960080E-02   0.00000000    
  0.116662011       0.00000000    
  0.133328006       0.00000000    
  0.149994001       0.00000000    
  0.166659996       0.00000000    
  0.183325991       0.00000000    
  0.199991986       0.00000000    
  0.216657981       0.00000000    
  0.233323976       0.00000000    
  0.249989972       0.00000000    
  0.266655982       0.00000000    
  0.283321977       0.00000000    
  0.299987972       0.00000000    
  0.316653967       0.00000000    
  0.333319962       0.00000000    
  0.349985957       0.00000000    
  0.366651952       0.00000000    
  0.383317947       0.00000000    
  0.399983943       0.00000000    
  0.416649938       0.00000000    
  0.433315933       0.00000000    
  0.449981928       0.00000000    
  0.466647923       0.00000000    
  0.483313918       0.00000000    
  0.499979913       0.00000000    
  0.516645908       0.00000000    
  0.533311903       0.00000000    
  0.549977899       0.00000000    
  0.566643894       0.00000000    
  0.583309889       0.00000000    
  0.599975884       0.00000000    
  0.616641879       0.00000000    
  0.633307874       0.00000000    
  0.649973869       0.00000000    
  0.666639864       0.00000000    
  0.683305860       0.00000000    
  0.699971855       0.00000000    
  0.716637850       0.00000000    
  0.733303845       0.00000000    
  0.749969840       0.00000000    
  0.766635835       0.00000000    
  0.783301830       0.00000000    
  0.799967825       0.00000000    
  0.816633821       0.00000000    
  0.833299816       0.00000000    
  0.849965811       0.00000000    
  0.866631806       0.00000000    
  0.883297801       0.00000000    
  0.899963796       0.00000000    
  0.916629791       0.00000000    
  0.933295786       0.00000000    
  0.949961782       0.00000000    
  0.966627777       0.00000000    
  0.983293772       0.00000000    
  0.999959767       0.00000000    
   1.01662576       0.00000000    
   1.03329182       0.00000000    
   1.04995787       0.00000000    
   1.06662393       0.00000000    
   1.08328998       0.00000000    
   1.09995604       0.00000000    
   1.11662209       0.00000000    
   1.13328815       0.00000000    
   1.14995420       0.00000000    
   1.16662025       0.00000000    
   1.18328631       0.00000000    
   1.19995236       0.00000000    
   1.21661842       0.00000000    
   1.23328447       0.00000000    
   1.24995053       0.00000000    
   1.26661658       0.00000000    
   1.28328264       0.00000000    
   1.29994869       0.00000000    
   1.31661475       0.00000000    
   1.33328080       0.00000000    
   1.34994686       0.00000000    
   1.36661291       0.00000000    
   1.38327897       0.00000000    
   1.39994502       0.00000000    
   1.41661108       0.00000000    
   1.43327713       0.00000000    
   1.44994318       0.00000000    
   1.46660924       0.00000000    
   1.48327529       0.00000000    
   1.49994135       0.00000000    
   1.51660740       0.00000000    
   1.53327346       0.00000000    
   1.54993951       0.00000000    
   1.56660557       0.00000000    
   1.58327162       0.00000000    
   1.59993768       0.00000000    
   1.61660373       0.00000000    
   1.63326979       0.00000000    
   1.64993584       0.00000000    
   1.66660190       0.00000000    
   1.68326795       0.00000000    
   1.69993401       0.00000000    
   1.71660006       0.00000000    
   1.73326612       0.00000000    
   1.74993217       0.00000000    
   1.76659822       0.00000000    
   1.78326428       0.00000000    
   1.79993033       0.00000000    
   1.81659639       0.00000000    
   1.83326244       0.00000000    
   1.84992850       0.00000000    
   1.86659455       0.00000000    
   1.88326061       0.00000000    
   1.89992666       0.00000000    
   1.91659272       0.00000000    
   1.93325877       0.00000000    
   1.94992483       0.00000000    
   1.96659088       0.00000000    
   1.98325694       0.00000000    
   1.99992299       0.00000000    
   2.01658893       0.00000000    
   2.03325486       0.00000000    
   2.04992080       0.00000000    
   2.06658673       0.00000000    
   2.08325267       0.00000000    
   2.09991860       0.00000000    
   2.11658454       0.00000000    
   2.13325047       0.00000000    
   2.14991641       0.00000000    
   2.16658235       0.00000000    
   2.18324828       0.00000000    
   2.19991422       0.00000000    
   2.21658015       0.00000000    
   2.23324609       0.00000000    
   2.24991202       0.00000000    
   2.26657796       0.00000000    
   2.28324389       0.00000000    
   2.29990983       0.00000000    
   2.31657577       0.00000000    
   2.33324170       0.00000000    
   2.34990764       0.00000000    
   2.36657357       0.00000000    
   2.38323951       0.00000000    
   2.39990544       0.00000000    
   2.41657138       0.00000000    
   2.43323731       0.00000000    
   2.44990325       0.00000000    
   2.46656919       0.00000000    
   2.48323512       0.00000000    
   2.49990106       0.00000000    
   2.51656699       0.00000000    
   2.53323293       0.00000000    
   2.54989886       0.00000000    
   2.56656480       0.00000000    
   2.58323073       0.00000000    
   2.59989667       0.00000000    
   2.61656260       0.00000000    
   2.63322854       0.00000000    
   2.64989448       0.00000000    
   2.66656041       0.00000000    
   2.68322635       0.00000000    
   2.69989228       0.00000000    
   2.71655822       0.00000000    
   2.73322415       0.00000000    
   2.74989009       0.00000000    
   2.76655602       0.00000000    
   2.78322196       0.00000000    
   2.79988790       0.00000000    
   2.81655383       0.00000000    
   2.83321977       0.00000000    
   2.84988570       0.00000000    
   2.86655164       0.00000000    
   2.88321757       0.00000000    
   2.89988351       0.00000000    
   2.91654944       0.00000000    
   2.93321538       0.00000000    
   2.94988132       0.00000000    
   2.96654725       0.00000000    
   2.98321319       0.00000000    
   2.99987912       0.00000000    
   3.01654506       0.00000000    
   3.03321099       0.00000000    
   3.04987693       0.00000000    
   3.06654286       0.00000000    
   3.08320880       0.00000000    
   3.09987473       0.00000000    
   3.11654067       0.00000000    
   3.13320661       0.00000000    
   3.14987254       0.00000000    
   3.16653848       0.00000000    
   3.18320441       0.00000000    
   3.19987035       0.00000000    
   3.21653628       0.00000000    
   3.23320222       0.00000000    
   3.24986815       0.00000000    
   3.26653409       0.00000000    
   3.28320003       0.00000000    
   3.29986596       0.00000000    
   3.31653190       0.00000000    
   3.33319783       0.00000000    
   3.34986377       0.00000000    
   3.36652970       0.00000000    
   3.38319564       0.00000000    
   3.39986157       0.00000000    
   3.41652751       0.00000000    
   3.43319345       0.00000000    
   3.44985938       0.00000000    
   3.46652532       0.00000000    
   3.48319125       0.00000000    
   3.49985719       0.00000000    
   3.51652312       0.00000000    
   3.53318906       0.00000000    
   3.54985499       0.00000000    
   3.56652093       0.00000000    
   3.58318686       0.00000000    
   3.59985280       0.00000000    
   3.61651874       0.00000000    
   3.63318467       0.00000000    
   3.64985061       0.00000000    
   3.66651654       0.00000000    
   3.68318248       0.00000000    
   3.69984841       0.00000000    
   3.71651435       0.00000000    
   3.73318028       0.00000000    
   3.74984622       0.00000000    
   3.76651216       0.00000000    
   3.78317809       0.00000000    
   3.79984403       0.00000000    
   3.81650996       0.00000000    
   3.83317590       0.00000000    
   3.84984183       0.00000000    
   3.86650777       0.00000000    
   3.88317370       0.00000000    
   3.89983964       0.00000000    
   3.91650558       0.00000000    
   3.93317151       0.00000000    
   3.94983745       0.00000000    
   3.96650338       0.00000000    
   3.98316932       0.00000000    
   3.99983525       0.00000000    
   4.01650143       0.00000000    
   4.03316736       0.00000000    
   4.04983330       0.00000000    
   4.06649923       0.00000000    
   4.08316517       0.00000000    
   4.09983110       0.00000000    
   4.11649704       0.00000000    
   4.13316298       0.00000000    
   4.14982891       0.00000000    
   4.16649485       0.00000000    
   4.18316078       0.00000000    
   4.19982672       0.00000000    
   4.21649265       0.00000000    
   4.23315859       0.00000000    
   4.24982452       0.00000000    
   4.26649046       0.00000000    
   4.28315639       0.00000000    
   4.29982233       0.00000000    
   4.31648827       0.00000000    
   4.33315420       0.00000000    
   4.34982014       0.00000000    
   4.36648607       0.00000000    
   4.38315201       0.00000000    
   4.39981794       0.00000000    
   4.41648388       0.00000000    
   4.43314981       0.00000000    
   4.44981575       0.00000000    
   4.46648169       0.00000000    
   4.48314762       0.00000000    
   4.49981356       0.00000000    
   4.51647949       0.00000000    
   4.53314543       0.00000000    
   4.54981136       0.00000000    
   4.56647730       0.00000000    
   4.58314323       0.00000000    
   4.59980917       0.00000000    
   4.61647511       0.00000000    
   4.63314104       0.00000000    
   4.64980698       0.00000000    
   4.66647291       0.00000000    
   4.68313885       0.00000000    
   4.69980478       0.00000000    
   4.71647072       0.00000000    
   4.73313665       0.00000000    
   4.74980259       0.00000000    
   4.76646852       0.00000000    
   4.78313446       0.00000000    
   4.79980040       0.00000000    
   4.81646633       0.00000000    
   4.83313227       0.00000000    
   4.84979820       0.00000000    
   4.86646414       0.00000000    
   4.88313007       0.00000000    
   4.89979601       0.00000000    
   4.91646194       0.00000000    
   4.93312788       0.00000000    
   4.94979382       0.00000000    
   4.96645975       0.00000000    
   4.98312569       0.00000000    
   4.99979162       0.00000000    
   5.01645756       0.00000000    
   5.03312349       0.00000000    
   5.04978943       0.00000000    
   5.06645536       0.00000000    
   5.08312130       0.00000000    
   5.09978724       0.00000000    
   5.11645317       0.00000000    
   5.13311911       0.00000000    
   5.14978504       0.00000000    
   5.16645098       0.00000000    
   5.18311691       0.00000000    
   5.19978285       0.00000000    
   5.21644878       0.00000000    
   5.23311472       0.00000000    
   5.24978065       0.00000000    
   5.26644659       0.00000000    
   5.28311253       0.00000000    
   5.29977846       0.00000000    
   5.31644440       0.00000000    
   5.33311033       0.00000000    
   5.34977627       0.00000000    
   5.36644220       0.00000000    
   5.38310814       0.00000000    
   5.39977407       0.00000000    
   5.41644001       0.00000000    
   5.43310595       0.00000000    
   5.44977188       0.00000000    
   5.46643782       0.00000000    
   5.48310375       0.00000000    
   5.49976969       0.00000000    
   5.51643562       0.00000000    
   5.53310156       0.00000000    
   5.54976749       0.00000000    
   5.56643343       0.00000000    
   5.58309937       0.00000000    
   5.59976530       0.00000000    
   5.61643124       0.00000000    
   5.63309717       0.00000000    
   5.64976311       0.00000000    
   5.66642904       0.00000000    
   5.68309498       0.00000000    
   5.69976091       0.00000000    
   5.71642685       0.00000000    
   5.73309278       0.00000000    
   5.74975872       0.00000000    
   5.76642466       0.00000000    
   5.78309059       0.00000000    
   5.79975653       0.00000000    
   5.81642246       0.00000000    
   5.83308840       0.00000000    
   5.84975433       0.00000000    
   5.86642027       0.00000000    
   5.88308620       0.00000000    
   5.89975214       0.00000000    
   5.91641808       0.00000000    
   5.93308401       0.00000000    
   5.94974995       0.00000000    
   5.96641588       0.00000000    
   5.98308182       0.00000000    
   5.99974775       0.00000000    
   6.01641369       0.00000000    
   6.03307962       0.00000000    
   6.04974556       0.00000000    
   6.06641150       0.00000000    
   6.08307743       0.00000000    
   6.09974337       0.00000000    
   6.11640930       0.00000000    
   6.13307524       0.00000000    
   6.14974117       0.00000000    
   6.16640711       0.00000000    
   6.18307304       0.00000000    
   6.19973898       0.00000000    
   6.21640491       0.00000000    
   6.23307085       0.00000000    
   6.24973679       0.00000000    
   6.26640272       0.00000000    
   6.28306866       0.00000000    
   6.29973459       0.00000000    
   6.31640053       0.00000000    
   6.33306646       0.00000000    
   6.34973240       0.00000000    
   6.36639833       0.00000000    
   6.38306427       0.00000000    
   6.39973021       0.00000000    
   6.41639614       0.00000000    
   6.43306208       0.00000000    
   6.44972801       0.00000000    
   6.46639395       0.00000000    
   6.48305988       0.00000000    
   6.49972582       0.00000000    
   6.51639175       0.00000000    
   6.53305769       0.00000000    
   6.54972363       0.00000000    
   6.56638956       0.00000000    
   6.58305550       0.00000000    
   6.59972143       1.74300004E-18
   6.61638737       5.16100012E-15
   6.63305330       1.22699995E-12
   6.64971924       6.46799975E-11
   6.66638517       1.29199995E-09
   6.68305111       1.09400000E-08
   6.69971704       4.00799998E-08
   6.71638298       9.60700035E-08
   6.73304892       1.92000002E-07
   6.74971485       3.49200008E-07
   6.76638079       6.09100027E-07
   6.78304672       1.03900004E-06
   6.79971266       1.72000000E-06
   6.81637859       2.65099993E-06
   6.83304453       3.98900011E-06
   6.84971046       5.66900007E-06
   6.86637640       7.94300013E-06
   6.88304234       1.06600000E-05
   6.89970827       1.41099999E-05
   6.91637421       1.84500004E-05
   6.93304014       2.38400007E-05
   6.94970608       3.04500008E-05
   6.96637201       3.86200009E-05
   6.98303795       4.83500007E-05
   6.99970388       5.91700009E-05
   7.01636982       7.35599970E-05
   7.03303576       8.80700027E-05
   7.04970169       1.05599996E-04
   7.06636763       1.26700004E-04
   7.08303356       1.51800006E-04
   7.09969950       1.78300004E-04
   7.11636543       2.06400000E-04
   7.13303137       2.36399996E-04
   7.14969730       2.72400008E-04
   7.16636324       3.15799989E-04
   7.18302917       3.52500007E-04
   7.19969511       4.05900006E-04
   7.21636105       4.48300008E-04
   7.23302698       4.98500012E-04
   7.24969292       5.58000000E-04
   7.26635885       6.28100010E-04
   7.28302479       6.95199997E-04
   7.29969072       7.61599978E-04
   7.31635666       8.32399994E-04
   7.33302259       9.07099980E-04
   7.34968853       9.85600054E-04
   7.36635447       1.06799998E-03
   7.38302040       1.15400006E-03
   7.39968634       1.24300004E-03
   7.41635227       1.33700005E-03
   7.43301821       1.43399998E-03
   7.44968414       1.53400004E-03
   7.46635008       1.63800002E-03
   7.48301601       1.74600002E-03
   7.49968195       1.85799995E-03
   7.51634789       1.97299989E-03
   7.53301382       2.09200010E-03
   7.54967976       2.21500010E-03
   7.56634569       2.34199991E-03
   7.58301163       2.47299997E-03
   7.59967756       2.60800007E-03
   7.61634350       2.74699996E-03
   7.63300943       2.88999989E-03
   7.64967537       3.03700007E-03
   7.66634130       3.18900007E-03
   7.68300724       3.34500009E-03
   7.69967318       3.50499991E-03
   7.71633911       3.67000001E-03
   7.73300505       3.83899990E-03
   7.74967098       4.01300006E-03
   7.76633692       4.19100001E-03
   7.78300285       4.37399978E-03
   7.79966879       4.56199981E-03
   7.81633472       4.75500012E-03
   7.83300066       4.95300023E-03
   7.84966660       5.15499990E-03
   7.86633253       5.36300009E-03
   7.88299847       5.57600008E-03
   7.89966440       5.79500012E-03
   7.91633034       6.01800019E-03
   7.93299627       6.24699984E-03
   7.94966221       6.48100022E-03
   7.96632814       6.72100019E-03
   7.98299408       6.96700020E-03
   7.99966002       7.21800001E-03
   8.01632595       7.47499987E-03
   8.03299236       7.73700001E-03
   8.04965878       8.00599996E-03
   8.06632519       8.27999972E-03
   8.08299160       8.56100023E-03
   8.09965801       8.84700008E-03
   8.11632442       9.13999975E-03
   8.13299084       9.43799969E-03
   8.14965725       9.74300038E-03
   8.16632366       1.00499997E-02
   8.18299007       1.03700003E-02
   8.19965649       1.07000005E-02
   8.21632290       1.10299997E-02
   8.23298931       1.13599999E-02
   8.24965572       1.17100002E-02
   8.26632214       1.20599996E-02
   8.28298855       1.24100000E-02
   8.29965496       1.27800005E-02
   8.31632137       1.31500000E-02
   8.33298779       1.35199996E-02
   8.34965420       1.39100002E-02
   8.36632061       1.42999999E-02
   8.38298702       1.47000002E-02
   8.39965343       1.51000004E-02
   8.41631985       1.55100003E-02
   8.43298626       1.59300007E-02
   8.44965267       1.63599998E-02
   8.46631908       1.67900007E-02
   8.48298550       1.72300003E-02
   8.49965191       1.76800005E-02
   8.51631832       1.81300007E-02
   8.53298473       1.85899995E-02
   8.54965115       1.90600008E-02
   8.56631756       1.95400007E-02
   8.58298397       2.00200006E-02
   8.59965038       2.05099992E-02
   8.61631680       2.10100003E-02
   8.63298321       2.15099994E-02
   8.64964962       2.20199991E-02
   8.66631603       2.25399993E-02
   8.68298244       2.30700001E-02
   8.69964886       2.36000009E-02
   8.71631527       2.41500009E-02
   8.73298168       2.46900003E-02
   8.74964809       2.52500009E-02
   8.76631451       2.58099996E-02
   8.78298092       2.63800006E-02
   8.79964733       2.69600004E-02
   8.81631374       2.75500007E-02
   8.83298016       2.81399991E-02
   8.84964657       2.87400000E-02
   8.86631298       2.93499995E-02
   8.88297939       2.99600009E-02
   8.89964581       3.05899996E-02
   8.91631222       3.12099997E-02
   8.93297863       3.18499990E-02
   8.94964504       3.24900001E-02
   8.96631145       3.31499986E-02
   8.98297787       3.37999985E-02
   8.99964428       3.44699994E-02
   9.01631069       3.51400003E-02
   9.03297710       3.58199999E-02
   9.04964352       3.65099981E-02
   9.06630993       3.72000001E-02
   9.08297634       3.79000008E-02
   9.09964275       3.86100002E-02
   9.11630917       3.93199995E-02
   9.13297558       4.00400013E-02
   9.14964199       4.07700017E-02
   9.16630840       4.14999984E-02
   9.18297482       4.22400013E-02
   9.19964123       4.29899991E-02
   9.21630764       4.37499993E-02
   9.23297405       4.45099995E-02
   9.24964046       4.52699997E-02
   9.26630688       4.60500009E-02
   9.28297329       4.68299985E-02
   9.29963970       4.76099998E-02
   9.31630611       4.84099984E-02
   9.33297253       4.92100008E-02
   9.34963894       5.00099994E-02
   9.36630535       5.08200005E-02
   9.38297176       5.16400002E-02
   9.39963818       5.24599999E-02
   9.41630459       5.32899983E-02
   9.43297100       5.41299991E-02
   9.44963741       5.49699999E-02
   9.46630383       5.58100007E-02
   9.48297024       5.66699989E-02
   9.49963665       5.75199984E-02
   9.51630306       5.83800003E-02
   9.53296947       5.92500009E-02
   9.54963589       6.01300001E-02
   9.56630230       6.10000007E-02
   9.58296871       6.18899986E-02
   9.59963512       6.27800003E-02
   9.61630154       6.36700019E-02
   9.63296795       6.45700023E-02
   9.64963436       6.54700026E-02
   9.66630077       6.63800016E-02
   9.68296719       6.72900006E-02
   9.69963360       6.82099983E-02
   9.71630001       6.91300035E-02
   9.73296642       7.00599998E-02
   9.74963284       7.09900036E-02
   9.76629925       7.19200000E-02
   9.78296566       7.28600025E-02
   9.79963207       7.37999976E-02
   9.81629848       7.47499987E-02
   9.83296490       7.56999999E-02
   9.84963131       7.66500011E-02
   9.86629772       7.76000023E-02
   9.88296413       7.85600021E-02
   9.89963055       7.95300007E-02
   9.91629696       8.04900005E-02
   9.93296337       8.14599991E-02
   9.94962978       8.24399963E-02
   9.96629620       8.34100023E-02
   9.98296261       8.43899995E-02
   9.99962902       8.53699967E-02
   10.0162954       8.63500014E-02
   10.0329618       8.73399973E-02
   10.0496283       8.83300006E-02
   10.0662947       8.93199965E-02
   10.0829611       9.03099999E-02
   10.0996275       9.13100019E-02
   10.1162939       9.22999978E-02
   10.1329603       9.32999998E-02
   10.1496267       9.43000019E-02
   10.1662931       9.52999964E-02
   10.1829596       9.62999985E-02
   10.1996260       9.73099992E-02
   10.2162924       9.83100012E-02
   10.2329588       9.93200019E-02
   10.2496252      0.100299999    
   10.2662916      0.101300001    
   10.2829580      0.102300003    
   10.2996244      0.103399999    
   10.3162909      0.104400001    
   10.3329573      0.105400003    
   10.3496237      0.106399998    
   10.3662901      0.107400000    
   10.3829565      0.108400002    
   10.3996229      0.109399997    
   10.4162893      0.110399999    
   10.4329557      0.111400001    
   10.4496222      0.112400003    
   10.4662886      0.113399997    
   10.4829550      0.114500001    
   10.4996214      0.115500003    
   10.5162878      0.116499998    
   10.5329542      0.117500000    
   10.5496206      0.118500002    
   10.5662870      0.119499996    
   10.5829535      0.120499998    
   10.5996199      0.121500000    
   10.6162863      0.122500002    
   10.6329527      0.123499997    
   10.6496191      0.124499999    
   10.6662855      0.125499994    
   10.6829519      0.126499996    
   10.6996183      0.127399996    
   10.7162848      0.128399998    
   10.7329512      0.129400000    
   10.7496176      0.130400002    
   10.7662840      0.131300002    
   10.7829504      0.132300004    
   10.7996168      0.133300006    
   10.8162832      0.134299994    
   10.8329496      0.135199994    
   10.8496161      0.136199996    
   10.8662825      0.137199998    
   10.8829489      0.138099998    
   10.8996153      0.138999999    
   10.9162817      0.140000001    
   10.9329481      0.140900001    
   10.9496145      0.141900003    
   10.9662809      0.142800003    
   10.9829473      0.143700004    
   10.9996138      0.144700006    
   11.0162802      0.145600006    
   11.0329466      0.146500006    
   11.0496130      0.147400007    
   11.0662794      0.148300007    
   11.0829458      0.149200007    
   11.0996122      0.150099993    
   11.1162786      0.150999993    
   11.1329451      0.151899993    
   11.1496115      0.152799994    
   11.1662779      0.153600007    
   11.1829443      0.154499993    
   11.1996107      0.155399993    
   11.2162771      0.156200007    
   11.2329435      0.157100007    
   11.2496099      0.157900006    
   11.2662764      0.158800006    
   11.2829428      0.159600005    
   11.2996092      0.160400003    
   11.3162756      0.161200002    
   11.3329420      0.162000000    
   11.3496084      0.162799999    
   11.3662748      0.163599998    
   11.3829412      0.164399996    
   11.3996077      0.165199995    
   11.4162741      0.165999994    
   11.4329405      0.166800007    
   11.4496069      0.167500004    
   11.4662733      0.168300003    
   11.4829397      0.169000000    
   11.4996061      0.169799998    
   11.5162725      0.170499995    
   11.5329390      0.171200007    
   11.5496054      0.171900004    
   11.5662718      0.172600001    
   11.5829382      0.173299998    
   11.5996046      0.173999995    
   11.6162710      0.174700007    
   11.6329374      0.175300002    
   11.6496038      0.175999999    
   11.6662703      0.176699996    
   11.6829367      0.177300006    
   11.6996031      0.178000003    
   11.7162695      0.178599998    
   11.7329359      0.179199994    
   11.7496023      0.179800004    
   11.7662687      0.180399999    
   11.7829351      0.180999994    
   11.7996016      0.181600004    
   11.8162680      0.182200000    
   11.8329344      0.182699993    
   11.8496008      0.183300003    
   11.8662672      0.183799997    
   11.8829336      0.184400007    
   11.8996000      0.184900001    
   11.9162664      0.185399994    
   11.9329329      0.185900003    
   11.9495993      0.186399996    
   11.9662657      0.186900005    
   11.9829321      0.187399998    
   11.9995985      0.187800005    
   12.0162649      0.188299999    
   12.0329313      0.188800007    
   12.0495977      0.189199999    
   12.0662642      0.189600006    
   12.0829306      0.189999998    
   12.0995970      0.190400004    
   12.1162634      0.190799996    
   12.1329298      0.191200003    
   12.1495962      0.191599995    
   12.1662626      0.192000002    
   12.1829290      0.192300007    
   12.1995955      0.192699999    
   12.2162619      0.193000004    
   12.2329283      0.193299994    
   12.2495947      0.193599999    
   12.2662611      0.193900004    
   12.2829275      0.194199994    
   12.2995939      0.194499999    
   12.3162603      0.194700003    
   12.3329268      0.194900006    
   12.3495932      0.195199996    
   12.3662596      0.195500001    
   12.3829260      0.195700005    
   12.3995924      0.195899993    
   12.4162588      0.196099997    
   12.4329252      0.196300000    
   12.4495916      0.196500003    
   12.4662580      0.196600005    
   12.4829245      0.196799994    
   12.4995909      0.196899995    
   12.5162573      0.197099999    
   12.5329237      0.197200000    
   12.5495901      0.197300002    
   12.5662565      0.197400004    
   12.5829229      0.197500005    
   12.5995893      0.197500005    
   12.6162558      0.197600007    
   12.6329222      0.197699994    
   12.6495886      0.197699994    
   12.6662550      0.197699994    
   12.6829214      0.197699994    
   12.6995878      0.197799996    
   12.7162542      0.197799996    
   12.7329206      0.197699994    
   12.7495871      0.197699994    
   12.7662535      0.197699994    
   12.7829199      0.197600007    
   12.7995863      0.197600007    
   12.8162527      0.197500005    
   12.8329191      0.197400004    
   12.8495855      0.197300002    
   12.8662519      0.197200000    
   12.8829184      0.197099999    
   12.8995848      0.196899995    
   12.9162512      0.196799994    
   12.9329176      0.196600005    
   12.9495840      0.196500003    
   12.9662504      0.196300000    
   12.9829168      0.196099997    
   12.9995832      0.195899993    
   13.0162497      0.195700005    
   13.0329161      0.195500001    
   13.0495825      0.195299998    
   13.0662489      0.194900006    
   13.0829153      0.194800004    
   13.0995817      0.194499999    
   13.1162481      0.194199994    
   13.1329145      0.193900004    
   13.1495810      0.193599999    
   13.1662474      0.193299994    
   13.1829138      0.193000004    
   13.1995802      0.192699999    
   13.2162466      0.192300007    
   13.2329130      0.192000002    
   13.2495794      0.191599995    
   13.2662458      0.191200003    
   13.2829123      0.190899998    
   13.2995787      0.190500006    
   13.3162451      0.190099999    
   13.3329115      0.189600006    
   13.3495779      0.189199999    
   13.3662443      0.188800007    
   13.3829107      0.188299999    
   13.3995771      0.187900007    
   13.4162436      0.187399998    
   13.4329100      0.186900005    
   13.4495764      0.186499998    
   13.4662428      0.186000004    
   13.4829092      0.185499996    
   13.4995756      0.184900001    
   13.5162420      0.184400007    
   13.5329084      0.183899999    
   13.5495749      0.183300003    
   13.5662413      0.182699993    
   13.5829077      0.182200000    
   13.5995741      0.181600004    
   13.6162405      0.180999994    
   13.6329069      0.180500001    
   13.6495733      0.179900005    
   13.6662397      0.179199994    
   13.6829062      0.178599998    
   13.6995726      0.178000003    
   13.7162390      0.177399993    
   13.7329054      0.176699996    
   13.7495718      0.176100001    
   13.7662382      0.175400004    
   13.7829046      0.174700007    
   13.7995710      0.173999995    
   13.8162374      0.173400000    
   13.8329039      0.172700003    
   13.8495703      0.172000006    
   13.8662367      0.171200007    
   13.8829031      0.170499995    
   13.8995695      0.169799998    
   13.9162359      0.169000000    
   13.9329023      0.168300003    
   13.9495687      0.167600006    
   13.9662352      0.166800007    
   13.9829016      0.165999994    
   13.9995680      0.165199995    
   14.0162344      0.164499998    
   14.0329008      0.163699999    
   14.0495672      0.162900001    
   14.0662336      0.162100002    
   14.0829000      0.161300004    
   14.0995665      0.160400003    
   14.1162329      0.159600005    
   14.1328993      0.158800006    
   14.1495657      0.158000007    
   14.1662321      0.157100007    
   14.1828985      0.156299993    
   14.1995649      0.155399993    
   14.2162313      0.154499993    
   14.2328978      0.153699994    
   14.2495642      0.152799994    
   14.2662306      0.151899993    
   14.2828970      0.150999993    
   14.2995634      0.150199994    
   14.3162298      0.149200007    
   14.3328962      0.148399994    
   14.3495626      0.147400007    
   14.3662291      0.146599993    
   14.3828955      0.145600006    
   14.3995619      0.144700006    
   14.4162283      0.143800005    
   14.4328947      0.142900005    
   14.4495611      0.141900003    
   14.4662275      0.141000003    
   14.4828939      0.140000001    
   14.4995604      0.138999999    
   14.5162268      0.138099998    
   14.5328932      0.137199998    
   14.5495596      0.136199996    
   14.5662260      0.135299996    
   14.5828924      0.134299994    
   14.5995588      0.133399993    
   14.6162252      0.132400006    
   14.6328917      0.131400004    
   14.6495581      0.130400002    
   14.6662245      0.129500002    
   14.6828909      0.128500000    
   14.6995573      0.127499998    
   14.7162237      0.126499996    
   14.7328901      0.125499994    
   14.7495565      0.124499999    
   14.7662230      0.123499997    
   14.7828894      0.122500002    
   14.7995558      0.121500000    
   14.8162222      0.120499998    
   14.8328886      0.119499996    
   14.8495550      0.118500002    
   14.8662214      0.117500000    
   14.8828878      0.116499998    
   14.8995543      0.115500003    
   14.9162207      0.114500001    
   14.9328871      0.113499999    
   14.9495535      0.112499997    
   14.9662199      0.111500002    
   14.9828863      0.110500000    
   14.9995527      0.109499998    
   15.0162191      0.108499996    
   15.0328856      0.107400000    
   15.0495520      0.106399998    
   15.0662184      0.105400003    
   15.0828848      0.104400001    
   15.0995512      0.103399999    
   15.1162176      0.102399997    
   15.1328840      0.101400003    
   15.1495504      0.100400001    
   15.1662169       9.93700027E-02
   15.1828833       9.83600020E-02
   15.1995497       9.73600000E-02
   15.2162161       9.63499993E-02
   15.2328825       9.53499973E-02
   15.2495489       9.43500027E-02
   15.2662153       9.33500007E-02
   15.2828817       9.23499987E-02
   15.2995481       9.13600028E-02
   15.3162146       9.03600007E-02
   15.3328810       8.93699974E-02
   15.3495474       8.83800015E-02
   15.3662138       8.73899981E-02
   15.3828802       8.64000022E-02
   15.3995466       8.54199976E-02
   15.4162130       8.44400004E-02
   15.4328794       8.34600031E-02
   15.4495459       8.24899971E-02
   15.4662123       8.15099999E-02
   15.4828787       8.05400014E-02
   15.4995451       7.95700029E-02
   15.5162115       7.86100030E-02
   15.5328779       7.76500031E-02
   15.5495443       7.67000020E-02
   15.5662107       7.57400021E-02
   15.5828772       7.47900009E-02
   15.5995436       7.38399997E-02
   15.6162100       7.29100034E-02
   15.6328764       7.19700009E-02
   15.6495428       7.10299984E-02
   15.6662092       7.01000020E-02
   15.6828756       6.91699982E-02
   15.6995420       6.82500005E-02
   15.7162085       6.73400015E-02
   15.7328749       6.64199963E-02
   15.7495413       6.55200034E-02
   15.7662077       6.46099970E-02
   15.7828741       6.37099966E-02
   15.7995405       6.28200024E-02
   15.8162069       6.19300008E-02
   15.8328733       6.10500015E-02
   15.8495398       6.01699986E-02
   15.8662062       5.92899993E-02
   15.8828726       5.84300011E-02
   15.8995390       5.75600006E-02
   15.9162054       5.67100011E-02
   15.9328718       5.58499992E-02
   15.9495382       5.50099984E-02
   15.9662046       5.41700013E-02
   15.9828711       5.33300005E-02
   15.9995375       5.24999984E-02
   16.0162029       5.16799986E-02
   16.0328693       5.08599989E-02
   16.0495358       5.00500016E-02
   16.0662022       4.92400005E-02
   16.0828686       4.84500006E-02
   16.0995350       4.76499982E-02
   16.1162014       4.68599983E-02
   16.1328678       4.60800007E-02
   16.1495342       4.53100018E-02
   16.1662006       4.45399992E-02
   16.1828671       4.37799990E-02
   16.1995335       4.30300012E-02
   16.2161999       4.22799997E-02
   16.2328663       4.15400006E-02
   16.2495327       4.08000015E-02
   16.2661991       4.00799997E-02
   16.2828655       3.93499993E-02
   16.2995319       3.86399999E-02
   16.3161983       3.79300006E-02
   16.3328648       3.72299999E-02
   16.3495312       3.65400016E-02
   16.3661976       3.58499996E-02
   16.3828640       3.51700000E-02
   16.3995304       3.44999991E-02
   16.4161968       3.38299982E-02
   16.4328632       3.31699997E-02
   16.4495296       3.25199999E-02
   16.4661961       3.18799987E-02
   16.4828625       3.12399995E-02
   16.4995289       3.06100007E-02
   16.5161953       2.99900007E-02
   16.5328617       2.93799993E-02
   16.5495281       2.87699997E-02
   16.5661945       2.81700008E-02
   16.5828609       2.75699999E-02
   16.5995274       2.69900002E-02
   16.6161938       2.64100004E-02
   16.6328602       2.58399993E-02
   16.6495266       2.52800006E-02
   16.6661930       2.47200001E-02
   16.6828594       2.41700001E-02
   16.6995258       2.36300007E-02
   16.7161922       2.30899993E-02
   16.7328587       2.25600004E-02
   16.7495251       2.20500007E-02
   16.7661915       2.15300005E-02
   16.7828579       2.10299995E-02
   16.7995243       2.05300003E-02
   16.8161907       2.00399999E-02
   16.8328571       1.95599999E-02
   16.8495235       1.90800000E-02
   16.8661900       1.86100006E-02
   16.8828564       1.81499999E-02
   16.8995228       1.76899992E-02
   16.9161892       1.72499996E-02
   16.9328556       1.68099999E-02
   16.9495220       1.63700003E-02
   16.9661884       1.59499999E-02
   16.9828548       1.55300004E-02
   16.9995213       1.51199996E-02
   17.0161877       1.47099998E-02
   17.0328541       1.43200001E-02
   17.0495205       1.39199998E-02
   17.0661869       1.35399997E-02
   17.0828533       1.31599996E-02
   17.0995197       1.27900001E-02
   17.1161861       1.24300001E-02
   17.1328526       1.20700002E-02
   17.1495190       1.17199998E-02
   17.1661854       1.13800000E-02
   17.1828518       1.10400002E-02
   17.1995182       1.07100001E-02
   17.2161846       1.03900004E-02
   17.2328510       1.00699998E-02
   17.2495174       9.75499954E-03
   17.2661839       9.44999978E-03
   17.2828503       9.15099960E-03
   17.2995167       8.85900017E-03
   17.3161831       8.57200008E-03
   17.3328495       8.29099957E-03
   17.3495159       8.01599957E-03
   17.3661823       7.74700008E-03
   17.3828487       7.48400018E-03
   17.3995152       7.22800009E-03
   17.4161816       6.97600003E-03
   17.4328480       6.73000002E-03
   17.4495144       6.49000006E-03
   17.4661808       6.25499990E-03
   17.4828472       6.02599978E-03
   17.4995136       5.80300018E-03
   17.5161800       5.58400014E-03
   17.5328465       5.37100015E-03
   17.5495129       5.16299997E-03
   17.5661793       4.96000005E-03
   17.5828457       4.76199994E-03
   17.5995121       4.56900010E-03
   17.6161785       4.38100006E-03
   17.6328449       4.19700006E-03
   17.6495113       4.01900010E-03
   17.6661777       3.84499994E-03
   17.6828442       3.67600005E-03
   17.6995106       3.51099996E-03
   17.7161770       3.34999990E-03
   17.7328434       3.19400011E-03
   17.7495098       3.04299989E-03
   17.7661762       2.89499993E-03
   17.7828426       2.75200000E-03
   17.7995090       2.61300011E-03
   17.8161755       2.47800001E-03
   17.8328419       2.34699994E-03
   17.8495083       2.21999991E-03
   17.8661747       2.09699990E-03
   17.8828411       1.97699992E-03
   17.8995075       1.86199998E-03
   17.9161739       1.75000005E-03
   17.9328403       1.64200005E-03
   17.9495068       1.53699995E-03
   17.9661732       1.43700000E-03
   17.9828396       1.33999996E-03
   17.9995060       1.24600006E-03
   18.0161724       1.15699996E-03
   18.0328388       1.07000000E-03
   18.0495052       9.88299958E-04
   18.0661716       9.09599999E-04
   18.0828381       8.34700011E-04
   18.0995045       7.63799995E-04
   18.1161709       6.97200012E-04
   18.1328373       6.30400027E-04
   18.1495037       5.60100016E-04
   18.1661701       5.00300026E-04
   18.1828365       4.49799991E-04
   18.1995029       4.07099986E-04
   18.2161694       3.53799987E-04
   18.2328358       3.16699996E-04
   18.2495022       2.73399986E-04
   18.2661686       2.37600005E-04
   18.2828350       2.09000005E-04
   18.2995014       1.78899994E-04
   18.3161678       1.52299996E-04
   18.3328342       1.27899999E-04
   18.3495007       1.06200001E-04
   18.3661671       8.84800029E-05
   18.3828335       7.38500021E-05
   18.3994999       5.94900011E-05
   18.4161663       4.89000013E-05
   18.4328327       3.88199987E-05
   18.4494991       3.06399997E-05
   18.4661655       2.40000008E-05
   18.4828320       1.85900008E-05
   18.4994984       1.42099998E-05
   18.5161648       1.07300002E-05
   18.5328312       7.99400004E-06
   18.5494976       5.73099987E-06
   18.5661640       4.02200021E-06
   18.5828304       2.68600002E-06
   18.5994968       1.73499996E-06
   18.6161633       1.05100003E-06
   18.6328297       6.17000012E-07
   18.6494961       3.54099996E-07
   18.6661625       1.94799995E-07
   18.6828289       9.76200027E-08
   18.6994953       4.07999998E-08
   18.7161617       1.14900001E-08
   18.7328281       1.36800005E-09
   18.7494946       7.15799989E-11
   18.7661610       1.34600003E-12
   18.7828274       5.89700018E-15
   18.7994938       2.29200002E-18
   18.8161602       0.00000000    
   18.8328266       0.00000000    
   18.8494930       0.00000000    
   18.8661594       0.00000000    
   18.8828259       0.00000000    
   18.8994923       0.00000000    
   18.9161587       0.00000000    
   18.9328251       0.00000000    
   18.9494915       0.00000000    
   18.9661579       0.00000000    
   18.9828243       0.00000000    
   18.9994907       0.00000000    
   19.0161572       0.00000000    
   19.0328236       0.00000000    
   19.0494900       0.00000000    
   19.0661564       0.00000000    
   19.0828228       0.00000000    
   19.0994892       0.00000000    
   19.1161556       0.00000000    
   19.1328220       0.00000000    
   19.1494884       0.00000000    
   19.1661549       0.00000000    
   19.1828213       0.00000000    
   19.1994877       0.00000000    
   19.2161541       0.00000000    
   19.2328205       0.00000000    
   19.2494869       0.00000000    
   19.2661533       0.00000000    
   19.2828197       0.00000000    
   19.2994862       0.00000000    
   19.3161526       0.00000000    
   19.3328190       0.00000000    
   19.3494854       0.00000000    
   19.3661518       0.00000000    
   19.3828182       0.00000000    
   19.3994846       0.00000000    
   19.4161510       0.00000000    
   19.4328175       0.00000000    
   19.4494839       0.00000000    
   19.4661503       0.00000000    
   19.4828167       0.00000000    
   19.4994831       0.00000000    
   19.5161495       0.00000000    
   19.5328159       0.00000000    
   19.5494823       0.00000000    
   19.5661488       0.00000000    
   19.5828152       0.00000000    
   19.5994816       0.00000000    
   19.6161480       0.00000000    
   19.6328144       0.00000000    
   19.6494808       0.00000000    
   19.6661472       0.00000000    
   19.6828136       0.00000000    
   19.6994801       0.00000000    
   19.7161465       0.00000000    
   19.7328129       0.00000000    
   19.7494793       0.00000000    
   19.7661457       0.00000000    
   19.7828121       0.00000000    
   19.7994785       0.00000000    
   19.8161449       0.00000000    
   19.8328114       0.00000000    
   19.8494778       0.00000000    
   19.8661442       0.00000000    
   19.8828106       0.00000000    
   19.8994770       0.00000000    
   19.9161434       0.00000000    
   19.9328098       0.00000000    
   19.9494762       0.00000000    
   19.9661427       0.00000000    
   19.9828091       0.00000000    
   19.9994755       0.00000000    
   20.0161419       0.00000000    
   20.0328083       0.00000000    
   20.0494747       0.00000000    
   20.0661411       0.00000000    
   20.0828075       0.00000000    
   20.0994740       0.00000000    
   20.1161404       0.00000000    
   20.1328068       0.00000000    
   20.1494732       0.00000000    
   20.1661396       0.00000000    
   20.1828060       0.00000000    
   20.1994724       0.00000000    
   20.2161388       0.00000000    
   20.2328053       0.00000000    
   20.2494717       0.00000000    
   20.2661381       0.00000000    
   20.2828045       0.00000000    
   20.2994709       0.00000000    
   20.3161373       0.00000000    
   20.3328037       0.00000000    
   20.3494701       0.00000000    
   20.3661366       0.00000000    
   20.3828030       0.00000000    
   20.3994694       0.00000000    
   20.4161358       0.00000000    
   20.4328022       0.00000000    
   20.4494686       0.00000000    
   20.4661350       0.00000000    
   20.4828014       0.00000000    
   20.4994678       0.00000000    
   20.5161343       0.00000000    
   20.5328007       0.00000000    
   20.5494671       0.00000000    
   20.5661335       0.00000000    
   20.5827999       0.00000000    
   20.5994663       0.00000000    
   20.6161327       0.00000000    
   20.6327991       0.00000000    
   20.6494656       0.00000000    
   20.6661320       0.00000000    
   20.6827984       0.00000000    
   20.6994648       0.00000000    
   20.7161312       0.00000000    
   20.7327976       0.00000000    
   20.7494640       0.00000000    
   20.7661304       0.00000000    
   20.7827969       0.00000000    
   20.7994633       0.00000000    
   20.8161297       0.00000000    
   20.8327961       0.00000000    
   20.8494625       0.00000000    
   20.8661289       0.00000000    
   20.8827953       0.00000000    
   20.8994617       0.00000000    
   20.9161282       0.00000000    
   20.9327946       0.00000000    
   20.9494610       0.00000000    
   20.9661274       0.00000000    
   20.9827938       0.00000000    
   20.9994602       0.00000000    
   21.0161266       0.00000000    
   21.0327930       0.00000000    
   21.0494595       0.00000000    
   21.0661259       0.00000000    
   21.0827923       0.00000000    
   21.0994587       0.00000000    
   21.1161251       0.00000000    
   21.1327915       0.00000000    
   21.1494579       0.00000000    
   21.1661243       0.00000000    
   21.1827908       0.00000000    
   21.1994572       0.00000000    
   21.2161236       0.00000000    
   21.2327900       0.00000000    
   21.2494564       0.00000000    
   21.2661228       0.00000000    
   21.2827892       0.00000000    
   21.2994556       0.00000000    
   21.3161221       0.00000000    
   21.3327885       0.00000000    
   21.3494549       0.00000000    
   21.3661213       0.00000000    
   21.3827877       0.00000000    
   21.3994541       0.00000000    
   21.4161205       0.00000000    
   21.4327869       0.00000000    
   21.4494534       0.00000000    
   21.4661198       0.00000000    
   21.4827862       0.00000000    
   21.4994526       0.00000000    
   21.5161190       0.00000000    
   21.5327854       0.00000000    
   21.5494518       0.00000000    
   21.5661182       0.00000000    
   21.5827847       0.00000000    
   21.5994511       0.00000000    
   21.6161175       0.00000000    
   21.6327839       0.00000000    
   21.6494503       0.00000000    
   21.6661167       0.00000000    
   21.6827831       0.00000000    
   21.6994495       0.00000000    
   21.7161160       0.00000000    
   21.7327824       0.00000000    
   21.7494488       0.00000000    
   21.7661152       0.00000000    
   21.7827816       0.00000000    
   21.7994480       0.00000000    
   21.8161144       0.00000000    
   21.8327808       0.00000000    
   21.8494473       0.00000000    
   21.8661137       0.00000000    
   21.8827801       0.00000000    
   21.8994465       0.00000000    
   21.9161129       0.00000000    
   21.9327793       0.00000000    
   21.9494457       0.00000000    
   21.9661121       0.00000000    
   21.9827785       0.00000000    
   21.9994450       0.00000000    
   22.0161114       0.00000000    
   22.0327778       0.00000000    
   22.0494442       0.00000000    
   22.0661106       0.00000000    
   22.0827770       0.00000000    
   22.0994434       0.00000000    
   22.1161098       0.00000000    
   22.1327763       0.00000000    
   22.1494427       0.00000000    
   22.1661091       0.00000000    
   22.1827755       0.00000000    
   22.1994419       0.00000000    
   22.2161083       0.00000000    
   22.2327747       0.00000000    
   22.2494411       0.00000000    
   22.2661076       0.00000000    
   22.2827740       0.00000000    
   22.2994404       0.00000000    
   22.3161068       0.00000000    
   22.3327732       0.00000000    
   22.3494396       0.00000000    
   22.3661060       0.00000000    
   22.3827724       0.00000000    
   22.3994389       0.00000000    
   22.4161053       0.00000000    
   22.4327717       0.00000000    
   22.4494381       0.00000000    
   22.4661045       0.00000000    
   22.4827709       0.00000000    
   22.4994373       0.00000000    
   22.5161037       0.00000000    
   22.5327702       0.00000000    
   22.5494366       0.00000000    
   22.5661030       0.00000000    
   22.5827694       0.00000000    
   22.5994358       0.00000000    
   22.6161022       0.00000000    
   22.6327686       0.00000000    
   22.6494350       0.00000000    
   22.6661015       0.00000000    
   22.6827679       0.00000000    
   22.6994343       0.00000000    
   22.7161007       0.00000000    
   22.7327671       0.00000000    
   22.7494335       0.00000000    
   22.7660999       0.00000000    
   22.7827663       0.00000000    
   22.7994328       0.00000000    
   22.8160992       0.00000000    
   22.8327656       0.00000000    
   22.8494320       0.00000000    
   22.8660984       0.00000000    
   22.8827648       0.00000000    
   22.8994312       0.00000000    
   22.9160976       0.00000000    
   22.9327641       0.00000000    
   22.9494305       0.00000000    
   22.9660969       0.00000000    
   22.9827633       0.00000000    
   22.9994297       0.00000000    
   23.0160961       0.00000000    
   23.0327625       0.00000000    
   23.0494289       0.00000000    
   23.0660954       0.00000000    
   23.0827618       0.00000000    
   23.0994282       0.00000000    
   23.1160946       0.00000000    
   23.1327610       0.00000000    
   23.1494274       0.00000000    
   23.1660938       0.00000000    
   23.1827602       0.00000000    
   23.1994267       0.00000000    
   23.2160931       0.00000000    
   23.2327595       0.00000000    
   23.2494259       0.00000000    
   23.2660923       0.00000000    
   23.2827587       0.00000000    
   23.2994251       0.00000000    
   23.3160915       0.00000000    
   23.3327579       0.00000000    
   23.3494244       0.00000000    
   23.3660908       0.00000000    
   23.3827572       0.00000000    
   23.3994236       0.00000000    
   23.4160900       0.00000000    
   23.4327564       0.00000000    
   23.4494228       0.00000000    
   23.4660892       0.00000000    
   23.4827557       0.00000000    
   23.4994221       0.00000000    
   23.5160885       0.00000000    
   23.5327549       0.00000000    
   23.5494213       0.00000000    
   23.5660877       0.00000000    
   23.5827541       0.00000000    
   23.5994205       0.00000000    
   23.6160870       0.00000000    
   23.6327534       0.00000000    
   23.6494198       0.00000000    
   23.6660862       0.00000000    
   23.6827526       0.00000000    
   23.6994190       0.00000000    
   23.7160854       0.00000000    
   23.7327518       0.00000000    
   23.7494183       0.00000000    
   23.7660847       0.00000000    
   23.7827511       0.00000000    
   23.7994175       0.00000000    
   23.8160839       0.00000000    
   23.8327503       0.00000000    
   23.8494167       0.00000000    
   23.8660831       0.00000000    
   23.8827496       0.00000000    
   23.8994160       0.00000000    
   23.9160824       0.00000000    
   23.9327488       0.00000000    
   23.9494152       0.00000000    
   23.9660816       0.00000000    
   23.9827480       0.00000000    
