   0.00000000       0.00000000    
   1.66660007E-02   0.00000000    
   3.33320014E-02   0.00000000    
   4.99980003E-02   0.00000000    
   6.66640028E-02   0.00000000    
   8.33300054E-02   0.00000000    
   9.99960080E-02   0.00000000    
  0.116662011       0.00000000    
  0.133328006       0.00000000    
  0.149994001       0.00000000    
  0.166659996       0.00000000    
  0.183325991       0.00000000    
  0.199991986       0.00000000    
  0.216657981       0.00000000    
  0.233323976       0.00000000    
  0.249989972       0.00000000    
  0.266655982       0.00000000    
  0.283321977       0.00000000    
  0.299987972       0.00000000    
  0.316653967       0.00000000    
  0.333319962       0.00000000    
  0.349985957       0.00000000    
  0.366651952       0.00000000    
  0.383317947       0.00000000    
  0.399983943       0.00000000    
  0.416649938       0.00000000    
  0.433315933       0.00000000    
  0.449981928       0.00000000    
  0.466647923       0.00000000    
  0.483313918       0.00000000    
  0.499979913       0.00000000    
  0.516645908       0.00000000    
  0.533311903       0.00000000    
  0.549977899       0.00000000    
  0.566643894       0.00000000    
  0.583309889       0.00000000    
  0.599975884       0.00000000    
  0.616641879       0.00000000    
  0.633307874       0.00000000    
  0.649973869       0.00000000    
  0.666639864       0.00000000    
  0.683305860       0.00000000    
  0.699971855       0.00000000    
  0.716637850       0.00000000    
  0.733303845       0.00000000    
  0.749969840       0.00000000    
  0.766635835       0.00000000    
  0.783301830       0.00000000    
  0.799967825       0.00000000    
  0.816633821       0.00000000    
  0.833299816       0.00000000    
  0.849965811       0.00000000    
  0.866631806       0.00000000    
  0.883297801       0.00000000    
  0.899963796       0.00000000    
  0.916629791       0.00000000    
  0.933295786       0.00000000    
  0.949961782       0.00000000    
  0.966627777       0.00000000    
  0.983293772       0.00000000    
  0.999959767       0.00000000    
   1.01662576       0.00000000    
   1.03329182       0.00000000    
   1.04995787       0.00000000    
   1.06662393       0.00000000    
   1.08328998       0.00000000    
   1.09995604       0.00000000    
   1.11662209       0.00000000    
   1.13328815       0.00000000    
   1.14995420       0.00000000    
   1.16662025       0.00000000    
   1.18328631       0.00000000    
   1.19995236       0.00000000    
   1.21661842       0.00000000    
   1.23328447       0.00000000    
   1.24995053       0.00000000    
   1.26661658       0.00000000    
   1.28328264       0.00000000    
   1.29994869       0.00000000    
   1.31661475       0.00000000    
   1.33328080       0.00000000    
   1.34994686       0.00000000    
   1.36661291       0.00000000    
   1.38327897       0.00000000    
   1.39994502       0.00000000    
   1.41661108       0.00000000    
   1.43327713       0.00000000    
   1.44994318       0.00000000    
   1.46660924       0.00000000    
   1.48327529       0.00000000    
   1.49994135       0.00000000    
   1.51660740       0.00000000    
   1.53327346       0.00000000    
   1.54993951       0.00000000    
   1.56660557       0.00000000    
   1.58327162       0.00000000    
   1.59993768       0.00000000    
   1.61660373       0.00000000    
   1.63326979       0.00000000    
   1.64993584       0.00000000    
   1.66660190       0.00000000    
   1.68326795       0.00000000    
   1.69993401       0.00000000    
   1.71660006       0.00000000    
   1.73326612       0.00000000    
   1.74993217       0.00000000    
   1.76659822       0.00000000    
   1.78326428       0.00000000    
   1.79993033       0.00000000    
   1.81659639       0.00000000    
   1.83326244       0.00000000    
   1.84992850       0.00000000    
   1.86659455       0.00000000    
   1.88326061       0.00000000    
   1.89992666       0.00000000    
   1.91659272       0.00000000    
   1.93325877       0.00000000    
   1.94992483       0.00000000    
   1.96659088       0.00000000    
   1.98325694       0.00000000    
   1.99992299       0.00000000    
   2.01658893       0.00000000    
   2.03325486       0.00000000    
   2.04992080       0.00000000    
   2.06658673       0.00000000    
   2.08325267       0.00000000    
   2.09991860       0.00000000    
   2.11658454       0.00000000    
   2.13325047       0.00000000    
   2.14991641       0.00000000    
   2.16658235       0.00000000    
   2.18324828       0.00000000    
   2.19991422       0.00000000    
   2.21658015       0.00000000    
   2.23324609       0.00000000    
   2.24991202       0.00000000    
   2.26657796       0.00000000    
   2.28324389       0.00000000    
   2.29990983       0.00000000    
   2.31657577       0.00000000    
   2.33324170       0.00000000    
   2.34990764       0.00000000    
   2.36657357       0.00000000    
   2.38323951       0.00000000    
   2.39990544       0.00000000    
   2.41657138       0.00000000    
   2.43323731       0.00000000    
   2.44990325       0.00000000    
   2.46656919       0.00000000    
   2.48323512       0.00000000    
   2.49990106       0.00000000    
   2.51656699       0.00000000    
   2.53323293       0.00000000    
   2.54989886       0.00000000    
   2.56656480       0.00000000    
   2.58323073       0.00000000    
   2.59989667       0.00000000    
   2.61656260       0.00000000    
   2.63322854       0.00000000    
   2.64989448       0.00000000    
   2.66656041       0.00000000    
   2.68322635       0.00000000    
   2.69989228       0.00000000    
   2.71655822       0.00000000    
   2.73322415       0.00000000    
   2.74989009       0.00000000    
   2.76655602       0.00000000    
   2.78322196       0.00000000    
   2.79988790       0.00000000    
   2.81655383       0.00000000    
   2.83321977       0.00000000    
   2.84988570       0.00000000    
   2.86655164       0.00000000    
   2.88321757       0.00000000    
   2.89988351       0.00000000    
   2.91654944       0.00000000    
   2.93321538       0.00000000    
   2.94988132       0.00000000    
   2.96654725       0.00000000    
   2.98321319       0.00000000    
   2.99987912       0.00000000    
   3.01654506       0.00000000    
   3.03321099       0.00000000    
   3.04987693       0.00000000    
   3.06654286       0.00000000    
   3.08320880       0.00000000    
   3.09987473       0.00000000    
   3.11654067       0.00000000    
   3.13320661       0.00000000    
   3.14987254       0.00000000    
   3.16653848       0.00000000    
   3.18320441       0.00000000    
   3.19987035       0.00000000    
   3.21653628       0.00000000    
   3.23320222       0.00000000    
   3.24986815       0.00000000    
   3.26653409       0.00000000    
   3.28320003       0.00000000    
   3.29986596       0.00000000    
   3.31653190       0.00000000    
   3.33319783       0.00000000    
   3.34986377       0.00000000    
   3.36652970       0.00000000    
   3.38319564       0.00000000    
   3.39986157       0.00000000    
   3.41652751       0.00000000    
   3.43319345       0.00000000    
   3.44985938       0.00000000    
   3.46652532       0.00000000    
   3.48319125       0.00000000    
   3.49985719       0.00000000    
   3.51652312       0.00000000    
   3.53318906       0.00000000    
   3.54985499       0.00000000    
   3.56652093       0.00000000    
   3.58318686       0.00000000    
   3.59985280       0.00000000    
   3.61651874       0.00000000    
   3.63318467       0.00000000    
   3.64985061       0.00000000    
   3.66651654       0.00000000    
   3.68318248       0.00000000    
   3.69984841       0.00000000    
   3.71651435       0.00000000    
   3.73318028       0.00000000    
   3.74984622       0.00000000    
   3.76651216       0.00000000    
   3.78317809       0.00000000    
   3.79984403       0.00000000    
   3.81650996       0.00000000    
   3.83317590       0.00000000    
   3.84984183       0.00000000    
   3.86650777       0.00000000    
   3.88317370       0.00000000    
   3.89983964       0.00000000    
   3.91650558       0.00000000    
   3.93317151       0.00000000    
   3.94983745       0.00000000    
   3.96650338       0.00000000    
   3.98316932       0.00000000    
   3.99983525       0.00000000    
   4.01650143       0.00000000    
   4.03316736       0.00000000    
   4.04983330       0.00000000    
   4.06649923       0.00000000    
   4.08316517       0.00000000    
   4.09983110       0.00000000    
   4.11649704       0.00000000    
   4.13316298       0.00000000    
   4.14982891       0.00000000    
   4.16649485       0.00000000    
   4.18316078       0.00000000    
   4.19982672       0.00000000    
   4.21649265       0.00000000    
   4.23315859       0.00000000    
   4.24982452       0.00000000    
   4.26649046       0.00000000    
   4.28315639       0.00000000    
   4.29982233       0.00000000    
   4.31648827       0.00000000    
   4.33315420       0.00000000    
   4.34982014       0.00000000    
   4.36648607       0.00000000    
   4.38315201       0.00000000    
   4.39981794       0.00000000    
   4.41648388       0.00000000    
   4.43314981       0.00000000    
   4.44981575       0.00000000    
   4.46648169       0.00000000    
   4.48314762       0.00000000    
   4.49981356       0.00000000    
   4.51647949       0.00000000    
   4.53314543       0.00000000    
   4.54981136       0.00000000    
   4.56647730       0.00000000    
   4.58314323       0.00000000    
   4.59980917       0.00000000    
   4.61647511       0.00000000    
   4.63314104       0.00000000    
   4.64980698       0.00000000    
   4.66647291       0.00000000    
   4.68313885       0.00000000    
   4.69980478       0.00000000    
   4.71647072       0.00000000    
   4.73313665       0.00000000    
   4.74980259       0.00000000    
   4.76646852       0.00000000    
   4.78313446       0.00000000    
   4.79980040       0.00000000    
   4.81646633       0.00000000    
   4.83313227       0.00000000    
   4.84979820       0.00000000    
   4.86646414       0.00000000    
   4.88313007       0.00000000    
   4.89979601       0.00000000    
   4.91646194       0.00000000    
   4.93312788       0.00000000    
   4.94979382       0.00000000    
   4.96645975       0.00000000    
   4.98312569       0.00000000    
   4.99979162       0.00000000    
   5.01645756       0.00000000    
   5.03312349       0.00000000    
   5.04978943       0.00000000    
   5.06645536       0.00000000    
   5.08312130       0.00000000    
   5.09978724       0.00000000    
   5.11645317       0.00000000    
   5.13311911       0.00000000    
   5.14978504       0.00000000    
   5.16645098       0.00000000    
   5.18311691       0.00000000    
   5.19978285       0.00000000    
   5.21644878       0.00000000    
   5.23311472       0.00000000    
   5.24978065       0.00000000    
   5.26644659       0.00000000    
   5.28311253       0.00000000    
   5.29977846       0.00000000    
   5.31644440       0.00000000    
   5.33311033       0.00000000    
   5.34977627       0.00000000    
   5.36644220       0.00000000    
   5.38310814       0.00000000    
   5.39977407       0.00000000    
   5.41644001       0.00000000    
   5.43310595       0.00000000    
   5.44977188       0.00000000    
   5.46643782       0.00000000    
   5.48310375       0.00000000    
   5.49976969       0.00000000    
   5.51643562       0.00000000    
   5.53310156       0.00000000    
   5.54976749       0.00000000    
   5.56643343       0.00000000    
   5.58309937       0.00000000    
   5.59976530       0.00000000    
   5.61643124       0.00000000    
   5.63309717       0.00000000    
   5.64976311       0.00000000    
   5.66642904       0.00000000    
   5.68309498       0.00000000    
   5.69976091       0.00000000    
   5.71642685       0.00000000    
   5.73309278       0.00000000    
   5.74975872       0.00000000    
   5.76642466       0.00000000    
   5.78309059       0.00000000    
   5.79975653       0.00000000    
   5.81642246       0.00000000    
   5.83308840       0.00000000    
   5.84975433       0.00000000    
   5.86642027       0.00000000    
   5.88308620       0.00000000    
   5.89975214       0.00000000    
   5.91641808       0.00000000    
   5.93308401       0.00000000    
   5.94974995       0.00000000    
   5.96641588       0.00000000    
   5.98308182       0.00000000    
   5.99974775       0.00000000    
   6.01641369       0.00000000    
   6.03307962       0.00000000    
   6.04974556       0.00000000    
   6.06641150       0.00000000    
   6.08307743       0.00000000    
   6.09974337       0.00000000    
   6.11640930       0.00000000    
   6.13307524       0.00000000    
   6.14974117       0.00000000    
   6.16640711       0.00000000    
   6.18307304       0.00000000    
   6.19973898       0.00000000    
   6.21640491       0.00000000    
   6.23307085       0.00000000    
   6.24973679       0.00000000    
   6.26640272       0.00000000    
   6.28306866       0.00000000    
   6.29973459       0.00000000    
   6.31640053       0.00000000    
   6.33306646       0.00000000    
   6.34973240       0.00000000    
   6.36639833       0.00000000    
   6.38306427       0.00000000    
   6.39973021       0.00000000    
   6.41639614       0.00000000    
   6.43306208       0.00000000    
   6.44972801       0.00000000    
   6.46639395       0.00000000    
   6.48305988       0.00000000    
   6.49972582       0.00000000    
   6.51639175       0.00000000    
   6.53305769       9.99899994E-27
   6.54972363       1.58999995E-20
   6.56638956       6.79700000E-17
   6.58305550       5.39899986E-14
   6.59972143       1.98600008E-11
   6.61638737       1.74600001E-09
   6.63305330       1.27300002E-08
   6.64971924       4.81899995E-08
   6.66638517       1.13299997E-07
   6.68305111       2.26300003E-07
   6.69971704       4.22999989E-07
   6.71638298       7.57199984E-07
   6.73304892       1.28099998E-06
   6.74971485       2.05800006E-06
   6.76638079       3.05499998E-06
   6.78304672       4.39799987E-06
   6.79971266       6.09700010E-06
   6.81637859       8.39000040E-06
   6.83304453       1.11299996E-05
   6.84971046       1.46000002E-05
   6.86637640       1.89500006E-05
   6.88304234       2.43600007E-05
   6.89970827       3.11199983E-05
   6.91637421       3.84300001E-05
   6.93304014       4.80199997E-05
   6.94970608       5.86499991E-05
   6.96637201       7.25799982E-05
   6.98303795       8.69599971E-05
   6.99970388       1.03999999E-04
   7.01636982       1.23599995E-04
   7.03303576       1.46199993E-04
   7.04970169       1.72500004E-04
   7.06636763       2.00399998E-04
   7.08303356       2.28899997E-04
   7.09969950       2.68900010E-04
   7.11636543       2.99200008E-04
   7.13303137       3.35799996E-04
   7.14969730       3.80200014E-04
   7.16636324       4.34099988E-04
   7.18302917       4.84599994E-04
   7.19969511       5.35200001E-04
   7.21636105       5.89300005E-04
   7.23302698       6.46699977E-04
   7.24969292       7.07199972E-04
   7.26635885       7.70999992E-04
   7.28302479       8.37599975E-04
   7.29969072       9.07199981E-04
   7.31635666       9.79800010E-04
   7.33302259       1.05500000E-03
   7.34968853       1.13400002E-03
   7.36635447       1.21599995E-03
   7.38302040       1.30000000E-03
   7.39968634       1.38699997E-03
   7.41635227       1.47799996E-03
   7.43301821       1.57199998E-03
   7.44968414       1.66800001E-03
   7.46635008       1.76799996E-03
   7.48301601       1.87100004E-03
   7.49968195       1.97699992E-03
   7.51634789       2.08600005E-03
   7.53301382       2.19899998E-03
   7.54967976       2.31499993E-03
   7.56634569       2.43399991E-03
   7.58301163       2.55599990E-03
   7.59967756       2.68199993E-03
   7.61634350       2.81199999E-03
   7.63300943       2.94500007E-03
   7.64967537       3.08199995E-03
   7.66634130       3.22200009E-03
   7.68300724       3.36600002E-03
   7.69967318       3.51299997E-03
   7.71633911       3.66399996E-03
   7.73300505       3.81999998E-03
   7.74967098       3.97899980E-03
   7.76633692       4.14199987E-03
   7.78300285       4.30899998E-03
   7.79966879       4.48099989E-03
   7.81633472       4.65600006E-03
   7.83300066       4.83600004E-03
   7.84966660       5.02000004E-03
   7.86633253       5.20800008E-03
   7.88299847       5.40099991E-03
   7.89966440       5.59799979E-03
   7.91633034       5.79900015E-03
   7.93299627       6.00600010E-03
   7.94966221       6.21599983E-03
   7.96632814       6.43200008E-03
   7.98299408       6.65199989E-03
   7.99966002       6.87699998E-03
   8.01632595       7.10800011E-03
   8.03299236       7.34299980E-03
   8.04965878       7.58300023E-03
   8.06632519       7.82800000E-03
   8.08299160       8.07799958E-03
   8.09965801       8.33300035E-03
   8.11632442       8.59399978E-03
   8.13299084       8.86000041E-03
   8.14965725       9.13199969E-03
   8.16632366       9.40900017E-03
   8.18299007       9.69099998E-03
   8.19965649       9.97900032E-03
   8.21632290       1.02700004E-02
   8.23298931       1.05699999E-02
   8.24965572       1.08800000E-02
   8.26632214       1.11900000E-02
   8.28298855       1.15000000E-02
   8.29965496       1.18300002E-02
   8.31632137       1.21600004E-02
   8.33298779       1.24899996E-02
   8.34965420       1.28300004E-02
   8.36632061       1.31799998E-02
   8.38298702       1.35300001E-02
   8.39965343       1.38900001E-02
   8.41631985       1.42599996E-02
   8.43298626       1.46300001E-02
   8.44965267       1.49999997E-02
   8.46631908       1.53900003E-02
   8.48298550       1.57800000E-02
   8.49965191       1.61799993E-02
   8.51631832       1.65800005E-02
   8.53298473       1.69900004E-02
   8.54965115       1.74100008E-02
   8.56631756       1.78299993E-02
   8.58298397       1.82600003E-02
   8.59965038       1.86999999E-02
   8.61631680       1.91399995E-02
   8.63298321       1.95899997E-02
   8.64964962       2.00500004E-02
   8.66631603       2.05099992E-02
   8.68298244       2.09899992E-02
   8.69964886       2.14600004E-02
   8.71631527       2.19500009E-02
   8.73298168       2.24399995E-02
   8.74964809       2.29400005E-02
   8.76631451       2.34399997E-02
   8.78298092       2.39599999E-02
   8.79964733       2.44800001E-02
   8.81631374       2.50000004E-02
   8.83298016       2.55299993E-02
   8.84964657       2.60700006E-02
   8.86631298       2.66200006E-02
   8.88297939       2.71799993E-02
   8.89964581       2.77399998E-02
   8.91631222       2.83100009E-02
   8.93297863       2.88800001E-02
   8.94964504       2.94599999E-02
   8.96631145       3.00500002E-02
   8.98297787       3.06499992E-02
   8.99964428       3.12500000E-02
   9.01631069       3.18600014E-02
   9.03297710       3.24800014E-02
   9.04964352       3.31100002E-02
   9.06630993       3.37399989E-02
   9.08297634       3.43800001E-02
   9.09964275       3.50200012E-02
   9.11630917       3.56700011E-02
   9.13297558       3.63299996E-02
   9.14964199       3.70000005E-02
   9.16630840       3.76700014E-02
   9.18297482       3.83500010E-02
   9.19964123       3.90399992E-02
   9.21630764       3.97300012E-02
   9.23297405       4.04299982E-02
   9.24964046       4.11400013E-02
   9.26630688       4.18599993E-02
   9.28297329       4.25800011E-02
   9.29963970       4.32999991E-02
   9.31630611       4.40299995E-02
   9.33297253       4.47800010E-02
   9.34963894       4.55200002E-02
   9.36630535       4.62800004E-02
   9.38297176       4.70299982E-02
   9.39963818       4.78000008E-02
   9.41630459       4.85699996E-02
   9.43297100       4.93500009E-02
   9.44963741       5.01400009E-02
   9.46630383       5.09300008E-02
   9.48297024       5.17200008E-02
   9.49963665       5.25300018E-02
   9.51630306       5.33399992E-02
   9.53296947       5.41500002E-02
   9.54963589       5.49699999E-02
   9.56630230       5.57999983E-02
   9.58296871       5.66300005E-02
   9.59963512       5.74700013E-02
   9.61630154       5.83099984E-02
   9.63296795       5.91600016E-02
   9.64963436       6.00100011E-02
   9.66630077       6.08699992E-02
   9.68296719       6.17399998E-02
   9.69963360       6.26100004E-02
   9.71630001       6.34900033E-02
   9.73296642       6.43699989E-02
   9.74963284       6.52500018E-02
   9.76629925       6.61400035E-02
   9.78296566       6.70399964E-02
   9.79963207       6.79399967E-02
   9.81629848       6.88399971E-02
   9.83296490       6.97500035E-02
   9.84963131       7.06700012E-02
   9.86629772       7.15800002E-02
   9.88296413       7.25099966E-02
   9.89963055       7.34400004E-02
   9.91629696       7.43699968E-02
   9.93296337       7.53000006E-02
   9.94962978       7.62400031E-02
   9.96629620       7.71799982E-02
   9.98296261       7.81200007E-02
   9.99962902       7.90800005E-02
   10.0162954       8.00300017E-02
   10.0329618       8.09900016E-02
   10.0496283       8.19500014E-02
   10.0662947       8.29000026E-02
   10.0829611       8.38799998E-02
   10.0996275       8.48499984E-02
   10.1162939       8.58300030E-02
   10.1329603       8.68000016E-02
   10.1496267       8.77799988E-02
   10.1662931       8.87600034E-02
   10.1829596       8.97499993E-02
   10.1996260       9.07299966E-02
   10.2162924       9.17100012E-02
   10.2329588       9.26999971E-02
   10.2496252       9.37099978E-02
   10.2662916       9.47000012E-02
   10.2829580       9.57000032E-02
   10.2996244       9.66999978E-02
   10.3162909       9.76999998E-02
   10.3329573       9.87000018E-02
   10.3496237       9.96999964E-02
   10.3662901      0.100699998    
   10.3829565      0.101700000    
   10.3996229      0.102700002    
   10.4162893      0.103699997    
   10.4329557      0.104699999    
   10.4496222      0.105700001    
   10.4662886      0.106799997    
   10.4829550      0.107799999    
   10.4996214      0.108800001    
   10.5162878      0.109800003    
   10.5329542      0.110799998    
   10.5496206      0.111800000    
   10.5662870      0.112800002    
   10.5829535      0.113799997    
   10.5996199      0.114799999    
   10.6162863      0.115800001    
   10.6329527      0.116800003    
   10.6496191      0.117899999    
   10.6662855      0.118900001    
   10.6829519      0.119900003    
   10.6996183      0.120899998    
   10.7162848      0.121900000    
   10.7329512      0.122900002    
   10.7496176      0.123899996    
   10.7662840      0.124899998    
   10.7829504      0.125799999    
   10.7996168      0.126900002    
   10.8162832      0.127900004    
   10.8329496      0.128900006    
   10.8496161      0.129800007    
   10.8662825      0.130799994    
   10.8829489      0.131799996    
   10.8996153      0.132799998    
   10.9162817      0.133800000    
   10.9329481      0.134800002    
   10.9496145      0.135800004    
   10.9662809      0.136700004    
   10.9829473      0.137700006    
   10.9996138      0.138600007    
   11.0162802      0.139599994    
   11.0329466      0.140599996    
   11.0496130      0.141499996    
   11.0662794      0.142399997    
   11.0829458      0.143399999    
   11.0996122      0.144400001    
   11.1162786      0.145199999    
   11.1329451      0.146200001    
   11.1496115      0.147200003    
   11.1662779      0.148000002    
   11.1829443      0.149000004    
   11.1996107      0.149900004    
   11.2162771      0.150800005    
   11.2329435      0.151700005    
   11.2496099      0.152600005    
   11.2662764      0.153500006    
   11.2829428      0.154400006    
   11.2996092      0.155300006    
   11.3162756      0.156200007    
   11.3329420      0.157100007    
   11.3496084      0.157900006    
   11.3662748      0.158800006    
   11.3829412      0.159600005    
   11.3996077      0.160500005    
   11.4162741      0.161300004    
   11.4329405      0.162200004    
   11.4496069      0.163000003    
   11.4662733      0.163800001    
   11.4829397      0.164499998    
   11.4996061      0.165399998    
   11.5162725      0.166199997    
   11.5329390      0.166999996    
   11.5496054      0.167799994    
   11.5662718      0.168599993    
   11.5829382      0.169400007    
   11.5996046      0.170100003    
   11.6162710      0.170900002    
   11.6329374      0.171700001    
   11.6496038      0.172399998    
   11.6662703      0.173099995    
   11.6829367      0.173899993    
   11.6996031      0.174500003    
   11.7162695      0.175300002    
   11.7329359      0.175999999    
   11.7496023      0.176599994    
   11.7662687      0.177399993    
   11.7829351      0.178000003    
   11.7996016      0.178700000    
   11.8162680      0.179399997    
   11.8329344      0.180000007    
   11.8496008      0.180700004    
   11.8662672      0.181299999    
   11.8829336      0.181899995    
   11.8996000      0.182600006    
   11.9162664      0.183200002    
   11.9329329      0.183799997    
   11.9495993      0.184400007    
   11.9662657      0.184699997    
   11.9829321      0.185499996    
   11.9995985      0.186100006    
   12.0162649      0.186600000    
   12.0329313      0.187099993    
   12.0495977      0.187700003    
   12.0662642      0.188199997    
   12.0829306      0.188700005    
   12.0995970      0.189199999    
   12.1162634      0.189600006    
   12.1329298      0.190200001    
   12.1495962      0.190699995    
   12.1662626      0.191100001    
   12.1829290      0.191599995    
   12.1995955      0.192000002    
   12.2162619      0.192499995    
   12.2329283      0.192900002    
   12.2495947      0.193299994    
   12.2662611      0.193700001    
   12.2829275      0.194100007    
   12.2995939      0.194399998    
   12.3162603      0.194800004    
   12.3329268      0.195199996    
   12.3495932      0.195500001    
   12.3662596      0.195899993    
   12.3829260      0.196199998    
   12.3995924      0.196500003    
   12.4162588      0.196799994    
   12.4329252      0.197099999    
   12.4495916      0.197400004    
   12.4662580      0.197600007    
   12.4829245      0.197899997    
   12.4995909      0.197999999    
   12.5162573      0.198400006    
   12.5329237      0.198599994    
   12.5495901      0.198799998    
   12.5662565      0.199000001    
   12.5829229      0.199200004    
   12.5995893      0.199399993    
   12.6162558      0.199599996    
   12.6329222      0.199699998    
   12.6495886      0.199800000    
   12.6662550      0.200000003    
   12.6829214      0.200100005    
   12.6995878      0.200200006    
   12.7162542      0.200299993    
   12.7329206      0.200399995    
   12.7495871      0.200399995    
   12.7662535      0.200399995    
   12.7829199      0.200399995    
   12.7995863      0.200499997    
   12.8162527      0.200499997    
   12.8329191      0.200599998    
   12.8495855      0.200599998    
   12.8662519      0.200599998    
   12.8829184      0.200499997    
   12.8995848      0.200499997    
   12.9162512      0.200399995    
   12.9329176      0.200399995    
   12.9495840      0.200399995    
   12.9662504      0.200399995    
   12.9829168      0.200299993    
   12.9995832      0.200200006    
   13.0162497      0.200100005    
   13.0329161      0.200000003    
   13.0495825      0.199900001    
   13.0662489      0.199699998    
   13.0829153      0.199599996    
   13.0995817      0.199399993    
   13.1162481      0.199200004    
   13.1329145      0.199000001    
   13.1495810      0.198799998    
   13.1662474      0.198599994    
   13.1829138      0.198400006    
   13.1995802      0.198100001    
   13.2162466      0.197899997    
   13.2329130      0.197699994    
   13.2495794      0.197400004    
   13.2662458      0.197099999    
   13.2829123      0.196799994    
   13.2995787      0.196500003    
   13.3162451      0.196199998    
   13.3329115      0.195899993    
   13.3495779      0.195600003    
   13.3662443      0.195199996    
   13.3829107      0.194900006    
   13.3995771      0.194499999    
   13.4162436      0.194100007    
   13.4329100      0.193800002    
   13.4495764      0.193399996    
   13.4662428      0.192900002    
   13.4829092      0.192499995    
   13.4995756      0.192100003    
   13.5162420      0.191599995    
   13.5329084      0.191100001    
   13.5495749      0.190799996    
   13.5662413      0.190300003    
   13.5829077      0.189700007    
   13.5995741      0.189300001    
   13.6162405      0.188700005    
   13.6329069      0.188299999    
   13.6495733      0.187800005    
   13.6662397      0.187199995    
   13.6829062      0.186700001    
   13.6995726      0.186199993    
   13.7162390      0.185599998    
   13.7329054      0.185000002    
   13.7495718      0.184499994    
   13.7662382      0.183899999    
   13.7829046      0.183300003    
   13.7995710      0.182699993    
   13.8162374      0.181999996    
   13.8329039      0.181400001    
   13.8495703      0.180600002    
   13.8662367      0.180199996    
   13.8829031      0.179499999    
   13.8995695      0.178800002    
   13.9162359      0.178200006    
   13.9329023      0.177499995    
   13.9495687      0.176799998    
   13.9662352      0.176100001    
   13.9829016      0.175300002    
   13.9995680      0.174700007    
   14.0162344      0.173999995    
   14.0329008      0.173299998    
   14.0495672      0.172499999    
   14.0662336      0.171800002    
   14.0829000      0.171000004    
   14.0995665      0.170300007    
   14.1162329      0.169499993    
   14.1328993      0.168699995    
   14.1495657      0.167999998    
   14.1662321      0.167199999    
   14.1828985      0.166400000    
   14.1995649      0.165600002    
   14.2162313      0.164700001    
   14.2328978      0.164000005    
   14.2495642      0.163100004    
   14.2662306      0.162300006    
   14.2828970      0.161500007    
   14.2995634      0.160600007    
   14.3162298      0.159799993    
   14.3328962      0.158899993    
   14.3495626      0.158099994    
   14.3662291      0.157199994    
   14.3828955      0.156299993    
   14.3995619      0.155499995    
   14.4162283      0.154599994    
   14.4328947      0.153699994    
   14.4495611      0.152799994    
   14.4662275      0.151899993    
   14.4828939      0.150999993    
   14.4995604      0.150099993    
   14.5162268      0.149200007    
   14.5328932      0.148200005    
   14.5495596      0.147300005    
   14.5662260      0.146400005    
   14.5828924      0.145500004    
   14.5995588      0.144500002    
   14.6162252      0.143600002    
   14.6328917      0.142600000    
   14.6495581      0.141700000    
   14.6662245      0.140699998    
   14.6828909      0.139699996    
   14.6995573      0.138799995    
   14.7162237      0.137899995    
   14.7328901      0.136899993    
   14.7495565      0.135900006    
   14.7662230      0.134900004    
   14.7828894      0.134000003    
   14.7995558      0.133000001    
   14.8162222      0.131999999    
   14.8328886      0.130999997    
   14.8495550      0.129999995    
   14.8662214      0.128999993    
   14.8828878      0.128000006    
   14.8995543      0.127100006    
   14.9162207      0.126100004    
   14.9328871      0.125000000    
   14.9495535      0.124100000    
   14.9662199      0.123099998    
   14.9828863      0.122100003    
   14.9995527      0.121100001    
   15.0162191      0.119999997    
   15.0328856      0.119000003    
   15.0495520      0.118000001    
   15.0662184      0.116999999    
   15.0828848      0.115999997    
   15.0995512      0.115000002    
   15.1162176      0.114000000    
   15.1328840      0.112999998    
   15.1495504      0.112000003    
   15.1662169      0.111000001    
   15.1828833      0.109999999    
   15.1995497      0.108900003    
   15.2162161      0.107900001    
   15.2328825      0.106899999    
   15.2495489      0.105899997    
   15.2662153      0.104900002    
   15.2828817      0.103900000    
   15.2995481      0.102799997    
   15.3162146      0.101899996    
   15.3328810      0.100900002    
   15.3495474       9.98800024E-02
   15.3662138       9.88600031E-02
   15.3828802       9.78699997E-02
   15.3995466       9.68699977E-02
   15.4162130       9.58399996E-02
   15.4328794       9.48700011E-02
   15.4495459       9.38799977E-02
   15.4662123       9.28800032E-02
   15.4828787       9.18899998E-02
   15.4995451       9.08999965E-02
   15.5162115       8.98900032E-02
   15.5328779       8.89300033E-02
   15.5495443       8.79499987E-02
   15.5662107       8.69700015E-02
   15.5828772       8.59600008E-02
   15.5995436       8.50199983E-02
   15.6162100       8.40499997E-02
   15.6328764       8.30800012E-02
   15.6495428       8.21100026E-02
   15.6662092       8.11500028E-02
   15.6828756       8.01799968E-02
   15.6995420       7.92400017E-02
   15.7162085       7.82900006E-02
   15.7328749       7.73399994E-02
   15.7495413       7.63999969E-02
   15.7662077       7.54600018E-02
   15.7828741       7.45199993E-02
   15.7995405       7.35900030E-02
   15.8162069       7.26699978E-02
   15.8328733       7.17400014E-02
   15.8495398       7.08199963E-02
   15.8662062       6.99099973E-02
   15.8828726       6.89999983E-02
   15.8995390       6.80899993E-02
   15.9162054       6.71899989E-02
   15.9328718       6.62899986E-02
   15.9495382       6.53999969E-02
   15.9662046       6.45200014E-02
   15.9828711       6.36299998E-02
   15.9995375       6.27600029E-02
   16.0162029       6.18899986E-02
   16.0328693       6.10200018E-02
   16.0495358       6.01599999E-02
   16.0662022       5.93000017E-02
   16.0828686       5.84600009E-02
   16.0995350       5.76100014E-02
   16.1162014       5.67700006E-02
   16.1328678       5.59399985E-02
   16.1495342       5.51100001E-02
   16.1662006       5.42900003E-02
   16.1828671       5.34700006E-02
   16.1995335       5.26599996E-02
   16.2161999       5.18600009E-02
   16.2328663       5.10599986E-02
   16.2495327       5.02699986E-02
   16.2661991       4.94900011E-02
   16.2828655       4.87099998E-02
   16.2995319       4.79299985E-02
   16.3161983       4.71599996E-02
   16.3328648       4.63999994E-02
   16.3495312       4.56500016E-02
   16.3661976       4.49000001E-02
   16.3828640       4.41600010E-02
   16.3995304       4.34300005E-02
   16.4161968       4.27000001E-02
   16.4328632       4.19799984E-02
   16.4495296       4.12600003E-02
   16.4661961       4.05500010E-02
   16.4828625       3.98500003E-02
   16.4995289       3.91599983E-02
   16.5161953       3.84700000E-02
   16.5328617       3.77900004E-02
   16.5495281       3.71199995E-02
   16.5661945       3.64499986E-02
   16.5828609       3.57900001E-02
   16.5995274       3.51300016E-02
   16.6161938       3.44900005E-02
   16.6328602       3.38499993E-02
   16.6495266       3.32099982E-02
   16.6661930       3.25900018E-02
   16.6828594       3.19700018E-02
   16.6995258       3.13600004E-02
   16.7161922       3.07500008E-02
   16.7328587       3.01500000E-02
   16.7495251       2.95599997E-02
   16.7661915       2.89799999E-02
   16.7828579       2.84000002E-02
   16.7995243       2.78299991E-02
   16.8161907       2.72700004E-02
   16.8328571       2.67200004E-02
   16.8495235       2.61700004E-02
   16.8661900       2.56299991E-02
   16.8828564       2.50899997E-02
   16.8995228       2.45600007E-02
   16.9161892       2.40400005E-02
   16.9328556       2.35300008E-02
   16.9495220       2.30199993E-02
   16.9661884       2.25200001E-02
   16.9828548       2.20299996E-02
   16.9995213       2.15399992E-02
   17.0161877       2.10699998E-02
   17.0328541       2.05899999E-02
   17.0495205       2.01299991E-02
   17.0661869       1.96700003E-02
   17.0828533       1.92200001E-02
   17.0995197       1.87700000E-02
   17.1161861       1.83400009E-02
   17.1328526       1.78999994E-02
   17.1495190       1.74800009E-02
   17.1661854       1.70600004E-02
   17.1828518       1.66500006E-02
   17.1995182       1.62400007E-02
   17.2161846       1.58500001E-02
   17.2328510       1.54499998E-02
   17.2495174       1.50699997E-02
   17.2661839       1.46899996E-02
   17.2828503       1.43200001E-02
   17.2995167       1.39499996E-02
   17.3161831       1.35899996E-02
   17.3328495       1.32400002E-02
   17.3495159       1.28899999E-02
   17.3661823       1.25500001E-02
   17.3828487       1.22100003E-02
   17.3995152       1.18800001E-02
   17.4161816       1.15599995E-02
   17.4328480       1.12399999E-02
   17.4495144       1.09299999E-02
   17.4661808       1.06199998E-02
   17.4828472       1.03200004E-02
   17.4995136       1.00299995E-02
   17.5161800       9.73900035E-03
   17.5328465       9.45600029E-03
   17.5495129       9.17799957E-03
   17.5661793       8.90500005E-03
   17.5828457       8.63900036E-03
   17.5995121       8.37699976E-03
   17.6161785       8.12099967E-03
   17.6328449       7.86899962E-03
   17.6495113       7.62300007E-03
   17.6661777       7.38199987E-03
   17.6828442       7.14700017E-03
   17.6995106       6.91600004E-03
   17.7161770       6.69000018E-03
   17.7328434       6.46900013E-03
   17.7495098       6.25200011E-03
   17.7661762       6.04100013E-03
   17.7828426       5.83400019E-03
   17.7995090       5.63099980E-03
   17.8161755       5.43300016E-03
   17.8328419       5.23999985E-03
   17.8495083       5.05100004E-03
   17.8661747       4.86700004E-03
   17.8828411       4.68599983E-03
   17.8995075       4.50999988E-03
   17.9161739       4.33799997E-03
   17.9328403       4.17000009E-03
   17.9495068       4.00599977E-03
   17.9661732       3.84599995E-03
   17.9828396       3.68999992E-03
   17.9995060       3.53799993E-03
   18.0161724       3.38999997E-03
   18.0328388       3.24500003E-03
   18.0495052       3.10499989E-03
   18.0661716       2.96800002E-03
   18.0828381       2.83399993E-03
   18.0995045       2.70400010E-03
   18.1161709       2.57700006E-03
   18.1328373       2.45400006E-03
   18.1495037       2.33500008E-03
   18.1661701       2.21799989E-03
   18.1828365       2.10499996E-03
   18.1995029       1.99500006E-03
   18.2161694       1.88800006E-03
   18.2328358       1.78499997E-03
   18.2495022       1.68500002E-03
   18.2661686       1.58799998E-03
   18.2828350       1.49399997E-03
   18.2995014       1.40199997E-03
   18.3161678       1.31399999E-03
   18.3328342       1.23000005E-03
   18.3495007       1.14700000E-03
   18.3661671       1.06799998E-03
   18.3828335       9.92299989E-04
   18.3994999       9.19200014E-04
   18.4161663       8.49000004E-04
   18.4328327       7.82000017E-04
   18.4494991       7.17799994E-04
   18.4661655       6.56699995E-04
   18.4828320       5.98700019E-04
   18.4994984       5.44000010E-04
   18.5161648       4.92900028E-04
   18.5328312       4.44500009E-04
   18.5494976       3.88699991E-04
   18.5661640       3.42799991E-04
   18.5828304       3.04899993E-04
   18.5994968       2.73699989E-04
   18.6161633       2.33900006E-04
   18.6328297       2.07799996E-04
   18.6494961       1.76100002E-04
   18.6661625       1.49700005E-04
   18.6828289       1.26800005E-04
   18.6994953       1.06799998E-04
   18.7161617       8.93699980E-05
   18.7328281       7.43799974E-05
   18.7494946       6.18499980E-05
   18.7661610       4.94599990E-05
   18.7828274       4.05899991E-05
   18.7994938       3.20399995E-05
   18.8161602       2.52200007E-05
   18.8328266       1.97200006E-05
   18.8494930       1.52299999E-05
   18.8661594       1.16000001E-05
   18.8828259       8.72199962E-06
   18.8994923       6.48900004E-06
   18.9161587       4.64400000E-06
   18.9328251       3.27699991E-06
   18.9494915       2.18600007E-06
   18.9661579       1.39999997E-06
   18.9828243       8.47100011E-07
   18.9994907       4.77100002E-07
   19.0161572       2.57900012E-07
   19.0328236       1.29100002E-07
   19.0494900       5.52199992E-08
   19.0661564       1.68900005E-08
   19.0828228       2.55899990E-09
   19.0994892       6.14499979E-11
   19.1161556       1.45300005E-13
   19.1328220       2.09599997E-16
   19.1494884       6.56399999E-20
   19.1661549       2.22200004E-25
   19.1828213       0.00000000    
   19.1994877       0.00000000    
   19.2161541       0.00000000    
   19.2328205       0.00000000    
   19.2494869       0.00000000    
   19.2661533       0.00000000    
   19.2828197       0.00000000    
   19.2994862       0.00000000    
   19.3161526       0.00000000    
   19.3328190       0.00000000    
   19.3494854       0.00000000    
   19.3661518       0.00000000    
   19.3828182       0.00000000    
   19.3994846       0.00000000    
   19.4161510       0.00000000    
   19.4328175       0.00000000    
   19.4494839       0.00000000    
   19.4661503       0.00000000    
   19.4828167       0.00000000    
   19.4994831       0.00000000    
   19.5161495       0.00000000    
   19.5328159       0.00000000    
   19.5494823       0.00000000    
   19.5661488       0.00000000    
   19.5828152       0.00000000    
   19.5994816       0.00000000    
   19.6161480       0.00000000    
   19.6328144       0.00000000    
   19.6494808       0.00000000    
   19.6661472       0.00000000    
   19.6828136       0.00000000    
   19.6994801       0.00000000    
   19.7161465       0.00000000    
   19.7328129       0.00000000    
   19.7494793       0.00000000    
   19.7661457       0.00000000    
   19.7828121       0.00000000    
   19.7994785       0.00000000    
   19.8161449       0.00000000    
   19.8328114       0.00000000    
   19.8494778       0.00000000    
   19.8661442       0.00000000    
   19.8828106       0.00000000    
   19.8994770       0.00000000    
   19.9161434       0.00000000    
   19.9328098       0.00000000    
   19.9494762       0.00000000    
   19.9661427       0.00000000    
   19.9828091       0.00000000    
   19.9994755       0.00000000    
   20.0161419       0.00000000    
   20.0328083       0.00000000    
   20.0494747       0.00000000    
   20.0661411       0.00000000    
   20.0828075       0.00000000    
   20.0994740       0.00000000    
   20.1161404       0.00000000    
   20.1328068       0.00000000    
   20.1494732       0.00000000    
   20.1661396       0.00000000    
   20.1828060       0.00000000    
   20.1994724       0.00000000    
   20.2161388       0.00000000    
   20.2328053       0.00000000    
   20.2494717       0.00000000    
   20.2661381       0.00000000    
   20.2828045       0.00000000    
   20.2994709       0.00000000    
   20.3161373       0.00000000    
   20.3328037       0.00000000    
   20.3494701       0.00000000    
   20.3661366       0.00000000    
   20.3828030       0.00000000    
   20.3994694       0.00000000    
   20.4161358       0.00000000    
   20.4328022       0.00000000    
   20.4494686       0.00000000    
   20.4661350       0.00000000    
   20.4828014       0.00000000    
   20.4994678       0.00000000    
   20.5161343       0.00000000    
   20.5328007       0.00000000    
   20.5494671       0.00000000    
   20.5661335       0.00000000    
   20.5827999       0.00000000    
   20.5994663       0.00000000    
   20.6161327       0.00000000    
   20.6327991       0.00000000    
   20.6494656       0.00000000    
   20.6661320       0.00000000    
   20.6827984       0.00000000    
   20.6994648       0.00000000    
   20.7161312       0.00000000    
   20.7327976       0.00000000    
   20.7494640       0.00000000    
   20.7661304       0.00000000    
   20.7827969       0.00000000    
   20.7994633       0.00000000    
   20.8161297       0.00000000    
   20.8327961       0.00000000    
   20.8494625       0.00000000    
   20.8661289       0.00000000    
   20.8827953       0.00000000    
   20.8994617       0.00000000    
   20.9161282       0.00000000    
   20.9327946       0.00000000    
   20.9494610       0.00000000    
   20.9661274       0.00000000    
   20.9827938       0.00000000    
   20.9994602       0.00000000    
   21.0161266       0.00000000    
   21.0327930       0.00000000    
   21.0494595       0.00000000    
   21.0661259       0.00000000    
   21.0827923       0.00000000    
   21.0994587       0.00000000    
   21.1161251       0.00000000    
   21.1327915       0.00000000    
   21.1494579       0.00000000    
   21.1661243       0.00000000    
   21.1827908       0.00000000    
   21.1994572       0.00000000    
   21.2161236       0.00000000    
   21.2327900       0.00000000    
   21.2494564       0.00000000    
   21.2661228       0.00000000    
   21.2827892       0.00000000    
   21.2994556       0.00000000    
   21.3161221       0.00000000    
   21.3327885       0.00000000    
   21.3494549       0.00000000    
   21.3661213       0.00000000    
   21.3827877       0.00000000    
   21.3994541       0.00000000    
   21.4161205       0.00000000    
   21.4327869       0.00000000    
   21.4494534       0.00000000    
   21.4661198       0.00000000    
   21.4827862       0.00000000    
   21.4994526       0.00000000    
   21.5161190       0.00000000    
   21.5327854       0.00000000    
   21.5494518       0.00000000    
   21.5661182       0.00000000    
   21.5827847       0.00000000    
   21.5994511       0.00000000    
   21.6161175       0.00000000    
   21.6327839       0.00000000    
   21.6494503       0.00000000    
   21.6661167       0.00000000    
   21.6827831       0.00000000    
   21.6994495       0.00000000    
   21.7161160       0.00000000    
   21.7327824       0.00000000    
   21.7494488       0.00000000    
   21.7661152       0.00000000    
   21.7827816       0.00000000    
   21.7994480       0.00000000    
   21.8161144       0.00000000    
   21.8327808       0.00000000    
   21.8494473       0.00000000    
   21.8661137       0.00000000    
   21.8827801       0.00000000    
   21.8994465       0.00000000    
   21.9161129       0.00000000    
   21.9327793       0.00000000    
   21.9494457       0.00000000    
   21.9661121       0.00000000    
   21.9827785       0.00000000    
   21.9994450       0.00000000    
   22.0161114       0.00000000    
   22.0327778       0.00000000    
   22.0494442       0.00000000    
   22.0661106       0.00000000    
   22.0827770       0.00000000    
   22.0994434       0.00000000    
   22.1161098       0.00000000    
   22.1327763       0.00000000    
   22.1494427       0.00000000    
   22.1661091       0.00000000    
   22.1827755       0.00000000    
   22.1994419       0.00000000    
   22.2161083       0.00000000    
   22.2327747       0.00000000    
   22.2494411       0.00000000    
   22.2661076       0.00000000    
   22.2827740       0.00000000    
   22.2994404       0.00000000    
   22.3161068       0.00000000    
   22.3327732       0.00000000    
   22.3494396       0.00000000    
   22.3661060       0.00000000    
   22.3827724       0.00000000    
   22.3994389       0.00000000    
   22.4161053       0.00000000    
   22.4327717       0.00000000    
   22.4494381       0.00000000    
   22.4661045       0.00000000    
   22.4827709       0.00000000    
   22.4994373       0.00000000    
   22.5161037       0.00000000    
   22.5327702       0.00000000    
   22.5494366       0.00000000    
   22.5661030       0.00000000    
   22.5827694       0.00000000    
   22.5994358       0.00000000    
   22.6161022       0.00000000    
   22.6327686       0.00000000    
   22.6494350       0.00000000    
   22.6661015       0.00000000    
   22.6827679       0.00000000    
   22.6994343       0.00000000    
   22.7161007       0.00000000    
   22.7327671       0.00000000    
   22.7494335       0.00000000    
   22.7660999       0.00000000    
   22.7827663       0.00000000    
   22.7994328       0.00000000    
   22.8160992       0.00000000    
   22.8327656       0.00000000    
   22.8494320       0.00000000    
   22.8660984       0.00000000    
   22.8827648       0.00000000    
   22.8994312       0.00000000    
   22.9160976       0.00000000    
   22.9327641       0.00000000    
   22.9494305       0.00000000    
   22.9660969       0.00000000    
   22.9827633       0.00000000    
   22.9994297       0.00000000    
   23.0160961       0.00000000    
   23.0327625       0.00000000    
   23.0494289       0.00000000    
   23.0660954       0.00000000    
   23.0827618       0.00000000    
   23.0994282       0.00000000    
   23.1160946       0.00000000    
   23.1327610       0.00000000    
   23.1494274       0.00000000    
   23.1660938       0.00000000    
   23.1827602       0.00000000    
   23.1994267       0.00000000    
   23.2160931       0.00000000    
   23.2327595       0.00000000    
   23.2494259       0.00000000    
   23.2660923       0.00000000    
   23.2827587       0.00000000    
   23.2994251       0.00000000    
   23.3160915       0.00000000    
   23.3327579       0.00000000    
   23.3494244       0.00000000    
   23.3660908       0.00000000    
   23.3827572       0.00000000    
   23.3994236       0.00000000    
   23.4160900       0.00000000    
   23.4327564       0.00000000    
   23.4494228       0.00000000    
   23.4660892       0.00000000    
   23.4827557       0.00000000    
   23.4994221       0.00000000    
   23.5160885       0.00000000    
   23.5327549       0.00000000    
   23.5494213       0.00000000    
   23.5660877       0.00000000    
   23.5827541       0.00000000    
   23.5994205       0.00000000    
   23.6160870       0.00000000    
   23.6327534       0.00000000    
   23.6494198       0.00000000    
   23.6660862       0.00000000    
   23.6827526       0.00000000    
   23.6994190       0.00000000    
   23.7160854       0.00000000    
   23.7327518       0.00000000    
   23.7494183       0.00000000    
   23.7660847       0.00000000    
   23.7827511       0.00000000    
   23.7994175       0.00000000    
   23.8160839       0.00000000    
   23.8327503       0.00000000    
   23.8494167       0.00000000    
   23.8660831       0.00000000    
   23.8827496       0.00000000    
   23.8994160       0.00000000    
   23.9160824       0.00000000    
   23.9327488       0.00000000    
   23.9494152       0.00000000    
   23.9660816       0.00000000    
   23.9827480       0.00000000    
