   0.00000000       0.00000000    
   1.66660007E-02   0.00000000    
   3.33320014E-02   0.00000000    
   4.99980003E-02   0.00000000    
   6.66640028E-02   0.00000000    
   8.33300054E-02   0.00000000    
   9.99960080E-02   0.00000000    
  0.116662011       0.00000000    
  0.133328006       0.00000000    
  0.149994001       0.00000000    
  0.166659996       0.00000000    
  0.183325991       0.00000000    
  0.199991986       0.00000000    
  0.216657981       0.00000000    
  0.233323976       0.00000000    
  0.249989972       0.00000000    
  0.266655982       0.00000000    
  0.283321977       0.00000000    
  0.299987972       0.00000000    
  0.316653967       0.00000000    
  0.333319962       0.00000000    
  0.349985957       0.00000000    
  0.366651952       0.00000000    
  0.383317947       0.00000000    
  0.399983943       0.00000000    
  0.416649938       0.00000000    
  0.433315933       0.00000000    
  0.449981928       0.00000000    
  0.466647923       0.00000000    
  0.483313918       0.00000000    
  0.499979913       0.00000000    
  0.516645908       0.00000000    
  0.533311903       0.00000000    
  0.549977899       0.00000000    
  0.566643894       0.00000000    
  0.583309889       0.00000000    
  0.599975884       0.00000000    
  0.616641879       0.00000000    
  0.633307874       0.00000000    
  0.649973869       0.00000000    
  0.666639864       0.00000000    
  0.683305860       0.00000000    
  0.699971855       0.00000000    
  0.716637850       0.00000000    
  0.733303845       0.00000000    
  0.749969840       0.00000000    
  0.766635835       0.00000000    
  0.783301830       0.00000000    
  0.799967825       0.00000000    
  0.816633821       0.00000000    
  0.833299816       0.00000000    
  0.849965811       0.00000000    
  0.866631806       0.00000000    
  0.883297801       0.00000000    
  0.899963796       0.00000000    
  0.916629791       0.00000000    
  0.933295786       0.00000000    
  0.949961782       0.00000000    
  0.966627777       0.00000000    
  0.983293772       0.00000000    
  0.999959767       0.00000000    
   1.01662576       0.00000000    
   1.03329182       0.00000000    
   1.04995787       0.00000000    
   1.06662393       0.00000000    
   1.08328998       0.00000000    
   1.09995604       0.00000000    
   1.11662209       0.00000000    
   1.13328815       0.00000000    
   1.14995420       0.00000000    
   1.16662025       0.00000000    
   1.18328631       0.00000000    
   1.19995236       0.00000000    
   1.21661842       0.00000000    
   1.23328447       0.00000000    
   1.24995053       0.00000000    
   1.26661658       0.00000000    
   1.28328264       0.00000000    
   1.29994869       0.00000000    
   1.31661475       0.00000000    
   1.33328080       0.00000000    
   1.34994686       0.00000000    
   1.36661291       0.00000000    
   1.38327897       0.00000000    
   1.39994502       0.00000000    
   1.41661108       0.00000000    
   1.43327713       0.00000000    
   1.44994318       0.00000000    
   1.46660924       0.00000000    
   1.48327529       0.00000000    
   1.49994135       0.00000000    
   1.51660740       0.00000000    
   1.53327346       0.00000000    
   1.54993951       0.00000000    
   1.56660557       0.00000000    
   1.58327162       0.00000000    
   1.59993768       0.00000000    
   1.61660373       0.00000000    
   1.63326979       0.00000000    
   1.64993584       0.00000000    
   1.66660190       0.00000000    
   1.68326795       0.00000000    
   1.69993401       0.00000000    
   1.71660006       0.00000000    
   1.73326612       0.00000000    
   1.74993217       0.00000000    
   1.76659822       0.00000000    
   1.78326428       0.00000000    
   1.79993033       0.00000000    
   1.81659639       0.00000000    
   1.83326244       0.00000000    
   1.84992850       0.00000000    
   1.86659455       0.00000000    
   1.88326061       0.00000000    
   1.89992666       0.00000000    
   1.91659272       0.00000000    
   1.93325877       0.00000000    
   1.94992483       0.00000000    
   1.96659088       0.00000000    
   1.98325694       0.00000000    
   1.99992299       0.00000000    
   2.01658893       0.00000000    
   2.03325486       0.00000000    
   2.04992080       0.00000000    
   2.06658673       0.00000000    
   2.08325267       0.00000000    
   2.09991860       0.00000000    
   2.11658454       0.00000000    
   2.13325047       0.00000000    
   2.14991641       0.00000000    
   2.16658235       0.00000000    
   2.18324828       0.00000000    
   2.19991422       0.00000000    
   2.21658015       0.00000000    
   2.23324609       0.00000000    
   2.24991202       0.00000000    
   2.26657796       0.00000000    
   2.28324389       0.00000000    
   2.29990983       0.00000000    
   2.31657577       0.00000000    
   2.33324170       0.00000000    
   2.34990764       0.00000000    
   2.36657357       0.00000000    
   2.38323951       0.00000000    
   2.39990544       0.00000000    
   2.41657138       0.00000000    
   2.43323731       0.00000000    
   2.44990325       0.00000000    
   2.46656919       0.00000000    
   2.48323512       0.00000000    
   2.49990106       0.00000000    
   2.51656699       0.00000000    
   2.53323293       0.00000000    
   2.54989886       0.00000000    
   2.56656480       0.00000000    
   2.58323073       0.00000000    
   2.59989667       0.00000000    
   2.61656260       0.00000000    
   2.63322854       0.00000000    
   2.64989448       0.00000000    
   2.66656041       0.00000000    
   2.68322635       0.00000000    
   2.69989228       0.00000000    
   2.71655822       0.00000000    
   2.73322415       0.00000000    
   2.74989009       0.00000000    
   2.76655602       0.00000000    
   2.78322196       0.00000000    
   2.79988790       0.00000000    
   2.81655383       0.00000000    
   2.83321977       0.00000000    
   2.84988570       0.00000000    
   2.86655164       0.00000000    
   2.88321757       0.00000000    
   2.89988351       0.00000000    
   2.91654944       0.00000000    
   2.93321538       0.00000000    
   2.94988132       0.00000000    
   2.96654725       0.00000000    
   2.98321319       0.00000000    
   2.99987912       0.00000000    
   3.01654506       0.00000000    
   3.03321099       0.00000000    
   3.04987693       0.00000000    
   3.06654286       0.00000000    
   3.08320880       0.00000000    
   3.09987473       0.00000000    
   3.11654067       0.00000000    
   3.13320661       0.00000000    
   3.14987254       0.00000000    
   3.16653848       0.00000000    
   3.18320441       0.00000000    
   3.19987035       0.00000000    
   3.21653628       0.00000000    
   3.23320222       0.00000000    
   3.24986815       0.00000000    
   3.26653409       0.00000000    
   3.28320003       0.00000000    
   3.29986596       0.00000000    
   3.31653190       0.00000000    
   3.33319783       0.00000000    
   3.34986377       0.00000000    
   3.36652970       0.00000000    
   3.38319564       0.00000000    
   3.39986157       0.00000000    
   3.41652751       0.00000000    
   3.43319345       0.00000000    
   3.44985938       0.00000000    
   3.46652532       0.00000000    
   3.48319125       0.00000000    
   3.49985719       0.00000000    
   3.51652312       0.00000000    
   3.53318906       0.00000000    
   3.54985499       0.00000000    
   3.56652093       0.00000000    
   3.58318686       0.00000000    
   3.59985280       0.00000000    
   3.61651874       0.00000000    
   3.63318467       0.00000000    
   3.64985061       0.00000000    
   3.66651654       0.00000000    
   3.68318248       0.00000000    
   3.69984841       0.00000000    
   3.71651435       0.00000000    
   3.73318028       0.00000000    
   3.74984622       0.00000000    
   3.76651216       0.00000000    
   3.78317809       0.00000000    
   3.79984403       0.00000000    
   3.81650996       0.00000000    
   3.83317590       0.00000000    
   3.84984183       0.00000000    
   3.86650777       0.00000000    
   3.88317370       0.00000000    
   3.89983964       0.00000000    
   3.91650558       0.00000000    
   3.93317151       0.00000000    
   3.94983745       0.00000000    
   3.96650338       0.00000000    
   3.98316932       0.00000000    
   3.99983525       0.00000000    
   4.01650143       0.00000000    
   4.03316736       0.00000000    
   4.04983330       0.00000000    
   4.06649923       0.00000000    
   4.08316517       0.00000000    
   4.09983110       0.00000000    
   4.11649704       0.00000000    
   4.13316298       0.00000000    
   4.14982891       0.00000000    
   4.16649485       0.00000000    
   4.18316078       0.00000000    
   4.19982672       0.00000000    
   4.21649265       0.00000000    
   4.23315859       0.00000000    
   4.24982452       0.00000000    
   4.26649046       0.00000000    
   4.28315639       0.00000000    
   4.29982233       0.00000000    
   4.31648827       0.00000000    
   4.33315420       0.00000000    
   4.34982014       0.00000000    
   4.36648607       0.00000000    
   4.38315201       0.00000000    
   4.39981794       0.00000000    
   4.41648388       0.00000000    
   4.43314981       0.00000000    
   4.44981575       0.00000000    
   4.46648169       0.00000000    
   4.48314762       0.00000000    
   4.49981356       0.00000000    
   4.51647949       0.00000000    
   4.53314543       0.00000000    
   4.54981136       0.00000000    
   4.56647730       0.00000000    
   4.58314323       0.00000000    
   4.59980917       0.00000000    
   4.61647511       0.00000000    
   4.63314104       0.00000000    
   4.64980698       0.00000000    
   4.66647291       0.00000000    
   4.68313885       0.00000000    
   4.69980478       0.00000000    
   4.71647072       0.00000000    
   4.73313665       0.00000000    
   4.74980259       0.00000000    
   4.76646852       0.00000000    
   4.78313446       0.00000000    
   4.79980040       0.00000000    
   4.81646633       0.00000000    
   4.83313227       0.00000000    
   4.84979820       0.00000000    
   4.86646414       0.00000000    
   4.88313007       0.00000000    
   4.89979601       0.00000000    
   4.91646194       0.00000000    
   4.93312788       0.00000000    
   4.94979382       0.00000000    
   4.96645975       0.00000000    
   4.98312569       0.00000000    
   4.99979162       0.00000000    
   5.01645756       0.00000000    
   5.03312349       0.00000000    
   5.04978943       0.00000000    
   5.06645536       0.00000000    
   5.08312130       0.00000000    
   5.09978724       0.00000000    
   5.11645317       0.00000000    
   5.13311911       0.00000000    
   5.14978504       0.00000000    
   5.16645098       0.00000000    
   5.18311691       0.00000000    
   5.19978285       0.00000000    
   5.21644878       0.00000000    
   5.23311472       0.00000000    
   5.24978065       0.00000000    
   5.26644659       0.00000000    
   5.28311253       0.00000000    
   5.29977846       0.00000000    
   5.31644440       0.00000000    
   5.33311033       0.00000000    
   5.34977627       0.00000000    
   5.36644220       0.00000000    
   5.38310814       0.00000000    
   5.39977407       0.00000000    
   5.41644001       0.00000000    
   5.43310595       0.00000000    
   5.44977188       0.00000000    
   5.46643782       0.00000000    
   5.48310375       0.00000000    
   5.49976969       0.00000000    
   5.51643562       0.00000000    
   5.53310156       0.00000000    
   5.54976749       0.00000000    
   5.56643343       0.00000000    
   5.58309937       0.00000000    
   5.59976530       0.00000000    
   5.61643124       0.00000000    
   5.63309717       0.00000000    
   5.64976311       0.00000000    
   5.66642904       0.00000000    
   5.68309498       0.00000000    
   5.69976091       0.00000000    
   5.71642685       0.00000000    
   5.73309278       0.00000000    
   5.74975872       0.00000000    
   5.76642466       0.00000000    
   5.78309059       0.00000000    
   5.79975653       0.00000000    
   5.81642246       0.00000000    
   5.83308840       0.00000000    
   5.84975433       0.00000000    
   5.86642027       0.00000000    
   5.88308620       0.00000000    
   5.89975214       0.00000000    
   5.91641808       0.00000000    
   5.93308401       0.00000000    
   5.94974995       0.00000000    
   5.96641588       0.00000000    
   5.98308182       0.00000000    
   5.99974775       0.00000000    
   6.01641369       0.00000000    
   6.03307962       0.00000000    
   6.04974556       0.00000000    
   6.06641150       0.00000000    
   6.08307743       0.00000000    
   6.09974337       0.00000000    
   6.11640930       0.00000000    
   6.13307524       0.00000000    
   6.14974117       0.00000000    
   6.16640711       0.00000000    
   6.18307304       0.00000000    
   6.19973898       0.00000000    
   6.21640491       0.00000000    
   6.23307085       0.00000000    
   6.24973679       0.00000000    
   6.26640272       0.00000000    
   6.28306866       0.00000000    
   6.29973459       0.00000000    
   6.31640053       0.00000000    
   6.33306646       0.00000000    
   6.34973240       0.00000000    
   6.36639833       0.00000000    
   6.38306427       0.00000000    
   6.39973021       0.00000000    
   6.41639614       0.00000000    
   6.43306208       0.00000000    
   6.44972801       0.00000000    
   6.46639395       0.00000000    
   6.48305988       0.00000000    
   6.49972582       0.00000000    
   6.51639175       0.00000000    
   6.53305769       0.00000000    
   6.54972363       0.00000000    
   6.56638956       0.00000000    
   6.58305550       0.00000000    
   6.59972143       0.00000000    
   6.61638737       1.83399997E-11
   6.63305330       6.20600016E-09
   6.64971924       4.00499999E-07
   6.66638517       5.50599998E-06
   6.68305111       2.88899992E-05
   6.69971704       8.83699977E-05
   6.71638298       1.90499995E-04
   6.73304892       3.47900001E-04
   6.74971485       5.82300010E-04
   6.76638079       9.22499981E-04
   6.78304672       1.39899994E-03
   6.79971266       2.05600006E-03
   6.81637859       2.95899995E-03
   6.83304453       4.19700006E-03
   6.84971046       5.73799992E-03
   6.86637640       7.86000025E-03
   6.88304234       1.04400003E-02
   6.89970827       1.38299996E-02
   6.91637421       1.82900000E-02
   6.93304014       2.39199996E-02
   6.94970608       3.06499992E-02
   6.96637201       3.88999991E-02
   6.98303795       4.93800007E-02
   6.99970388       6.27399981E-02
   7.01636982       7.74699971E-02
   7.03303576       9.69000012E-02
   7.04970169      0.117600001    
   7.06636763      0.142600000    
   7.08303356      0.172399998    
   7.09969950      0.206499994    
   7.11636543      0.242899999    
   7.13303137      0.283300012    
   7.14969730      0.330100000    
   7.16636324      0.386099994    
   7.18302917      0.434399992    
   7.19969511      0.502900004    
   7.21636105      0.558600008    
   7.23302698      0.624199986    
   7.24969292      0.701499999    
   7.26635885      0.792599976    
   7.28302479      0.875000000    
   7.29969072      0.959100008    
   7.31635666       1.04799998    
   7.33302259       1.14100003    
   7.34968853       1.23699999    
   7.36635447       1.33800006    
   7.38302040       1.44200003    
   7.39968634       1.54799998    
   7.41635227       1.65900004    
   7.43301821       1.77199996    
   7.44968414       1.88800001    
   7.46635008       2.00699997    
   7.48301601       2.12899995    
   7.49968195       2.25399995    
   7.51634789       2.38100004    
   7.53301382       2.51099992    
   7.54967976       2.64400005    
   7.56634569       2.77999997    
   7.58301163       2.91899991    
   7.59967756       3.05999994    
   7.61634350       3.20400000    
   7.63300943       3.34999990    
   7.64967537       3.50000000    
   7.66634130       3.65199995    
   7.68300724       3.80599999    
   7.69967318       3.96300006    
   7.71633911       4.12300014    
   7.73300505       4.28499985    
   7.74967098       4.44999981    
   7.76633692       4.61700010    
   7.78300285       4.78700018    
   7.79966879       4.95900011    
   7.81633472       5.13399982    
   7.83300066       5.30999994    
   7.84966660       5.48999977    
   7.86633253       5.67100000    
   7.88299847       5.85400009    
   7.89966440       6.03999996    
   7.91633034       6.22800016    
   7.93299627       6.41800022    
   7.94966221       6.61000013    
   7.96632814       6.80299997    
   7.98299408       6.99900007    
   7.99966002       7.19700003    
   8.01632595       7.39599991    
   8.03299236       7.59700012    
   8.04965878       7.80000019    
   8.06632519       8.00500011    
   8.08299160       8.21100044    
   8.09965801       8.41800022    
   8.11632442       8.62800026    
   8.13299084       8.83800030    
   8.14965725       9.05099964    
   8.16632366       9.26399994    
   8.18299007       9.47900009    
   8.19965649       9.69499969    
   8.21632290       9.91300011    
   8.23298931       10.1300001    
   8.24965572       10.3500004    
   8.26632214       10.5699997    
   8.28298855       10.7900000    
   8.29965496       11.0200005    
   8.31632137       11.2399998    
   8.33298779       11.4700003    
   8.34965420       11.6899996    
   8.36632061       11.9200001    
   8.38298702       12.1499996    
   8.39965343       12.3800001    
   8.41631985       12.6099997    
   8.43298626       12.8400002    
   8.44965267       13.0699997    
   8.46631908       13.3000002    
   8.48298550       13.5299997    
   8.49965191       13.7600002    
   8.51631832       14.0000000    
   8.53298473       14.2299995    
   8.54965115       14.4700003    
   8.56631756       14.6999998    
   8.58298397       14.9399996    
   8.59965038       15.1700001    
   8.61631680       15.4099998    
   8.63298321       15.6499996    
   8.64964962       15.8800001    
   8.66631603       16.1200008    
   8.68298244       16.3600006    
   8.69964886       16.6000004    
   8.71631527       16.8400002    
   8.73298168       17.0799999    
   8.74964809       17.3099995    
   8.76631451       17.5499992    
   8.78298092       17.7900009    
   8.79964733       18.0300007    
   8.81631374       18.2700005    
   8.83298016       18.5100002    
   8.84964657       18.7500000    
   8.86631298       18.9899998    
   8.88297939       19.2299995    
   8.89964581       19.4699993    
   8.91631222       19.7099991    
   8.93297863       19.9500008    
   8.94964504       20.1900005    
   8.96631145       20.4300003    
   8.98297787       20.6700001    
   8.99964428       20.9099998    
   9.01631069       21.1499996    
   9.03297710       21.3899994    
   9.04964352       21.6299992    
   9.06630993       21.8700008    
   9.08297634       22.1100006    
   9.09964275       22.3400002    
   9.11630917       22.5799999    
   9.13297558       22.8199997    
   9.14964199       23.0599995    
   9.16630840       23.2999992    
   9.18297482       23.5300007    
   9.19964123       23.7700005    
   9.21630764       24.0100002    
   9.23297405       24.2399998    
   9.24964046       24.4799995    
   9.26630688       24.7099991    
   9.28297329       24.9500008    
   9.29963970       25.1800003    
   9.31630611       25.4200001    
   9.33297253       25.6499996    
   9.34963894       25.8899994    
   9.36630535       26.1200008    
   9.38297176       26.3500004    
   9.39963818       26.5799999    
   9.41630459       26.8199997    
   9.43297100       27.0499992    
   9.44963741       27.2800007    
   9.46630383       27.5100002    
   9.48297024       27.7399998    
   9.49963665       27.9699993    
   9.51630306       28.2000008    
   9.53296947       28.4200001    
   9.54963589       28.6499996    
   9.56630230       28.8799992    
   9.58296871       29.1000004    
   9.59963512       29.3299999    
   9.61630154       29.5599995    
   9.63296795       29.7800007    
   9.64963436       30.0000000    
   9.66630077       30.2299995    
   9.68296719       30.4500008    
   9.69963360       30.6700001    
   9.71630001       30.8899994    
   9.73296642       31.1100006    
   9.74963284       31.3299999    
   9.76629925       31.5499992    
   9.78296566       31.7700005    
   9.79963207       31.9899998    
   9.81629848       32.2000008    
   9.83296490       32.4199982    
   9.84963131       32.6399994    
   9.86629772       32.8499985    
   9.88296413       33.0600014    
   9.89963055       33.2799988    
   9.91629696       33.4900017    
   9.93296337       33.7000008    
   9.94962978       33.9099998    
   9.96629620       34.1199989    
   9.98296261       34.3300018    
   9.99962902       34.5400009    
   10.0162954       34.7400017    
   10.0329618       34.9500008    
   10.0496283       35.1599998    
   10.0662947       35.3600006    
   10.0829611       35.5600014    
   10.0996275       35.7700005    
   10.1162939       35.9700012    
   10.1329603       36.1699982    
   10.1496267       36.3699989    
   10.1662931       36.5699997    
   10.1829596       36.7700005    
   10.1996260       36.9700012    
   10.2162924       37.1599998    
   10.2329588       37.3600006    
   10.2496252       37.5499992    
   10.2662916       37.7500000    
   10.2829580       37.9399986    
   10.2996244       38.1300011    
   10.3162909       38.3199997    
   10.3329573       38.5099983    
   10.3496237       38.7000008    
   10.3662901       38.8899994    
   10.3829565       39.0699997    
   10.3996229       39.2599983    
   10.4162893       39.4399986    
   10.4329557       39.6300011    
   10.4496222       39.8100014    
   10.4662886       39.9900017    
   10.4829550       40.1699982    
   10.4996214       40.3499985    
   10.5162878       40.5299988    
   10.5329542       40.7099991    
   10.5496206       40.8899994    
   10.5662870       41.0600014    
   10.5829535       41.2299995    
   10.5996199       41.4099998    
   10.6162863       41.5800018    
   10.6329527       41.7500000    
   10.6496191       41.9199982    
   10.6662855       42.0900002    
   10.6829519       42.2599983    
   10.6996183       42.4199982    
   10.7162848       42.5900002    
   10.7329512       42.7500000    
   10.7496176       42.9199982    
   10.7662840       43.0800018    
   10.7829504       43.2400017    
   10.7996168       43.4000015    
   10.8162832       43.5600014    
   10.8329496       43.7099991    
   10.8496161       43.8699989    
   10.8662825       44.0299988    
   10.8829489       44.1800003    
   10.8996153       44.3300018    
   10.9162817       44.4799995    
   10.9329481       44.6300011    
   10.9496145       44.7799988    
   10.9662809       44.9300003    
   10.9829473       45.0800018    
   10.9996138       45.2200012    
   11.0162802       45.3699989    
   11.0329466       45.5099983    
   11.0496130       45.6500015    
   11.0662794       45.7999992    
   11.0829458       45.9300003    
   11.0996122       46.0699997    
   11.1162786       46.2099991    
   11.1329451       46.3499985    
   11.1496115       46.4799995    
   11.1662779       46.6100006    
   11.1829443       46.7500000    
   11.1996107       46.8800011    
   11.2162771       47.0099983    
   11.2329435       47.1399994    
   11.2496099       47.2599983    
   11.2662764       47.3899994    
   11.2829428       47.5099983    
   11.2996092       47.6399994    
   11.3162756       47.7599983    
   11.3329420       47.8800011    
   11.3496084       48.0000000    
   11.3662748       48.1199989    
   11.3829412       48.2299995    
   11.3996077       48.3499985    
   11.4162741       48.4599991    
   11.4329405       48.5800018    
   11.4496069       48.6899986    
   11.4662733       48.7999992    
   11.4829397       48.9099998    
   11.4996061       49.0200005    
   11.5162725       49.1199989    
   11.5329390       49.2299995    
   11.5496054       49.3300018    
   11.5662718       49.4300003    
   11.5829382       49.5400009    
   11.5996046       49.6399994    
   11.6162710       49.7299995    
   11.6329374       49.8300018    
   11.6496038       49.9300003    
   11.6662703       50.0200005    
   11.6829367       50.1199989    
   11.6996031       50.2099991    
   11.7162695       50.2999992    
   11.7329359       50.3899994    
   11.7496023       50.4700012    
   11.7662687       50.5600014    
   11.7829351       50.6500015    
   11.7996016       50.7299995    
   11.8162680       50.8100014    
   11.8329344       50.8899994    
   11.8496008       50.9700012    
   11.8662672       51.0499992    
   11.8829336       51.1300011    
   11.8996000       51.2000008    
   11.9162664       51.2799988    
   11.9329329       51.3499985    
   11.9495993       51.4199982    
   11.9662657       51.4900017    
   11.9829321       51.5600014    
   11.9995985       51.6300011    
   12.0162649       51.6899986    
   12.0329313       51.7599983    
   12.0495977       51.8199997    
   12.0662642       51.8800011    
   12.0829306       51.9399986    
   12.0995970       52.0000000    
   12.1162634       52.0600014    
   12.1329298       52.1199989    
   12.1495962       52.1699982    
   12.1662626       52.2299995    
   12.1829290       52.2799988    
   12.1995955       52.3300018    
   12.2162619       52.3800011    
   12.2329283       52.4300003    
   12.2495947       52.4700012    
   12.2662611       52.5200005    
   12.2829275       52.5600014    
   12.2995939       52.5999985    
   12.3162603       52.6399994    
   12.3329268       52.6800003    
   12.3495932       52.7200012    
   12.3662596       52.7599983    
   12.3829260       52.7900009    
   12.3995924       52.8300018    
   12.4162588       52.8600006    
   12.4329252       52.8899994    
   12.4495916       52.9199982    
   12.4662580       52.9500008    
   12.4829245       52.9700012    
   12.4995909       53.0000000    
   12.5162573       53.0200005    
   12.5329237       53.0499992    
   12.5495901       53.0699997    
   12.5662565       53.0800018    
   12.5829229       53.0999985    
   12.5995893       53.1199989    
   12.6162558       53.1399994    
   12.6329222       53.1500015    
   12.6495886       53.1599998    
   12.6662550       53.1699982    
   12.6829214       53.1800003    
   12.6995878       53.1899986    
   12.7162542       53.2000008    
   12.7329206       53.2000008    
   12.7495871       53.2099991    
   12.7662535       53.2099991    
   12.7829199       53.2099991    
   12.7995863       53.2099991    
   12.8162527       53.2099991    
   12.8329191       53.2000008    
   12.8495855       53.2000008    
   12.8662519       53.1899986    
   12.8829184       53.1899986    
   12.8995848       53.1800003    
   12.9162512       53.1699982    
   12.9329176       53.1599998    
   12.9495840       53.1399994    
   12.9662504       53.1300011    
   12.9829168       53.1100006    
   12.9995832       53.0900002    
   13.0162497       53.0699997    
   13.0329161       53.0499992    
   13.0495825       53.0299988    
   13.0662489       53.0099983    
   13.0829153       52.9900017    
   13.0995817       52.9599991    
   13.1162481       52.9300003    
   13.1329145       52.9000015    
   13.1495810       52.8699989    
   13.1662474       52.8400002    
   13.1829138       52.8100014    
   13.1995802       52.7700005    
   13.2162466       52.7400017    
   13.2329130       52.7000008    
   13.2495794       52.6599998    
   13.2662458       52.6199989    
   13.2829123       52.5800018    
   13.2995787       52.5400009    
   13.3162451       52.4900017    
   13.3329115       52.4500008    
   13.3495779       52.4000015    
   13.3662443       52.3499985    
   13.3829107       52.2999992    
   13.3995771       52.2500000    
   13.4162436       52.2000008    
   13.4329100       52.1399994    
   13.4495764       52.0900002    
   13.4662428       52.0299988    
   13.4829092       51.9700012    
   13.4995756       51.9099998    
   13.5162420       51.8499985    
   13.5329084       51.7900009    
   13.5495749       51.7200012    
   13.5662413       51.6599998    
   13.5829077       51.5900002    
   13.5995741       51.5200005    
   13.6162405       51.4500008    
   13.6329069       51.3800011    
   13.6495733       51.3100014    
   13.6662397       51.2400017    
   13.6829062       51.1599998    
   13.6995726       51.0900002    
   13.7162390       51.0099983    
   13.7329054       50.9300003    
   13.7495718       50.8499985    
   13.7662382       50.7700005    
   13.7829046       50.6800003    
   13.7995710       50.5999985    
   13.8162374       50.5099983    
   13.8329039       50.4300003    
   13.8495703       50.3400002    
   13.8662367       50.2500000    
   13.8829031       50.1500015    
   13.8995695       50.0600014    
   13.9162359       49.9700012    
   13.9329023       49.8699989    
   13.9495687       49.7799988    
   13.9662352       49.6800003    
   13.9829016       49.5800018    
   13.9995680       49.4799995    
   14.0162344       49.3800011    
   14.0329008       49.2700005    
   14.0495672       49.1699982    
   14.0662336       49.0600014    
   14.0829000       48.9599991    
   14.0995665       48.8499985    
   14.1162329       48.7400017    
   14.1328993       48.6300011    
   14.1495657       48.5099983    
   14.1662321       48.4000015    
   14.1828985       48.2799988    
   14.1995649       48.1699982    
   14.2162313       48.0499992    
   14.2328978       47.9300003    
   14.2495642       47.8100014    
   14.2662306       47.6899986    
   14.2828970       47.5699997    
   14.2995634       47.4399986    
   14.3162298       47.3199997    
   14.3328962       47.1899986    
   14.3495626       47.0600014    
   14.3662291       46.9300003    
   14.3828955       46.7999992    
   14.3995619       46.6699982    
   14.4162283       46.5400009    
   14.4328947       46.4000015    
   14.4495611       46.2700005    
   14.4662275       46.1300011    
   14.4828939       46.0000000    
   14.4995604       45.8600006    
   14.5162268       45.7200012    
   14.5328932       45.5699997    
   14.5495596       45.4300003    
   14.5662260       45.2900009    
   14.5828924       45.1399994    
   14.5995588       45.0000000    
   14.6162252       44.8499985    
   14.6328917       44.7000008    
   14.6495581       44.5499992    
   14.6662245       44.4000015    
   14.6828909       44.2500000    
   14.6995573       44.0900002    
   14.7162237       43.9399986    
   14.7328901       43.7799988    
   14.7495565       43.6300011    
   14.7662230       43.4700012    
   14.7828894       43.3100014    
   14.7995558       43.1500015    
   14.8162222       42.9900017    
   14.8328886       42.8199997    
   14.8495550       42.6599998    
   14.8662214       42.5000000    
   14.8828878       42.3300018    
   14.8995543       42.1599998    
   14.9162207       41.9900017    
   14.9328871       41.8199997    
   14.9495535       41.6500015    
   14.9662199       41.4799995    
   14.9828863       41.3100014    
   14.9995527       41.1399994    
   15.0162191       40.9599991    
   15.0328856       40.7900009    
   15.0495520       40.6100006    
   15.0662184       40.4300003    
   15.0828848       40.2500000    
   15.0995512       40.0699997    
   15.1162176       39.8899994    
   15.1328840       39.7099991    
   15.1495504       39.5299988    
   15.1662169       39.3400002    
   15.1828833       39.1599998    
   15.1995497       38.9700012    
   15.2162161       38.7799988    
   15.2328825       38.5900002    
   15.2495489       38.4000015    
   15.2662153       38.2099991    
   15.2828817       38.0200005    
   15.2995481       37.8300018    
   15.3162146       37.6399994    
   15.3328810       37.4399986    
   15.3495474       37.2500000    
   15.3662138       37.0499992    
   15.3828802       36.8499985    
   15.3995466       36.6599998    
   15.4162130       36.4599991    
   15.4328794       36.2599983    
   15.4495459       36.0600014    
   15.4662123       35.8600006    
   15.4828787       35.6500015    
   15.4995451       35.4500008    
   15.5162115       35.2500000    
   15.5328779       35.0400009    
   15.5495443       34.8300018    
   15.5662107       34.6300011    
   15.5828772       34.4199982    
   15.5995436       34.2099991    
   15.6162100       34.0000000    
   15.6328764       33.7900009    
   15.6495428       33.5800018    
   15.6662092       33.3699989    
   15.6828756       33.1599998    
   15.6995420       32.9399986    
   15.7162085       32.7299995    
   15.7328749       32.5099983    
   15.7495413       32.2999992    
   15.7662077       32.0800018    
   15.7828741       31.8600006    
   15.7995405       31.6499996    
   15.8162069       31.4300003    
   15.8328733       31.2099991    
   15.8495398       30.9899998    
   15.8662062       30.7700005    
   15.8828726       30.5400009    
   15.8995390       30.3199997    
   15.9162054       30.1000004    
   15.9328718       29.8799992    
   15.9495382       29.6499996    
   15.9662046       29.4300003    
   15.9828711       29.2000008    
   15.9995375       28.9799995    
   16.0162029       28.7500000    
   16.0328693       28.5200005    
   16.0495358       28.2900009    
   16.0662022       28.0699997    
   16.0828686       27.8400002    
   16.0995350       27.6100006    
   16.1162014       27.3799992    
   16.1328678       27.1499996    
   16.1495342       26.9200001    
   16.1662006       26.6800003    
   16.1828671       26.4500008    
   16.1995335       26.2199993    
   16.2161999       25.9899998    
   16.2328663       25.7500000    
   16.2495327       25.5200005    
   16.2661991       25.2900009    
   16.2828655       25.0499992    
   16.2995319       24.8199997    
   16.3161983       24.5799999    
   16.3328648       24.3400002    
   16.3495312       24.1100006    
   16.3661976       23.8700008    
   16.3828640       23.6299992    
   16.3995304       23.3999996    
   16.4161968       23.1599998    
   16.4328632       22.9200001    
   16.4495296       22.6800003    
   16.4661961       22.4500008    
   16.4828625       22.2099991    
   16.4995289       21.9699993    
   16.5161953       21.7299995    
   16.5328617       21.4899998    
   16.5495281       21.2500000    
   16.5661945       21.0100002    
   16.5828609       20.7700005    
   16.5995274       20.5300007    
   16.6161938       20.2900009    
   16.6328602       20.0499992    
   16.6495266       19.8099995    
   16.6661930       19.5699997    
   16.6828594       19.3299999    
   16.6995258       19.0900002    
   16.7161922       18.8500004    
   16.7328587       18.6100006    
   16.7495251       18.3700008    
   16.7661915       18.1299992    
   16.7828579       17.8999996    
   16.7995243       17.6599998    
   16.8161907       17.4200001    
   16.8328571       17.1800003    
   16.8495235       16.9400005    
   16.8661900       16.7000008    
   16.8828564       16.4599991    
   16.8995228       16.2199993    
   16.9161892       15.9899998    
   16.9328556       15.7500000    
   16.9495220       15.5100002    
   16.9661884       15.2700005    
   16.9828548       15.0400000    
   16.9995213       14.8000002    
   17.0161877       14.5699997    
   17.0328541       14.3299999    
   17.0495205       14.1000004    
   17.0661869       13.8599997    
   17.0828533       13.6300001    
   17.0995197       13.3999996    
   17.1161861       13.1700001    
   17.1328526       12.9300003    
   17.1495190       12.6999998    
   17.1661854       12.4700003    
   17.1828518       12.2399998    
   17.1995182       12.0200005    
   17.2161846       11.7900000    
   17.2328510       11.5600004    
   17.2495174       11.3400002    
   17.2661839       11.1099997    
   17.2828503       10.8900003    
   17.2995167       10.6700001    
   17.3161831       10.4399996    
   17.3328495       10.2200003    
   17.3495159       10.0000000    
   17.3661823       9.78699970    
   17.3828487       9.56999969    
   17.3995152       9.35499954    
   17.4161816       9.14000034    
   17.4328480       8.92700005    
   17.4495144       8.71599960    
   17.4661808       8.50599957    
   17.4828472       8.29699993    
   17.4995136       8.09099960    
   17.5161800       7.88600016    
   17.5328465       7.68200016    
   17.5495129       7.48000002    
   17.5661793       7.28000021    
   17.5828457       7.08199978    
   17.5995121       6.88500023    
   17.6161785       6.69000006    
   17.6328449       6.49800014    
   17.6495113       6.30700016    
   17.6661777       6.11800003    
   17.6828442       5.93200016    
   17.6995106       5.74700022    
   17.7161770       5.56500006    
   17.7328434       5.38500023    
   17.7495098       5.20699978    
   17.7661762       5.03200006    
   17.7828426       4.85900021    
   17.7995090       4.68800020    
   17.8161755       4.51900005    
   17.8328419       4.35300016    
   17.8495083       4.19000006    
   17.8661747       4.03000021    
   17.8828411       3.87100005    
   17.8995075       3.71499991    
   17.9161739       3.56200004    
   17.9328403       3.41199994    
   17.9495068       3.26399994    
   17.9661732       3.11899996    
   17.9828396       2.97700000    
   17.9995060       2.83699989    
   18.0161724       2.70000005    
   18.0328388       2.56599998    
   18.0495052       2.43499994    
   18.0661716       2.30599999    
   18.0828381       2.18000007    
   18.0995045       2.05699992    
   18.1161709       1.93700004    
   18.1328373       1.81900001    
   18.1495037       1.70500004    
   18.1661701       1.59399998    
   18.1828365       1.48500001    
   18.1995029       1.38000000    
   18.2161694       1.27800000    
   18.2328358       1.17999995    
   18.2495022       1.08599997    
   18.2661686      0.995100021    
   18.2828350      0.908900023    
   18.2995014      0.827799976    
   18.3161678      0.736999989    
   18.3328342      0.654500008    
   18.3495007      0.584200025    
   18.3661671      0.524600029    
   18.3828335      0.460700005    
   18.3994999      0.404100001    
   18.4161663      0.349400014    
   18.4328327      0.307500005    
   18.4494991      0.260800004    
   18.4661655      0.220599994    
   18.4828320      0.185599998    
   18.4994984      0.155399993    
   18.5161648      0.129500002    
   18.5328312      0.104199998    
   18.5494976       8.50699991E-02
   18.5661640       6.80999979E-02
   18.5828304       5.46999983E-02
   18.5994968       4.29099984E-02
   18.6161633       3.36199999E-02
   18.6328297       2.61700004E-02
   18.6494961       2.01900005E-02
   18.6661625       1.54400002E-02
   18.6828289       1.17300004E-02
   18.6994953       8.86700023E-03
   18.7161617       6.50699995E-03
   18.7328281       4.78400011E-03
   18.7494946       3.40100005E-03
   18.7661610       2.39400007E-03
   18.7828274       1.65899994E-03
   18.7994938       1.10600004E-03
   18.8161602       7.13900023E-04
   18.8328266       4.35399998E-04
   18.8494930       2.45300005E-04
   18.8661594       1.22900004E-04
   18.8828259       4.75300003E-05
   18.8994923       1.17800000E-05
   18.9161587       1.28600004E-06
   18.9328251       4.16500008E-08
   18.9494915       2.66300010E-10
   18.9661579       2.01999997E-13
   18.9828243       0.00000000    
   18.9994907       0.00000000    
   19.0161572       0.00000000    
   19.0328236       0.00000000    
   19.0494900       0.00000000    
   19.0661564       0.00000000    
   19.0828228       0.00000000    
   19.0994892       0.00000000    
   19.1161556       0.00000000    
   19.1328220       0.00000000    
   19.1494884       0.00000000    
   19.1661549       0.00000000    
   19.1828213       0.00000000    
   19.1994877       0.00000000    
   19.2161541       0.00000000    
   19.2328205       0.00000000    
   19.2494869       0.00000000    
   19.2661533       0.00000000    
   19.2828197       0.00000000    
   19.2994862       0.00000000    
   19.3161526       0.00000000    
   19.3328190       0.00000000    
   19.3494854       0.00000000    
   19.3661518       0.00000000    
   19.3828182       0.00000000    
   19.3994846       0.00000000    
   19.4161510       0.00000000    
   19.4328175       0.00000000    
   19.4494839       0.00000000    
   19.4661503       0.00000000    
   19.4828167       0.00000000    
   19.4994831       0.00000000    
   19.5161495       0.00000000    
   19.5328159       0.00000000    
   19.5494823       0.00000000    
   19.5661488       0.00000000    
   19.5828152       0.00000000    
   19.5994816       0.00000000    
   19.6161480       0.00000000    
   19.6328144       0.00000000    
   19.6494808       0.00000000    
   19.6661472       0.00000000    
   19.6828136       0.00000000    
   19.6994801       0.00000000    
   19.7161465       0.00000000    
   19.7328129       0.00000000    
   19.7494793       0.00000000    
   19.7661457       0.00000000    
   19.7828121       0.00000000    
   19.7994785       0.00000000    
   19.8161449       0.00000000    
   19.8328114       0.00000000    
   19.8494778       0.00000000    
   19.8661442       0.00000000    
   19.8828106       0.00000000    
   19.8994770       0.00000000    
   19.9161434       0.00000000    
   19.9328098       0.00000000    
   19.9494762       0.00000000    
   19.9661427       0.00000000    
   19.9828091       0.00000000    
   19.9994755       0.00000000    
   20.0161419       0.00000000    
   20.0328083       0.00000000    
   20.0494747       0.00000000    
   20.0661411       0.00000000    
   20.0828075       0.00000000    
   20.0994740       0.00000000    
   20.1161404       0.00000000    
   20.1328068       0.00000000    
   20.1494732       0.00000000    
   20.1661396       0.00000000    
   20.1828060       0.00000000    
   20.1994724       0.00000000    
   20.2161388       0.00000000    
   20.2328053       0.00000000    
   20.2494717       0.00000000    
   20.2661381       0.00000000    
   20.2828045       0.00000000    
   20.2994709       0.00000000    
   20.3161373       0.00000000    
   20.3328037       0.00000000    
   20.3494701       0.00000000    
   20.3661366       0.00000000    
   20.3828030       0.00000000    
   20.3994694       0.00000000    
   20.4161358       0.00000000    
   20.4328022       0.00000000    
   20.4494686       0.00000000    
   20.4661350       0.00000000    
   20.4828014       0.00000000    
   20.4994678       0.00000000    
   20.5161343       0.00000000    
   20.5328007       0.00000000    
   20.5494671       0.00000000    
   20.5661335       0.00000000    
   20.5827999       0.00000000    
   20.5994663       0.00000000    
   20.6161327       0.00000000    
   20.6327991       0.00000000    
   20.6494656       0.00000000    
   20.6661320       0.00000000    
   20.6827984       0.00000000    
   20.6994648       0.00000000    
   20.7161312       0.00000000    
   20.7327976       0.00000000    
   20.7494640       0.00000000    
   20.7661304       0.00000000    
   20.7827969       0.00000000    
   20.7994633       0.00000000    
   20.8161297       0.00000000    
   20.8327961       0.00000000    
   20.8494625       0.00000000    
   20.8661289       0.00000000    
   20.8827953       0.00000000    
   20.8994617       0.00000000    
   20.9161282       0.00000000    
   20.9327946       0.00000000    
   20.9494610       0.00000000    
   20.9661274       0.00000000    
   20.9827938       0.00000000    
   20.9994602       0.00000000    
   21.0161266       0.00000000    
   21.0327930       0.00000000    
   21.0494595       0.00000000    
   21.0661259       0.00000000    
   21.0827923       0.00000000    
   21.0994587       0.00000000    
   21.1161251       0.00000000    
   21.1327915       0.00000000    
   21.1494579       0.00000000    
   21.1661243       0.00000000    
   21.1827908       0.00000000    
   21.1994572       0.00000000    
   21.2161236       0.00000000    
   21.2327900       0.00000000    
   21.2494564       0.00000000    
   21.2661228       0.00000000    
   21.2827892       0.00000000    
   21.2994556       0.00000000    
   21.3161221       0.00000000    
   21.3327885       0.00000000    
   21.3494549       0.00000000    
   21.3661213       0.00000000    
   21.3827877       0.00000000    
   21.3994541       0.00000000    
   21.4161205       0.00000000    
   21.4327869       0.00000000    
   21.4494534       0.00000000    
   21.4661198       0.00000000    
   21.4827862       0.00000000    
   21.4994526       0.00000000    
   21.5161190       0.00000000    
   21.5327854       0.00000000    
   21.5494518       0.00000000    
   21.5661182       0.00000000    
   21.5827847       0.00000000    
   21.5994511       0.00000000    
   21.6161175       0.00000000    
   21.6327839       0.00000000    
   21.6494503       0.00000000    
   21.6661167       0.00000000    
   21.6827831       0.00000000    
   21.6994495       0.00000000    
   21.7161160       0.00000000    
   21.7327824       0.00000000    
   21.7494488       0.00000000    
   21.7661152       0.00000000    
   21.7827816       0.00000000    
   21.7994480       0.00000000    
   21.8161144       0.00000000    
   21.8327808       0.00000000    
   21.8494473       0.00000000    
   21.8661137       0.00000000    
   21.8827801       0.00000000    
   21.8994465       0.00000000    
   21.9161129       0.00000000    
   21.9327793       0.00000000    
   21.9494457       0.00000000    
   21.9661121       0.00000000    
   21.9827785       0.00000000    
   21.9994450       0.00000000    
   22.0161114       0.00000000    
   22.0327778       0.00000000    
   22.0494442       0.00000000    
   22.0661106       0.00000000    
   22.0827770       0.00000000    
   22.0994434       0.00000000    
   22.1161098       0.00000000    
   22.1327763       0.00000000    
   22.1494427       0.00000000    
   22.1661091       0.00000000    
   22.1827755       0.00000000    
   22.1994419       0.00000000    
   22.2161083       0.00000000    
   22.2327747       0.00000000    
   22.2494411       0.00000000    
   22.2661076       0.00000000    
   22.2827740       0.00000000    
   22.2994404       0.00000000    
   22.3161068       0.00000000    
   22.3327732       0.00000000    
   22.3494396       0.00000000    
   22.3661060       0.00000000    
   22.3827724       0.00000000    
   22.3994389       0.00000000    
   22.4161053       0.00000000    
   22.4327717       0.00000000    
   22.4494381       0.00000000    
   22.4661045       0.00000000    
   22.4827709       0.00000000    
   22.4994373       0.00000000    
   22.5161037       0.00000000    
   22.5327702       0.00000000    
   22.5494366       0.00000000    
   22.5661030       0.00000000    
   22.5827694       0.00000000    
   22.5994358       0.00000000    
   22.6161022       0.00000000    
   22.6327686       0.00000000    
   22.6494350       0.00000000    
   22.6661015       0.00000000    
   22.6827679       0.00000000    
   22.6994343       0.00000000    
   22.7161007       0.00000000    
   22.7327671       0.00000000    
   22.7494335       0.00000000    
   22.7660999       0.00000000    
   22.7827663       0.00000000    
   22.7994328       0.00000000    
   22.8160992       0.00000000    
   22.8327656       0.00000000    
   22.8494320       0.00000000    
   22.8660984       0.00000000    
   22.8827648       0.00000000    
   22.8994312       0.00000000    
   22.9160976       0.00000000    
   22.9327641       0.00000000    
   22.9494305       0.00000000    
   22.9660969       0.00000000    
   22.9827633       0.00000000    
   22.9994297       0.00000000    
   23.0160961       0.00000000    
   23.0327625       0.00000000    
   23.0494289       0.00000000    
   23.0660954       0.00000000    
   23.0827618       0.00000000    
   23.0994282       0.00000000    
   23.1160946       0.00000000    
   23.1327610       0.00000000    
   23.1494274       0.00000000    
   23.1660938       0.00000000    
   23.1827602       0.00000000    
   23.1994267       0.00000000    
   23.2160931       0.00000000    
   23.2327595       0.00000000    
   23.2494259       0.00000000    
   23.2660923       0.00000000    
   23.2827587       0.00000000    
   23.2994251       0.00000000    
   23.3160915       0.00000000    
   23.3327579       0.00000000    
   23.3494244       0.00000000    
   23.3660908       0.00000000    
   23.3827572       0.00000000    
   23.3994236       0.00000000    
   23.4160900       0.00000000    
   23.4327564       0.00000000    
   23.4494228       0.00000000    
   23.4660892       0.00000000    
   23.4827557       0.00000000    
   23.4994221       0.00000000    
   23.5160885       0.00000000    
   23.5327549       0.00000000    
   23.5494213       0.00000000    
   23.5660877       0.00000000    
   23.5827541       0.00000000    
   23.5994205       0.00000000    
   23.6160870       0.00000000    
   23.6327534       0.00000000    
   23.6494198       0.00000000    
   23.6660862       0.00000000    
   23.6827526       0.00000000    
   23.6994190       0.00000000    
   23.7160854       0.00000000    
   23.7327518       0.00000000    
   23.7494183       0.00000000    
   23.7660847       0.00000000    
   23.7827511       0.00000000    
   23.7994175       0.00000000    
   23.8160839       0.00000000    
   23.8327503       0.00000000    
   23.8494167       0.00000000    
   23.8660831       0.00000000    
   23.8827496       0.00000000    
   23.8994160       0.00000000    
   23.9160824       0.00000000    
   23.9327488       0.00000000    
   23.9494152       0.00000000    
   23.9660816       0.00000000    
   23.9827480       0.00000000    
