   0.00000000       0.00000000    
   1.66660007E-02   0.00000000    
   3.33320014E-02   0.00000000    
   4.99980003E-02   0.00000000    
   6.66640028E-02   0.00000000    
   8.33300054E-02   0.00000000    
   9.99960080E-02   0.00000000    
  0.116662011       0.00000000    
  0.133328006       0.00000000    
  0.149994001       0.00000000    
  0.166659996       0.00000000    
  0.183325991       0.00000000    
  0.199991986       0.00000000    
  0.216657981       0.00000000    
  0.233323976       0.00000000    
  0.249989972       0.00000000    
  0.266655982       0.00000000    
  0.283321977       0.00000000    
  0.299987972       0.00000000    
  0.316653967       0.00000000    
  0.333319962       0.00000000    
  0.349985957       0.00000000    
  0.366651952       0.00000000    
  0.383317947       0.00000000    
  0.399983943       0.00000000    
  0.416649938       0.00000000    
  0.433315933       0.00000000    
  0.449981928       0.00000000    
  0.466647923       0.00000000    
  0.483313918       0.00000000    
  0.499979913       0.00000000    
  0.516645908       0.00000000    
  0.533311903       0.00000000    
  0.549977899       0.00000000    
  0.566643894       0.00000000    
  0.583309889       0.00000000    
  0.599975884       0.00000000    
  0.616641879       0.00000000    
  0.633307874       0.00000000    
  0.649973869       0.00000000    
  0.666639864       0.00000000    
  0.683305860       0.00000000    
  0.699971855       0.00000000    
  0.716637850       0.00000000    
  0.733303845       0.00000000    
  0.749969840       0.00000000    
  0.766635835       0.00000000    
  0.783301830       0.00000000    
  0.799967825       0.00000000    
  0.816633821       0.00000000    
  0.833299816       0.00000000    
  0.849965811       0.00000000    
  0.866631806       0.00000000    
  0.883297801       0.00000000    
  0.899963796       0.00000000    
  0.916629791       0.00000000    
  0.933295786       0.00000000    
  0.949961782       0.00000000    
  0.966627777       0.00000000    
  0.983293772       0.00000000    
  0.999959767       0.00000000    
   1.01662576       0.00000000    
   1.03329182       0.00000000    
   1.04995787       0.00000000    
   1.06662393       0.00000000    
   1.08328998       0.00000000    
   1.09995604       0.00000000    
   1.11662209       0.00000000    
   1.13328815       0.00000000    
   1.14995420       0.00000000    
   1.16662025       0.00000000    
   1.18328631       0.00000000    
   1.19995236       0.00000000    
   1.21661842       0.00000000    
   1.23328447       0.00000000    
   1.24995053       0.00000000    
   1.26661658       0.00000000    
   1.28328264       0.00000000    
   1.29994869       0.00000000    
   1.31661475       0.00000000    
   1.33328080       0.00000000    
   1.34994686       0.00000000    
   1.36661291       0.00000000    
   1.38327897       0.00000000    
   1.39994502       0.00000000    
   1.41661108       0.00000000    
   1.43327713       0.00000000    
   1.44994318       0.00000000    
   1.46660924       0.00000000    
   1.48327529       0.00000000    
   1.49994135       0.00000000    
   1.51660740       0.00000000    
   1.53327346       0.00000000    
   1.54993951       0.00000000    
   1.56660557       0.00000000    
   1.58327162       0.00000000    
   1.59993768       0.00000000    
   1.61660373       0.00000000    
   1.63326979       0.00000000    
   1.64993584       0.00000000    
   1.66660190       0.00000000    
   1.68326795       0.00000000    
   1.69993401       0.00000000    
   1.71660006       0.00000000    
   1.73326612       0.00000000    
   1.74993217       0.00000000    
   1.76659822       0.00000000    
   1.78326428       0.00000000    
   1.79993033       0.00000000    
   1.81659639       0.00000000    
   1.83326244       0.00000000    
   1.84992850       0.00000000    
   1.86659455       0.00000000    
   1.88326061       0.00000000    
   1.89992666       0.00000000    
   1.91659272       0.00000000    
   1.93325877       0.00000000    
   1.94992483       0.00000000    
   1.96659088       0.00000000    
   1.98325694       0.00000000    
   1.99992299       0.00000000    
   2.01658893       0.00000000    
   2.03325486       0.00000000    
   2.04992080       0.00000000    
   2.06658673       0.00000000    
   2.08325267       0.00000000    
   2.09991860       0.00000000    
   2.11658454       0.00000000    
   2.13325047       0.00000000    
   2.14991641       0.00000000    
   2.16658235       0.00000000    
   2.18324828       0.00000000    
   2.19991422       0.00000000    
   2.21658015       0.00000000    
   2.23324609       0.00000000    
   2.24991202       0.00000000    
   2.26657796       0.00000000    
   2.28324389       0.00000000    
   2.29990983       0.00000000    
   2.31657577       0.00000000    
   2.33324170       0.00000000    
   2.34990764       0.00000000    
   2.36657357       0.00000000    
   2.38323951       0.00000000    
   2.39990544       0.00000000    
   2.41657138       0.00000000    
   2.43323731       0.00000000    
   2.44990325       0.00000000    
   2.46656919       0.00000000    
   2.48323512       0.00000000    
   2.49990106       0.00000000    
   2.51656699       0.00000000    
   2.53323293       0.00000000    
   2.54989886       0.00000000    
   2.56656480       0.00000000    
   2.58323073       0.00000000    
   2.59989667       0.00000000    
   2.61656260       0.00000000    
   2.63322854       0.00000000    
   2.64989448       0.00000000    
   2.66656041       0.00000000    
   2.68322635       0.00000000    
   2.69989228       0.00000000    
   2.71655822       0.00000000    
   2.73322415       0.00000000    
   2.74989009       0.00000000    
   2.76655602       0.00000000    
   2.78322196       0.00000000    
   2.79988790       0.00000000    
   2.81655383       0.00000000    
   2.83321977       0.00000000    
   2.84988570       0.00000000    
   2.86655164       0.00000000    
   2.88321757       0.00000000    
   2.89988351       0.00000000    
   2.91654944       0.00000000    
   2.93321538       0.00000000    
   2.94988132       0.00000000    
   2.96654725       0.00000000    
   2.98321319       0.00000000    
   2.99987912       0.00000000    
   3.01654506       0.00000000    
   3.03321099       0.00000000    
   3.04987693       0.00000000    
   3.06654286       0.00000000    
   3.08320880       0.00000000    
   3.09987473       0.00000000    
   3.11654067       0.00000000    
   3.13320661       0.00000000    
   3.14987254       0.00000000    
   3.16653848       0.00000000    
   3.18320441       0.00000000    
   3.19987035       0.00000000    
   3.21653628       0.00000000    
   3.23320222       0.00000000    
   3.24986815       0.00000000    
   3.26653409       0.00000000    
   3.28320003       0.00000000    
   3.29986596       0.00000000    
   3.31653190       0.00000000    
   3.33319783       0.00000000    
   3.34986377       0.00000000    
   3.36652970       0.00000000    
   3.38319564       0.00000000    
   3.39986157       0.00000000    
   3.41652751       0.00000000    
   3.43319345       0.00000000    
   3.44985938       0.00000000    
   3.46652532       0.00000000    
   3.48319125       0.00000000    
   3.49985719       0.00000000    
   3.51652312       0.00000000    
   3.53318906       0.00000000    
   3.54985499       0.00000000    
   3.56652093       0.00000000    
   3.58318686       0.00000000    
   3.59985280       0.00000000    
   3.61651874       0.00000000    
   3.63318467       0.00000000    
   3.64985061       0.00000000    
   3.66651654       0.00000000    
   3.68318248       0.00000000    
   3.69984841       0.00000000    
   3.71651435       0.00000000    
   3.73318028       0.00000000    
   3.74984622       0.00000000    
   3.76651216       0.00000000    
   3.78317809       0.00000000    
   3.79984403       0.00000000    
   3.81650996       0.00000000    
   3.83317590       0.00000000    
   3.84984183       0.00000000    
   3.86650777       0.00000000    
   3.88317370       0.00000000    
   3.89983964       0.00000000    
   3.91650558       0.00000000    
   3.93317151       0.00000000    
   3.94983745       0.00000000    
   3.96650338       0.00000000    
   3.98316932       0.00000000    
   3.99983525       0.00000000    
   4.01650143       0.00000000    
   4.03316736       0.00000000    
   4.04983330       0.00000000    
   4.06649923       0.00000000    
   4.08316517       0.00000000    
   4.09983110       0.00000000    
   4.11649704       0.00000000    
   4.13316298       0.00000000    
   4.14982891       0.00000000    
   4.16649485       0.00000000    
   4.18316078       0.00000000    
   4.19982672       0.00000000    
   4.21649265       0.00000000    
   4.23315859       0.00000000    
   4.24982452       0.00000000    
   4.26649046       0.00000000    
   4.28315639       0.00000000    
   4.29982233       0.00000000    
   4.31648827       0.00000000    
   4.33315420       0.00000000    
   4.34982014       0.00000000    
   4.36648607       0.00000000    
   4.38315201       0.00000000    
   4.39981794       0.00000000    
   4.41648388       0.00000000    
   4.43314981       0.00000000    
   4.44981575       0.00000000    
   4.46648169       0.00000000    
   4.48314762       0.00000000    
   4.49981356       0.00000000    
   4.51647949       0.00000000    
   4.53314543       0.00000000    
   4.54981136       0.00000000    
   4.56647730       0.00000000    
   4.58314323       0.00000000    
   4.59980917       0.00000000    
   4.61647511       0.00000000    
   4.63314104       0.00000000    
   4.64980698       0.00000000    
   4.66647291       0.00000000    
   4.68313885       0.00000000    
   4.69980478       0.00000000    
   4.71647072       0.00000000    
   4.73313665       0.00000000    
   4.74980259       0.00000000    
   4.76646852       0.00000000    
   4.78313446       0.00000000    
   4.79980040       0.00000000    
   4.81646633       0.00000000    
   4.83313227       0.00000000    
   4.84979820       0.00000000    
   4.86646414       0.00000000    
   4.88313007       0.00000000    
   4.89979601       0.00000000    
   4.91646194       0.00000000    
   4.93312788       0.00000000    
   4.94979382       0.00000000    
   4.96645975       0.00000000    
   4.98312569       0.00000000    
   4.99979162       0.00000000    
   5.01645756       0.00000000    
   5.03312349       0.00000000    
   5.04978943       0.00000000    
   5.06645536       0.00000000    
   5.08312130       0.00000000    
   5.09978724       0.00000000    
   5.11645317       0.00000000    
   5.13311911       0.00000000    
   5.14978504       0.00000000    
   5.16645098       0.00000000    
   5.18311691       0.00000000    
   5.19978285       0.00000000    
   5.21644878       0.00000000    
   5.23311472       0.00000000    
   5.24978065       0.00000000    
   5.26644659       0.00000000    
   5.28311253       0.00000000    
   5.29977846       0.00000000    
   5.31644440       0.00000000    
   5.33311033       0.00000000    
   5.34977627       0.00000000    
   5.36644220       0.00000000    
   5.38310814       6.54900017E-23
   5.39977407       7.15699992E-18
   5.41644001       2.25200006E-14
   5.43310595       2.41699993E-11
   5.44977188       1.20100001E-08
   5.46643782       1.48300001E-06
   5.48310375       1.32900004E-05
   5.49976969       4.83199983E-05
   5.51643562       1.10499997E-04
   5.53310156       1.99600006E-04
   5.54976749       3.23299988E-04
   5.56643343       4.96199995E-04
   5.58309937       7.23599980E-04
   5.59976530       1.03499996E-03
   5.61643124       1.47200003E-03
   5.63309717       1.99400005E-03
   5.64976311       2.69400002E-03
   5.66642904       3.62699991E-03
   5.68309498       4.74599982E-03
   5.69976091       6.17800001E-03
   5.71642685       8.01299978E-03
   5.73309278       1.03700003E-02
   5.74975872       1.33800004E-02
   5.76642466       1.67299993E-02
   5.78309059       2.13799998E-02
   5.79975653       2.67099999E-02
   5.81642246       3.38400006E-02
   5.83308840       4.16099988E-02
   5.84975433       5.12400009E-02
   5.86642027       6.30000010E-02
   5.88308620       7.67199993E-02
   5.89975214       9.20599997E-02
   5.91641808      0.109600000    
   5.93308401      0.130500004    
   5.94974995      0.156200007    
   5.96641588      0.176699996    
   5.98308182      0.209500000    
   5.99974775      0.233700007    
   6.01641369      0.263000011    
   6.03307962      0.298599988    
   6.04974556      0.342200011    
   6.06641150      0.383199990    
   6.08307743      0.422699988    
   6.09974337      0.464599997    
   6.11640930      0.508800030    
   6.13307524      0.555100024    
   6.14974117      0.603299975    
   6.16640711      0.653199971    
   6.18307304      0.704900026    
   6.19973898      0.758199990    
   6.21640491      0.813099980    
   6.23307085      0.869499981    
   6.24973679      0.927399993    
   6.26640272      0.986699998    
   6.28306866       1.04700005    
   6.29973459       1.10899997    
   6.31640053       1.17299998    
   6.33306646       1.23699999    
   6.34973240       1.30299997    
   6.36639833       1.37000000    
   6.38306427       1.43900001    
   6.39973021       1.50800002    
   6.41639614       1.57900000    
   6.43306208       1.65100002    
   6.44972801       1.72399998    
   6.46639395       1.79799998    
   6.48305988       1.87300003    
   6.49972582       1.94900000    
   6.51639175       2.02699995    
   6.53305769       2.10500002    
   6.54972363       2.18499994    
   6.56638956       2.26600003    
   6.58305550       2.34800005    
   6.59972143       2.43099999    
   6.61638737       2.51500010    
   6.63305330       2.59999990    
   6.64971924       2.68600011    
   6.66638517       2.77300000    
   6.68305111       2.86199999    
   6.69971704       2.95099998    
   6.71638298       3.04200006    
   6.73304892       3.13400006    
   6.74971485       3.22700000    
   6.76638079       3.32100010    
   6.78304672       3.41599989    
   6.79971266       3.51200008    
   6.81637859       3.60899997    
   6.83304453       3.70799994    
   6.84971046       3.80800009    
   6.86637640       3.90799999    
   6.88304234       4.01000023    
   6.89970827       4.11399984    
   6.91637421       4.21799994    
   6.93304014       4.32399988    
   6.94970608       4.42999983    
   6.96637201       4.53800011    
   6.98303795       4.64799976    
   6.99970388       4.75799990    
   7.01636982       4.86899996    
   7.03303576       4.98199987    
   7.04970169       5.09600019    
   7.06636763       5.21099997    
   7.08303356       5.32800007    
   7.09969950       5.44500017    
   7.11636543       5.56400013    
   7.13303137       5.68400002    
   7.14969730       5.80600023    
   7.16636324       5.92799997    
   7.18302917       6.05200005    
   7.19969511       6.17700005    
   7.21636105       6.30299997    
   7.23302698       6.42999983    
   7.24969292       6.55800009    
   7.26635885       6.68800020    
   7.28302479       6.81899977    
   7.29969072       6.95100021    
   7.31635666       7.08400011    
   7.33302259       7.21899986    
   7.34968853       7.35400009    
   7.36635447       7.49100018    
   7.38302040       7.62900019    
   7.39968634       7.76800013    
   7.41635227       7.90799999    
   7.43301821       8.04899979    
   7.44968414       8.19200039    
   7.46635008       8.33500004    
   7.48301601       8.47999954    
   7.49968195       8.62600040    
   7.51634789       8.77299976    
   7.53301382       8.92099953    
   7.54967976       9.06999969    
   7.56634569       9.22000027    
   7.58301163       9.37100029    
   7.59967756       9.52299976    
   7.61634350       9.67599964    
   7.63300943       9.82999992    
   7.64967537       9.98499966    
   7.66634130       10.1400003    
   7.68300724       10.3000002    
   7.69967318       10.4600000    
   7.71633911       10.6199999    
   7.73300505       10.7799997    
   7.74967098       10.9399996    
   7.76633692       11.1000004    
   7.78300285       11.2600002    
   7.79966879       11.4200001    
   7.81633472       11.5900002    
   7.83300066       11.7500000    
   7.84966660       11.9200001    
   7.86633253       12.0900002    
   7.88299847       12.2500000    
   7.89966440       12.4200001    
   7.91633034       12.5900002    
   7.93299627       12.7600002    
   7.94966221       12.9300003    
   7.96632814       13.1099997    
   7.98299408       13.2799997    
   7.99966002       13.4499998    
   8.01632595       13.6199999    
   8.03299236       13.8000002    
   8.04965878       13.9700003    
   8.06632519       14.1499996    
   8.08299160       14.3299999    
   8.09965801       14.5000000    
   8.11632442       14.6800003    
   8.13299084       14.8599997    
   8.14965725       15.0400000    
   8.16632366       15.2200003    
   8.18299007       15.3999996    
   8.19965649       15.5799999    
   8.21632290       15.7600002    
   8.23298931       15.9399996    
   8.24965572       16.1200008    
   8.26632214       16.3099995    
   8.28298855       16.4899998    
   8.29965496       16.6700001    
   8.31632137       16.8600006    
   8.33298779       17.0400009    
   8.34965420       17.2199993    
   8.36632061       17.4099998    
   8.38298702       17.6000004    
   8.39965343       17.7800007    
   8.41631985       17.9699993    
   8.43298626       18.1499996    
   8.44965267       18.3400002    
   8.46631908       18.5300007    
   8.48298550       18.7199993    
   8.49965191       18.8999996    
   8.51631832       19.0900002    
   8.53298473       19.2800007    
   8.54965115       19.4699993    
   8.56631756       19.6599998    
   8.58298397       19.8500004    
   8.59965038       20.0400009    
   8.61631680       20.2299995    
   8.63298321       20.4200001    
   8.64964962       20.6100006    
   8.66631603       20.7999992    
   8.68298244       20.9899998    
   8.69964886       21.1800003    
   8.71631527       21.3700008    
   8.73298168       21.5599995    
   8.74964809       21.7500000    
   8.76631451       21.9400005    
   8.78298092       22.1299992    
   8.79964733       22.3199997    
   8.81631374       22.5100002    
   8.83298016       22.7000008    
   8.84964657       22.8899994    
   8.86631298       23.0799999    
   8.88297939       23.2700005    
   8.89964581       23.4599991    
   8.91631222       23.6599998    
   8.93297863       23.8500004    
   8.94964504       24.0400009    
   8.96631145       24.2299995    
   8.98297787       24.4200001    
   8.99964428       24.6100006    
   9.01631069       24.7999992    
   9.03297710       24.9899998    
   9.04964352       25.1800003    
   9.06630993       25.3700008    
   9.08297634       25.5599995    
   9.09964275       25.7500000    
   9.11630917       25.9400005    
   9.13297558       26.1299992    
   9.14964199       26.3199997    
   9.16630840       26.5000000    
   9.18297482       26.6900005    
   9.19964123       26.8799992    
   9.21630764       27.0699997    
   9.23297405       27.2600002    
   9.24964046       27.4400005    
   9.26630688       27.6299992    
   9.28297329       27.8199997    
   9.29963970       28.0100002    
   9.31630611       28.1900005    
   9.33297253       28.3799992    
   9.34963894       28.5599995    
   9.36630535       28.7500000    
   9.38297176       28.9300003    
   9.39963818       29.1200008    
   9.41630459       29.2999992    
   9.43297100       29.4899998    
   9.44963741       29.6700001    
   9.46630383       29.8500004    
   9.48297024       30.0400009    
   9.49963665       30.2199993    
   9.51630306       30.3999996    
   9.53296947       30.5799999    
   9.54963589       30.7600002    
   9.56630230       30.9400005    
   9.58296871       31.1200008    
   9.59963512       31.2999992    
   9.61630154       31.4799995    
   9.63296795       31.6599998    
   9.64963436       31.8400002    
   9.66630077       32.0200005    
   9.68296719       32.1899986    
   9.69963360       32.3699989    
   9.71630001       32.5400009    
   9.73296642       32.7200012    
   9.74963284       32.9000015    
   9.76629925       33.0699997    
   9.78296566       33.2400017    
   9.79963207       33.4199982    
   9.81629848       33.5900002    
   9.83296490       33.7599983    
   9.84963131       33.9300003    
   9.86629772       34.0999985    
   9.88296413       34.2700005    
   9.89963055       34.4399986    
   9.91629696       34.6100006    
   9.93296337       34.7799988    
   9.94962978       34.9500008    
   9.96629620       35.1100006    
   9.98296261       35.2799988    
   9.99962902       35.4399986    
   10.0162954       35.6100006    
   10.0329618       35.7700005    
   10.0496283       35.9399986    
   10.0662947       36.0999985    
   10.0829611       36.2599983    
   10.0996275       36.4199982    
   10.1162939       36.5800018    
   10.1329603       36.7400017    
   10.1496267       36.9000015    
   10.1662931       37.0600014    
   10.1829596       37.2200012    
   10.1996260       37.3699989    
   10.2162924       37.5299988    
   10.2329588       37.6800003    
   10.2496252       37.8400002    
   10.2662916       37.9900017    
   10.2829580       38.1399994    
   10.2996244       38.2999992    
   10.3162909       38.4500008    
   10.3329573       38.5999985    
   10.3496237       38.7500000    
   10.3662901       38.8899994    
   10.3829565       39.0400009    
   10.3996229       39.1899986    
   10.4162893       39.3300018    
   10.4329557       39.4799995    
   10.4496222       39.6199989    
   10.4662886       39.7700005    
   10.4829550       39.9099998    
   10.4996214       40.0499992    
   10.5162878       40.1899986    
   10.5329542       40.3300018    
   10.5496206       40.4700012    
   10.5662870       40.6100006    
   10.5829535       40.7400017    
   10.5996199       40.8800011    
   10.6162863       41.0200005    
   10.6329527       41.1500015    
   10.6496191       41.2799988    
   10.6662855       41.4099998    
   10.6829519       41.5499992    
   10.6996183       41.6800003    
   10.7162848       41.8100014    
   10.7329512       41.9300003    
   10.7496176       42.0600014    
   10.7662840       42.1899986    
   10.7829504       42.3100014    
   10.7996168       42.4399986    
   10.8162832       42.5600014    
   10.8329496       42.6800003    
   10.8496161       42.7999992    
   10.8662825       42.9300003    
   10.8829489       43.0400009    
   10.8996153       43.1599998    
   10.9162817       43.2799988    
   10.9329481       43.4000015    
   10.9496145       43.5099983    
   10.9662809       43.6300011    
   10.9829473       43.7400017    
   10.9996138       43.8499985    
   11.0162802       43.9599991    
   11.0329466       44.0699997    
   11.0496130       44.1800003    
   11.0662794       44.2900009    
   11.0829458       44.4000015    
   11.0996122       44.5000000    
   11.1162786       44.6100006    
   11.1329451       44.7099991    
   11.1496115       44.8100014    
   11.1662779       44.9099998    
   11.1829443       45.0099983    
   11.1996107       45.1100006    
   11.2162771       45.2099991    
   11.2329435       45.3100014    
   11.2496099       45.4000015    
   11.2662764       45.5000000    
   11.2829428       45.5900002    
   11.2996092       45.6800003    
   11.3162756       45.7700005    
   11.3329420       45.8699989    
   11.3496084       45.9500008    
   11.3662748       46.0400009    
   11.3829412       46.1300011    
   11.3996077       46.2099991    
   11.4162741       46.2999992    
   11.4329405       46.3800011    
   11.4496069       46.4599991    
   11.4662733       46.5499992    
   11.4829397       46.6199989    
   11.4996061       46.7000008    
   11.5162725       46.7799988    
   11.5329390       46.8600006    
   11.5496054       46.9300003    
   11.5662718       47.0099983    
   11.5829382       47.0800018    
   11.5996046       47.1500015    
   11.6162710       47.2200012    
   11.6329374       47.2900009    
   11.6496038       47.3600006    
   11.6662703       47.4300003    
   11.6829367       47.4900017    
   11.6996031       47.5600014    
   11.7162695       47.6199989    
   11.7329359       47.6800003    
   11.7496023       47.7400017    
   11.7662687       47.7999992    
   11.7829351       47.8600006    
   11.7996016       47.9199982    
   11.8162680       47.9700012    
   11.8329344       48.0299988    
   11.8496008       48.0800018    
   11.8662672       48.1300011    
   11.8829336       48.1800003    
   11.8996000       48.2299995    
   11.9162664       48.2799988    
   11.9329329       48.3300018    
   11.9495993       48.3800011    
   11.9662657       48.4199982    
   11.9829321       48.4599991    
   11.9995985       48.5099983    
   12.0162649       48.5499992    
   12.0329313       48.5900002    
   12.0495977       48.6300011    
   12.0662642       48.6699982    
   12.0829306       48.7000008    
   12.0995970       48.7299995    
   12.1162634       48.7700005    
   12.1329298       48.7999992    
   12.1495962       48.8300018    
   12.1662626       48.8600006    
   12.1829290       48.8899994    
   12.1995955       48.9199982    
   12.2162619       48.9500008    
   12.2329283       48.9700012    
   12.2495947       48.9900017    
   12.2662611       49.0200005    
   12.2829275       49.0400009    
   12.2995939       49.0600014    
   12.3162603       49.0800018    
   12.3329268       49.0999985    
   12.3495932       49.1100006    
   12.3662596       49.1300011    
   12.3829260       49.1399994    
   12.3995924       49.1500015    
   12.4162588       49.1699982    
   12.4329252       49.1800003    
   12.4495916       49.1800003    
   12.4662580       49.1899986    
   12.4829245       49.2000008    
   12.4995909       49.2000008    
   12.5162573       49.2099991    
   12.5329237       49.2099991    
   12.5495901       49.2099991    
   12.5662565       49.2099991    
   12.5829229       49.2099991    
   12.5995893       49.2099991    
   12.6162558       49.2000008    
   12.6329222       49.2000008    
   12.6495886       49.1899986    
   12.6662550       49.1800003    
   12.6829214       49.1699982    
   12.6995878       49.1599998    
   12.7162542       49.1500015    
   12.7329206       49.1399994    
   12.7495871       49.1199989    
   12.7662535       49.1100006    
   12.7829199       49.0900002    
   12.7995863       49.0800018    
   12.8162527       49.0600014    
   12.8329191       49.0400009    
   12.8495855       49.0200005    
   12.8662519       48.9900017    
   12.8829184       48.9700012    
   12.8995848       48.9399986    
   12.9162512       48.9199982    
   12.9329176       48.8899994    
   12.9495840       48.8600006    
   12.9662504       48.8300018    
   12.9829168       48.7999992    
   12.9995832       48.7700005    
   13.0162497       48.7299995    
   13.0329161       48.7000008    
   13.0495825       48.6599998    
   13.0662489       48.6199989    
   13.0829153       48.5800018    
   13.0995817       48.5400009    
   13.1162481       48.5000000    
   13.1329145       48.4599991    
   13.1495810       48.4199982    
   13.1662474       48.3699989    
   13.1829138       48.3199997    
   13.1995802       48.2799988    
   13.2162466       48.2299995    
   13.2329130       48.1800003    
   13.2495794       48.1300011    
   13.2662458       48.0699997    
   13.2829123       48.0200005    
   13.2995787       47.9599991    
   13.3162451       47.9099998    
   13.3329115       47.8499985    
   13.3495779       47.7900009    
   13.3662443       47.7299995    
   13.3829107       47.6699982    
   13.3995771       47.6100006    
   13.4162436       47.5499992    
   13.4329100       47.4799995    
   13.4495764       47.4199982    
   13.4662428       47.3499985    
   13.4829092       47.2799988    
   13.4995756       47.2099991    
   13.5162420       47.1399994    
   13.5329084       47.0699997    
   13.5495749       47.0000000    
   13.5662413       46.9199982    
   13.5829077       46.8499985    
   13.5995741       46.7700005    
   13.6162405       46.6899986    
   13.6329069       46.6199989    
   13.6495733       46.5400009    
   13.6662397       46.4500008    
   13.6829062       46.3699989    
   13.6995726       46.2900009    
   13.7162390       46.2000008    
   13.7329054       46.1199989    
   13.7495718       46.0299988    
   13.7662382       45.9399986    
   13.7829046       45.8499985    
   13.7995710       45.7599983    
   13.8162374       45.6699982    
   13.8329039       45.5800018    
   13.8495703       45.4900017    
   13.8662367       45.3899994    
   13.8829031       45.2999992    
   13.8995695       45.2000008    
   13.9162359       45.0999985    
   13.9329023       45.0000000    
   13.9495687       44.9000015    
   13.9662352       44.7999992    
   13.9829016       44.7000008    
   13.9995680       44.5900002    
   14.0162344       44.4900017    
   14.0329008       44.3800011    
   14.0495672       44.2799988    
   14.0662336       44.1699982    
   14.0829000       44.0600014    
   14.0995665       43.9500008    
   14.1162329       43.8400002    
   14.1328993       43.7299995    
   14.1495657       43.6100006    
   14.1662321       43.5000000    
   14.1828985       43.3800011    
   14.1995649       43.2700005    
   14.2162313       43.1500015    
   14.2328978       43.0299988    
   14.2495642       42.9099998    
   14.2662306       42.7900009    
   14.2828970       42.6699982    
   14.2995634       42.5499992    
   14.3162298       42.4199982    
   14.3328962       42.2999992    
   14.3495626       42.1699982    
   14.3662291       42.0499992    
   14.3828955       41.9199982    
   14.3995619       41.7900009    
   14.4162283       41.6599998    
   14.4328947       41.5299988    
   14.4495611       41.4000015    
   14.4662275       41.2700005    
   14.4828939       41.1300011    
   14.4995604       41.0000000    
   14.5162268       40.8699989    
   14.5328932       40.7299995    
   14.5495596       40.5900002    
   14.5662260       40.4500008    
   14.5828924       40.3100014    
   14.5995588       40.1800003    
   14.6162252       40.0400009    
   14.6328917       39.8899994    
   14.6495581       39.7500000    
   14.6662245       39.6100006    
   14.6828909       39.4599991    
   14.6995573       39.3199997    
   14.7162237       39.1699982    
   14.7328901       39.0299988    
   14.7495565       38.8800011    
   14.7662230       38.7299995    
   14.7828894       38.5800018    
   14.7995558       38.4300003    
   14.8162222       38.2799988    
   14.8328886       38.1300011    
   14.8495550       37.9700012    
   14.8662214       37.8199997    
   14.8828878       37.6699982    
   14.8995543       37.5099983    
   14.9162207       37.3600006    
   14.9328871       37.2000008    
   14.9495535       37.0400009    
   14.9662199       36.8800011    
   14.9828863       36.7299995    
   14.9995527       36.5699997    
   15.0162191       36.4099998    
   15.0328856       36.2400017    
   15.0495520       36.0800018    
   15.0662184       35.9199982    
   15.0828848       35.7599983    
   15.0995512       35.5900002    
   15.1162176       35.4300003    
   15.1328840       35.2599983    
   15.1495504       35.0999985    
   15.1662169       34.9300003    
   15.1828833       34.7599983    
   15.1995497       34.5900002    
   15.2162161       34.4300003    
   15.2328825       34.2599983    
   15.2495489       34.0900002    
   15.2662153       33.9199982    
   15.2828817       33.7400017    
   15.2995481       33.5699997    
   15.3162146       33.4000015    
   15.3328810       33.2299995    
   15.3495474       33.0499992    
   15.3662138       32.8800011    
   15.3828802       32.7000008    
   15.3995466       32.5299988    
   15.4162130       32.3499985    
   15.4328794       32.1800003    
   15.4495459       32.0000000    
   15.4662123       31.8199997    
   15.4828787       31.6399994    
   15.4995451       31.4599991    
   15.5162115       31.2900009    
   15.5328779       31.1100006    
   15.5495443       30.9300003    
   15.5662107       30.7500000    
   15.5828772       30.5599995    
   15.5995436       30.3799992    
   15.6162100       30.2000008    
   15.6328764       30.0200005    
   15.6495428       29.8400002    
   15.6662092       29.6499996    
   15.6828756       29.4699993    
   15.6995420       29.2900009    
   15.7162085       29.1000004    
   15.7328749       28.9200001    
   15.7495413       28.7299995    
   15.7662077       28.5499992    
   15.7828741       28.3600006    
   15.7995405       28.1800003    
   15.8162069       27.9899998    
   15.8328733       27.7999992    
   15.8495398       27.6200008    
   15.8662062       27.4300003    
   15.8828726       27.2399998    
   15.8995390       27.0499992    
   15.9162054       26.8700008    
   15.9328718       26.6800003    
   15.9495382       26.4899998    
   15.9662046       26.2999992    
   15.9828711       26.1100006    
   15.9995375       25.9200001    
   16.0162029       25.7299995    
   16.0328693       25.5400009    
   16.0495358       25.3500004    
   16.0662022       25.1599998    
   16.0828686       24.9699993    
   16.0995350       24.7800007    
   16.1162014       24.5900002    
   16.1328678       24.3999996    
   16.1495342       24.2099991    
   16.1662006       24.0200005    
   16.1828671       23.8299999    
   16.1995335       23.6399994    
   16.2161999       23.4500008    
   16.2328663       23.2600002    
   16.2495327       23.0699997    
   16.2661991       22.8799992    
   16.2828655       22.6900005    
   16.2995319       22.5000000    
   16.3161983       22.3099995    
   16.3328648       22.1200008    
   16.3495312       21.9200001    
   16.3661976       21.7299995    
   16.3828640       21.5400009    
   16.3995304       21.3500004    
   16.4161968       21.1599998    
   16.4328632       20.9699993    
   16.4495296       20.7800007    
   16.4661961       20.5900002    
   16.4828625       20.3999996    
   16.4995289       20.2099991    
   16.5161953       20.0200005    
   16.5328617       19.8400002    
   16.5495281       19.6499996    
   16.5661945       19.4599991    
   16.5828609       19.2700005    
   16.5995274       19.0799999    
   16.6161938       18.8899994    
   16.6328602       18.7000008    
   16.6495266       18.5200005    
   16.6661930       18.3299999    
   16.6828594       18.1399994    
   16.6995258       17.9599991    
   16.7161922       17.7700005    
   16.7328587       17.5799999    
   16.7495251       17.3999996    
   16.7661915       17.2099991    
   16.7828579       17.0300007    
   16.7995243       16.8500004    
   16.8161907       16.6599998    
   16.8328571       16.4799995    
   16.8495235       16.2999992    
   16.8661900       16.1100006    
   16.8828564       15.9300003    
   16.8995228       15.7500000    
   16.9161892       15.5699997    
   16.9328556       15.3900003    
   16.9495220       15.2100000    
   16.9661884       15.0299997    
   16.9828548       14.8500004    
   16.9995213       14.6700001    
   17.0161877       14.5000000    
   17.0328541       14.3199997    
   17.0495205       14.1400003    
   17.0661869       13.9700003    
   17.0828533       13.7900000    
   17.0995197       13.6199999    
   17.1161861       13.4399996    
   17.1328526       13.2700005    
   17.1495190       13.1000004    
   17.1661854       12.9300003    
   17.1828518       12.7600002    
   17.1995182       12.5900002    
   17.2161846       12.4200001    
   17.2328510       12.2500000    
   17.2495174       12.0799999    
   17.2661839       11.9099998    
   17.2828503       11.7500000    
   17.2995167       11.5799999    
   17.3161831       11.4200001    
   17.3328495       11.2600002    
   17.3495159       11.0900002    
   17.3661823       10.9300003    
   17.3828487       10.7700005    
   17.3995152       10.6099997    
   17.4161816       10.4499998    
   17.4328480       10.2900000    
   17.4495144       10.1400003    
   17.4661808       9.98099995    
   17.4828472       9.82600021    
   17.4995136       9.67199993    
   17.5161800       9.51900005    
   17.5328465       9.36699963    
   17.5495129       9.21599960    
   17.5661793       9.06599998    
   17.5828457       8.91699982    
   17.5995121       8.77000046    
   17.6161785       8.62300014    
   17.6328449       8.47700024    
   17.6495113       8.33300018    
   17.6661777       8.18900013    
   17.6828442       8.04699993    
   17.6995106       7.90600014    
   17.7161770       7.76599979    
   17.7328434       7.62699986    
   17.7495098       7.48899984    
   17.7661762       7.35300016    
   17.7828426       7.21700001    
   17.7995090       7.08300018    
   17.8161755       6.94999981    
   17.8328419       6.81799984    
   17.8495083       6.68699980    
   17.8661747       6.55800009    
   17.8828411       6.42899990    
   17.8995075       6.30200005    
   17.9161739       6.17600012    
   17.9328403       6.05100012    
   17.9495068       5.92799997    
   17.9661732       5.80499983    
   17.9828396       5.68400002    
   17.9995060       5.56400013    
   18.0161724       5.44600010    
   18.0328388       5.32800007    
   18.0495052       5.21199989    
   18.0661716       5.09700012    
   18.0828381       4.98299980    
   18.0995045       4.86999989    
   18.1161709       4.75899982    
   18.1328373       4.64799976    
   18.1495037       4.53900003    
   18.1661701       4.43200016    
   18.1828365       4.32499981    
   18.1995029       4.21899986    
   18.2161694       4.11499977    
   18.2328358       4.01200008    
   18.2495022       3.91000009    
   18.2661686       3.80900002    
   18.2828350       3.71000004    
   18.2995014       3.61100006    
   18.3161678       3.51399994    
   18.3328342       3.41799998    
   18.3495007       3.32299995    
   18.3661671       3.22900009    
   18.3828335       3.13599992    
   18.3994999       3.04399991    
   18.4161663       2.95300007    
   18.4328327       2.86400008    
   18.4494991       2.77600002    
   18.4661655       2.68799996    
   18.4828320       2.60200000    
   18.4994984       2.51699996    
   18.5161648       2.43300009    
   18.5328312       2.34999990    
   18.5494976       2.26900005    
   18.5661640       2.18799996    
   18.5828304       2.10800004    
   18.5994968       2.02999997    
   18.6161633       1.95200002    
   18.6328297       1.87600005    
   18.6494961       1.80100000    
   18.6661625       1.72700000    
   18.6828289       1.65400004    
   18.6994953       1.58200002    
   18.7161617       1.51100004    
   18.7328281       1.44200003    
   18.7494946       1.37399995    
   18.7661610       1.30700004    
   18.7828274       1.24100006    
   18.7994938       1.17600000    
   18.8161602       1.11300004    
   18.8328266       1.05100000    
   18.8494930      0.990000010    
   18.8661594      0.930700004    
   18.8828259      0.872799993    
   18.8994923      0.816399992    
   18.9161587      0.761500001    
   18.9328251      0.708100021    
   18.9494915      0.656400025    
   18.9661579      0.606400013    
   18.9828243      0.558200002    
   18.9994907      0.511900008    
   19.0161572      0.467599988    
   19.0328236      0.425500005    
   19.0494900      0.385899991    
   19.0661564      0.345699996    
   19.0828228      0.301499993    
   19.0994892      0.265399992    
   19.1161556      0.235799998    
   19.1328220      0.211199999    
   19.1494884      0.178700000    
   19.1661549      0.157600001    
   19.1828213      0.131999999    
   19.1994877      0.111299999    
   19.2161541       9.39899981E-02
   19.2328205       7.94999972E-02
   19.2494869       6.47799969E-02
   19.2661533       5.23400009E-02
   19.2828197       4.23500016E-02
   19.2994862       3.43599990E-02
   19.3161526       2.74700001E-02
   19.3328190       2.17499994E-02
   19.3494854       1.71499997E-02
   19.3661518       1.36299999E-02
   19.3828182       1.05600003E-02
   19.3994846       8.18100013E-03
   19.4161510       6.31499989E-03
   19.4328175       4.85099992E-03
   19.4494839       3.70500004E-03
   19.4661503       2.81300000E-03
   19.4828167       2.05800007E-03
   19.4994831       1.50999997E-03
   19.5161495       1.07400003E-03
   19.5328159       7.59900024E-04
   19.5494823       5.14000014E-04
   19.5661488       3.37900012E-04
   19.5828152       2.11100007E-04
   19.5994816       1.18900003E-04
   19.6161480       5.36299995E-05
   19.6328144       1.54900008E-05
   19.6494808       2.16700005E-06
   19.6661472       3.42100002E-08
   19.6828136       4.73700003E-11
   19.6994801       6.92099982E-14
   19.7161465       1.92999997E-17
   19.7328129       4.46100009E-22
   19.7494793       0.00000000    
   19.7661457       0.00000000    
   19.7828121       0.00000000    
   19.7994785       0.00000000    
   19.8161449       0.00000000    
   19.8328114       0.00000000    
   19.8494778       0.00000000    
   19.8661442       0.00000000    
   19.8828106       0.00000000    
   19.8994770       0.00000000    
   19.9161434       0.00000000    
   19.9328098       0.00000000    
   19.9494762       0.00000000    
   19.9661427       0.00000000    
   19.9828091       0.00000000    
   19.9994755       0.00000000    
   20.0161419       0.00000000    
   20.0328083       0.00000000    
   20.0494747       0.00000000    
   20.0661411       0.00000000    
   20.0828075       0.00000000    
   20.0994740       0.00000000    
   20.1161404       0.00000000    
   20.1328068       0.00000000    
   20.1494732       0.00000000    
   20.1661396       0.00000000    
   20.1828060       0.00000000    
   20.1994724       0.00000000    
   20.2161388       0.00000000    
   20.2328053       0.00000000    
   20.2494717       0.00000000    
   20.2661381       0.00000000    
   20.2828045       0.00000000    
   20.2994709       0.00000000    
   20.3161373       0.00000000    
   20.3328037       0.00000000    
   20.3494701       0.00000000    
   20.3661366       0.00000000    
   20.3828030       0.00000000    
   20.3994694       0.00000000    
   20.4161358       0.00000000    
   20.4328022       0.00000000    
   20.4494686       0.00000000    
   20.4661350       0.00000000    
   20.4828014       0.00000000    
   20.4994678       0.00000000    
   20.5161343       0.00000000    
   20.5328007       0.00000000    
   20.5494671       0.00000000    
   20.5661335       0.00000000    
   20.5827999       0.00000000    
   20.5994663       0.00000000    
   20.6161327       0.00000000    
   20.6327991       0.00000000    
   20.6494656       0.00000000    
   20.6661320       0.00000000    
   20.6827984       0.00000000    
   20.6994648       0.00000000    
   20.7161312       0.00000000    
   20.7327976       0.00000000    
   20.7494640       0.00000000    
   20.7661304       0.00000000    
   20.7827969       0.00000000    
   20.7994633       0.00000000    
   20.8161297       0.00000000    
   20.8327961       0.00000000    
   20.8494625       0.00000000    
   20.8661289       0.00000000    
   20.8827953       0.00000000    
   20.8994617       0.00000000    
   20.9161282       0.00000000    
   20.9327946       0.00000000    
   20.9494610       0.00000000    
   20.9661274       0.00000000    
   20.9827938       0.00000000    
   20.9994602       0.00000000    
   21.0161266       0.00000000    
   21.0327930       0.00000000    
   21.0494595       0.00000000    
   21.0661259       0.00000000    
   21.0827923       0.00000000    
   21.0994587       0.00000000    
   21.1161251       0.00000000    
   21.1327915       0.00000000    
   21.1494579       0.00000000    
   21.1661243       0.00000000    
   21.1827908       0.00000000    
   21.1994572       0.00000000    
   21.2161236       0.00000000    
   21.2327900       0.00000000    
   21.2494564       0.00000000    
   21.2661228       0.00000000    
   21.2827892       0.00000000    
   21.2994556       0.00000000    
   21.3161221       0.00000000    
   21.3327885       0.00000000    
   21.3494549       0.00000000    
   21.3661213       0.00000000    
   21.3827877       0.00000000    
   21.3994541       0.00000000    
   21.4161205       0.00000000    
   21.4327869       0.00000000    
   21.4494534       0.00000000    
   21.4661198       0.00000000    
   21.4827862       0.00000000    
   21.4994526       0.00000000    
   21.5161190       0.00000000    
   21.5327854       0.00000000    
   21.5494518       0.00000000    
   21.5661182       0.00000000    
   21.5827847       0.00000000    
   21.5994511       0.00000000    
   21.6161175       0.00000000    
   21.6327839       0.00000000    
   21.6494503       0.00000000    
   21.6661167       0.00000000    
   21.6827831       0.00000000    
   21.6994495       0.00000000    
   21.7161160       0.00000000    
   21.7327824       0.00000000    
   21.7494488       0.00000000    
   21.7661152       0.00000000    
   21.7827816       0.00000000    
   21.7994480       0.00000000    
   21.8161144       0.00000000    
   21.8327808       0.00000000    
   21.8494473       0.00000000    
   21.8661137       0.00000000    
   21.8827801       0.00000000    
   21.8994465       0.00000000    
   21.9161129       0.00000000    
   21.9327793       0.00000000    
   21.9494457       0.00000000    
   21.9661121       0.00000000    
   21.9827785       0.00000000    
   21.9994450       0.00000000    
   22.0161114       0.00000000    
   22.0327778       0.00000000    
   22.0494442       0.00000000    
   22.0661106       0.00000000    
   22.0827770       0.00000000    
   22.0994434       0.00000000    
   22.1161098       0.00000000    
   22.1327763       0.00000000    
   22.1494427       0.00000000    
   22.1661091       0.00000000    
   22.1827755       0.00000000    
   22.1994419       0.00000000    
   22.2161083       0.00000000    
   22.2327747       0.00000000    
   22.2494411       0.00000000    
   22.2661076       0.00000000    
   22.2827740       0.00000000    
   22.2994404       0.00000000    
   22.3161068       0.00000000    
   22.3327732       0.00000000    
   22.3494396       0.00000000    
   22.3661060       0.00000000    
   22.3827724       0.00000000    
   22.3994389       0.00000000    
   22.4161053       0.00000000    
   22.4327717       0.00000000    
   22.4494381       0.00000000    
   22.4661045       0.00000000    
   22.4827709       0.00000000    
   22.4994373       0.00000000    
   22.5161037       0.00000000    
   22.5327702       0.00000000    
   22.5494366       0.00000000    
   22.5661030       0.00000000    
   22.5827694       0.00000000    
   22.5994358       0.00000000    
   22.6161022       0.00000000    
   22.6327686       0.00000000    
   22.6494350       0.00000000    
   22.6661015       0.00000000    
   22.6827679       0.00000000    
   22.6994343       0.00000000    
   22.7161007       0.00000000    
   22.7327671       0.00000000    
   22.7494335       0.00000000    
   22.7660999       0.00000000    
   22.7827663       0.00000000    
   22.7994328       0.00000000    
   22.8160992       0.00000000    
   22.8327656       0.00000000    
   22.8494320       0.00000000    
   22.8660984       0.00000000    
   22.8827648       0.00000000    
   22.8994312       0.00000000    
   22.9160976       0.00000000    
   22.9327641       0.00000000    
   22.9494305       0.00000000    
   22.9660969       0.00000000    
   22.9827633       0.00000000    
   22.9994297       0.00000000    
   23.0160961       0.00000000    
   23.0327625       0.00000000    
   23.0494289       0.00000000    
   23.0660954       0.00000000    
   23.0827618       0.00000000    
   23.0994282       0.00000000    
   23.1160946       0.00000000    
   23.1327610       0.00000000    
   23.1494274       0.00000000    
   23.1660938       0.00000000    
   23.1827602       0.00000000    
   23.1994267       0.00000000    
   23.2160931       0.00000000    
   23.2327595       0.00000000    
   23.2494259       0.00000000    
   23.2660923       0.00000000    
   23.2827587       0.00000000    
   23.2994251       0.00000000    
   23.3160915       0.00000000    
   23.3327579       0.00000000    
   23.3494244       0.00000000    
   23.3660908       0.00000000    
   23.3827572       0.00000000    
   23.3994236       0.00000000    
   23.4160900       0.00000000    
   23.4327564       0.00000000    
   23.4494228       0.00000000    
   23.4660892       0.00000000    
   23.4827557       0.00000000    
   23.4994221       0.00000000    
   23.5160885       0.00000000    
   23.5327549       0.00000000    
   23.5494213       0.00000000    
   23.5660877       0.00000000    
   23.5827541       0.00000000    
   23.5994205       0.00000000    
   23.6160870       0.00000000    
   23.6327534       0.00000000    
   23.6494198       0.00000000    
   23.6660862       0.00000000    
   23.6827526       0.00000000    
   23.6994190       0.00000000    
   23.7160854       0.00000000    
   23.7327518       0.00000000    
   23.7494183       0.00000000    
   23.7660847       0.00000000    
   23.7827511       0.00000000    
   23.7994175       0.00000000    
   23.8160839       0.00000000    
   23.8327503       0.00000000    
   23.8494167       0.00000000    
   23.8660831       0.00000000    
   23.8827496       0.00000000    
   23.8994160       0.00000000    
   23.9160824       0.00000000    
   23.9327488       0.00000000    
   23.9494152       0.00000000    
   23.9660816       0.00000000    
   23.9827480       0.00000000    
