   0.00000000       0.00000000    
   1.66660007E-02   0.00000000    
   3.33320014E-02   0.00000000    
   4.99980003E-02   0.00000000    
   6.66640028E-02   0.00000000    
   8.33300054E-02   0.00000000    
   9.99960080E-02   0.00000000    
  0.116662011       0.00000000    
  0.133328006       0.00000000    
  0.149994001       0.00000000    
  0.166659996       0.00000000    
  0.183325991       0.00000000    
  0.199991986       0.00000000    
  0.216657981       0.00000000    
  0.233323976       0.00000000    
  0.249989972       0.00000000    
  0.266655982       0.00000000    
  0.283321977       0.00000000    
  0.299987972       0.00000000    
  0.316653967       0.00000000    
  0.333319962       0.00000000    
  0.349985957       0.00000000    
  0.366651952       0.00000000    
  0.383317947       0.00000000    
  0.399983943       0.00000000    
  0.416649938       0.00000000    
  0.433315933       0.00000000    
  0.449981928       0.00000000    
  0.466647923       0.00000000    
  0.483313918       0.00000000    
  0.499979913       0.00000000    
  0.516645908       0.00000000    
  0.533311903       0.00000000    
  0.549977899       0.00000000    
  0.566643894       0.00000000    
  0.583309889       0.00000000    
  0.599975884       0.00000000    
  0.616641879       0.00000000    
  0.633307874       0.00000000    
  0.649973869       0.00000000    
  0.666639864       0.00000000    
  0.683305860       0.00000000    
  0.699971855       0.00000000    
  0.716637850       0.00000000    
  0.733303845       0.00000000    
  0.749969840       0.00000000    
  0.766635835       0.00000000    
  0.783301830       0.00000000    
  0.799967825       0.00000000    
  0.816633821       0.00000000    
  0.833299816       0.00000000    
  0.849965811       0.00000000    
  0.866631806       0.00000000    
  0.883297801       0.00000000    
  0.899963796       0.00000000    
  0.916629791       0.00000000    
  0.933295786       0.00000000    
  0.949961782       0.00000000    
  0.966627777       0.00000000    
  0.983293772       0.00000000    
  0.999959767       0.00000000    
   1.01662576       0.00000000    
   1.03329182       0.00000000    
   1.04995787       0.00000000    
   1.06662393       0.00000000    
   1.08328998       0.00000000    
   1.09995604       0.00000000    
   1.11662209       0.00000000    
   1.13328815       0.00000000    
   1.14995420       0.00000000    
   1.16662025       0.00000000    
   1.18328631       0.00000000    
   1.19995236       0.00000000    
   1.21661842       0.00000000    
   1.23328447       0.00000000    
   1.24995053       0.00000000    
   1.26661658       0.00000000    
   1.28328264       0.00000000    
   1.29994869       0.00000000    
   1.31661475       0.00000000    
   1.33328080       0.00000000    
   1.34994686       0.00000000    
   1.36661291       0.00000000    
   1.38327897       0.00000000    
   1.39994502       0.00000000    
   1.41661108       0.00000000    
   1.43327713       0.00000000    
   1.44994318       0.00000000    
   1.46660924       0.00000000    
   1.48327529       0.00000000    
   1.49994135       0.00000000    
   1.51660740       0.00000000    
   1.53327346       0.00000000    
   1.54993951       0.00000000    
   1.56660557       0.00000000    
   1.58327162       0.00000000    
   1.59993768       0.00000000    
   1.61660373       0.00000000    
   1.63326979       0.00000000    
   1.64993584       0.00000000    
   1.66660190       0.00000000    
   1.68326795       0.00000000    
   1.69993401       0.00000000    
   1.71660006       0.00000000    
   1.73326612       0.00000000    
   1.74993217       0.00000000    
   1.76659822       0.00000000    
   1.78326428       0.00000000    
   1.79993033       0.00000000    
   1.81659639       0.00000000    
   1.83326244       0.00000000    
   1.84992850       0.00000000    
   1.86659455       0.00000000    
   1.88326061       0.00000000    
   1.89992666       0.00000000    
   1.91659272       0.00000000    
   1.93325877       0.00000000    
   1.94992483       0.00000000    
   1.96659088       0.00000000    
   1.98325694       0.00000000    
   1.99992299       0.00000000    
   2.01658893       0.00000000    
   2.03325486       0.00000000    
   2.04992080       0.00000000    
   2.06658673       0.00000000    
   2.08325267       0.00000000    
   2.09991860       0.00000000    
   2.11658454       0.00000000    
   2.13325047       0.00000000    
   2.14991641       0.00000000    
   2.16658235       0.00000000    
   2.18324828       0.00000000    
   2.19991422       0.00000000    
   2.21658015       0.00000000    
   2.23324609       0.00000000    
   2.24991202       0.00000000    
   2.26657796       0.00000000    
   2.28324389       0.00000000    
   2.29990983       0.00000000    
   2.31657577       0.00000000    
   2.33324170       0.00000000    
   2.34990764       0.00000000    
   2.36657357       0.00000000    
   2.38323951       0.00000000    
   2.39990544       0.00000000    
   2.41657138       0.00000000    
   2.43323731       0.00000000    
   2.44990325       0.00000000    
   2.46656919       0.00000000    
   2.48323512       0.00000000    
   2.49990106       0.00000000    
   2.51656699       0.00000000    
   2.53323293       0.00000000    
   2.54989886       0.00000000    
   2.56656480       0.00000000    
   2.58323073       0.00000000    
   2.59989667       0.00000000    
   2.61656260       0.00000000    
   2.63322854       0.00000000    
   2.64989448       0.00000000    
   2.66656041       0.00000000    
   2.68322635       0.00000000    
   2.69989228       0.00000000    
   2.71655822       0.00000000    
   2.73322415       0.00000000    
   2.74989009       0.00000000    
   2.76655602       0.00000000    
   2.78322196       0.00000000    
   2.79988790       0.00000000    
   2.81655383       0.00000000    
   2.83321977       0.00000000    
   2.84988570       0.00000000    
   2.86655164       0.00000000    
   2.88321757       0.00000000    
   2.89988351       0.00000000    
   2.91654944       0.00000000    
   2.93321538       0.00000000    
   2.94988132       0.00000000    
   2.96654725       0.00000000    
   2.98321319       0.00000000    
   2.99987912       0.00000000    
   3.01654506       0.00000000    
   3.03321099       0.00000000    
   3.04987693       0.00000000    
   3.06654286       0.00000000    
   3.08320880       0.00000000    
   3.09987473       0.00000000    
   3.11654067       0.00000000    
   3.13320661       0.00000000    
   3.14987254       0.00000000    
   3.16653848       0.00000000    
   3.18320441       0.00000000    
   3.19987035       0.00000000    
   3.21653628       0.00000000    
   3.23320222       0.00000000    
   3.24986815       0.00000000    
   3.26653409       0.00000000    
   3.28320003       0.00000000    
   3.29986596       0.00000000    
   3.31653190       0.00000000    
   3.33319783       0.00000000    
   3.34986377       0.00000000    
   3.36652970       0.00000000    
   3.38319564       0.00000000    
   3.39986157       0.00000000    
   3.41652751       0.00000000    
   3.43319345       0.00000000    
   3.44985938       0.00000000    
   3.46652532       0.00000000    
   3.48319125       0.00000000    
   3.49985719       0.00000000    
   3.51652312       0.00000000    
   3.53318906       0.00000000    
   3.54985499       0.00000000    
   3.56652093       0.00000000    
   3.58318686       0.00000000    
   3.59985280       0.00000000    
   3.61651874       0.00000000    
   3.63318467       0.00000000    
   3.64985061       0.00000000    
   3.66651654       0.00000000    
   3.68318248       0.00000000    
   3.69984841       0.00000000    
   3.71651435       0.00000000    
   3.73318028       0.00000000    
   3.74984622       0.00000000    
   3.76651216       0.00000000    
   3.78317809       0.00000000    
   3.79984403       0.00000000    
   3.81650996       0.00000000    
   3.83317590       0.00000000    
   3.84984183       0.00000000    
   3.86650777       0.00000000    
   3.88317370       0.00000000    
   3.89983964       0.00000000    
   3.91650558       0.00000000    
   3.93317151       0.00000000    
   3.94983745       0.00000000    
   3.96650338       0.00000000    
   3.98316932       0.00000000    
   3.99983525       0.00000000    
   4.01650143       0.00000000    
   4.03316736       0.00000000    
   4.04983330       0.00000000    
   4.06649923       0.00000000    
   4.08316517       0.00000000    
   4.09983110       0.00000000    
   4.11649704       0.00000000    
   4.13316298       0.00000000    
   4.14982891       0.00000000    
   4.16649485       0.00000000    
   4.18316078       0.00000000    
   4.19982672       0.00000000    
   4.21649265       0.00000000    
   4.23315859       0.00000000    
   4.24982452       0.00000000    
   4.26649046       0.00000000    
   4.28315639       0.00000000    
   4.29982233       0.00000000    
   4.31648827       0.00000000    
   4.33315420       0.00000000    
   4.34982014       0.00000000    
   4.36648607       0.00000000    
   4.38315201       0.00000000    
   4.39981794       0.00000000    
   4.41648388       0.00000000    
   4.43314981       0.00000000    
   4.44981575       0.00000000    
   4.46648169       0.00000000    
   4.48314762       0.00000000    
   4.49981356       0.00000000    
   4.51647949       0.00000000    
   4.53314543       0.00000000    
   4.54981136       0.00000000    
   4.56647730       0.00000000    
   4.58314323       0.00000000    
   4.59980917       0.00000000    
   4.61647511       0.00000000    
   4.63314104       0.00000000    
   4.64980698       0.00000000    
   4.66647291       0.00000000    
   4.68313885       0.00000000    
   4.69980478       0.00000000    
   4.71647072       0.00000000    
   4.73313665       0.00000000    
   4.74980259       0.00000000    
   4.76646852       0.00000000    
   4.78313446       0.00000000    
   4.79980040       0.00000000    
   4.81646633       0.00000000    
   4.83313227       0.00000000    
   4.84979820       0.00000000    
   4.86646414       0.00000000    
   4.88313007       0.00000000    
   4.89979601       0.00000000    
   4.91646194       0.00000000    
   4.93312788       0.00000000    
   4.94979382       0.00000000    
   4.96645975       0.00000000    
   4.98312569       0.00000000    
   4.99979162       0.00000000    
   5.01645756       0.00000000    
   5.03312349       0.00000000    
   5.04978943       0.00000000    
   5.06645536       0.00000000    
   5.08312130       0.00000000    
   5.09978724       0.00000000    
   5.11645317       0.00000000    
   5.13311911       0.00000000    
   5.14978504       0.00000000    
   5.16645098       0.00000000    
   5.18311691       0.00000000    
   5.19978285       0.00000000    
   5.21644878       0.00000000    
   5.23311472       0.00000000    
   5.24978065       0.00000000    
   5.26644659       0.00000000    
   5.28311253       0.00000000    
   5.29977846       0.00000000    
   5.31644440       0.00000000    
   5.33311033       0.00000000    
   5.34977627       0.00000000    
   5.36644220       0.00000000    
   5.38310814       0.00000000    
   5.39977407       0.00000000    
   5.41644001       0.00000000    
   5.43310595       0.00000000    
   5.44977188       0.00000000    
   5.46643782       0.00000000    
   5.48310375       0.00000000    
   5.49976969       0.00000000    
   5.51643562       0.00000000    
   5.53310156       0.00000000    
   5.54976749       0.00000000    
   5.56643343       0.00000000    
   5.58309937       0.00000000    
   5.59976530       0.00000000    
   5.61643124       0.00000000    
   5.63309717       0.00000000    
   5.64976311       0.00000000    
   5.66642904       0.00000000    
   5.68309498       0.00000000    
   5.69976091       0.00000000    
   5.71642685       0.00000000    
   5.73309278       0.00000000    
   5.74975872       0.00000000    
   5.76642466       0.00000000    
   5.78309059       0.00000000    
   5.79975653       0.00000000    
   5.81642246       0.00000000    
   5.83308840       0.00000000    
   5.84975433       0.00000000    
   5.86642027       0.00000000    
   5.88308620       0.00000000    
   5.89975214       0.00000000    
   5.91641808       0.00000000    
   5.93308401       0.00000000    
   5.94974995       0.00000000    
   5.96641588       0.00000000    
   5.98308182       0.00000000    
   5.99974775       0.00000000    
   6.01641369       0.00000000    
   6.03307962       0.00000000    
   6.04974556       0.00000000    
   6.06641150       0.00000000    
   6.08307743       0.00000000    
   6.09974337       0.00000000    
   6.11640930       0.00000000    
   6.13307524       0.00000000    
   6.14974117       0.00000000    
   6.16640711       0.00000000    
   6.18307304       0.00000000    
   6.19973898       0.00000000    
   6.21640491       0.00000000    
   6.23307085       0.00000000    
   6.24973679       0.00000000    
   6.26640272       0.00000000    
   6.28306866       0.00000000    
   6.29973459       0.00000000    
   6.31640053       0.00000000    
   6.33306646       0.00000000    
   6.34973240       0.00000000    
   6.36639833       0.00000000    
   6.38306427       0.00000000    
   6.39973021       0.00000000    
   6.41639614       0.00000000    
   6.43306208       0.00000000    
   6.44972801       0.00000000    
   6.46639395       0.00000000    
   6.48305988       0.00000000    
   6.49972582       0.00000000    
   6.51639175       0.00000000    
   6.53305769       0.00000000    
   6.54972363       0.00000000    
   6.56638956       0.00000000    
   6.58305550       0.00000000    
   6.59972143       0.00000000    
   6.61638737       0.00000000    
   6.63305330       2.58599999E-11
   6.64971924       7.88300003E-09
   6.66638517       4.65600010E-07
   6.68305111       6.42699979E-06
   6.69971704       3.12400007E-05
   6.71638298       9.36200013E-05
   6.73304892       1.98299997E-04
   6.74971485       3.63500003E-04
   6.76638079       6.12900010E-04
   6.78304672       9.61599988E-04
   6.79971266       1.45900005E-03
   6.81637859       2.15200009E-03
   6.83304453       3.04999994E-03
   6.84971046       4.29899991E-03
   6.86637640       5.98799996E-03
   6.88304234       8.04500002E-03
   6.89970827       1.07500004E-02
   6.91637421       1.44300004E-02
   6.93304014       1.88299995E-02
   6.94970608       2.44500004E-02
   6.96637201       3.15899998E-02
   6.98303795       4.06600013E-02
   6.99970388       5.07900007E-02
   7.01636982       6.41499981E-02
   7.03303576       8.02199990E-02
   7.04970169       9.90099981E-02
   7.06636763      0.120600000    
   7.08303356      0.147499993    
   7.09969950      0.179100007    
   7.11636543      0.213200003    
   7.13303137      0.252700001    
   7.14969730      0.291099995    
   7.16636324      0.337099999    
   7.18302917      0.393000007    
   7.19969511      0.444299996    
   7.21636105      0.511600018    
   7.23302698      0.569100022    
   7.24969292      0.636900008    
   7.26635885      0.716899991    
   7.28302479      0.810100019    
   7.29969072      0.890299976    
   7.31635666      0.975700021    
   7.33302259       1.06599998    
   7.34968853       1.15999997    
   7.36635447       1.25699997    
   7.38302040       1.35899997    
   7.39968634       1.46399999    
   7.41635227       1.57200003    
   7.43301821       1.68299997    
   7.44968414       1.79700005    
   7.46635008       1.91400003    
   7.48301601       2.03399992    
   7.49968195       2.15700006    
   7.51634789       2.28299999    
   7.53301382       2.41199994    
   7.54967976       2.54299998    
   7.56634569       2.67799997    
   7.58301163       2.81399989    
   7.59967756       2.95400000    
   7.61634350       3.09699988    
   7.63300943       3.24200010    
   7.64967537       3.39000010    
   7.66634130       3.53999996    
   7.68300724       3.69400001    
   7.69967318       3.84899998    
   7.71633911       4.00799990    
   7.73300505       4.16900015    
   7.74967098       4.33300018    
   7.76633692       4.49900007    
   7.78300285       4.66800022    
   7.79966879       4.83900023    
   7.81633472       5.01200008    
   7.83300066       5.18800020    
   7.84966660       5.36700010    
   7.86633253       5.54699993    
   7.88299847       5.73000002    
   7.89966440       5.91499996    
   7.91633034       6.10200024    
   7.93299627       6.29099989    
   7.94966221       6.48299980    
   7.96632814       6.67600012    
   7.98299408       6.87099981    
   7.99966002       7.06899977    
   8.01632595       7.26800013    
   8.03299236       7.46899986    
   8.04965878       7.67199993    
   8.06632519       7.87599993    
   8.08299160       8.08199978    
   8.09965801       8.28999996    
   8.11632442       8.49899960    
   8.13299084       8.71000004    
   8.14965725       8.92199993    
   8.16632366       9.13599968    
   8.18299007       9.35099983    
   8.19965649       9.56799984    
   8.21632290       9.78499985    
   8.23298931       10.0000000    
   8.24965572       10.2200003    
   8.26632214       10.4499998    
   8.28298855       10.6700001    
   8.29965496       10.8900003    
   8.31632137       11.1199999    
   8.33298779       11.3400002    
   8.34965420       11.5699997    
   8.36632061       11.8000002    
   8.38298702       12.0299997    
   8.39965343       12.2600002    
   8.41631985       12.4899998    
   8.43298626       12.7200003    
   8.44965267       12.9499998    
   8.46631908       13.1800003    
   8.48298550       13.4099998    
   8.49965191       13.6499996    
   8.51631832       13.8800001    
   8.53298473       14.1199999    
   8.54965115       14.3500004    
   8.56631756       14.5900002    
   8.58298397       14.8299999    
   8.59965038       15.0600004    
   8.61631680       15.3000002    
   8.63298321       15.5400000    
   8.64964962       15.7799997    
   8.66631603       16.0200005    
   8.68298244       16.2600002    
   8.69964886       16.5000000    
   8.71631527       16.7399998    
   8.73298168       16.9799995    
   8.74964809       17.2199993    
   8.76631451       17.4599991    
   8.78298092       17.7000008    
   8.79964733       17.9400005    
   8.81631374       18.1800003    
   8.83298016       18.4200001    
   8.84964657       18.6599998    
   8.86631298       18.8999996    
   8.88297939       19.1399994    
   8.89964581       19.3899994    
   8.91631222       19.6299992    
   8.93297863       19.8700008    
   8.94964504       20.1100006    
   8.96631145       20.3500004    
   8.98297787       20.5900002    
   8.99964428       20.8299999    
   9.01631069       21.0699997    
   9.03297710       21.3199997    
   9.04964352       21.5599995    
   9.06630993       21.7999992    
   9.08297634       22.0400009    
   9.09964275       22.2800007    
   9.11630917       22.5200005    
   9.13297558       22.7600002    
   9.14964199       23.0000000    
   9.16630840       23.2399998    
   9.18297482       23.4799995    
   9.19964123       23.7099991    
   9.21630764       23.9500008    
   9.23297405       24.1900005    
   9.24964046       24.4300003    
   9.26630688       24.6700001    
   9.28297329       24.8999996    
   9.29963970       25.1399994    
   9.31630611       25.3799992    
   9.33297253       25.6100006    
   9.34963894       25.8500004    
   9.36630535       26.0799999    
   9.38297176       26.3199997    
   9.39963818       26.5499992    
   9.41630459       26.7900009    
   9.43297100       27.0200005    
   9.44963741       27.2500000    
   9.46630383       27.4899998    
   9.48297024       27.7199993    
   9.49963665       27.9500008    
   9.51630306       28.1800003    
   9.53296947       28.4099998    
   9.54963589       28.6399994    
   9.56630230       28.8700008    
   9.58296871       29.1000004    
   9.59963512       29.3199997    
   9.61630154       29.5499992    
   9.63296795       29.7800007    
   9.64963436       30.0000000    
   9.66630077       30.2299995    
   9.68296719       30.4500008    
   9.69963360       30.6800003    
   9.71630001       30.8999996    
   9.73296642       31.1200008    
   9.74963284       31.3500004    
   9.76629925       31.5699997    
   9.78296566       31.7900009    
   9.79963207       32.0099983    
   9.81629848       32.2299995    
   9.83296490       32.4399986    
   9.84963131       32.6599998    
   9.86629772       32.8800011    
   9.88296413       33.0900002    
   9.89963055       33.3100014    
   9.91629696       33.5200005    
   9.93296337       33.7400017    
   9.94962978       33.9500008    
   9.96629620       34.1599998    
   9.98296261       34.3699989    
   9.99962902       34.5800018    
   10.0162954       34.7900009    
   10.0329618       35.0000000    
   10.0496283       35.2099991    
   10.0662947       35.4199982    
   10.0829611       35.6199989    
   10.0996275       35.8300018    
   10.1162939       36.0299988    
   10.1329603       36.2400017    
   10.1496267       36.4399986    
   10.1662931       36.6399994    
   10.1829596       36.8400002    
   10.1996260       37.0400009    
   10.2162924       37.2400017    
   10.2329588       37.4399986    
   10.2496252       37.6300011    
   10.2662916       37.8300018    
   10.2829580       38.0299988    
   10.2996244       38.2200012    
   10.3162909       38.4099998    
   10.3329573       38.6100006    
   10.3496237       38.7999992    
   10.3662901       38.9900017    
   10.3829565       39.1800003    
   10.3996229       39.3600006    
   10.4162893       39.5499992    
   10.4329557       39.7400017    
   10.4496222       39.9199982    
   10.4662886       40.1100006    
   10.4829550       40.2900009    
   10.4996214       40.4700012    
   10.5162878       40.6500015    
   10.5329542       40.8300018    
   10.5496206       41.0099983    
   10.5662870       41.1899986    
   10.5829535       41.3699989    
   10.5996199       41.5400009    
   10.6162863       41.7200012    
   10.6329527       41.8899994    
   10.6496191       42.0600014    
   10.6662855       42.2299995    
   10.6829519       42.4000015    
   10.6996183       42.5699997    
   10.7162848       42.7400017    
   10.7329512       42.9099998    
   10.7496176       43.0699997    
   10.7662840       43.2400017    
   10.7829504       43.4000015    
   10.7996168       43.5600014    
   10.8162832       43.7200012    
   10.8329496       43.8800011    
   10.8496161       44.0400009    
   10.8662825       44.2000008    
   10.8829489       44.3600006    
   10.8996153       44.5099983    
   10.9162817       44.6699982    
   10.9329481       44.8199997    
   10.9496145       44.9700012    
   10.9662809       45.1199989    
   10.9829473       45.2700005    
   10.9996138       45.4199982    
   11.0162802       45.5699997    
   11.0329466       45.7099991    
   11.0496130       45.8600006    
   11.0662794       46.0000000    
   11.0829458       46.1399994    
   11.0996122       46.2799988    
   11.1162786       46.4199982    
   11.1329451       46.5600014    
   11.1496115       46.7000008    
   11.1662779       46.8400002    
   11.1829443       46.9700012    
   11.1996107       47.0999985    
   11.2162771       47.2400017    
   11.2329435       47.3699989    
   11.2496099       47.5000000    
   11.2662764       47.6199989    
   11.2829428       47.7500000    
   11.2996092       47.8800011    
   11.3162756       48.0000000    
   11.3329420       48.1300011    
   11.3496084       48.2500000    
   11.3662748       48.3699989    
   11.3829412       48.4900017    
   11.3996077       48.6100006    
   11.4162741       48.7200012    
   11.4329405       48.8400002    
   11.4496069       48.9500008    
   11.4662733       49.0699997    
   11.4829397       49.1800003    
   11.4996061       49.2900009    
   11.5162725       49.4000015    
   11.5329390       49.5099983    
   11.5496054       49.6100006    
   11.5662718       49.7200012    
   11.5829382       49.8199997    
   11.5996046       49.9199982    
   11.6162710       50.0200005    
   11.6329374       50.1199989    
   11.6496038       50.2200012    
   11.6662703       50.3199997    
   11.6829367       50.4199982    
   11.6996031       50.5099983    
   11.7162695       50.5999985    
   11.7329359       50.7000008    
   11.7496023       50.7900009    
   11.7662687       50.8800011    
   11.7829351       50.9599991    
   11.7996016       51.0499992    
   11.8162680       51.1300011    
   11.8329344       51.2200012    
   11.8496008       51.2999992    
   11.8662672       51.3800011    
   11.8829336       51.4599991    
   11.8996000       51.5400009    
   11.9162664       51.6199989    
   11.9329329       51.6899986    
   11.9495993       51.7599983    
   11.9662657       51.8400002    
   11.9829321       51.9099998    
   11.9995985       51.9799995    
   12.0162649       52.0499992    
   12.0329313       52.1100006    
   12.0495977       52.1800003    
   12.0662642       52.2400017    
   12.0829306       52.3100014    
   12.0995970       52.3699989    
   12.1162634       52.4300003    
   12.1329298       52.4900017    
   12.1495962       52.5499992    
   12.1662626       52.5999985    
   12.1829290       52.6599998    
   12.1995955       52.7099991    
   12.2162619       52.7599983    
   12.2329283       52.8100014    
   12.2495947       52.8600006    
   12.2662611       52.9099998    
   12.2829275       52.9500008    
   12.2995939       53.0000000    
   12.3162603       53.0400009    
   12.3329268       53.0800018    
   12.3495932       53.1199989    
   12.3662596       53.1599998    
   12.3829260       53.2000008    
   12.3995924       53.2400017    
   12.4162588       53.2700005    
   12.4329252       53.2999992    
   12.4495916       53.3400002    
   12.4662580       53.3699989    
   12.4829245       53.4000015    
   12.4995909       53.4199982    
   12.5162573       53.4500008    
   12.5329237       53.4799995    
   12.5495901       53.5000000    
   12.5662565       53.5200005    
   12.5829229       53.5400009    
   12.5995893       53.5600014    
   12.6162558       53.5800018    
   12.6329222       53.5900002    
   12.6495886       53.6100006    
   12.6662550       53.6199989    
   12.6829214       53.6300011    
   12.6995878       53.6399994    
   12.7162542       53.6500015    
   12.7329206       53.6599998    
   12.7495871       53.6699982    
   12.7662535       53.6699982    
   12.7829199       53.6800003    
   12.7995863       53.6800003    
   12.8162527       53.6800003    
   12.8329191       53.6800003    
   12.8495855       53.6800003    
   12.8662519       53.6699982    
   12.8829184       53.6699982    
   12.8995848       53.6599998    
   12.9162512       53.6500015    
   12.9329176       53.6399994    
   12.9495840       53.6300011    
   12.9662504       53.6199989    
   12.9829168       53.6100006    
   12.9995832       53.5900002    
   13.0162497       53.5699997    
   13.0329161       53.5600014    
   13.0495825       53.5400009    
   13.0662489       53.5099983    
   13.0829153       53.4900017    
   13.0995817       53.4700012    
   13.1162481       53.4399986    
   13.1329145       53.4199982    
   13.1495810       53.3899994    
   13.1662474       53.3600006    
   13.1829138       53.3300018    
   13.1995802       53.2999992    
   13.2162466       53.2599983    
   13.2329130       53.2299995    
   13.2495794       53.1899986    
   13.2662458       53.1500015    
   13.2829123       53.1100006    
   13.2995787       53.0699997    
   13.3162451       53.0299988    
   13.3329115       52.9900017    
   13.3495779       52.9399986    
   13.3662443       52.9000015    
   13.3829107       52.8499985    
   13.3995771       52.7999992    
   13.4162436       52.7500000    
   13.4329100       52.7000008    
   13.4495764       52.6399994    
   13.4662428       52.5900002    
   13.4829092       52.5299988    
   13.4995756       52.4700012    
   13.5162420       52.4099998    
   13.5329084       52.3499985    
   13.5495749       52.2900009    
   13.5662413       52.2299995    
   13.5829077       52.1599998    
   13.5995741       52.0999985    
   13.6162405       52.0299988    
   13.6329069       51.9599991    
   13.6495733       51.8899994    
   13.6662397       51.8199997    
   13.6829062       51.7500000    
   13.6995726       51.6699982    
   13.7162390       51.5999985    
   13.7329054       51.5200005    
   13.7495718       51.4399986    
   13.7662382       51.3600006    
   13.7829046       51.2799988    
   13.7995710       51.2000008    
   13.8162374       51.1100006    
   13.8329039       51.0299988    
   13.8495703       50.9399986    
   13.8662367       50.8499985    
   13.8829031       50.7599983    
   13.8995695       50.6699982    
   13.9162359       50.5800018    
   13.9329023       50.4900017    
   13.9495687       50.3899994    
   13.9662352       50.2999992    
   13.9829016       50.2000008    
   13.9995680       50.0999985    
   14.0162344       50.0000000    
   14.0329008       49.9000015    
   14.0495672       49.7999992    
   14.0662336       49.6899986    
   14.0829000       49.5900002    
   14.0995665       49.4799995    
   14.1162329       49.3699989    
   14.1328993       49.2599983    
   14.1495657       49.1500015    
   14.1662321       49.0400009    
   14.1828985       48.9300003    
   14.1995649       48.8100014    
   14.2162313       48.7000008    
   14.2328978       48.5800018    
   14.2495642       48.4599991    
   14.2662306       48.3400002    
   14.2828970       48.2200012    
   14.2995634       48.0999985    
   14.3162298       47.9700012    
   14.3328962       47.8499985    
   14.3495626       47.7200012    
   14.3662291       47.5900002    
   14.3828955       47.4599991    
   14.3995619       47.3400002    
   14.4162283       47.2000008    
   14.4328947       47.0699997    
   14.4495611       46.9399986    
   14.4662275       46.7999992    
   14.4828939       46.6699982    
   14.4995604       46.5299988    
   14.5162268       46.3899994    
   14.5328932       46.2500000    
   14.5495596       46.1100006    
   14.5662260       45.9700012    
   14.5828924       45.8199997    
   14.5995588       45.6800003    
   14.6162252       45.5299988    
   14.6328917       45.3800011    
   14.6495581       45.2400017    
   14.6662245       45.0900002    
   14.6828909       44.9399986    
   14.6995573       44.7799988    
   14.7162237       44.6300011    
   14.7328901       44.4700012    
   14.7495565       44.3199997    
   14.7662230       44.1599998    
   14.7828894       44.0000000    
   14.7995558       43.8499985    
   14.8162222       43.6800003    
   14.8328886       43.5200005    
   14.8495550       43.3600006    
   14.8662214       43.2000008    
   14.8828878       43.0299988    
   14.8995543       42.8699989    
   14.9162207       42.7000008    
   14.9328871       42.5299988    
   14.9495535       42.3600006    
   14.9662199       42.1899986    
   14.9828863       42.0200005    
   14.9995527       41.8499985    
   15.0162191       41.6699982    
   15.0328856       41.5000000    
   15.0495520       41.3199997    
   15.0662184       41.1500015    
   15.0828848       40.9700012    
   15.0995512       40.7900009    
   15.1162176       40.6100006    
   15.1328840       40.4300003    
   15.1495504       40.2500000    
   15.1662169       40.0600014    
   15.1828833       39.8800011    
   15.1995497       39.6899986    
   15.2162161       39.5099983    
   15.2328825       39.3199997    
   15.2495489       39.1300011    
   15.2662153       38.9399986    
   15.2828817       38.7500000    
   15.2995481       38.5600014    
   15.3162146       38.3699989    
   15.3328810       38.1699982    
   15.3495474       37.9799995    
   15.3662138       37.7799988    
   15.3828802       37.5900002    
   15.3995466       37.3899994    
   15.4162130       37.1899986    
   15.4328794       36.9900017    
   15.4495459       36.7900009    
   15.4662123       36.5900002    
   15.4828787       36.3899994    
   15.4995451       36.1899986    
   15.5162115       35.9799995    
   15.5328779       35.7799988    
   15.5495443       35.5699997    
   15.5662107       35.3699989    
   15.5828772       35.1599998    
   15.5995436       34.9500008    
   15.6162100       34.7400017    
   15.6328764       34.5299988    
   15.6495428       34.3199997    
   15.6662092       34.1100006    
   15.6828756       33.9000015    
   15.6995420       33.6800003    
   15.7162085       33.4700012    
   15.7328749       33.2599983    
   15.7495413       33.0400009    
   15.7662077       32.8199997    
   15.7828741       32.6100006    
   15.7995405       32.3899994    
   15.8162069       32.1699982    
   15.8328733       31.9500008    
   15.8495398       31.7299995    
   15.8662062       31.5100002    
   15.8828726       31.2900009    
   15.8995390       31.0699997    
   15.9162054       30.8400002    
   15.9328718       30.6200008    
   15.9495382       30.3999996    
   15.9662046       30.1700001    
   15.9828711       29.9500008    
   15.9995375       29.7199993    
   16.0162029       29.4899998    
   16.0328693       29.2700005    
   16.0495358       29.0400009    
   16.0662022       28.8099995    
   16.0828686       28.5799999    
   16.0995350       28.3500004    
   16.1162014       28.1200008    
   16.1328678       27.8899994    
   16.1495342       27.6599998    
   16.1662006       27.4300003    
   16.1828671       27.1900005    
   16.1995335       26.9599991    
   16.2161999       26.7299995    
   16.2328663       26.4899998    
   16.2495327       26.2600002    
   16.2661991       26.0300007    
   16.2828655       25.7900009    
   16.2995319       25.5499992    
   16.3161983       25.3199997    
   16.3328648       25.0799999    
   16.3495312       24.8400002    
   16.3661976       24.6100006    
   16.3828640       24.3700008    
   16.3995304       24.1299992    
   16.4161968       23.8899994    
   16.4328632       23.6499996    
   16.4495296       23.4200001    
   16.4661961       23.1800003    
   16.4828625       22.9400005    
   16.4995289       22.7000008    
   16.5161953       22.4599991    
   16.5328617       22.2199993    
   16.5495281       21.9799995    
   16.5661945       21.7399998    
   16.5828609       21.5000000    
   16.5995274       21.2500000    
   16.6161938       21.0100002    
   16.6328602       20.7700005    
   16.6495266       20.5300007    
   16.6661930       20.2900009    
   16.6828594       20.0499992    
   16.6995258       19.8099995    
   16.7161922       19.5699997    
   16.7328587       19.3199997    
   16.7495251       19.0799999    
   16.7661915       18.8400002    
   16.7828579       18.6000004    
   16.7995243       18.3600006    
   16.8161907       18.1200008    
   16.8328571       17.8799992    
   16.8495235       17.6399994    
   16.8661900       17.3899994    
   16.8828564       17.1499996    
   16.8995228       16.9099998    
   16.9161892       16.6700001    
   16.9328556       16.4300003    
   16.9495220       16.2000008    
   16.9661884       15.9600000    
   16.9828548       15.7200003    
   16.9995213       15.4799995    
   17.0161877       15.2399998    
   17.0328541       15.0000000    
   17.0495205       14.7700005    
   17.0661869       14.5299997    
   17.0828533       14.2900000    
   17.0995197       14.0600004    
   17.1161861       13.8199997    
   17.1328526       13.5900002    
   17.1495190       13.3500004    
   17.1661854       13.1199999    
   17.1828518       12.8900003    
   17.1995182       12.6599998    
   17.2161846       12.4300003    
   17.2328510       12.1999998    
   17.2495174       11.9700003    
   17.2661839       11.7399998    
   17.2828503       11.5100002    
   17.2995167       11.2799997    
   17.3161831       11.0600004    
   17.3328495       10.8299999    
   17.3495159       10.6099997    
   17.3661823       10.3900003    
   17.3828487       10.1700001    
   17.3995152       9.94699955    
   17.4161816       9.72900009    
   17.4328480       9.51099968    
   17.4495144       9.29500008    
   17.4661808       9.07999992    
   17.4828472       8.86600018    
   17.4995136       8.65499973    
   17.5161800       8.44400024    
   17.5328465       8.23499966    
   17.5495129       8.02799988    
   17.5661793       7.82200003    
   17.5828457       7.61800003    
   17.5995121       7.41599989    
   17.6161785       7.21500015    
   17.6328449       7.01700020    
   17.6495113       6.82000017    
   17.6661777       6.62500000    
   17.6828442       6.43200016    
   17.6995106       6.24100018    
   17.7161770       6.05200005    
   17.7328434       5.86600018    
   17.7495098       5.68100023    
   17.7661762       5.49900007    
   17.7828426       5.31899977    
   17.7995090       5.14099979    
   17.8161755       4.96600008    
   17.8328419       4.79300022    
   17.8495083       4.62200022    
   17.8661747       4.45499992    
   17.8828411       4.28900003    
   17.8995075       4.12599993    
   17.9161739       3.96499991    
   17.9328403       3.80800009    
   17.9495068       3.65199995    
   17.9661732       3.50000000    
   17.9828396       3.34999990    
   17.9995060       3.20300007    
   18.0161724       3.05800009    
   18.0328388       2.91599989    
   18.0495052       2.77800012    
   18.0661716       2.64100003    
   18.0828381       2.50799990    
   18.0995045       2.37700009    
   18.1161709       2.24900007    
   18.1328373       2.12400007    
   18.1495037       2.00200009    
   18.1661701       1.88199997    
   18.1828365       1.76600003    
   18.1995029       1.65199995    
   18.2161694       1.54200006    
   18.2328358       1.43499994    
   18.2495022       1.33099997    
   18.2661686       1.23099995    
   18.2828350       1.13399994    
   18.2995014       1.04100001    
   18.3161678      0.952000022    
   18.3328342      0.868099988    
   18.3495007      0.784099996    
   18.3661671      0.693899989    
   18.3828335      0.617399991    
   18.3994999      0.552500010    
   18.4161663      0.497500002    
   18.4328327      0.428499997    
   18.4494991      0.381500006    
   18.4661655      0.325300008    
   18.4828320      0.278100014    
   18.4994984      0.237100005    
   18.5161648      0.200499997    
   18.5328312      0.167600006    
   18.5494976      0.138999999    
   18.5661640      0.114900000    
   18.5828304       9.45400000E-02
   18.5994968       7.51700029E-02
   18.6161633       6.06300011E-02
   18.6328297       4.79299985E-02
   18.6494961       3.74700017E-02
   18.6661625       2.91900001E-02
   18.6828289       2.25799996E-02
   18.6994953       1.73300002E-02
   18.7161617       1.32200001E-02
   18.7328281       1.00299995E-02
   18.7494946       7.38799991E-03
   18.7661610       5.45099983E-03
   18.7828274       3.90700018E-03
   18.7994938       2.80499994E-03
   18.8161602       1.92900002E-03
   18.8328266       1.29599997E-03
   18.8494930       8.46699986E-04
   18.8661594       5.32699982E-04
   18.8828259       3.14000004E-04
   18.8994923       1.63499994E-04
   18.9161587       7.20800017E-05
   18.9328251       2.12300001E-05
   18.9494915       3.54500003E-06
   18.9661579       1.75599993E-07
   18.9828243       1.93400007E-09
   18.9994907       3.49400001E-12
   19.0161572       0.00000000    
   19.0328236       0.00000000    
   19.0494900       0.00000000    
   19.0661564       0.00000000    
   19.0828228       0.00000000    
   19.0994892       0.00000000    
   19.1161556       0.00000000    
   19.1328220       0.00000000    
   19.1494884       0.00000000    
   19.1661549       0.00000000    
   19.1828213       0.00000000    
   19.1994877       0.00000000    
   19.2161541       0.00000000    
   19.2328205       0.00000000    
   19.2494869       0.00000000    
   19.2661533       0.00000000    
   19.2828197       0.00000000    
   19.2994862       0.00000000    
   19.3161526       0.00000000    
   19.3328190       0.00000000    
   19.3494854       0.00000000    
   19.3661518       0.00000000    
   19.3828182       0.00000000    
   19.3994846       0.00000000    
   19.4161510       0.00000000    
   19.4328175       0.00000000    
   19.4494839       0.00000000    
   19.4661503       0.00000000    
   19.4828167       0.00000000    
   19.4994831       0.00000000    
   19.5161495       0.00000000    
   19.5328159       0.00000000    
   19.5494823       0.00000000    
   19.5661488       0.00000000    
   19.5828152       0.00000000    
   19.5994816       0.00000000    
   19.6161480       0.00000000    
   19.6328144       0.00000000    
   19.6494808       0.00000000    
   19.6661472       0.00000000    
   19.6828136       0.00000000    
   19.6994801       0.00000000    
   19.7161465       0.00000000    
   19.7328129       0.00000000    
   19.7494793       0.00000000    
   19.7661457       0.00000000    
   19.7828121       0.00000000    
   19.7994785       0.00000000    
   19.8161449       0.00000000    
   19.8328114       0.00000000    
   19.8494778       0.00000000    
   19.8661442       0.00000000    
   19.8828106       0.00000000    
   19.8994770       0.00000000    
   19.9161434       0.00000000    
   19.9328098       0.00000000    
   19.9494762       0.00000000    
   19.9661427       0.00000000    
   19.9828091       0.00000000    
   19.9994755       0.00000000    
   20.0161419       0.00000000    
   20.0328083       0.00000000    
   20.0494747       0.00000000    
   20.0661411       0.00000000    
   20.0828075       0.00000000    
   20.0994740       0.00000000    
   20.1161404       0.00000000    
   20.1328068       0.00000000    
   20.1494732       0.00000000    
   20.1661396       0.00000000    
   20.1828060       0.00000000    
   20.1994724       0.00000000    
   20.2161388       0.00000000    
   20.2328053       0.00000000    
   20.2494717       0.00000000    
   20.2661381       0.00000000    
   20.2828045       0.00000000    
   20.2994709       0.00000000    
   20.3161373       0.00000000    
   20.3328037       0.00000000    
   20.3494701       0.00000000    
   20.3661366       0.00000000    
   20.3828030       0.00000000    
   20.3994694       0.00000000    
   20.4161358       0.00000000    
   20.4328022       0.00000000    
   20.4494686       0.00000000    
   20.4661350       0.00000000    
   20.4828014       0.00000000    
   20.4994678       0.00000000    
   20.5161343       0.00000000    
   20.5328007       0.00000000    
   20.5494671       0.00000000    
   20.5661335       0.00000000    
   20.5827999       0.00000000    
   20.5994663       0.00000000    
   20.6161327       0.00000000    
   20.6327991       0.00000000    
   20.6494656       0.00000000    
   20.6661320       0.00000000    
   20.6827984       0.00000000    
   20.6994648       0.00000000    
   20.7161312       0.00000000    
   20.7327976       0.00000000    
   20.7494640       0.00000000    
   20.7661304       0.00000000    
   20.7827969       0.00000000    
   20.7994633       0.00000000    
   20.8161297       0.00000000    
   20.8327961       0.00000000    
   20.8494625       0.00000000    
   20.8661289       0.00000000    
   20.8827953       0.00000000    
   20.8994617       0.00000000    
   20.9161282       0.00000000    
   20.9327946       0.00000000    
   20.9494610       0.00000000    
   20.9661274       0.00000000    
   20.9827938       0.00000000    
   20.9994602       0.00000000    
   21.0161266       0.00000000    
   21.0327930       0.00000000    
   21.0494595       0.00000000    
   21.0661259       0.00000000    
   21.0827923       0.00000000    
   21.0994587       0.00000000    
   21.1161251       0.00000000    
   21.1327915       0.00000000    
   21.1494579       0.00000000    
   21.1661243       0.00000000    
   21.1827908       0.00000000    
   21.1994572       0.00000000    
   21.2161236       0.00000000    
   21.2327900       0.00000000    
   21.2494564       0.00000000    
   21.2661228       0.00000000    
   21.2827892       0.00000000    
   21.2994556       0.00000000    
   21.3161221       0.00000000    
   21.3327885       0.00000000    
   21.3494549       0.00000000    
   21.3661213       0.00000000    
   21.3827877       0.00000000    
   21.3994541       0.00000000    
   21.4161205       0.00000000    
   21.4327869       0.00000000    
   21.4494534       0.00000000    
   21.4661198       0.00000000    
   21.4827862       0.00000000    
   21.4994526       0.00000000    
   21.5161190       0.00000000    
   21.5327854       0.00000000    
   21.5494518       0.00000000    
   21.5661182       0.00000000    
   21.5827847       0.00000000    
   21.5994511       0.00000000    
   21.6161175       0.00000000    
   21.6327839       0.00000000    
   21.6494503       0.00000000    
   21.6661167       0.00000000    
   21.6827831       0.00000000    
   21.6994495       0.00000000    
   21.7161160       0.00000000    
   21.7327824       0.00000000    
   21.7494488       0.00000000    
   21.7661152       0.00000000    
   21.7827816       0.00000000    
   21.7994480       0.00000000    
   21.8161144       0.00000000    
   21.8327808       0.00000000    
   21.8494473       0.00000000    
   21.8661137       0.00000000    
   21.8827801       0.00000000    
   21.8994465       0.00000000    
   21.9161129       0.00000000    
   21.9327793       0.00000000    
   21.9494457       0.00000000    
   21.9661121       0.00000000    
   21.9827785       0.00000000    
   21.9994450       0.00000000    
   22.0161114       0.00000000    
   22.0327778       0.00000000    
   22.0494442       0.00000000    
   22.0661106       0.00000000    
   22.0827770       0.00000000    
   22.0994434       0.00000000    
   22.1161098       0.00000000    
   22.1327763       0.00000000    
   22.1494427       0.00000000    
   22.1661091       0.00000000    
   22.1827755       0.00000000    
   22.1994419       0.00000000    
   22.2161083       0.00000000    
   22.2327747       0.00000000    
   22.2494411       0.00000000    
   22.2661076       0.00000000    
   22.2827740       0.00000000    
   22.2994404       0.00000000    
   22.3161068       0.00000000    
   22.3327732       0.00000000    
   22.3494396       0.00000000    
   22.3661060       0.00000000    
   22.3827724       0.00000000    
   22.3994389       0.00000000    
   22.4161053       0.00000000    
   22.4327717       0.00000000    
   22.4494381       0.00000000    
   22.4661045       0.00000000    
   22.4827709       0.00000000    
   22.4994373       0.00000000    
   22.5161037       0.00000000    
   22.5327702       0.00000000    
   22.5494366       0.00000000    
   22.5661030       0.00000000    
   22.5827694       0.00000000    
   22.5994358       0.00000000    
   22.6161022       0.00000000    
   22.6327686       0.00000000    
   22.6494350       0.00000000    
   22.6661015       0.00000000    
   22.6827679       0.00000000    
   22.6994343       0.00000000    
   22.7161007       0.00000000    
   22.7327671       0.00000000    
   22.7494335       0.00000000    
   22.7660999       0.00000000    
   22.7827663       0.00000000    
   22.7994328       0.00000000    
   22.8160992       0.00000000    
   22.8327656       0.00000000    
   22.8494320       0.00000000    
   22.8660984       0.00000000    
   22.8827648       0.00000000    
   22.8994312       0.00000000    
   22.9160976       0.00000000    
   22.9327641       0.00000000    
   22.9494305       0.00000000    
   22.9660969       0.00000000    
   22.9827633       0.00000000    
   22.9994297       0.00000000    
   23.0160961       0.00000000    
   23.0327625       0.00000000    
   23.0494289       0.00000000    
   23.0660954       0.00000000    
   23.0827618       0.00000000    
   23.0994282       0.00000000    
   23.1160946       0.00000000    
   23.1327610       0.00000000    
   23.1494274       0.00000000    
   23.1660938       0.00000000    
   23.1827602       0.00000000    
   23.1994267       0.00000000    
   23.2160931       0.00000000    
   23.2327595       0.00000000    
   23.2494259       0.00000000    
   23.2660923       0.00000000    
   23.2827587       0.00000000    
   23.2994251       0.00000000    
   23.3160915       0.00000000    
   23.3327579       0.00000000    
   23.3494244       0.00000000    
   23.3660908       0.00000000    
   23.3827572       0.00000000    
   23.3994236       0.00000000    
   23.4160900       0.00000000    
   23.4327564       0.00000000    
   23.4494228       0.00000000    
   23.4660892       0.00000000    
   23.4827557       0.00000000    
   23.4994221       0.00000000    
   23.5160885       0.00000000    
   23.5327549       0.00000000    
   23.5494213       0.00000000    
   23.5660877       0.00000000    
   23.5827541       0.00000000    
   23.5994205       0.00000000    
   23.6160870       0.00000000    
   23.6327534       0.00000000    
   23.6494198       0.00000000    
   23.6660862       0.00000000    
   23.6827526       0.00000000    
   23.6994190       0.00000000    
   23.7160854       0.00000000    
   23.7327518       0.00000000    
   23.7494183       0.00000000    
   23.7660847       0.00000000    
   23.7827511       0.00000000    
   23.7994175       0.00000000    
   23.8160839       0.00000000    
   23.8327503       0.00000000    
   23.8494167       0.00000000    
   23.8660831       0.00000000    
   23.8827496       0.00000000    
   23.8994160       0.00000000    
   23.9160824       0.00000000    
   23.9327488       0.00000000    
   23.9494152       0.00000000    
   23.9660816       0.00000000    
   23.9827480       0.00000000    
