   0.00000000       0.00000000    
   1.66660007E-02   0.00000000    
   3.33320014E-02   0.00000000    
   4.99980003E-02   0.00000000    
   6.66640028E-02   0.00000000    
   8.33300054E-02   0.00000000    
   9.99960080E-02   0.00000000    
  0.116662011       0.00000000    
  0.133328006       0.00000000    
  0.149994001       0.00000000    
  0.166659996       0.00000000    
  0.183325991       0.00000000    
  0.199991986       0.00000000    
  0.216657981       0.00000000    
  0.233323976       0.00000000    
  0.249989972       0.00000000    
  0.266655982       0.00000000    
  0.283321977       0.00000000    
  0.299987972       0.00000000    
  0.316653967       0.00000000    
  0.333319962       0.00000000    
  0.349985957       0.00000000    
  0.366651952       0.00000000    
  0.383317947       0.00000000    
  0.399983943       0.00000000    
  0.416649938       0.00000000    
  0.433315933       0.00000000    
  0.449981928       0.00000000    
  0.466647923       0.00000000    
  0.483313918       0.00000000    
  0.499979913       0.00000000    
  0.516645908       0.00000000    
  0.533311903       0.00000000    
  0.549977899       0.00000000    
  0.566643894       0.00000000    
  0.583309889       0.00000000    
  0.599975884       0.00000000    
  0.616641879       0.00000000    
  0.633307874       0.00000000    
  0.649973869       0.00000000    
  0.666639864       0.00000000    
  0.683305860       0.00000000    
  0.699971855       0.00000000    
  0.716637850       0.00000000    
  0.733303845       0.00000000    
  0.749969840       0.00000000    
  0.766635835       0.00000000    
  0.783301830       0.00000000    
  0.799967825       0.00000000    
  0.816633821       0.00000000    
  0.833299816       0.00000000    
  0.849965811       0.00000000    
  0.866631806       0.00000000    
  0.883297801       0.00000000    
  0.899963796       0.00000000    
  0.916629791       0.00000000    
  0.933295786       0.00000000    
  0.949961782       0.00000000    
  0.966627777       0.00000000    
  0.983293772       0.00000000    
  0.999959767       0.00000000    
   1.01662576       0.00000000    
   1.03329182       0.00000000    
   1.04995787       0.00000000    
   1.06662393       0.00000000    
   1.08328998       0.00000000    
   1.09995604       0.00000000    
   1.11662209       0.00000000    
   1.13328815       0.00000000    
   1.14995420       0.00000000    
   1.16662025       0.00000000    
   1.18328631       0.00000000    
   1.19995236       0.00000000    
   1.21661842       0.00000000    
   1.23328447       0.00000000    
   1.24995053       0.00000000    
   1.26661658       0.00000000    
   1.28328264       0.00000000    
   1.29994869       0.00000000    
   1.31661475       0.00000000    
   1.33328080       0.00000000    
   1.34994686       0.00000000    
   1.36661291       0.00000000    
   1.38327897       0.00000000    
   1.39994502       0.00000000    
   1.41661108       0.00000000    
   1.43327713       0.00000000    
   1.44994318       0.00000000    
   1.46660924       0.00000000    
   1.48327529       0.00000000    
   1.49994135       0.00000000    
   1.51660740       0.00000000    
   1.53327346       0.00000000    
   1.54993951       0.00000000    
   1.56660557       0.00000000    
   1.58327162       0.00000000    
   1.59993768       0.00000000    
   1.61660373       0.00000000    
   1.63326979       0.00000000    
   1.64993584       0.00000000    
   1.66660190       0.00000000    
   1.68326795       0.00000000    
   1.69993401       0.00000000    
   1.71660006       0.00000000    
   1.73326612       0.00000000    
   1.74993217       0.00000000    
   1.76659822       0.00000000    
   1.78326428       0.00000000    
   1.79993033       0.00000000    
   1.81659639       0.00000000    
   1.83326244       0.00000000    
   1.84992850       0.00000000    
   1.86659455       0.00000000    
   1.88326061       0.00000000    
   1.89992666       0.00000000    
   1.91659272       0.00000000    
   1.93325877       0.00000000    
   1.94992483       0.00000000    
   1.96659088       0.00000000    
   1.98325694       0.00000000    
   1.99992299       0.00000000    
   2.01658893       0.00000000    
   2.03325486       0.00000000    
   2.04992080       0.00000000    
   2.06658673       0.00000000    
   2.08325267       0.00000000    
   2.09991860       0.00000000    
   2.11658454       0.00000000    
   2.13325047       0.00000000    
   2.14991641       0.00000000    
   2.16658235       0.00000000    
   2.18324828       0.00000000    
   2.19991422       0.00000000    
   2.21658015       0.00000000    
   2.23324609       0.00000000    
   2.24991202       0.00000000    
   2.26657796       0.00000000    
   2.28324389       0.00000000    
   2.29990983       0.00000000    
   2.31657577       0.00000000    
   2.33324170       0.00000000    
   2.34990764       0.00000000    
   2.36657357       0.00000000    
   2.38323951       0.00000000    
   2.39990544       0.00000000    
   2.41657138       0.00000000    
   2.43323731       0.00000000    
   2.44990325       0.00000000    
   2.46656919       0.00000000    
   2.48323512       0.00000000    
   2.49990106       0.00000000    
   2.51656699       0.00000000    
   2.53323293       0.00000000    
   2.54989886       0.00000000    
   2.56656480       0.00000000    
   2.58323073       0.00000000    
   2.59989667       0.00000000    
   2.61656260       0.00000000    
   2.63322854       0.00000000    
   2.64989448       0.00000000    
   2.66656041       0.00000000    
   2.68322635       0.00000000    
   2.69989228       0.00000000    
   2.71655822       0.00000000    
   2.73322415       0.00000000    
   2.74989009       0.00000000    
   2.76655602       0.00000000    
   2.78322196       0.00000000    
   2.79988790       0.00000000    
   2.81655383       0.00000000    
   2.83321977       0.00000000    
   2.84988570       0.00000000    
   2.86655164       0.00000000    
   2.88321757       0.00000000    
   2.89988351       0.00000000    
   2.91654944       0.00000000    
   2.93321538       0.00000000    
   2.94988132       0.00000000    
   2.96654725       0.00000000    
   2.98321319       0.00000000    
   2.99987912       0.00000000    
   3.01654506       0.00000000    
   3.03321099       0.00000000    
   3.04987693       0.00000000    
   3.06654286       0.00000000    
   3.08320880       0.00000000    
   3.09987473       0.00000000    
   3.11654067       0.00000000    
   3.13320661       0.00000000    
   3.14987254       0.00000000    
   3.16653848       0.00000000    
   3.18320441       0.00000000    
   3.19987035       0.00000000    
   3.21653628       0.00000000    
   3.23320222       0.00000000    
   3.24986815       0.00000000    
   3.26653409       0.00000000    
   3.28320003       0.00000000    
   3.29986596       0.00000000    
   3.31653190       0.00000000    
   3.33319783       0.00000000    
   3.34986377       0.00000000    
   3.36652970       0.00000000    
   3.38319564       0.00000000    
   3.39986157       0.00000000    
   3.41652751       0.00000000    
   3.43319345       0.00000000    
   3.44985938       0.00000000    
   3.46652532       0.00000000    
   3.48319125       0.00000000    
   3.49985719       0.00000000    
   3.51652312       0.00000000    
   3.53318906       0.00000000    
   3.54985499       0.00000000    
   3.56652093       0.00000000    
   3.58318686       0.00000000    
   3.59985280       0.00000000    
   3.61651874       0.00000000    
   3.63318467       0.00000000    
   3.64985061       0.00000000    
   3.66651654       0.00000000    
   3.68318248       0.00000000    
   3.69984841       0.00000000    
   3.71651435       0.00000000    
   3.73318028       0.00000000    
   3.74984622       0.00000000    
   3.76651216       0.00000000    
   3.78317809       0.00000000    
   3.79984403       0.00000000    
   3.81650996       0.00000000    
   3.83317590       0.00000000    
   3.84984183       0.00000000    
   3.86650777       0.00000000    
   3.88317370       0.00000000    
   3.89983964       0.00000000    
   3.91650558       0.00000000    
   3.93317151       0.00000000    
   3.94983745       0.00000000    
   3.96650338       0.00000000    
   3.98316932       0.00000000    
   3.99983525       0.00000000    
   4.01650143       0.00000000    
   4.03316736       0.00000000    
   4.04983330       0.00000000    
   4.06649923       0.00000000    
   4.08316517       0.00000000    
   4.09983110       0.00000000    
   4.11649704       0.00000000    
   4.13316298       0.00000000    
   4.14982891       0.00000000    
   4.16649485       0.00000000    
   4.18316078       0.00000000    
   4.19982672       0.00000000    
   4.21649265       0.00000000    
   4.23315859       0.00000000    
   4.24982452       0.00000000    
   4.26649046       0.00000000    
   4.28315639       0.00000000    
   4.29982233       0.00000000    
   4.31648827       0.00000000    
   4.33315420       0.00000000    
   4.34982014       0.00000000    
   4.36648607       0.00000000    
   4.38315201       0.00000000    
   4.39981794       0.00000000    
   4.41648388       0.00000000    
   4.43314981       0.00000000    
   4.44981575       0.00000000    
   4.46648169       0.00000000    
   4.48314762       0.00000000    
   4.49981356       0.00000000    
   4.51647949       0.00000000    
   4.53314543       0.00000000    
   4.54981136       0.00000000    
   4.56647730       0.00000000    
   4.58314323       0.00000000    
   4.59980917       0.00000000    
   4.61647511       0.00000000    
   4.63314104       0.00000000    
   4.64980698       0.00000000    
   4.66647291       0.00000000    
   4.68313885       0.00000000    
   4.69980478       0.00000000    
   4.71647072       0.00000000    
   4.73313665       0.00000000    
   4.74980259       0.00000000    
   4.76646852       0.00000000    
   4.78313446       0.00000000    
   4.79980040       0.00000000    
   4.81646633       0.00000000    
   4.83313227       0.00000000    
   4.84979820       0.00000000    
   4.86646414       0.00000000    
   4.88313007       0.00000000    
   4.89979601       0.00000000    
   4.91646194       0.00000000    
   4.93312788       0.00000000    
   4.94979382       0.00000000    
   4.96645975       0.00000000    
   4.98312569       0.00000000    
   4.99979162       0.00000000    
   5.01645756       0.00000000    
   5.03312349       0.00000000    
   5.04978943       0.00000000    
   5.06645536       0.00000000    
   5.08312130       0.00000000    
   5.09978724       0.00000000    
   5.11645317       0.00000000    
   5.13311911       0.00000000    
   5.14978504       0.00000000    
   5.16645098       0.00000000    
   5.18311691       0.00000000    
   5.19978285       0.00000000    
   5.21644878       0.00000000    
   5.23311472       0.00000000    
   5.24978065       0.00000000    
   5.26644659       0.00000000    
   5.28311253       0.00000000    
   5.29977846       0.00000000    
   5.31644440       0.00000000    
   5.33311033       0.00000000    
   5.34977627       0.00000000    
   5.36644220       0.00000000    
   5.38310814       0.00000000    
   5.39977407       0.00000000    
   5.41644001       0.00000000    
   5.43310595       0.00000000    
   5.44977188       0.00000000    
   5.46643782       0.00000000    
   5.48310375       0.00000000    
   5.49976969       0.00000000    
   5.51643562       0.00000000    
   5.53310156       0.00000000    
   5.54976749       0.00000000    
   5.56643343       0.00000000    
   5.58309937       0.00000000    
   5.59976530       0.00000000    
   5.61643124       0.00000000    
   5.63309717       0.00000000    
   5.64976311       0.00000000    
   5.66642904       0.00000000    
   5.68309498       0.00000000    
   5.69976091       0.00000000    
   5.71642685       0.00000000    
   5.73309278       0.00000000    
   5.74975872       0.00000000    
   5.76642466       0.00000000    
   5.78309059       0.00000000    
   5.79975653       0.00000000    
   5.81642246       0.00000000    
   5.83308840       0.00000000    
   5.84975433       0.00000000    
   5.86642027       0.00000000    
   5.88308620       0.00000000    
   5.89975214       0.00000000    
   5.91641808       0.00000000    
   5.93308401       0.00000000    
   5.94974995       0.00000000    
   5.96641588       0.00000000    
   5.98308182       0.00000000    
   5.99974775       0.00000000    
   6.01641369       0.00000000    
   6.03307962       0.00000000    
   6.04974556       0.00000000    
   6.06641150       0.00000000    
   6.08307743       0.00000000    
   6.09974337       0.00000000    
   6.11640930       0.00000000    
   6.13307524       0.00000000    
   6.14974117       0.00000000    
   6.16640711       0.00000000    
   6.18307304       0.00000000    
   6.19973898       0.00000000    
   6.21640491       0.00000000    
   6.23307085       0.00000000    
   6.24973679       0.00000000    
   6.26640272       0.00000000    
   6.28306866       0.00000000    
   6.29973459       0.00000000    
   6.31640053       0.00000000    
   6.33306646       0.00000000    
   6.34973240       0.00000000    
   6.36639833       0.00000000    
   6.38306427       0.00000000    
   6.39973021       0.00000000    
   6.41639614       0.00000000    
   6.43306208       0.00000000    
   6.44972801       0.00000000    
   6.46639395       0.00000000    
   6.48305988       0.00000000    
   6.49972582       0.00000000    
   6.51639175       0.00000000    
   6.53305769       0.00000000    
   6.54972363       0.00000000    
   6.56638956       0.00000000    
   6.58305550       2.60800003E-23
   6.59972143       3.22699990E-18
   6.61638737       4.33899996E-15
   6.63305330       1.21700003E-12
   6.64971924       1.25399996E-10
   6.66638517       4.04599998E-09
   6.68305111       2.11900009E-08
   6.69971704       6.71199984E-08
   6.71638298       1.46399998E-07
   6.73304892       2.80899997E-07
   6.74971485       5.11700023E-07
   6.76638079       8.99399993E-07
   6.78304672       1.50699998E-06
   6.79971266       2.40999998E-06
   6.81637859       3.52899997E-06
   6.83304453       5.10900009E-06
   6.84971046       7.01199997E-06
   6.86637640       9.55700034E-06
   6.88304234       1.28600004E-05
   6.89970827       1.68299994E-05
   6.91637421       2.18099995E-05
   6.93304014       2.80299992E-05
   6.94970608       3.49500006E-05
   6.96637201       4.37499984E-05
   6.98303795       5.49799988E-05
   6.99970388       6.65199987E-05
   7.01636982       8.10400015E-05
   7.03303576       9.89399996E-05
   7.04970169       1.17700001E-04
   7.06636763       1.39600001E-04
   7.08303356       1.64900004E-04
   7.09969950       1.94499997E-04
   7.11636543       2.21099996E-04
   7.13303137       2.55799998E-04
   7.14969730       2.93599995E-04
   7.16636324       3.33500007E-04
   7.18302917       3.72500013E-04
   7.19969511       4.19499993E-04
   7.21636105       4.76199988E-04
   7.23302698       5.35600004E-04
   7.24969292       5.90800017E-04
   7.26635885       6.50100003E-04
   7.28302479       7.13000016E-04
   7.29969072       7.79399998E-04
   7.31635666       8.49200005E-04
   7.33302259       9.22399980E-04
   7.34968853       9.98800038E-04
   7.36635447       1.07899995E-03
   7.38302040       1.16200000E-03
   7.39968634       1.24799996E-03
   7.41635227       1.33799994E-03
   7.43301821       1.42999995E-03
   7.44968414       1.52699999E-03
   7.46635008       1.62600004E-03
   7.48301601       1.72900001E-03
   7.49968195       1.83600001E-03
   7.51634789       1.94600003E-03
   7.53301382       2.05900008E-03
   7.54967976       2.17600004E-03
   7.56634569       2.29600002E-03
   7.58301163       2.42000003E-03
   7.59967756       2.54800008E-03
   7.61634350       2.67899991E-03
   7.63300943       2.81400001E-03
   7.64967537       2.95299990E-03
   7.66634130       3.09600006E-03
   7.68300724       3.24300001E-03
   7.69967318       3.39400000E-03
   7.71633911       3.54900002E-03
   7.73300505       3.70800006E-03
   7.74967098       3.87099991E-03
   7.76633692       4.03800001E-03
   7.78300285       4.20999993E-03
   7.79966879       4.38599987E-03
   7.81633472       4.56700008E-03
   7.83300066       4.75199986E-03
   7.84966660       4.94199991E-03
   7.86633253       5.13599999E-03
   7.88299847       5.33499988E-03
   7.89966440       5.53900003E-03
   7.91633034       5.74800000E-03
   7.93299627       5.96200023E-03
   7.94966221       6.18000003E-03
   7.96632814       6.40399987E-03
   7.98299408       6.63299998E-03
   7.99966002       6.86699990E-03
   8.01632595       7.10699987E-03
   8.03299236       7.35099986E-03
   8.04965878       7.60099990E-03
   8.06632519       7.85700046E-03
   8.08299160       8.11799988E-03
   8.09965801       8.38499982E-03
   8.11632442       8.65800027E-03
   8.13299084       8.93600006E-03
   8.14965725       9.22000036E-03
   8.16632366       9.51000024E-03
   8.18299007       9.80500039E-03
   8.19965649       1.01100001E-02
   8.21632290       1.04200002E-02
   8.23298931       1.07300002E-02
   8.24965572       1.10499999E-02
   8.26632214       1.13800000E-02
   8.28298855       1.17100002E-02
   8.29965496       1.20500000E-02
   8.31632137       1.23899998E-02
   8.33298779       1.27499998E-02
   8.34965420       1.31000001E-02
   8.36632061       1.34699997E-02
   8.38298702       1.38400001E-02
   8.39965343       1.42200002E-02
   8.41631985       1.46000003E-02
   8.43298626       1.49999997E-02
   8.44965267       1.53900003E-02
   8.46631908       1.57999992E-02
   8.48298550       1.62099991E-02
   8.49965191       1.66299995E-02
   8.51631832       1.70600004E-02
   8.53298473       1.74899995E-02
   8.54965115       1.79299992E-02
   8.56631756       1.83799993E-02
   8.58298397       1.88299995E-02
   8.59965038       1.93000007E-02
   8.61631680       1.97599996E-02
   8.63298321       2.02399995E-02
   8.64964962       2.07199994E-02
   8.66631603       2.12099999E-02
   8.68298244       2.17099991E-02
   8.69964886       2.22200006E-02
   8.71631527       2.27300003E-02
   8.73298168       2.32500006E-02
   8.74964809       2.37799995E-02
   8.76631451       2.43100002E-02
   8.78298092       2.48499997E-02
   8.79964733       2.53999997E-02
   8.81631374       2.59600002E-02
   8.83298016       2.65200008E-02
   8.84964657       2.70900000E-02
   8.86631298       2.76699997E-02
   8.88297939       2.82600001E-02
   8.89964581       2.88500004E-02
   8.91631222       2.94599999E-02
   8.93297863       3.00600007E-02
   8.94964504       3.06800008E-02
   8.96631145       3.13000008E-02
   8.98297787       3.19399983E-02
   8.99964428       3.25700007E-02
   9.01631069       3.32200006E-02
   9.03297710       3.38700004E-02
   9.04964352       3.45299989E-02
   9.06630993       3.51999998E-02
   9.08297634       3.58700007E-02
   9.09964275       3.65599990E-02
   9.11630917       3.72500010E-02
   9.13297558       3.79399993E-02
   9.14964199       3.86499986E-02
   9.16630840       3.93600017E-02
   9.18297482       4.00799997E-02
   9.19964123       4.08000015E-02
   9.21630764       4.15299982E-02
   9.23297405       4.22700010E-02
   9.24964046       4.30199988E-02
   9.26630688       4.37700003E-02
   9.28297329       4.45300005E-02
   9.29963970       4.52999994E-02
   9.31630611       4.60699983E-02
   9.33297253       4.68499996E-02
   9.34963894       4.76399995E-02
   9.36630535       4.84399982E-02
   9.38297176       4.92400005E-02
   9.39963818       5.00399992E-02
   9.41630459       5.08599989E-02
   9.43297100       5.16799986E-02
   9.44963741       5.24999984E-02
   9.46630383       5.33399992E-02
   9.48297024       5.41800000E-02
   9.49963665       5.50200008E-02
   9.51630306       5.58700003E-02
   9.53296947       5.67299984E-02
   9.54963589       5.75999990E-02
   9.56630230       5.84600009E-02
   9.58296871       5.93400002E-02
   9.59963512       6.02199994E-02
   9.61630154       6.11100011E-02
   9.63296795       6.19999990E-02
   9.64963436       6.28999993E-02
   9.66630077       6.37999997E-02
   9.68296719       6.47099987E-02
   9.69963360       6.56299964E-02
   9.71630001       6.65500015E-02
   9.73296642       6.74699992E-02
   9.74963284       6.84000030E-02
   9.76629925       6.93399981E-02
   9.78296566       7.02800006E-02
   9.79963207       7.12200031E-02
   9.81629848       7.21699968E-02
   9.83296490       7.31299967E-02
   9.84963131       7.40799978E-02
   9.86629772       7.50499964E-02
   9.88296413       7.60100037E-02
   9.89963055       7.69900009E-02
   9.91629696       7.79599994E-02
   9.93296337       7.89399967E-02
   9.94962978       7.99300000E-02
   9.96629620       8.09099972E-02
   9.98296261       8.19000006E-02
   9.99962902       8.29000026E-02
   10.0162954       8.38999972E-02
   10.0329618       8.48999992E-02
   10.0496283       8.59000012E-02
   10.0662947       8.69100019E-02
   10.0829611       8.79300013E-02
   10.0996275       8.89400020E-02
   10.1162939       8.99500027E-02
   10.1329603       9.09800008E-02
   10.1496267       9.20000002E-02
   10.1662931       9.30199996E-02
   10.1829596       9.40300003E-02
   10.1996260       9.50800031E-02
   10.2162924       9.61100012E-02
   10.2329588       9.71599966E-02
   10.2496252       9.81900021E-02
   10.2662916       9.92299989E-02
   10.2829580      0.100299999    
   10.2996244      0.101300001    
   10.3162909      0.102399997    
   10.3329573      0.103399999    
   10.3496237      0.104400001    
   10.3662901      0.105499998    
   10.3829565      0.106500000    
   10.3996229      0.107600003    
   10.4162893      0.108599998    
   10.4329557      0.109700002    
   10.4496222      0.110699996    
   10.4662886      0.111800000    
   10.4829550      0.112899996    
   10.4996214      0.113899998    
   10.5162878      0.115000002    
   10.5329542      0.115999997    
   10.5496206      0.117100000    
   10.5662870      0.118100002    
   10.5829535      0.119199999    
   10.5996199      0.120200001    
   10.6162863      0.121299997    
   10.6329527      0.122199997    
   10.6496191      0.123400003    
   10.6662855      0.124399997    
   10.6829519      0.125499994    
   10.6996183      0.126499996    
   10.7162848      0.127499998    
   10.7329512      0.128600001    
   10.7496176      0.129600003    
   10.7662840      0.130700007    
   10.7829504      0.131699994    
   10.7996168      0.132699996    
   10.8162832      0.133800000    
   10.8329496      0.134800002    
   10.8496161      0.135800004    
   10.8662825      0.136899993    
   10.8829489      0.137899995    
   10.8996153      0.138899997    
   10.9162817      0.139899999    
   10.9329481      0.140900001    
   10.9496145      0.141900003    
   10.9662809      0.142900005    
   10.9829473      0.143900007    
   10.9996138      0.144899994    
   11.0162802      0.145899996    
   11.0329466      0.146899998    
   11.0496130      0.147900000    
   11.0662794      0.148800001    
   11.0829458      0.149900004    
   11.0996122      0.150900006    
   11.1162786      0.151800007    
   11.1329451      0.152799994    
   11.1496115      0.153799996    
   11.1662779      0.154699996    
   11.1829443      0.155699998    
   11.1996107      0.156599998    
   11.2162771      0.157600001    
   11.2329435      0.158399999    
   11.2496099      0.159400001    
   11.2662764      0.160200000    
   11.2829428      0.161300004    
   11.2996092      0.162200004    
   11.3162756      0.163100004    
   11.3329420      0.164000005    
   11.3496084      0.164800003    
   11.3662748      0.165800005    
   11.3829412      0.166700006    
   11.3996077      0.167400002    
   11.4162741      0.168300003    
   11.4329405      0.169200003    
   11.4496069      0.170100003    
   11.4662733      0.171000004    
   11.4829397      0.171800002    
   11.4996061      0.172700003    
   11.5162725      0.173500001    
   11.5329390      0.174300000    
   11.5496054      0.175099999    
   11.5662718      0.175899997    
   11.5829382      0.176699996    
   11.5996046      0.177499995    
   11.6162710      0.178299993    
   11.6329374      0.179000005    
   11.6496038      0.179800004    
   11.6662703      0.180600002    
   11.6829367      0.181400001    
   11.6996031      0.182099998    
   11.7162695      0.182799995    
   11.7329359      0.183599994    
   11.7496023      0.184300005    
   11.7662687      0.185000002    
   11.7829351      0.185699999    
   11.7996016      0.186399996    
   11.8162680      0.187000006    
   11.8329344      0.187700003    
   11.8496008      0.188400000    
   11.8662672      0.188999996    
   11.8829336      0.189700007    
   11.8996000      0.190300003    
   11.9162664      0.190899998    
   11.9329329      0.191599995    
   11.9495993      0.192200005    
   11.9662657      0.192800000    
   11.9829321      0.193399996    
   11.9995985      0.193800002    
   12.0162649      0.194499999    
   12.0329313      0.194999993    
   12.0495977      0.195600003    
   12.0662642      0.196099997    
   12.0829306      0.196700007    
   12.0995970      0.197200000    
   12.1162634      0.197699994    
   12.1329298      0.198200002    
   12.1495962      0.198699996    
   12.1662626      0.199100003    
   12.1829290      0.199599996    
   12.1995955      0.200100005    
   12.2162619      0.200499997    
   12.2329283      0.200900003    
   12.2495947      0.201399997    
   12.2662611      0.201800004    
   12.2829275      0.202000007    
   12.2995939      0.202600002    
   12.3162603      0.202900007    
   12.3329268      0.203199998    
   12.3495932      0.203700006    
   12.3662596      0.203999996    
   12.3829260      0.204300001    
   12.3995924      0.204600006    
   12.4162588      0.204999998    
   12.4329252      0.205300003    
   12.4495916      0.205500007    
   12.4662580      0.205799997    
   12.4829245      0.206100002    
   12.4995909      0.206300005    
   12.5162573      0.206599995    
   12.5329237      0.206799999    
   12.5495901      0.207000002    
   12.5662565      0.207200006    
   12.5829229      0.207399994    
   12.5995893      0.207599998    
   12.6162558      0.207800001    
   12.6329222      0.207900003    
   12.6495886      0.208100006    
   12.6662550      0.208100006    
   12.6829214      0.208299994    
   12.6995878      0.208399996    
   12.7162542      0.208399996    
   12.7329206      0.208600000    
   12.7495871      0.208700001    
   12.7662535      0.208800003    
   12.7829199      0.208800003    
   12.7995863      0.208800003    
   12.8162527      0.208800003    
   12.8329191      0.208800003    
   12.8495855      0.208800003    
   12.8662519      0.208800003    
   12.8829184      0.208800003    
   12.8995848      0.208800003    
   12.9162512      0.208800003    
   12.9329176      0.208800003    
   12.9495840      0.208700001    
   12.9662504      0.208600000    
   12.9829168      0.208399996    
   12.9995832      0.208399996    
   13.0162497      0.208299994    
   13.0329161      0.208100006    
   13.0495825      0.208100006    
   13.0662489      0.207900003    
   13.0829153      0.207800001    
   13.0995817      0.207599998    
   13.1162481      0.207399994    
   13.1329145      0.207200006    
   13.1495810      0.207000002    
   13.1662474      0.206799999    
   13.1829138      0.206599995    
   13.1995802      0.206300005    
   13.2162466      0.206100002    
   13.2329130      0.205799997    
   13.2495794      0.205500007    
   13.2662458      0.205200002    
   13.2829123      0.204899997    
   13.2995787      0.204600006    
   13.3162451      0.204300001    
   13.3329115      0.203999996    
   13.3495779      0.203600004    
   13.3662443      0.203199998    
   13.3829107      0.202900007    
   13.3995771      0.202500001    
   13.4162436      0.202000007    
   13.4329100      0.201700002    
   13.4495764      0.201299995    
   13.4662428      0.200900003    
   13.4829092      0.200499997    
   13.4995756      0.200000003    
   13.5162420      0.199599996    
   13.5329084      0.199100003    
   13.5495749      0.198599994    
   13.5662413      0.198100001    
   13.5829077      0.197600007    
   13.5995741      0.197099999    
   13.6162405      0.196600005    
   13.6329069      0.196099997    
   13.6495733      0.195600003    
   13.6662397      0.194999993    
   13.6829062      0.194499999    
   13.6995726      0.193700001    
   13.7162390      0.193299994    
   13.7329054      0.192699999    
   13.7495718      0.192100003    
   13.7662382      0.191499993    
   13.7829046      0.190899998    
   13.7995710      0.190300003    
   13.8162374      0.189600006    
   13.8329039      0.188999996    
   13.8495703      0.188299999    
   13.8662367      0.187700003    
   13.8829031      0.187000006    
   13.8995695      0.186299995    
   13.9162359      0.185599998    
   13.9329023      0.184900001    
   13.9495687      0.184200004    
   13.9662352      0.183500007    
   13.9829016      0.182799995    
   13.9995680      0.181999996    
   14.0162344      0.181299999    
   14.0329008      0.180500001    
   14.0495672      0.179800004    
   14.0662336      0.178900003    
   14.0829000      0.178200006    
   14.0995665      0.177499995    
   14.1162329      0.176699996    
   14.1328993      0.175899997    
   14.1495657      0.174999997    
   14.1662321      0.174199998    
   14.1828985      0.173400000    
   14.1995649      0.172600001    
   14.2162313      0.171800002    
   14.2328978      0.170900002    
   14.2495642      0.170100003    
   14.2662306      0.169100001    
   14.2828970      0.168200001    
   14.2995634      0.167400002    
   14.3162298      0.166600004    
   14.3328962      0.165700004    
   14.3495626      0.164800003    
   14.3662291      0.163900003    
   14.3828955      0.163000003    
   14.3995619      0.162100002    
   14.4162283      0.161200002    
   14.4328947      0.160200000    
   14.4495611      0.159299999    
   14.4662275      0.158299997    
   14.4828939      0.157499999    
   14.4995604      0.156499997    
   14.5162268      0.155599996    
   14.5328932      0.154599994    
   14.5495596      0.153699994    
   14.5662260      0.152700007    
   14.5828924      0.151800007    
   14.5995588      0.150800005    
   14.6162252      0.149800003    
   14.6328917      0.148800001    
   14.6495581      0.147799999    
   14.6662245      0.146799996    
   14.6828909      0.145899996    
   14.6995573      0.144899994    
   14.7162237      0.143900007    
   14.7328901      0.142900005    
   14.7495565      0.141800001    
   14.7662230      0.140799999    
   14.7828894      0.139799997    
   14.7995558      0.138799995    
   14.8162222      0.137799993    
   14.8328886      0.136800006    
   14.8495550      0.135700002    
   14.8662214      0.134700000    
   14.8828878      0.133699998    
   14.8995543      0.132699996    
   14.9162207      0.131600007    
   14.9328871      0.130500004    
   14.9495535      0.129500002    
   14.9662199      0.128500000    
   14.9828863      0.127499998    
   14.9995527      0.126399994    
   15.0162191      0.125400007    
   15.0328856      0.124300003    
   15.0495520      0.123300001    
   15.0662184      0.122199997    
   15.0828848      0.121200003    
   15.0995512      0.120099999    
   15.1162176      0.119099997    
   15.1328840      0.118000001    
   15.1495504      0.116999999    
   15.1662169      0.115900002    
   15.1828833      0.114900000    
   15.1995497      0.113799997    
   15.2162161      0.112800002    
   15.2328825      0.111699998    
   15.2495489      0.110699996    
   15.2662153      0.109600000    
   15.2828817      0.108599998    
   15.2995481      0.107500002    
   15.3162146      0.106500000    
   15.3328810      0.105400003    
   15.3495474      0.104400001    
   15.3662138      0.103299998    
   15.3828802      0.102300003    
   15.3995466      0.101199999    
   15.4162130      0.100199997    
   15.4328794       9.91500020E-02
   15.4495459       9.80900005E-02
   15.4662123       9.70700011E-02
   15.4828787       9.60299969E-02
   15.4995451       9.49800014E-02
   15.5162115       9.39700007E-02
   15.5328779       9.29299966E-02
   15.5495443       9.19200033E-02
   15.5662107       9.08899978E-02
   15.5828772       8.98599997E-02
   15.5995436       8.88499990E-02
   15.6162100       8.78399983E-02
   15.6328764       8.68299976E-02
   15.6495428       8.58199969E-02
   15.6662092       8.48200023E-02
   15.6828756       8.38100016E-02
   15.6995420       8.28099996E-02
   15.7162085       8.18200037E-02
   15.7328749       8.08300003E-02
   15.7495413       7.98399970E-02
   15.7662077       7.88599998E-02
   15.7828741       7.78800026E-02
   15.7995405       7.68999979E-02
   15.8162069       7.59299994E-02
   15.8328733       7.49600008E-02
   15.8495398       7.40000010E-02
   15.8662062       7.30400011E-02
   15.8828726       7.20899999E-02
   15.8995390       7.11399987E-02
   15.9162054       7.02000037E-02
   15.9328718       6.92600012E-02
   15.9495382       6.83199987E-02
   15.9662046       6.73900023E-02
   15.9828711       6.64699972E-02
   15.9995375       6.55499995E-02
   16.0162029       6.46300018E-02
   16.0328693       6.37200028E-02
   16.0495358       6.28200024E-02
   16.0662022       6.19199984E-02
   16.0828686       6.10300004E-02
   16.0995350       6.01500012E-02
   16.1162014       5.92599995E-02
   16.1328678       5.83899990E-02
   16.1495342       5.75199984E-02
   16.1662006       5.66500016E-02
   16.1828671       5.57999983E-02
   16.1995335       5.49499989E-02
   16.2161999       5.40999994E-02
   16.2328663       5.32599986E-02
   16.2495327       5.24300002E-02
   16.2661991       5.16100004E-02
   16.2828655       5.07900007E-02
   16.2995319       4.99700010E-02
   16.3161983       4.91599999E-02
   16.3328648       4.83600013E-02
   16.3495312       4.75700013E-02
   16.3661976       4.67900001E-02
   16.3828640       4.60000001E-02
   16.3995304       4.52300012E-02
   16.4161968       4.44599986E-02
   16.4328632       4.36999984E-02
   16.4495296       4.29500006E-02
   16.4661961       4.22100015E-02
   16.4828625       4.14699987E-02
   16.4995289       4.07399982E-02
   16.5161953       4.00100015E-02
   16.5328617       3.92899998E-02
   16.5495281       3.85800004E-02
   16.5661945       3.78799997E-02
   16.5828609       3.71799991E-02
   16.5995274       3.64900008E-02
   16.6161938       3.58100012E-02
   16.6328602       3.51400003E-02
   16.6495266       3.44699994E-02
   16.6661930       3.38100009E-02
   16.6828594       3.31600010E-02
   16.6995258       3.25100012E-02
   16.7161922       3.18799987E-02
   16.7328587       3.12500000E-02
   16.7495251       3.06199994E-02
   16.7661915       3.00099999E-02
   16.7828579       2.94000003E-02
   16.7995243       2.87999995E-02
   16.8161907       2.82099992E-02
   16.8328571       2.76200008E-02
   16.8495235       2.70399991E-02
   16.8661900       2.64699999E-02
   16.8828564       2.59099994E-02
   16.8995228       2.53500007E-02
   16.9161892       2.48000007E-02
   16.9328556       2.42599994E-02
   16.9495220       2.37300005E-02
   16.9661884       2.31999997E-02
   16.9828548       2.26799995E-02
   16.9995213       2.21699998E-02
   17.0161877       2.16700006E-02
   17.0328541       2.11699996E-02
   17.0495205       2.06799991E-02
   17.0661869       2.01999992E-02
   17.0828533       1.97199993E-02
   17.0995197       1.92499999E-02
   17.1161861       1.87899992E-02
   17.1328526       1.83400009E-02
   17.1495190       1.78900007E-02
   17.1661854       1.74499992E-02
   17.1828518       1.70200001E-02
   17.1995182       1.65899992E-02
   17.2161846       1.61700007E-02
   17.2328510       1.57600008E-02
   17.2495174       1.53599996E-02
   17.2661839       1.49600003E-02
   17.2828503       1.45699997E-02
   17.2995167       1.41799999E-02
   17.3161831       1.38100004E-02
   17.3328495       1.34300003E-02
   17.3495159       1.30700003E-02
   17.3661823       1.27100004E-02
   17.3828487       1.23600001E-02
   17.3995152       1.20200003E-02
   17.4161816       1.16800005E-02
   17.4328480       1.13399997E-02
   17.4495144       1.10200001E-02
   17.4661808       1.07000005E-02
   17.4828472       1.03900004E-02
   17.4995136       1.00800004E-02
   17.5161800       9.77700017E-03
   17.5328465       9.48200002E-03
   17.5495129       9.19200014E-03
   17.5661793       8.90900008E-03
   17.5828457       8.63100030E-03
   17.5995121       8.35900009E-03
   17.6161785       8.09300039E-03
   17.6328449       7.83200003E-03
   17.6495113       7.57700019E-03
   17.6661777       7.32700014E-03
   17.6828442       7.08300015E-03
   17.6995106       6.84399996E-03
   17.7161770       6.61099982E-03
   17.7328434       6.38200017E-03
   17.7495098       6.15900010E-03
   17.7661762       5.94099984E-03
   17.7828426       5.72799984E-03
   17.7995090       5.51899988E-03
   17.8161755       5.31599997E-03
   17.8328419       5.11700008E-03
   17.8495083       4.92300000E-03
   17.8661747       4.73400019E-03
   17.8828411       4.54899995E-03
   17.8995075       4.36899997E-03
   17.9161739       4.19300003E-03
   17.9328403       4.02199989E-03
   17.9495068       3.85500002E-03
   17.9661732       3.69199994E-03
   17.9828396       3.53299989E-03
   17.9995060       3.37899989E-03
   18.0161724       3.22799990E-03
   18.0328388       3.08199995E-03
   18.0495052       2.94000003E-03
   18.0661716       2.80099991E-03
   18.0828381       2.66600004E-03
   18.0995045       2.53499998E-03
   18.1161709       2.40799994E-03
   18.1328373       2.28399993E-03
   18.1495037       2.16399995E-03
   18.1661701       2.04699999E-03
   18.1828365       1.93400006E-03
   18.1995029       1.82500004E-03
   18.2161694       1.71900005E-03
   18.2328358       1.61599996E-03
   18.2495022       1.51700003E-03
   18.2661686       1.42099999E-03
   18.2828350       1.32799998E-03
   18.2995014       1.23900000E-03
   18.3161678       1.15300005E-03
   18.3328342       1.07100001E-03
   18.3495007       9.90999979E-04
   18.3661671       9.14899982E-04
   18.3828335       8.42000009E-04
   18.3994999       7.72500003E-04
   18.4161663       7.06400024E-04
   18.4328327       6.43900014E-04
   18.4494991       5.85099973E-04
   18.4661655       5.30200021E-04
   18.4828320       4.69999999E-04
   18.4994984       4.14300011E-04
   18.5161648       3.68200010E-04
   18.5328312       3.29900009E-04
   18.5494976       2.88400013E-04
   18.5661640       2.52800004E-04
   18.5828304       2.17599998E-04
   18.5994968       1.91100000E-04
   18.6161633       1.62900003E-04
   18.6328297       1.37800002E-04
   18.6494961       1.16199997E-04
   18.6661625       9.75200019E-05
   18.6828289       7.91999992E-05
   18.6994953       6.53699972E-05
   18.7161617       5.32099984E-05
   18.7328281       4.29499996E-05
   18.7494946       3.40799998E-05
   18.7661610       2.69899992E-05
   18.7828274       2.12899995E-05
   18.7994938       1.64300000E-05
   18.8161602       1.23600003E-05
   18.8328266       9.22399977E-06
   18.8494930       6.81800020E-06
   18.8661594       4.90999992E-06
   18.8828259       3.40699989E-06
   18.8994923       2.25999997E-06
   18.9161587       1.44800003E-06
   18.9328251       8.60400007E-07
   18.9494915       4.86899978E-07
   18.9661579       2.66600011E-07
   18.9828243       1.37200004E-07
   18.9994907       5.88599995E-08
   19.0161572       1.87100007E-08
   19.0328236       3.01599989E-09
   19.0494900       8.17799994E-11
   19.0661564       6.76000000E-13
   19.0828228       2.01300006E-15
   19.0994892       1.32099999E-18
   19.1161556       1.32999996E-24
   19.1328220       0.00000000    
   19.1494884       0.00000000    
   19.1661549       0.00000000    
   19.1828213       0.00000000    
   19.1994877       0.00000000    
   19.2161541       0.00000000    
   19.2328205       0.00000000    
   19.2494869       0.00000000    
   19.2661533       0.00000000    
   19.2828197       0.00000000    
   19.2994862       0.00000000    
   19.3161526       0.00000000    
   19.3328190       0.00000000    
   19.3494854       0.00000000    
   19.3661518       0.00000000    
   19.3828182       0.00000000    
   19.3994846       0.00000000    
   19.4161510       0.00000000    
   19.4328175       0.00000000    
   19.4494839       0.00000000    
   19.4661503       0.00000000    
   19.4828167       0.00000000    
   19.4994831       0.00000000    
   19.5161495       0.00000000    
   19.5328159       0.00000000    
   19.5494823       0.00000000    
   19.5661488       0.00000000    
   19.5828152       0.00000000    
   19.5994816       0.00000000    
   19.6161480       0.00000000    
   19.6328144       0.00000000    
   19.6494808       0.00000000    
   19.6661472       0.00000000    
   19.6828136       0.00000000    
   19.6994801       0.00000000    
   19.7161465       0.00000000    
   19.7328129       0.00000000    
   19.7494793       0.00000000    
   19.7661457       0.00000000    
   19.7828121       0.00000000    
   19.7994785       0.00000000    
   19.8161449       0.00000000    
   19.8328114       0.00000000    
   19.8494778       0.00000000    
   19.8661442       0.00000000    
   19.8828106       0.00000000    
   19.8994770       0.00000000    
   19.9161434       0.00000000    
   19.9328098       0.00000000    
   19.9494762       0.00000000    
   19.9661427       0.00000000    
   19.9828091       0.00000000    
   19.9994755       0.00000000    
   20.0161419       0.00000000    
   20.0328083       0.00000000    
   20.0494747       0.00000000    
   20.0661411       0.00000000    
   20.0828075       0.00000000    
   20.0994740       0.00000000    
   20.1161404       0.00000000    
   20.1328068       0.00000000    
   20.1494732       0.00000000    
   20.1661396       0.00000000    
   20.1828060       0.00000000    
   20.1994724       0.00000000    
   20.2161388       0.00000000    
   20.2328053       0.00000000    
   20.2494717       0.00000000    
   20.2661381       0.00000000    
   20.2828045       0.00000000    
   20.2994709       0.00000000    
   20.3161373       0.00000000    
   20.3328037       0.00000000    
   20.3494701       0.00000000    
   20.3661366       0.00000000    
   20.3828030       0.00000000    
   20.3994694       0.00000000    
   20.4161358       0.00000000    
   20.4328022       0.00000000    
   20.4494686       0.00000000    
   20.4661350       0.00000000    
   20.4828014       0.00000000    
   20.4994678       0.00000000    
   20.5161343       0.00000000    
   20.5328007       0.00000000    
   20.5494671       0.00000000    
   20.5661335       0.00000000    
   20.5827999       0.00000000    
   20.5994663       0.00000000    
   20.6161327       0.00000000    
   20.6327991       0.00000000    
   20.6494656       0.00000000    
   20.6661320       0.00000000    
   20.6827984       0.00000000    
   20.6994648       0.00000000    
   20.7161312       0.00000000    
   20.7327976       0.00000000    
   20.7494640       0.00000000    
   20.7661304       0.00000000    
   20.7827969       0.00000000    
   20.7994633       0.00000000    
   20.8161297       0.00000000    
   20.8327961       0.00000000    
   20.8494625       0.00000000    
   20.8661289       0.00000000    
   20.8827953       0.00000000    
   20.8994617       0.00000000    
   20.9161282       0.00000000    
   20.9327946       0.00000000    
   20.9494610       0.00000000    
   20.9661274       0.00000000    
   20.9827938       0.00000000    
   20.9994602       0.00000000    
   21.0161266       0.00000000    
   21.0327930       0.00000000    
   21.0494595       0.00000000    
   21.0661259       0.00000000    
   21.0827923       0.00000000    
   21.0994587       0.00000000    
   21.1161251       0.00000000    
   21.1327915       0.00000000    
   21.1494579       0.00000000    
   21.1661243       0.00000000    
   21.1827908       0.00000000    
   21.1994572       0.00000000    
   21.2161236       0.00000000    
   21.2327900       0.00000000    
   21.2494564       0.00000000    
   21.2661228       0.00000000    
   21.2827892       0.00000000    
   21.2994556       0.00000000    
   21.3161221       0.00000000    
   21.3327885       0.00000000    
   21.3494549       0.00000000    
   21.3661213       0.00000000    
   21.3827877       0.00000000    
   21.3994541       0.00000000    
   21.4161205       0.00000000    
   21.4327869       0.00000000    
   21.4494534       0.00000000    
   21.4661198       0.00000000    
   21.4827862       0.00000000    
   21.4994526       0.00000000    
   21.5161190       0.00000000    
   21.5327854       0.00000000    
   21.5494518       0.00000000    
   21.5661182       0.00000000    
   21.5827847       0.00000000    
   21.5994511       0.00000000    
   21.6161175       0.00000000    
   21.6327839       0.00000000    
   21.6494503       0.00000000    
   21.6661167       0.00000000    
   21.6827831       0.00000000    
   21.6994495       0.00000000    
   21.7161160       0.00000000    
   21.7327824       0.00000000    
   21.7494488       0.00000000    
   21.7661152       0.00000000    
   21.7827816       0.00000000    
   21.7994480       0.00000000    
   21.8161144       0.00000000    
   21.8327808       0.00000000    
   21.8494473       0.00000000    
   21.8661137       0.00000000    
   21.8827801       0.00000000    
   21.8994465       0.00000000    
   21.9161129       0.00000000    
   21.9327793       0.00000000    
   21.9494457       0.00000000    
   21.9661121       0.00000000    
   21.9827785       0.00000000    
   21.9994450       0.00000000    
   22.0161114       0.00000000    
   22.0327778       0.00000000    
   22.0494442       0.00000000    
   22.0661106       0.00000000    
   22.0827770       0.00000000    
   22.0994434       0.00000000    
   22.1161098       0.00000000    
   22.1327763       0.00000000    
   22.1494427       0.00000000    
   22.1661091       0.00000000    
   22.1827755       0.00000000    
   22.1994419       0.00000000    
   22.2161083       0.00000000    
   22.2327747       0.00000000    
   22.2494411       0.00000000    
   22.2661076       0.00000000    
   22.2827740       0.00000000    
   22.2994404       0.00000000    
   22.3161068       0.00000000    
   22.3327732       0.00000000    
   22.3494396       0.00000000    
   22.3661060       0.00000000    
   22.3827724       0.00000000    
   22.3994389       0.00000000    
   22.4161053       0.00000000    
   22.4327717       0.00000000    
   22.4494381       0.00000000    
   22.4661045       0.00000000    
   22.4827709       0.00000000    
   22.4994373       0.00000000    
   22.5161037       0.00000000    
   22.5327702       0.00000000    
   22.5494366       0.00000000    
   22.5661030       0.00000000    
   22.5827694       0.00000000    
   22.5994358       0.00000000    
   22.6161022       0.00000000    
   22.6327686       0.00000000    
   22.6494350       0.00000000    
   22.6661015       0.00000000    
   22.6827679       0.00000000    
   22.6994343       0.00000000    
   22.7161007       0.00000000    
   22.7327671       0.00000000    
   22.7494335       0.00000000    
   22.7660999       0.00000000    
   22.7827663       0.00000000    
   22.7994328       0.00000000    
   22.8160992       0.00000000    
   22.8327656       0.00000000    
   22.8494320       0.00000000    
   22.8660984       0.00000000    
   22.8827648       0.00000000    
   22.8994312       0.00000000    
   22.9160976       0.00000000    
   22.9327641       0.00000000    
   22.9494305       0.00000000    
   22.9660969       0.00000000    
   22.9827633       0.00000000    
   22.9994297       0.00000000    
   23.0160961       0.00000000    
   23.0327625       0.00000000    
   23.0494289       0.00000000    
   23.0660954       0.00000000    
   23.0827618       0.00000000    
   23.0994282       0.00000000    
   23.1160946       0.00000000    
   23.1327610       0.00000000    
   23.1494274       0.00000000    
   23.1660938       0.00000000    
   23.1827602       0.00000000    
   23.1994267       0.00000000    
   23.2160931       0.00000000    
   23.2327595       0.00000000    
   23.2494259       0.00000000    
   23.2660923       0.00000000    
   23.2827587       0.00000000    
   23.2994251       0.00000000    
   23.3160915       0.00000000    
   23.3327579       0.00000000    
   23.3494244       0.00000000    
   23.3660908       0.00000000    
   23.3827572       0.00000000    
   23.3994236       0.00000000    
   23.4160900       0.00000000    
   23.4327564       0.00000000    
   23.4494228       0.00000000    
   23.4660892       0.00000000    
   23.4827557       0.00000000    
   23.4994221       0.00000000    
   23.5160885       0.00000000    
   23.5327549       0.00000000    
   23.5494213       0.00000000    
   23.5660877       0.00000000    
   23.5827541       0.00000000    
   23.5994205       0.00000000    
   23.6160870       0.00000000    
   23.6327534       0.00000000    
   23.6494198       0.00000000    
   23.6660862       0.00000000    
   23.6827526       0.00000000    
   23.6994190       0.00000000    
   23.7160854       0.00000000    
   23.7327518       0.00000000    
   23.7494183       0.00000000    
   23.7660847       0.00000000    
   23.7827511       0.00000000    
   23.7994175       0.00000000    
   23.8160839       0.00000000    
   23.8327503       0.00000000    
   23.8494167       0.00000000    
   23.8660831       0.00000000    
   23.8827496       0.00000000    
   23.8994160       0.00000000    
   23.9160824       0.00000000    
   23.9327488       0.00000000    
   23.9494152       0.00000000    
   23.9660816       0.00000000    
   23.9827480       0.00000000    
