   0.00000000       0.00000000    
   1.66660007E-02   0.00000000    
   3.33320014E-02   0.00000000    
   4.99980003E-02   0.00000000    
   6.66640028E-02   0.00000000    
   8.33300054E-02   0.00000000    
   9.99960080E-02   0.00000000    
  0.116662011       0.00000000    
  0.133328006       0.00000000    
  0.149994001       0.00000000    
  0.166659996       0.00000000    
  0.183325991       0.00000000    
  0.199991986       0.00000000    
  0.216657981       0.00000000    
  0.233323976       0.00000000    
  0.249989972       0.00000000    
  0.266655982       0.00000000    
  0.283321977       0.00000000    
  0.299987972       0.00000000    
  0.316653967       0.00000000    
  0.333319962       0.00000000    
  0.349985957       0.00000000    
  0.366651952       0.00000000    
  0.383317947       0.00000000    
  0.399983943       0.00000000    
  0.416649938       0.00000000    
  0.433315933       0.00000000    
  0.449981928       0.00000000    
  0.466647923       0.00000000    
  0.483313918       0.00000000    
  0.499979913       0.00000000    
  0.516645908       0.00000000    
  0.533311903       0.00000000    
  0.549977899       0.00000000    
  0.566643894       0.00000000    
  0.583309889       0.00000000    
  0.599975884       0.00000000    
  0.616641879       0.00000000    
  0.633307874       0.00000000    
  0.649973869       0.00000000    
  0.666639864       0.00000000    
  0.683305860       0.00000000    
  0.699971855       0.00000000    
  0.716637850       0.00000000    
  0.733303845       0.00000000    
  0.749969840       0.00000000    
  0.766635835       0.00000000    
  0.783301830       0.00000000    
  0.799967825       0.00000000    
  0.816633821       0.00000000    
  0.833299816       0.00000000    
  0.849965811       0.00000000    
  0.866631806       0.00000000    
  0.883297801       0.00000000    
  0.899963796       0.00000000    
  0.916629791       0.00000000    
  0.933295786       0.00000000    
  0.949961782       0.00000000    
  0.966627777       0.00000000    
  0.983293772       0.00000000    
  0.999959767       0.00000000    
   1.01662576       0.00000000    
   1.03329182       0.00000000    
   1.04995787       0.00000000    
   1.06662393       0.00000000    
   1.08328998       0.00000000    
   1.09995604       0.00000000    
   1.11662209       0.00000000    
   1.13328815       0.00000000    
   1.14995420       0.00000000    
   1.16662025       0.00000000    
   1.18328631       0.00000000    
   1.19995236       0.00000000    
   1.21661842       0.00000000    
   1.23328447       0.00000000    
   1.24995053       0.00000000    
   1.26661658       0.00000000    
   1.28328264       0.00000000    
   1.29994869       0.00000000    
   1.31661475       0.00000000    
   1.33328080       0.00000000    
   1.34994686       0.00000000    
   1.36661291       0.00000000    
   1.38327897       0.00000000    
   1.39994502       0.00000000    
   1.41661108       0.00000000    
   1.43327713       0.00000000    
   1.44994318       0.00000000    
   1.46660924       0.00000000    
   1.48327529       0.00000000    
   1.49994135       0.00000000    
   1.51660740       0.00000000    
   1.53327346       0.00000000    
   1.54993951       0.00000000    
   1.56660557       0.00000000    
   1.58327162       0.00000000    
   1.59993768       0.00000000    
   1.61660373       0.00000000    
   1.63326979       0.00000000    
   1.64993584       0.00000000    
   1.66660190       0.00000000    
   1.68326795       0.00000000    
   1.69993401       0.00000000    
   1.71660006       0.00000000    
   1.73326612       0.00000000    
   1.74993217       0.00000000    
   1.76659822       0.00000000    
   1.78326428       0.00000000    
   1.79993033       0.00000000    
   1.81659639       0.00000000    
   1.83326244       0.00000000    
   1.84992850       0.00000000    
   1.86659455       0.00000000    
   1.88326061       0.00000000    
   1.89992666       0.00000000    
   1.91659272       0.00000000    
   1.93325877       0.00000000    
   1.94992483       0.00000000    
   1.96659088       0.00000000    
   1.98325694       0.00000000    
   1.99992299       0.00000000    
   2.01658893       0.00000000    
   2.03325486       0.00000000    
   2.04992080       0.00000000    
   2.06658673       0.00000000    
   2.08325267       0.00000000    
   2.09991860       0.00000000    
   2.11658454       0.00000000    
   2.13325047       0.00000000    
   2.14991641       0.00000000    
   2.16658235       0.00000000    
   2.18324828       0.00000000    
   2.19991422       0.00000000    
   2.21658015       0.00000000    
   2.23324609       0.00000000    
   2.24991202       0.00000000    
   2.26657796       0.00000000    
   2.28324389       0.00000000    
   2.29990983       0.00000000    
   2.31657577       0.00000000    
   2.33324170       0.00000000    
   2.34990764       0.00000000    
   2.36657357       0.00000000    
   2.38323951       0.00000000    
   2.39990544       0.00000000    
   2.41657138       0.00000000    
   2.43323731       0.00000000    
   2.44990325       0.00000000    
   2.46656919       0.00000000    
   2.48323512       0.00000000    
   2.49990106       0.00000000    
   2.51656699       0.00000000    
   2.53323293       0.00000000    
   2.54989886       0.00000000    
   2.56656480       0.00000000    
   2.58323073       0.00000000    
   2.59989667       0.00000000    
   2.61656260       0.00000000    
   2.63322854       0.00000000    
   2.64989448       0.00000000    
   2.66656041       0.00000000    
   2.68322635       0.00000000    
   2.69989228       0.00000000    
   2.71655822       0.00000000    
   2.73322415       0.00000000    
   2.74989009       0.00000000    
   2.76655602       0.00000000    
   2.78322196       0.00000000    
   2.79988790       0.00000000    
   2.81655383       0.00000000    
   2.83321977       0.00000000    
   2.84988570       0.00000000    
   2.86655164       0.00000000    
   2.88321757       0.00000000    
   2.89988351       0.00000000    
   2.91654944       0.00000000    
   2.93321538       0.00000000    
   2.94988132       0.00000000    
   2.96654725       0.00000000    
   2.98321319       0.00000000    
   2.99987912       0.00000000    
   3.01654506       0.00000000    
   3.03321099       0.00000000    
   3.04987693       0.00000000    
   3.06654286       0.00000000    
   3.08320880       0.00000000    
   3.09987473       0.00000000    
   3.11654067       0.00000000    
   3.13320661       0.00000000    
   3.14987254       0.00000000    
   3.16653848       0.00000000    
   3.18320441       0.00000000    
   3.19987035       0.00000000    
   3.21653628       0.00000000    
   3.23320222       0.00000000    
   3.24986815       0.00000000    
   3.26653409       0.00000000    
   3.28320003       0.00000000    
   3.29986596       0.00000000    
   3.31653190       0.00000000    
   3.33319783       0.00000000    
   3.34986377       0.00000000    
   3.36652970       0.00000000    
   3.38319564       0.00000000    
   3.39986157       0.00000000    
   3.41652751       0.00000000    
   3.43319345       0.00000000    
   3.44985938       0.00000000    
   3.46652532       0.00000000    
   3.48319125       0.00000000    
   3.49985719       0.00000000    
   3.51652312       0.00000000    
   3.53318906       0.00000000    
   3.54985499       0.00000000    
   3.56652093       0.00000000    
   3.58318686       0.00000000    
   3.59985280       0.00000000    
   3.61651874       0.00000000    
   3.63318467       0.00000000    
   3.64985061       0.00000000    
   3.66651654       0.00000000    
   3.68318248       0.00000000    
   3.69984841       0.00000000    
   3.71651435       0.00000000    
   3.73318028       0.00000000    
   3.74984622       0.00000000    
   3.76651216       0.00000000    
   3.78317809       0.00000000    
   3.79984403       0.00000000    
   3.81650996       0.00000000    
   3.83317590       0.00000000    
   3.84984183       0.00000000    
   3.86650777       0.00000000    
   3.88317370       0.00000000    
   3.89983964       0.00000000    
   3.91650558       0.00000000    
   3.93317151       0.00000000    
   3.94983745       0.00000000    
   3.96650338       0.00000000    
   3.98316932       0.00000000    
   3.99983525       0.00000000    
   4.01650143       0.00000000    
   4.03316736       0.00000000    
   4.04983330       0.00000000    
   4.06649923       0.00000000    
   4.08316517       0.00000000    
   4.09983110       0.00000000    
   4.11649704       0.00000000    
   4.13316298       0.00000000    
   4.14982891       0.00000000    
   4.16649485       0.00000000    
   4.18316078       0.00000000    
   4.19982672       0.00000000    
   4.21649265       0.00000000    
   4.23315859       0.00000000    
   4.24982452       0.00000000    
   4.26649046       0.00000000    
   4.28315639       0.00000000    
   4.29982233       0.00000000    
   4.31648827       0.00000000    
   4.33315420       0.00000000    
   4.34982014       0.00000000    
   4.36648607       0.00000000    
   4.38315201       0.00000000    
   4.39981794       0.00000000    
   4.41648388       0.00000000    
   4.43314981       0.00000000    
   4.44981575       0.00000000    
   4.46648169       0.00000000    
   4.48314762       0.00000000    
   4.49981356       0.00000000    
   4.51647949       0.00000000    
   4.53314543       0.00000000    
   4.54981136       0.00000000    
   4.56647730       0.00000000    
   4.58314323       0.00000000    
   4.59980917       0.00000000    
   4.61647511       0.00000000    
   4.63314104       0.00000000    
   4.64980698       0.00000000    
   4.66647291       0.00000000    
   4.68313885       0.00000000    
   4.69980478       0.00000000    
   4.71647072       0.00000000    
   4.73313665       0.00000000    
   4.74980259       0.00000000    
   4.76646852       0.00000000    
   4.78313446       0.00000000    
   4.79980040       0.00000000    
   4.81646633       0.00000000    
   4.83313227       0.00000000    
   4.84979820       0.00000000    
   4.86646414       0.00000000    
   4.88313007       0.00000000    
   4.89979601       0.00000000    
   4.91646194       0.00000000    
   4.93312788       0.00000000    
   4.94979382       0.00000000    
   4.96645975       0.00000000    
   4.98312569       0.00000000    
   4.99979162       0.00000000    
   5.01645756       0.00000000    
   5.03312349       0.00000000    
   5.04978943       0.00000000    
   5.06645536       0.00000000    
   5.08312130       0.00000000    
   5.09978724       0.00000000    
   5.11645317       0.00000000    
   5.13311911       0.00000000    
   5.14978504       0.00000000    
   5.16645098       0.00000000    
   5.18311691       0.00000000    
   5.19978285       0.00000000    
   5.21644878       0.00000000    
   5.23311472       0.00000000    
   5.24978065       0.00000000    
   5.26644659       0.00000000    
   5.28311253       0.00000000    
   5.29977846       0.00000000    
   5.31644440       0.00000000    
   5.33311033       0.00000000    
   5.34977627       0.00000000    
   5.36644220       0.00000000    
   5.38310814       0.00000000    
   5.39977407       0.00000000    
   5.41644001       0.00000000    
   5.43310595       0.00000000    
   5.44977188       0.00000000    
   5.46643782       0.00000000    
   5.48310375       0.00000000    
   5.49976969       0.00000000    
   5.51643562       0.00000000    
   5.53310156       0.00000000    
   5.54976749       0.00000000    
   5.56643343       0.00000000    
   5.58309937       0.00000000    
   5.59976530       0.00000000    
   5.61643124       0.00000000    
   5.63309717       0.00000000    
   5.64976311       0.00000000    
   5.66642904       0.00000000    
   5.68309498       0.00000000    
   5.69976091       0.00000000    
   5.71642685       0.00000000    
   5.73309278       0.00000000    
   5.74975872       0.00000000    
   5.76642466       0.00000000    
   5.78309059       0.00000000    
   5.79975653       0.00000000    
   5.81642246       0.00000000    
   5.83308840       0.00000000    
   5.84975433       0.00000000    
   5.86642027       0.00000000    
   5.88308620       0.00000000    
   5.89975214       0.00000000    
   5.91641808       0.00000000    
   5.93308401       0.00000000    
   5.94974995       0.00000000    
   5.96641588       0.00000000    
   5.98308182       0.00000000    
   5.99974775       0.00000000    
   6.01641369       0.00000000    
   6.03307962       0.00000000    
   6.04974556       0.00000000    
   6.06641150       0.00000000    
   6.08307743       0.00000000    
   6.09974337       0.00000000    
   6.11640930       0.00000000    
   6.13307524       0.00000000    
   6.14974117       0.00000000    
   6.16640711       0.00000000    
   6.18307304       0.00000000    
   6.19973898       0.00000000    
   6.21640491       0.00000000    
   6.23307085       0.00000000    
   6.24973679       0.00000000    
   6.26640272       0.00000000    
   6.28306866       0.00000000    
   6.29973459       0.00000000    
   6.31640053       0.00000000    
   6.33306646       0.00000000    
   6.34973240       0.00000000    
   6.36639833       0.00000000    
   6.38306427       0.00000000    
   6.39973021       0.00000000    
   6.41639614       0.00000000    
   6.43306208       0.00000000    
   6.44972801       0.00000000    
   6.46639395       0.00000000    
   6.48305988       0.00000000    
   6.49972582       0.00000000    
   6.51639175       0.00000000    
   6.53305769       0.00000000    
   6.54972363       0.00000000    
   6.56638956       3.18799991E-25
   6.58305550       1.84800007E-18
   6.59972143       2.81099996E-15
   6.61638737       7.99600024E-13
   6.63305330       6.67300035E-11
   6.64971924       2.82199997E-09
   6.66638517       1.76300006E-08
   6.68305111       5.90499987E-08
   6.69971704       1.34199993E-07
   6.71638298       2.63400011E-07
   6.73304892       4.85300006E-07
   6.74971485       8.62200011E-07
   6.76638079       1.46399998E-06
   6.78304672       2.36599999E-06
   6.79971266       3.61699995E-06
   6.81637859       5.15800002E-06
   6.83304453       7.31199998E-06
   6.84971046       9.89399996E-06
   6.86637640       1.31899997E-05
   6.88304234       1.73799999E-05
   6.89970827       2.25999993E-05
   6.91637421       2.90099997E-05
   6.93304014       3.69100017E-05
   6.94970608       4.67300015E-05
   6.96637201       5.72499994E-05
   6.98303795       7.11500034E-05
   6.99970388       8.58499989E-05
   7.01636982       1.03899998E-04
   7.03303576       1.26600004E-04
   7.04970169       1.50000007E-04
   7.06636763       1.77299997E-04
   7.08303356       2.04299999E-04
   7.09969950       2.35800006E-04
   7.11636543       2.74499995E-04
   7.13303137       3.11500015E-04
   7.14969730       3.57799989E-04
   7.16636324       3.98900011E-04
   7.18302917       4.48500010E-04
   7.19969511       5.08200028E-04
   7.21636105       5.74300007E-04
   7.23302698       6.33699994E-04
   7.24969292       6.97500014E-04
   7.26635885       7.65500008E-04
   7.28302479       8.37199972E-04
   7.29969072       9.12700023E-04
   7.31635666       9.91899986E-04
   7.33302259       1.07500004E-03
   7.34968853       1.16099999E-03
   7.36635447       1.25099998E-03
   7.38302040       1.34500000E-03
   7.39968634       1.44200004E-03
   7.41635227       1.54299999E-03
   7.43301821       1.64799998E-03
   7.44968414       1.75599998E-03
   7.46635008       1.86900003E-03
   7.48301601       1.98399997E-03
   7.49968195       2.10399996E-03
   7.51634789       2.22799997E-03
   7.53301382       2.35500000E-03
   7.54967976       2.48700008E-03
   7.56634569       2.62299995E-03
   7.58301163       2.76200008E-03
   7.59967756       2.90600001E-03
   7.61634350       3.05399997E-03
   7.63300943       3.20699997E-03
   7.64967537       3.36400000E-03
   7.66634130       3.52500007E-03
   7.68300724       3.69099993E-03
   7.69967318       3.86100006E-03
   7.71633911       4.03600000E-03
   7.73300505       4.21599997E-03
   7.74967098       4.39999998E-03
   7.76633692       4.59000003E-03
   7.78300285       4.78400011E-03
   7.79966879       4.98299999E-03
   7.81633472       5.18799992E-03
   7.83300066       5.39800012E-03
   7.84966660       5.61300013E-03
   7.86633253       5.83299994E-03
   7.88299847       6.05899980E-03
   7.89966440       6.28999993E-03
   7.91633034       6.52599987E-03
   7.93299627       6.76900009E-03
   7.94966221       7.01799989E-03
   7.96632814       7.27199996E-03
   7.98299408       7.53200008E-03
   7.99966002       7.79799977E-03
   8.01632595       8.07000045E-03
   8.03299236       8.34800024E-03
   8.04965878       8.63299984E-03
   8.06632519       8.92399997E-03
   8.08299160       9.22099967E-03
   8.09965801       9.52399988E-03
   8.11632442       9.83500015E-03
   8.13299084       1.01500005E-02
   8.14965725       1.04700001E-02
   8.16632366       1.08000003E-02
   8.18299007       1.11400001E-02
   8.19965649       1.14900004E-02
   8.21632290       1.18399998E-02
   8.23298931       1.21900002E-02
   8.24965572       1.25599997E-02
   8.26632214       1.29300002E-02
   8.28298855       1.33100003E-02
   8.29965496       1.37000000E-02
   8.31632137       1.40899997E-02
   8.33298779       1.44900000E-02
   8.34965420       1.48999998E-02
   8.36632061       1.53200002E-02
   8.38298702       1.57399997E-02
   8.39965343       1.61700007E-02
   8.41631985       1.66100003E-02
   8.43298626       1.70600004E-02
   8.44965267       1.75100006E-02
   8.46631908       1.79800000E-02
   8.48298550       1.84499994E-02
   8.49965191       1.89299993E-02
   8.51631832       1.94099993E-02
   8.53298473       1.99100003E-02
   8.54965115       2.04099994E-02
   8.56631756       2.09199991E-02
   8.58298397       2.14399993E-02
   8.59965038       2.19599996E-02
   8.61631680       2.25000009E-02
   8.63298321       2.30400003E-02
   8.64964962       2.35900003E-02
   8.66631603       2.41500009E-02
   8.68298244       2.47200001E-02
   8.69964886       2.52899993E-02
   8.71631527       2.58799996E-02
   8.73298168       2.64699999E-02
   8.74964809       2.70700008E-02
   8.76631451       2.76800003E-02
   8.78298092       2.83000004E-02
   8.79964733       2.89200004E-02
   8.81631374       2.95599997E-02
   8.83298016       3.02000009E-02
   8.84964657       3.08500007E-02
   8.86631298       3.15099992E-02
   8.88297939       3.21800001E-02
   8.89964581       3.28500010E-02
   8.91631222       3.35399993E-02
   8.93297863       3.42300013E-02
   8.94964504       3.49299982E-02
   8.96631145       3.56400013E-02
   8.98297787       3.63599993E-02
   8.99964428       3.70800011E-02
   9.01631069       3.78100015E-02
   9.03297710       3.85599993E-02
   9.04964352       3.93100008E-02
   9.06630993       4.00700010E-02
   9.08297634       4.08300012E-02
   9.09964275       4.16099988E-02
   9.11630917       4.23900001E-02
   9.13297558       4.31800000E-02
   9.14964199       4.39799987E-02
   9.16630840       4.47899997E-02
   9.18297482       4.56099994E-02
   9.19964123       4.64299992E-02
   9.21630764       4.72600013E-02
   9.23297405       4.80999984E-02
   9.24964046       4.89500016E-02
   9.26630688       4.98000011E-02
   9.28297329       5.06599993E-02
   9.29963970       5.15299998E-02
   9.31630611       5.24099991E-02
   9.33297253       5.33000007E-02
   9.34963894       5.41899987E-02
   9.36630535       5.50899990E-02
   9.38297176       5.59899993E-02
   9.39963818       5.69100007E-02
   9.41630459       5.78299984E-02
   9.43297100       5.87599985E-02
   9.44963741       5.97000010E-02
   9.46630383       6.06399998E-02
   9.48297024       6.15900010E-02
   9.49963665       6.25500008E-02
   9.51630306       6.35100007E-02
   9.53296947       6.44799992E-02
   9.54963589       6.54599965E-02
   9.56630230       6.64400011E-02
   9.58296871       6.74299970E-02
   9.59963512       6.84299991E-02
   9.61630154       6.94300011E-02
   9.63296795       7.04400018E-02
   9.64963436       7.14600012E-02
   9.66630077       7.24800006E-02
   9.68296719       7.34999999E-02
   9.69963360       7.45399967E-02
   9.71630001       7.55800009E-02
   9.73296642       7.66199976E-02
   9.74963284       7.76700005E-02
   9.76629925       7.87300020E-02
   9.78296566       7.97900036E-02
   9.79963207       8.08599964E-02
   9.81629848       8.19299966E-02
   9.83296490       8.29999968E-02
   9.84963131       8.40800032E-02
   9.86629772       8.51700008E-02
   9.88296413       8.62599984E-02
   9.89963055       8.73600021E-02
   9.91629696       8.84599984E-02
   9.93296337       8.95600021E-02
   9.94962978       9.06699970E-02
   9.96629620       9.17799994E-02
   9.98296261       9.29000005E-02
   9.99962902       9.40200016E-02
   10.0162954       9.51400027E-02
   10.0329618       9.62700024E-02
   10.0496283       9.74000022E-02
   10.0662947       9.85300019E-02
   10.0829611       9.96700004E-02
   10.0996275      0.100800000    
   10.1162939      0.101999998    
   10.1329603      0.103100002    
   10.1496267      0.104300000    
   10.1662931      0.105400003    
   10.1829596      0.106600001    
   10.1996260      0.107699998    
   10.2162924      0.108900003    
   10.2329588      0.110100001    
   10.2496252      0.111199997    
   10.2662916      0.112400003    
   10.2829580      0.113600001    
   10.2996244      0.114699997    
   10.3162909      0.115900002    
   10.3329573      0.116999999    
   10.3496237      0.118199997    
   10.3662901      0.119400002    
   10.3829565      0.120600000    
   10.3996229      0.121799998    
   10.4162893      0.123000003    
   10.4329557      0.124100000    
   10.4496222      0.125300005    
   10.4662886      0.126499996    
   10.4829550      0.127700001    
   10.4996214      0.128900006    
   10.5162878      0.129999995    
   10.5329542      0.131200001    
   10.5496206      0.132400006    
   10.5662870      0.133599997    
   10.5829535      0.134700000    
   10.5996199      0.135900006    
   10.6162863      0.137099996    
   10.6329527      0.138300002    
   10.6496191      0.139400005    
   10.6662855      0.140599996    
   10.6829519      0.141800001    
   10.6996183      0.143000007    
   10.7162848      0.144199997    
   10.7329512      0.145300001    
   10.7496176      0.146500006    
   10.7662840      0.147699997    
   10.7829504      0.148800001    
   10.7996168      0.150000006    
   10.8162832      0.151099995    
   10.8329496      0.152300000    
   10.8496161      0.153400004    
   10.8662825      0.154599994    
   10.8829489      0.155699998    
   10.8996153      0.156900004    
   10.9162817      0.158000007    
   10.9329481      0.159099996    
   10.9496145      0.160300002    
   10.9662809      0.161300004    
   10.9829473      0.162499994    
   10.9996138      0.163599998    
   11.0162802      0.164800003    
   11.0329466      0.165900007    
   11.0496130      0.166999996    
   11.0662794      0.168099999    
   11.0829458      0.169200003    
   11.0996122      0.170200005    
   11.1162786      0.171299994    
   11.1329451      0.172399998    
   11.1496115      0.173500001    
   11.1662779      0.174600005    
   11.1829443      0.175600007    
   11.1996107      0.176699996    
   11.2162771      0.177699998    
   11.2329435      0.178800002    
   11.2496099      0.179700002    
   11.2662764      0.180800006    
   11.2829428      0.181899995    
   11.2996092      0.182899997    
   11.3162756      0.183899999    
   11.3329420      0.184900001    
   11.3496084      0.185900003    
   11.3662748      0.186800003    
   11.3829412      0.187900007    
   11.3996077      0.188899994    
   11.4162741      0.189799994    
   11.4329405      0.190799996    
   11.4496069      0.191799998    
   11.4662733      0.192699999    
   11.4829397      0.193700001    
   11.4996061      0.194600001    
   11.5162725      0.195500001    
   11.5329390      0.196400002    
   11.5496054      0.197300002    
   11.5662718      0.198200002    
   11.5829382      0.199100003    
   11.5996046      0.200000003    
   11.6162710      0.200900003    
   11.6329374      0.201600000    
   11.6496038      0.202600002    
   11.6662703      0.203400001    
   11.6829367      0.204200000    
   11.6996031      0.205100000    
   11.7162695      0.205899999    
   11.7329359      0.206699997    
   11.7496023      0.207499996    
   11.7662687      0.208199993    
   11.7829351      0.209099993    
   11.7996016      0.209800005    
   11.8162680      0.210600004    
   11.8329344      0.211400002    
   11.8496008      0.212099999    
   11.8662672      0.212899998    
   11.8829336      0.213599995    
   11.8996000      0.214300007    
   11.9162664      0.215000004    
   11.9329329      0.215700001    
   11.9495993      0.216299996    
   11.9662657      0.216999993    
   11.9829321      0.217700005    
   11.9995985      0.218300000    
   12.0162649      0.218899995    
   12.0329313      0.219600007    
   12.0495977      0.220100001    
   12.0662642      0.220799997    
   12.0829306      0.221200004    
   12.0995970      0.221900001    
   12.1162634      0.222499996    
   12.1329298      0.223100007    
   12.1495962      0.223600000    
   12.1662626      0.224099994    
   12.1829290      0.224600002    
   12.1995955      0.225099996    
   12.2162619      0.225600004    
   12.2329283      0.226099998    
   12.2495947      0.226600006    
   12.2662611      0.227100000    
   12.2829275      0.227500007    
   12.2995939      0.227899998    
   12.3162603      0.228100002    
   12.3329268      0.228599995    
   12.3495932      0.229100004    
   12.3662596      0.229499996    
   12.3829260      0.229900002    
   12.3995924      0.230299994    
   12.4162588      0.230599999    
   12.4329252      0.231000006    
   12.4495916      0.231299996    
   12.4662580      0.231500000    
   12.4829245      0.231800005    
   12.4995909      0.232099995    
   12.5162573      0.232400000    
   12.5329237      0.232700005    
   12.5495901      0.232899994    
   12.5662565      0.232999995    
   12.5829229      0.233199999    
   12.5995893      0.233500004    
   12.6162558      0.233799994    
   12.6329222      0.233999997    
   12.6495886      0.234099999    
   12.6662550      0.234300002    
   12.6829214      0.234400004    
   12.6995878      0.234500006    
   12.7162542      0.234599993    
   12.7329206      0.234699994    
   12.7495871      0.234799996    
   12.7662535      0.234899998    
   12.7829199      0.234999999    
   12.7995863      0.234999999    
   12.8162527      0.234999999    
   12.8329191      0.234999999    
   12.8495855      0.234999999    
   12.8662519      0.234999999    
   12.8829184      0.234999999    
   12.8995848      0.234999999    
   12.9162512      0.234999999    
   12.9329176      0.234899998    
   12.9495840      0.234799996    
   12.9662504      0.234799996    
   12.9829168      0.234699994    
   12.9995832      0.234500006    
   13.0162497      0.234400004    
   13.0329161      0.234300002    
   13.0495825      0.234099999    
   13.0662489      0.233999997    
   13.0829153      0.233799994    
   13.0995817      0.233600006    
   13.1162481      0.233199999    
   13.1329145      0.232999995    
   13.1495810      0.232899994    
   13.1662474      0.232700005    
   13.1829138      0.232400000    
   13.1995802      0.232199997    
   13.2162466      0.231900007    
   13.2329130      0.231500000    
   13.2495794      0.231299996    
   13.2662458      0.231000006    
   13.2829123      0.230700001    
   13.2995787      0.230299994    
   13.3162451      0.230000004    
   13.3329115      0.229599997    
   13.3495779      0.229200006    
   13.3662443      0.228699997    
   13.3829107      0.228300005    
   13.3995771      0.228000000    
   13.4162436      0.227599993    
   13.4329100      0.227100000    
   13.4495764      0.226699993    
   13.4662428      0.226199999    
   13.4829092      0.225700006    
   13.4995756      0.225199997    
   13.5162420      0.224700004    
   13.5329084      0.224199995    
   13.5495749      0.223700002    
   13.5662413      0.223100007    
   13.5829077      0.222599998    
   13.5995741      0.222000003    
   13.6162405      0.221399993    
   13.6329069      0.220899999    
   13.6495733      0.220200002    
   13.6662397      0.219699994    
   13.6829062      0.218999997    
   13.6995726      0.218400002    
   13.7162390      0.217800006    
   13.7329054      0.217099994    
   13.7495718      0.216499999    
   13.7662382      0.215800002    
   13.7829046      0.215100005    
   13.7995710      0.214300007    
   13.8162374      0.213699996    
   13.8329039      0.212899998    
   13.8495703      0.212200001    
   13.8662367      0.211500004    
   13.8829031      0.210800007    
   13.8995695      0.209900007    
   13.9162359      0.209199995    
   13.9329023      0.208499998    
   13.9495687      0.207699999    
   13.9662352      0.206900001    
   13.9829016      0.206100002    
   13.9995680      0.205200002    
   14.0162344      0.204400003    
   14.0329008      0.203600004    
   14.0495672      0.202700004    
   14.0662336      0.201800004    
   14.0829000      0.201000005    
   14.0995665      0.200100005    
   14.1162329      0.199300006    
   14.1328993      0.198400006    
   14.1495657      0.197500005    
   14.1662321      0.196600005    
   14.1828985      0.195600003    
   14.1995649      0.194700003    
   14.2162313      0.193800002    
   14.2328978      0.192900002    
   14.2495642      0.191900000    
   14.2662306      0.191000000    
   14.2828970      0.189999998    
   14.2995634      0.188999996    
   14.3162298      0.187999994    
   14.3328962      0.187099993    
   14.3495626      0.186100006    
   14.3662291      0.185100004    
   14.3828955      0.183899999    
   14.3995619      0.182999998    
   14.4162283      0.181999996    
   14.4328947      0.180999994    
   14.4495611      0.180000007    
   14.4662275      0.178900003    
   14.4828939      0.177900001    
   14.4995604      0.176699996    
   14.5162268      0.175799996    
   14.5328932      0.174700007    
   14.5495596      0.173600003    
   14.5662260      0.172499999    
   14.5828924      0.171499997    
   14.5995588      0.170300007    
   14.6162252      0.169300005    
   14.6328917      0.168200001    
   14.6495581      0.167099997    
   14.6662245      0.165999994    
   14.6828909      0.164900005    
   14.6995573      0.163800001    
   14.7162237      0.162599996    
   14.7328901      0.161599994    
   14.7495565      0.160400003    
   14.7662230      0.159299999    
   14.7828894      0.158199996    
   14.7995558      0.157000005    
   14.8162222      0.155900002    
   14.8328886      0.154799998    
   14.8495550      0.153600007    
   14.8662214      0.152500004    
   14.8828878      0.151299998    
   14.8995543      0.150199994    
   14.9162207      0.149000004    
   14.9328871      0.147799999    
   14.9495535      0.146599993    
   14.9662199      0.145500004    
   14.9828863      0.144299999    
   14.9995527      0.143199995    
   15.0162191      0.142000005    
   15.0328856      0.140799999    
   15.0495520      0.139599994    
   15.0662184      0.138500005    
   15.0828848      0.137300000    
   15.0995512      0.136099994    
   15.1162176      0.134900004    
   15.1328840      0.133800000    
   15.1495504      0.132599995    
   15.1662169      0.131400004    
   15.1828833      0.130199999    
   15.1995497      0.128999993    
   15.2162161      0.127900004    
   15.2328825      0.126699999    
   15.2495489      0.125499994    
   15.2662153      0.124300003    
   15.2828817      0.123099998    
   15.2995481      0.122000001    
   15.3162146      0.120800003    
   15.3328810      0.119599998    
   15.3495474      0.118400000    
   15.3662138      0.117299996    
   15.3828802      0.116099998    
   15.3995466      0.114900000    
   15.4162130      0.113700002    
   15.4328794      0.112599999    
   15.4495459      0.111400001    
   15.4662123      0.110200003    
   15.4828787      0.109099999    
   15.4995451      0.107900001    
   15.5162115      0.106700003    
   15.5328779      0.105599999    
   15.5495443      0.104400001    
   15.5662107      0.103299998    
   15.5828772      0.102100000    
   15.5995436      0.101000004    
   15.6162100       9.98499990E-02
   15.6328764       9.87000018E-02
   15.6495428       9.75700021E-02
   15.6662092       9.64400023E-02
   15.6828756       9.53100026E-02
   15.6995420       9.41800028E-02
   15.7162085       9.30700004E-02
   15.7328749       9.19499993E-02
   15.7495413       9.08299983E-02
   15.7662077       8.97200033E-02
   15.7828741       8.86199996E-02
   15.7995405       8.75200033E-02
   15.8162069       8.64199996E-02
   15.8328733       8.53300020E-02
   15.8495398       8.42399970E-02
   15.8662062       8.31599981E-02
   15.8828726       8.20799991E-02
   15.8995390       8.10099989E-02
   15.9162054       7.99399987E-02
   15.9328718       7.88799971E-02
   15.9495382       7.78200030E-02
   15.9662046       7.67700002E-02
   15.9828711       7.57300034E-02
   15.9995375       7.46899992E-02
   16.0162029       7.36500025E-02
   16.0328693       7.26300031E-02
   16.0495358       7.15999976E-02
   16.0662022       7.05899969E-02
   16.0828686       6.95800036E-02
   16.0995350       6.85700029E-02
   16.1162014       6.75799996E-02
   16.1328678       6.65799975E-02
   16.1495342       6.56000003E-02
   16.1662006       6.46200031E-02
   16.1828671       6.36499971E-02
   16.1995335       6.26899973E-02
   16.2161999       6.17300011E-02
   16.2328663       6.07799999E-02
   16.2495327       5.98299988E-02
   16.2661991       5.88999987E-02
   16.2828655       5.79699986E-02
   16.2995319       5.70399985E-02
   16.3161983       5.61299995E-02
   16.3328648       5.52200004E-02
   16.3495312       5.43200001E-02
   16.3661976       5.34199998E-02
   16.3828640       5.25400005E-02
   16.3995304       5.16600013E-02
   16.4161968       5.07900007E-02
   16.4328632       4.99200001E-02
   16.4495296       4.90700006E-02
   16.4661961       4.82200012E-02
   16.4828625       4.73800004E-02
   16.4995289       4.65499982E-02
   16.5161953       4.57199998E-02
   16.5328617       4.49099988E-02
   16.5495281       4.41000015E-02
   16.5661945       4.32999991E-02
   16.5828609       4.25099991E-02
   16.5995274       4.17199992E-02
   16.6161938       4.09400016E-02
   16.6328602       4.01800014E-02
   16.6495266       3.94200012E-02
   16.6661930       3.86600010E-02
   16.6828594       3.79199982E-02
   16.6995258       3.71900015E-02
   16.7161922       3.64600010E-02
   16.7328587       3.57399993E-02
   16.7495251       3.50299999E-02
   16.7661915       3.43299992E-02
   16.7828579       3.36299986E-02
   16.7995243       3.29499990E-02
   16.8161907       3.22699994E-02
   16.8328571       3.15999985E-02
   16.8495235       3.09400000E-02
   16.8661900       3.02900001E-02
   16.8828564       2.96500009E-02
   16.8995228       2.90099997E-02
   16.9161892       2.83799991E-02
   16.9328556       2.77699996E-02
   16.9495220       2.71600001E-02
   16.9661884       2.65500005E-02
   16.9828548       2.59600002E-02
   16.9995213       2.53699999E-02
   17.0161877       2.48000007E-02
   17.0328541       2.42299996E-02
   17.0495205       2.36699991E-02
   17.0661869       2.31199991E-02
   17.0828533       2.25699991E-02
   17.0995197       2.20400002E-02
   17.1161861       2.15099994E-02
   17.1328526       2.09899992E-02
   17.1495190       2.04799995E-02
   17.1661854       1.99699998E-02
   17.1828518       1.94799993E-02
   17.1995182       1.89900007E-02
   17.2161846       1.85100008E-02
   17.2328510       1.80399995E-02
   17.2495174       1.75800007E-02
   17.2661839       1.71200000E-02
   17.2828503       1.66699998E-02
   17.2995167       1.62300002E-02
   17.3161831       1.57999992E-02
   17.3328495       1.53799998E-02
   17.3495159       1.49600003E-02
   17.3661823       1.45500004E-02
   17.3828487       1.41500002E-02
   17.3995152       1.37499999E-02
   17.4161816       1.33600002E-02
   17.4328480       1.29800001E-02
   17.4495144       1.26099996E-02
   17.4661808       1.22400001E-02
   17.4828472       1.18899997E-02
   17.4995136       1.15299998E-02
   17.5161800       1.11900000E-02
   17.5328465       1.08500002E-02
   17.5495129       1.05200000E-02
   17.5661793       1.02000004E-02
   17.5828457       9.87800024E-03
   17.5995121       9.56699997E-03
   17.6161785       9.26200021E-03
   17.6328449       8.96400027E-03
   17.6495113       8.67199991E-03
   17.6661777       8.38700030E-03
   17.6828442       8.10800027E-03
   17.6995106       7.83499982E-03
   17.7161770       7.56799988E-03
   17.7328434       7.30699999E-03
   17.7495098       7.05200015E-03
   17.7661762       6.80299988E-03
   17.7828426       6.56000013E-03
   17.7995090       6.32200018E-03
   17.8161755       6.08999981E-03
   17.8328419       5.86300017E-03
   17.8495083       5.64200012E-03
   17.8661747       5.42700011E-03
   17.8828411       5.21600014E-03
   17.8995075       5.01100020E-03
   17.9161739       4.81100008E-03
   17.9328403       4.61600022E-03
   17.9495068       4.42499993E-03
   17.9661732       4.24099993E-03
   17.9828396       4.06000018E-03
   17.9995060       3.88400001E-03
   18.0161724       3.71300010E-03
   18.0328388       3.54700000E-03
   18.0495052       3.38499993E-03
   18.0661716       3.22799990E-03
   18.0828381       3.07499990E-03
   18.0995045       2.92599993E-03
   18.1161709       2.78200000E-03
   18.1328373       2.64100009E-03
   18.1495037       2.50499998E-03
   18.1661701       2.37299991E-03
   18.1828365       2.24500010E-03
   18.1995029       2.12100009E-03
   18.2161694       2.00000009E-03
   18.2328358       1.88400003E-03
   18.2495022       1.77099998E-03
   18.2661686       1.66199997E-03
   18.2828350       1.55699998E-03
   18.2995014       1.45600003E-03
   18.3161678       1.35799998E-03
   18.3328342       1.26399996E-03
   18.3495007       1.17299997E-03
   18.3661671       1.08600000E-03
   18.3828335       1.00299995E-03
   18.3994999       9.23099986E-04
   18.4161663       8.46999988E-04
   18.4328327       7.74900021E-04
   18.4494991       7.06400024E-04
   18.4661655       6.41999999E-04
   18.4828320       5.81900007E-04
   18.4994984       5.16999979E-04
   18.5161648       4.55900008E-04
   18.5328312       4.05100000E-04
   18.5494976       3.62899998E-04
   18.5661640       3.18300008E-04
   18.5828304       2.78599997E-04
   18.5994968       2.40299996E-04
   18.6161633       2.12300001E-04
   18.6328297       1.80000003E-04
   18.6494961       1.52499997E-04
   18.6661625       1.28700005E-04
   18.6828289       1.08200002E-04
   18.6994953       8.79900035E-05
   18.7161617       7.26500002E-05
   18.7328281       5.92299984E-05
   18.7494946       4.77700014E-05
   18.7661610       3.79199992E-05
   18.7828274       3.00200008E-05
   18.7994938       2.36699998E-05
   18.8161602       1.82299991E-05
   18.8328266       1.37200004E-05
   18.8494930       1.02399999E-05
   18.8661594       7.56500003E-06
   18.8828259       5.41200006E-06
   18.8994923       3.77199990E-06
   18.9161587       2.48900005E-06
   18.9328251       1.57800002E-06
   18.9494915       9.46300020E-07
   18.9661579       5.34200012E-07
   18.9828243       2.92500005E-07
   18.9994907       1.47500003E-07
   19.0161572       6.52200001E-08
   19.0328236       2.17499991E-08
   19.0494900       3.66599995E-09
   19.0661564       1.32099998E-10
   19.0828228       1.53299996E-12
   19.0994892       5.70600018E-15
   19.1161556       4.65200007E-18
   19.1328220       3.96300014E-24
   19.1494884       0.00000000    
   19.1661549       0.00000000    
   19.1828213       0.00000000    
   19.1994877       0.00000000    
   19.2161541       0.00000000    
   19.2328205       0.00000000    
   19.2494869       0.00000000    
   19.2661533       0.00000000    
   19.2828197       0.00000000    
   19.2994862       0.00000000    
   19.3161526       0.00000000    
   19.3328190       0.00000000    
   19.3494854       0.00000000    
   19.3661518       0.00000000    
   19.3828182       0.00000000    
   19.3994846       0.00000000    
   19.4161510       0.00000000    
   19.4328175       0.00000000    
   19.4494839       0.00000000    
   19.4661503       0.00000000    
   19.4828167       0.00000000    
   19.4994831       0.00000000    
   19.5161495       0.00000000    
   19.5328159       0.00000000    
   19.5494823       0.00000000    
   19.5661488       0.00000000    
   19.5828152       0.00000000    
   19.5994816       0.00000000    
   19.6161480       0.00000000    
   19.6328144       0.00000000    
   19.6494808       0.00000000    
   19.6661472       0.00000000    
   19.6828136       0.00000000    
   19.6994801       0.00000000    
   19.7161465       0.00000000    
   19.7328129       0.00000000    
   19.7494793       0.00000000    
   19.7661457       0.00000000    
   19.7828121       0.00000000    
   19.7994785       0.00000000    
   19.8161449       0.00000000    
   19.8328114       0.00000000    
   19.8494778       0.00000000    
   19.8661442       0.00000000    
   19.8828106       0.00000000    
   19.8994770       0.00000000    
   19.9161434       0.00000000    
   19.9328098       0.00000000    
   19.9494762       0.00000000    
   19.9661427       0.00000000    
   19.9828091       0.00000000    
   19.9994755       0.00000000    
   20.0161419       0.00000000    
   20.0328083       0.00000000    
   20.0494747       0.00000000    
   20.0661411       0.00000000    
   20.0828075       0.00000000    
   20.0994740       0.00000000    
   20.1161404       0.00000000    
   20.1328068       0.00000000    
   20.1494732       0.00000000    
   20.1661396       0.00000000    
   20.1828060       0.00000000    
   20.1994724       0.00000000    
   20.2161388       0.00000000    
   20.2328053       0.00000000    
   20.2494717       0.00000000    
   20.2661381       0.00000000    
   20.2828045       0.00000000    
   20.2994709       0.00000000    
   20.3161373       0.00000000    
   20.3328037       0.00000000    
   20.3494701       0.00000000    
   20.3661366       0.00000000    
   20.3828030       0.00000000    
   20.3994694       0.00000000    
   20.4161358       0.00000000    
   20.4328022       0.00000000    
   20.4494686       0.00000000    
   20.4661350       0.00000000    
   20.4828014       0.00000000    
   20.4994678       0.00000000    
   20.5161343       0.00000000    
   20.5328007       0.00000000    
   20.5494671       0.00000000    
   20.5661335       0.00000000    
   20.5827999       0.00000000    
   20.5994663       0.00000000    
   20.6161327       0.00000000    
   20.6327991       0.00000000    
   20.6494656       0.00000000    
   20.6661320       0.00000000    
   20.6827984       0.00000000    
   20.6994648       0.00000000    
   20.7161312       0.00000000    
   20.7327976       0.00000000    
   20.7494640       0.00000000    
   20.7661304       0.00000000    
   20.7827969       0.00000000    
   20.7994633       0.00000000    
   20.8161297       0.00000000    
   20.8327961       0.00000000    
   20.8494625       0.00000000    
   20.8661289       0.00000000    
   20.8827953       0.00000000    
   20.8994617       0.00000000    
   20.9161282       0.00000000    
   20.9327946       0.00000000    
   20.9494610       0.00000000    
   20.9661274       0.00000000    
   20.9827938       0.00000000    
   20.9994602       0.00000000    
   21.0161266       0.00000000    
   21.0327930       0.00000000    
   21.0494595       0.00000000    
   21.0661259       0.00000000    
   21.0827923       0.00000000    
   21.0994587       0.00000000    
   21.1161251       0.00000000    
   21.1327915       0.00000000    
   21.1494579       0.00000000    
   21.1661243       0.00000000    
   21.1827908       0.00000000    
   21.1994572       0.00000000    
   21.2161236       0.00000000    
   21.2327900       0.00000000    
   21.2494564       0.00000000    
   21.2661228       0.00000000    
   21.2827892       0.00000000    
   21.2994556       0.00000000    
   21.3161221       0.00000000    
   21.3327885       0.00000000    
   21.3494549       0.00000000    
   21.3661213       0.00000000    
   21.3827877       0.00000000    
   21.3994541       0.00000000    
   21.4161205       0.00000000    
   21.4327869       0.00000000    
   21.4494534       0.00000000    
   21.4661198       0.00000000    
   21.4827862       0.00000000    
   21.4994526       0.00000000    
   21.5161190       0.00000000    
   21.5327854       0.00000000    
   21.5494518       0.00000000    
   21.5661182       0.00000000    
   21.5827847       0.00000000    
   21.5994511       0.00000000    
   21.6161175       0.00000000    
   21.6327839       0.00000000    
   21.6494503       0.00000000    
   21.6661167       0.00000000    
   21.6827831       0.00000000    
   21.6994495       0.00000000    
   21.7161160       0.00000000    
   21.7327824       0.00000000    
   21.7494488       0.00000000    
   21.7661152       0.00000000    
   21.7827816       0.00000000    
   21.7994480       0.00000000    
   21.8161144       0.00000000    
   21.8327808       0.00000000    
   21.8494473       0.00000000    
   21.8661137       0.00000000    
   21.8827801       0.00000000    
   21.8994465       0.00000000    
   21.9161129       0.00000000    
   21.9327793       0.00000000    
   21.9494457       0.00000000    
   21.9661121       0.00000000    
   21.9827785       0.00000000    
   21.9994450       0.00000000    
   22.0161114       0.00000000    
   22.0327778       0.00000000    
   22.0494442       0.00000000    
   22.0661106       0.00000000    
   22.0827770       0.00000000    
   22.0994434       0.00000000    
   22.1161098       0.00000000    
   22.1327763       0.00000000    
   22.1494427       0.00000000    
   22.1661091       0.00000000    
   22.1827755       0.00000000    
   22.1994419       0.00000000    
   22.2161083       0.00000000    
   22.2327747       0.00000000    
   22.2494411       0.00000000    
   22.2661076       0.00000000    
   22.2827740       0.00000000    
   22.2994404       0.00000000    
   22.3161068       0.00000000    
   22.3327732       0.00000000    
   22.3494396       0.00000000    
   22.3661060       0.00000000    
   22.3827724       0.00000000    
   22.3994389       0.00000000    
   22.4161053       0.00000000    
   22.4327717       0.00000000    
   22.4494381       0.00000000    
   22.4661045       0.00000000    
   22.4827709       0.00000000    
   22.4994373       0.00000000    
   22.5161037       0.00000000    
   22.5327702       0.00000000    
   22.5494366       0.00000000    
   22.5661030       0.00000000    
   22.5827694       0.00000000    
   22.5994358       0.00000000    
   22.6161022       0.00000000    
   22.6327686       0.00000000    
   22.6494350       0.00000000    
   22.6661015       0.00000000    
   22.6827679       0.00000000    
   22.6994343       0.00000000    
   22.7161007       0.00000000    
   22.7327671       0.00000000    
   22.7494335       0.00000000    
   22.7660999       0.00000000    
   22.7827663       0.00000000    
   22.7994328       0.00000000    
   22.8160992       0.00000000    
   22.8327656       0.00000000    
   22.8494320       0.00000000    
   22.8660984       0.00000000    
   22.8827648       0.00000000    
   22.8994312       0.00000000    
   22.9160976       0.00000000    
   22.9327641       0.00000000    
   22.9494305       0.00000000    
   22.9660969       0.00000000    
   22.9827633       0.00000000    
   22.9994297       0.00000000    
   23.0160961       0.00000000    
   23.0327625       0.00000000    
   23.0494289       0.00000000    
   23.0660954       0.00000000    
   23.0827618       0.00000000    
   23.0994282       0.00000000    
   23.1160946       0.00000000    
   23.1327610       0.00000000    
   23.1494274       0.00000000    
   23.1660938       0.00000000    
   23.1827602       0.00000000    
   23.1994267       0.00000000    
   23.2160931       0.00000000    
   23.2327595       0.00000000    
   23.2494259       0.00000000    
   23.2660923       0.00000000    
   23.2827587       0.00000000    
   23.2994251       0.00000000    
   23.3160915       0.00000000    
   23.3327579       0.00000000    
   23.3494244       0.00000000    
   23.3660908       0.00000000    
   23.3827572       0.00000000    
   23.3994236       0.00000000    
   23.4160900       0.00000000    
   23.4327564       0.00000000    
   23.4494228       0.00000000    
   23.4660892       0.00000000    
   23.4827557       0.00000000    
   23.4994221       0.00000000    
   23.5160885       0.00000000    
   23.5327549       0.00000000    
   23.5494213       0.00000000    
   23.5660877       0.00000000    
   23.5827541       0.00000000    
   23.5994205       0.00000000    
   23.6160870       0.00000000    
   23.6327534       0.00000000    
   23.6494198       0.00000000    
   23.6660862       0.00000000    
   23.6827526       0.00000000    
   23.6994190       0.00000000    
   23.7160854       0.00000000    
   23.7327518       0.00000000    
   23.7494183       0.00000000    
   23.7660847       0.00000000    
   23.7827511       0.00000000    
   23.7994175       0.00000000    
   23.8160839       0.00000000    
   23.8327503       0.00000000    
   23.8494167       0.00000000    
   23.8660831       0.00000000    
   23.8827496       0.00000000    
   23.8994160       0.00000000    
   23.9160824       0.00000000    
   23.9327488       0.00000000    
   23.9494152       0.00000000    
   23.9660816       0.00000000    
   23.9827480       0.00000000    
