   0.00000000       0.00000000    
   1.66660007E-02   0.00000000    
   3.33320014E-02   0.00000000    
   4.99980003E-02   0.00000000    
   6.66640028E-02   0.00000000    
   8.33300054E-02   0.00000000    
   9.99960080E-02   0.00000000    
  0.116662011       0.00000000    
  0.133328006       0.00000000    
  0.149994001       0.00000000    
  0.166659996       0.00000000    
  0.183325991       0.00000000    
  0.199991986       0.00000000    
  0.216657981       0.00000000    
  0.233323976       0.00000000    
  0.249989972       0.00000000    
  0.266655982       0.00000000    
  0.283321977       0.00000000    
  0.299987972       0.00000000    
  0.316653967       0.00000000    
  0.333319962       0.00000000    
  0.349985957       0.00000000    
  0.366651952       0.00000000    
  0.383317947       0.00000000    
  0.399983943       0.00000000    
  0.416649938       0.00000000    
  0.433315933       0.00000000    
  0.449981928       0.00000000    
  0.466647923       0.00000000    
  0.483313918       0.00000000    
  0.499979913       0.00000000    
  0.516645908       0.00000000    
  0.533311903       0.00000000    
  0.549977899       0.00000000    
  0.566643894       0.00000000    
  0.583309889       0.00000000    
  0.599975884       0.00000000    
  0.616641879       0.00000000    
  0.633307874       0.00000000    
  0.649973869       0.00000000    
  0.666639864       0.00000000    
  0.683305860       0.00000000    
  0.699971855       0.00000000    
  0.716637850       0.00000000    
  0.733303845       0.00000000    
  0.749969840       0.00000000    
  0.766635835       0.00000000    
  0.783301830       0.00000000    
  0.799967825       0.00000000    
  0.816633821       0.00000000    
  0.833299816       0.00000000    
  0.849965811       0.00000000    
  0.866631806       0.00000000    
  0.883297801       0.00000000    
  0.899963796       0.00000000    
  0.916629791       0.00000000    
  0.933295786       0.00000000    
  0.949961782       0.00000000    
  0.966627777       0.00000000    
  0.983293772       0.00000000    
  0.999959767       0.00000000    
   1.01662576       0.00000000    
   1.03329182       0.00000000    
   1.04995787       0.00000000    
   1.06662393       0.00000000    
   1.08328998       0.00000000    
   1.09995604       0.00000000    
   1.11662209       0.00000000    
   1.13328815       0.00000000    
   1.14995420       0.00000000    
   1.16662025       0.00000000    
   1.18328631       0.00000000    
   1.19995236       0.00000000    
   1.21661842       0.00000000    
   1.23328447       0.00000000    
   1.24995053       0.00000000    
   1.26661658       0.00000000    
   1.28328264       0.00000000    
   1.29994869       0.00000000    
   1.31661475       0.00000000    
   1.33328080       0.00000000    
   1.34994686       0.00000000    
   1.36661291       0.00000000    
   1.38327897       0.00000000    
   1.39994502       0.00000000    
   1.41661108       0.00000000    
   1.43327713       0.00000000    
   1.44994318       0.00000000    
   1.46660924       0.00000000    
   1.48327529       0.00000000    
   1.49994135       0.00000000    
   1.51660740       0.00000000    
   1.53327346       0.00000000    
   1.54993951       0.00000000    
   1.56660557       0.00000000    
   1.58327162       0.00000000    
   1.59993768       0.00000000    
   1.61660373       0.00000000    
   1.63326979       0.00000000    
   1.64993584       0.00000000    
   1.66660190       0.00000000    
   1.68326795       0.00000000    
   1.69993401       0.00000000    
   1.71660006       0.00000000    
   1.73326612       0.00000000    
   1.74993217       0.00000000    
   1.76659822       0.00000000    
   1.78326428       0.00000000    
   1.79993033       0.00000000    
   1.81659639       0.00000000    
   1.83326244       0.00000000    
   1.84992850       0.00000000    
   1.86659455       0.00000000    
   1.88326061       0.00000000    
   1.89992666       0.00000000    
   1.91659272       0.00000000    
   1.93325877       0.00000000    
   1.94992483       0.00000000    
   1.96659088       0.00000000    
   1.98325694       0.00000000    
   1.99992299       0.00000000    
   2.01658893       0.00000000    
   2.03325486       0.00000000    
   2.04992080       0.00000000    
   2.06658673       0.00000000    
   2.08325267       0.00000000    
   2.09991860       0.00000000    
   2.11658454       0.00000000    
   2.13325047       0.00000000    
   2.14991641       0.00000000    
   2.16658235       0.00000000    
   2.18324828       0.00000000    
   2.19991422       0.00000000    
   2.21658015       0.00000000    
   2.23324609       0.00000000    
   2.24991202       0.00000000    
   2.26657796       0.00000000    
   2.28324389       0.00000000    
   2.29990983       0.00000000    
   2.31657577       0.00000000    
   2.33324170       0.00000000    
   2.34990764       0.00000000    
   2.36657357       0.00000000    
   2.38323951       0.00000000    
   2.39990544       0.00000000    
   2.41657138       0.00000000    
   2.43323731       0.00000000    
   2.44990325       0.00000000    
   2.46656919       0.00000000    
   2.48323512       0.00000000    
   2.49990106       0.00000000    
   2.51656699       0.00000000    
   2.53323293       0.00000000    
   2.54989886       0.00000000    
   2.56656480       0.00000000    
   2.58323073       0.00000000    
   2.59989667       0.00000000    
   2.61656260       0.00000000    
   2.63322854       0.00000000    
   2.64989448       0.00000000    
   2.66656041       0.00000000    
   2.68322635       0.00000000    
   2.69989228       0.00000000    
   2.71655822       0.00000000    
   2.73322415       0.00000000    
   2.74989009       0.00000000    
   2.76655602       0.00000000    
   2.78322196       0.00000000    
   2.79988790       0.00000000    
   2.81655383       0.00000000    
   2.83321977       0.00000000    
   2.84988570       0.00000000    
   2.86655164       0.00000000    
   2.88321757       0.00000000    
   2.89988351       0.00000000    
   2.91654944       0.00000000    
   2.93321538       0.00000000    
   2.94988132       0.00000000    
   2.96654725       0.00000000    
   2.98321319       0.00000000    
   2.99987912       0.00000000    
   3.01654506       0.00000000    
   3.03321099       0.00000000    
   3.04987693       0.00000000    
   3.06654286       0.00000000    
   3.08320880       0.00000000    
   3.09987473       0.00000000    
   3.11654067       0.00000000    
   3.13320661       0.00000000    
   3.14987254       0.00000000    
   3.16653848       0.00000000    
   3.18320441       0.00000000    
   3.19987035       0.00000000    
   3.21653628       0.00000000    
   3.23320222       0.00000000    
   3.24986815       0.00000000    
   3.26653409       0.00000000    
   3.28320003       0.00000000    
   3.29986596       0.00000000    
   3.31653190       0.00000000    
   3.33319783       0.00000000    
   3.34986377       0.00000000    
   3.36652970       0.00000000    
   3.38319564       0.00000000    
   3.39986157       0.00000000    
   3.41652751       0.00000000    
   3.43319345       0.00000000    
   3.44985938       0.00000000    
   3.46652532       0.00000000    
   3.48319125       0.00000000    
   3.49985719       0.00000000    
   3.51652312       0.00000000    
   3.53318906       0.00000000    
   3.54985499       0.00000000    
   3.56652093       0.00000000    
   3.58318686       0.00000000    
   3.59985280       0.00000000    
   3.61651874       0.00000000    
   3.63318467       0.00000000    
   3.64985061       0.00000000    
   3.66651654       0.00000000    
   3.68318248       0.00000000    
   3.69984841       0.00000000    
   3.71651435       0.00000000    
   3.73318028       0.00000000    
   3.74984622       0.00000000    
   3.76651216       0.00000000    
   3.78317809       0.00000000    
   3.79984403       0.00000000    
   3.81650996       0.00000000    
   3.83317590       0.00000000    
   3.84984183       0.00000000    
   3.86650777       0.00000000    
   3.88317370       0.00000000    
   3.89983964       0.00000000    
   3.91650558       0.00000000    
   3.93317151       0.00000000    
   3.94983745       0.00000000    
   3.96650338       0.00000000    
   3.98316932       0.00000000    
   3.99983525       0.00000000    
   4.01650143       0.00000000    
   4.03316736       0.00000000    
   4.04983330       0.00000000    
   4.06649923       0.00000000    
   4.08316517       0.00000000    
   4.09983110       0.00000000    
   4.11649704       0.00000000    
   4.13316298       0.00000000    
   4.14982891       0.00000000    
   4.16649485       0.00000000    
   4.18316078       0.00000000    
   4.19982672       0.00000000    
   4.21649265       0.00000000    
   4.23315859       0.00000000    
   4.24982452       0.00000000    
   4.26649046       0.00000000    
   4.28315639       0.00000000    
   4.29982233       0.00000000    
   4.31648827       0.00000000    
   4.33315420       0.00000000    
   4.34982014       0.00000000    
   4.36648607       0.00000000    
   4.38315201       0.00000000    
   4.39981794       0.00000000    
   4.41648388       0.00000000    
   4.43314981       0.00000000    
   4.44981575       0.00000000    
   4.46648169       0.00000000    
   4.48314762       0.00000000    
   4.49981356       0.00000000    
   4.51647949       0.00000000    
   4.53314543       0.00000000    
   4.54981136       0.00000000    
   4.56647730       0.00000000    
   4.58314323       0.00000000    
   4.59980917       0.00000000    
   4.61647511       0.00000000    
   4.63314104       0.00000000    
   4.64980698       0.00000000    
   4.66647291       0.00000000    
   4.68313885       0.00000000    
   4.69980478       0.00000000    
   4.71647072       0.00000000    
   4.73313665       0.00000000    
   4.74980259       0.00000000    
   4.76646852       0.00000000    
   4.78313446       0.00000000    
   4.79980040       0.00000000    
   4.81646633       0.00000000    
   4.83313227       0.00000000    
   4.84979820       0.00000000    
   4.86646414       0.00000000    
   4.88313007       0.00000000    
   4.89979601       0.00000000    
   4.91646194       0.00000000    
   4.93312788       0.00000000    
   4.94979382       0.00000000    
   4.96645975       0.00000000    
   4.98312569       0.00000000    
   4.99979162       0.00000000    
   5.01645756       0.00000000    
   5.03312349       0.00000000    
   5.04978943       0.00000000    
   5.06645536       0.00000000    
   5.08312130       0.00000000    
   5.09978724       0.00000000    
   5.11645317       0.00000000    
   5.13311911       0.00000000    
   5.14978504       0.00000000    
   5.16645098       0.00000000    
   5.18311691       0.00000000    
   5.19978285       0.00000000    
   5.21644878       0.00000000    
   5.23311472       0.00000000    
   5.24978065       0.00000000    
   5.26644659       0.00000000    
   5.28311253       0.00000000    
   5.29977846       0.00000000    
   5.31644440       0.00000000    
   5.33311033       0.00000000    
   5.34977627       0.00000000    
   5.36644220       0.00000000    
   5.38310814       0.00000000    
   5.39977407       0.00000000    
   5.41644001       0.00000000    
   5.43310595       0.00000000    
   5.44977188       0.00000000    
   5.46643782       0.00000000    
   5.48310375       0.00000000    
   5.49976969       0.00000000    
   5.51643562       0.00000000    
   5.53310156       0.00000000    
   5.54976749       0.00000000    
   5.56643343       0.00000000    
   5.58309937       0.00000000    
   5.59976530       0.00000000    
   5.61643124       0.00000000    
   5.63309717       0.00000000    
   5.64976311       0.00000000    
   5.66642904       0.00000000    
   5.68309498       0.00000000    
   5.69976091       0.00000000    
   5.71642685       0.00000000    
   5.73309278       0.00000000    
   5.74975872       0.00000000    
   5.76642466       0.00000000    
   5.78309059       0.00000000    
   5.79975653       0.00000000    
   5.81642246       0.00000000    
   5.83308840       0.00000000    
   5.84975433       0.00000000    
   5.86642027       0.00000000    
   5.88308620       0.00000000    
   5.89975214       0.00000000    
   5.91641808       0.00000000    
   5.93308401       0.00000000    
   5.94974995       0.00000000    
   5.96641588       0.00000000    
   5.98308182       0.00000000    
   5.99974775       0.00000000    
   6.01641369       0.00000000    
   6.03307962       0.00000000    
   6.04974556       0.00000000    
   6.06641150       0.00000000    
   6.08307743       0.00000000    
   6.09974337       0.00000000    
   6.11640930       0.00000000    
   6.13307524       0.00000000    
   6.14974117       0.00000000    
   6.16640711       0.00000000    
   6.18307304       0.00000000    
   6.19973898       0.00000000    
   6.21640491       0.00000000    
   6.23307085       0.00000000    
   6.24973679       0.00000000    
   6.26640272       0.00000000    
   6.28306866       0.00000000    
   6.29973459       0.00000000    
   6.31640053       0.00000000    
   6.33306646       0.00000000    
   6.34973240       0.00000000    
   6.36639833       0.00000000    
   6.38306427       8.38500016E-12
   6.39973021       4.38200010E-09
   6.41639614       3.61800005E-07
   6.43306208       5.75300010E-06
   6.44972801       3.08599992E-05
   6.46639395       9.53600029E-05
   6.48305988       2.09100006E-04
   6.49972582       3.87900014E-04
   6.51639175       6.50500006E-04
   6.53305769       1.03900000E-03
   6.54972363       1.60399999E-03
   6.56638956       2.37899995E-03
   6.58305550       3.43100005E-03
   6.59972143       4.86599980E-03
   6.61638737       6.82700006E-03
   6.63305330       9.24499985E-03
   6.64971924       1.26299998E-02
   6.66638517       1.67100001E-02
   6.68305111       2.19999999E-02
   6.69971704       2.87900008E-02
   6.71638298       3.74099985E-02
   6.73304892       4.82299998E-02
   6.74971485       6.19499981E-02
   6.76638079       7.75500014E-02
   6.78304672       9.74100009E-02
   6.79971266      0.119900003    
   6.81637859      0.149599999    
   6.83304453      0.180099994    
   6.84971046      0.215800002    
   6.86637640      0.257099986    
   6.88304234      0.305099994    
   6.89970827      0.351099998    
   6.91637421      0.406699985    
   6.93304014      0.478399992    
   6.94970608      0.533500016    
   6.96637201      0.599099994    
   6.98303795      0.677200019    
   6.99970388      0.770399988    
   7.01636982      0.858500004    
   7.03303576      0.946399987    
   7.04970169       1.03999996    
   7.06636763       1.13699996    
   7.08303356       1.24000001    
   7.09969950       1.34599996    
   7.11636543       1.45500004    
   7.13303137       1.56900001    
   7.14969730       1.68599999    
   7.16636324       1.80599999    
   7.18302917       1.92999995    
   7.19969511       2.05699992    
   7.21636105       2.18700004    
   7.23302698       2.32100010    
   7.24969292       2.45700002    
   7.26635885       2.59699988    
   7.28302479       2.74000001    
   7.29969072       2.88599992    
   7.31635666       3.03500009    
   7.33302259       3.18799996    
   7.34968853       3.34299994    
   7.36635447       3.50200009    
   7.38302040       3.66300011    
   7.39968634       3.82800007    
   7.41635227       3.99499989    
   7.43301821       4.16599989    
   7.44968414       4.33900023    
   7.46635008       4.51599979    
   7.48301601       4.69500017    
   7.49968195       4.87699986    
   7.51634789       5.06199980    
   7.53301382       5.25000000    
   7.54967976       5.44099998    
   7.56634569       5.63399982    
   7.58301163       5.82900000    
   7.59967756       6.02699995    
   7.61634350       6.22800016    
   7.63300943       6.43100023    
   7.64967537       6.63700008    
   7.66634130       6.84499979    
   7.68300724       7.05499983    
   7.69967318       7.26700020    
   7.71633911       7.48099995    
   7.73300505       7.69799995    
   7.74967098       7.91699982    
   7.76633692       8.13799953    
   7.78300285       8.35999966    
   7.79966879       8.58500004    
   7.81633472       8.81099987    
   7.83300066       9.03999996    
   7.84966660       9.26900005    
   7.86633253       9.50100040    
   7.88299847       9.73400021    
   7.89966440       9.96899986    
   7.91633034       10.1999998    
   7.93299627       10.4399996    
   7.94966221       10.6800003    
   7.96632814       10.9200001    
   7.98299408       11.1599998    
   7.99966002       11.4099998    
   8.01632595       11.6499996    
   8.03299236       11.8999996    
   8.04965878       12.1499996    
   8.06632519       12.3900003    
   8.08299160       12.6400003    
   8.09965801       12.8900003    
   8.11632442       13.1400003    
   8.13299084       13.3999996    
   8.14965725       13.6499996    
   8.16632366       13.8999996    
   8.18299007       14.1599998    
   8.19965649       14.4099998    
   8.21632290       14.6700001    
   8.23298931       14.9300003    
   8.24965572       15.1800003    
   8.26632214       15.4399996    
   8.28298855       15.6999998    
   8.29965496       15.9600000    
   8.31632137       16.2199993    
   8.33298779       16.4799995    
   8.34965420       16.7399998    
   8.36632061       17.0100002    
   8.38298702       17.2700005    
   8.39965343       17.5300007    
   8.41631985       17.7900009    
   8.43298626       18.0599995    
   8.44965267       18.3199997    
   8.46631908       18.5900002    
   8.48298550       18.8500004    
   8.49965191       19.1200008    
   8.51631832       19.3799992    
   8.53298473       19.6499996    
   8.54965115       19.9099998    
   8.56631756       20.1800003    
   8.58298397       20.4400005    
   8.59965038       20.7099991    
   8.61631680       20.9799995    
   8.63298321       21.2399998    
   8.64964962       21.5100002    
   8.66631603       21.7800007    
   8.68298244       22.0400009    
   8.69964886       22.3099995    
   8.71631527       22.5799999    
   8.73298168       22.8400002    
   8.74964809       23.1100006    
   8.76631451       23.3700008    
   8.78298092       23.6399994    
   8.79964733       23.9099998    
   8.81631374       24.1700001    
   8.83298016       24.4400005    
   8.84964657       24.7000008    
   8.86631298       24.9699993    
   8.88297939       25.2399998    
   8.89964581       25.5000000    
   8.91631222       25.7700005    
   8.93297863       26.0300007    
   8.94964504       26.2900009    
   8.96631145       26.5599995    
   8.98297787       26.8199997    
   8.99964428       27.0900002    
   9.01631069       27.3500004    
   9.03297710       27.6100006    
   9.04964352       27.8799992    
   9.06630993       28.1399994    
   9.08297634       28.3999996    
   9.09964275       28.6599998    
   9.11630917       28.9200001    
   9.13297558       29.1800003    
   9.14964199       29.4400005    
   9.16630840       29.7000008    
   9.18297482       29.9599991    
   9.19964123       30.2199993    
   9.21630764       30.4799995    
   9.23297405       30.7399998    
   9.24964046       31.0000000    
   9.26630688       31.2500000    
   9.28297329       31.5100002    
   9.29963970       31.7700005    
   9.31630611       32.0200005    
   9.33297253       32.2799988    
   9.34963894       32.5299988    
   9.36630535       32.7799988    
   9.38297176       33.0400009    
   9.39963818       33.2900009    
   9.41630459       33.5400009    
   9.43297100       33.7900009    
   9.44963741       34.0400009    
   9.46630383       34.2900009    
   9.48297024       34.5400009    
   9.49963665       34.7900009    
   9.51630306       35.0400009    
   9.53296947       35.2900009    
   9.54963589       35.5299988    
   9.56630230       35.7799988    
   9.58296871       36.0200005    
   9.59963512       36.2700005    
   9.61630154       36.5099983    
   9.63296795       36.7500000    
   9.64963436       37.0000000    
   9.66630077       37.2400017    
   9.68296719       37.4799995    
   9.69963360       37.7200012    
   9.71630001       37.9599991    
   9.73296642       38.2000008    
   9.74963284       38.4300003    
   9.76629925       38.6699982    
   9.78296566       38.9000015    
   9.79963207       39.1399994    
   9.81629848       39.3699989    
   9.83296490       39.6100006    
   9.84963131       39.8400002    
   9.86629772       40.0699997    
   9.88296413       40.2999992    
   9.89963055       40.5299988    
   9.91629696       40.7599983    
   9.93296337       40.9900017    
   9.94962978       41.2099991    
   9.96629620       41.4399986    
   9.98296261       41.6699982    
   9.99962902       41.8899994    
   10.0162954       42.1100006    
   10.0329618       42.3400002    
   10.0496283       42.5600014    
   10.0662947       42.7799988    
   10.0829611       43.0000000    
   10.0996275       43.2200012    
   10.1162939       43.4300003    
   10.1329603       43.6500015    
   10.1496267       43.8600006    
   10.1662931       44.0800018    
   10.1829596       44.2900009    
   10.1996260       44.5099983    
   10.2162924       44.7200012    
   10.2329588       44.9300003    
   10.2496252       45.1399994    
   10.2662916       45.3499985    
   10.2829580       45.5499992    
   10.2996244       45.7599983    
   10.3162909       45.9599991    
   10.3329573       46.1699982    
   10.3496237       46.3699989    
   10.3662901       46.5699997    
   10.3829565       46.7700005    
   10.3996229       46.9700012    
   10.4162893       47.1699982    
   10.4329557       47.3699989    
   10.4496222       47.5699997    
   10.4662886       47.7599983    
   10.4829550       47.9599991    
   10.4996214       48.1500015    
   10.5162878       48.3400002    
   10.5329542       48.5299988    
   10.5496206       48.7200012    
   10.5662870       48.9099998    
   10.5829535       49.0999985    
   10.5996199       49.2799988    
   10.6162863       49.4700012    
   10.6329527       49.6500015    
   10.6496191       49.8400002    
   10.6662855       50.0200005    
   10.6829519       50.2000008    
   10.6996183       50.3800011    
   10.7162848       50.5499992    
   10.7329512       50.7299995    
   10.7496176       50.9000015    
   10.7662840       51.0800018    
   10.7829504       51.2500000    
   10.7996168       51.4199982    
   10.8162832       51.5999985    
   10.8329496       51.7700005    
   10.8496161       51.9300003    
   10.8662825       52.0999985    
   10.8829489       52.2700005    
   10.8996153       52.4300003    
   10.9162817       52.5900002    
   10.9329481       52.7599983    
   10.9496145       52.9199982    
   10.9662809       53.0800018    
   10.9829473       53.2299995    
   10.9996138       53.3899994    
   11.0162802       53.5499992    
   11.0329466       53.7000008    
   11.0496130       53.8499985    
   11.0662794       54.0000000    
   11.0829458       54.1599998    
   11.0996122       54.2999992    
   11.1162786       54.4500008    
   11.1329451       54.5999985    
   11.1496115       54.7400017    
   11.1662779       54.8899994    
   11.1829443       55.0299988    
   11.1996107       55.1699982    
   11.2162771       55.3100014    
   11.2329435       55.4500008    
   11.2496099       55.5900002    
   11.2662764       55.7200012    
   11.2829428       55.8600006    
   11.2996092       55.9900017    
   11.3162756       56.1199989    
   11.3329420       56.2500000    
   11.3496084       56.3800011    
   11.3662748       56.5099983    
   11.3829412       56.6399994    
   11.3996077       56.7599983    
   11.4162741       56.8899994    
   11.4329405       57.0099983    
   11.4496069       57.1300011    
   11.4662733       57.2500000    
   11.4829397       57.3699989    
   11.4996061       57.4799995    
   11.5162725       57.5999985    
   11.5329390       57.7099991    
   11.5496054       57.8300018    
   11.5662718       57.9399986    
   11.5829382       58.0499992    
   11.5996046       58.1599998    
   11.6162710       58.2599983    
   11.6329374       58.3699989    
   11.6496038       58.4700012    
   11.6662703       58.5699997    
   11.6829367       58.6800003    
   11.6996031       58.7799988    
   11.7162695       58.8800011    
   11.7329359       58.9700012    
   11.7496023       59.0699997    
   11.7662687       59.1599998    
   11.7829351       59.2599983    
   11.7996016       59.3499985    
   11.8162680       59.4399986    
   11.8329344       59.5200005    
   11.8496008       59.6100006    
   11.8662672       59.7000008    
   11.8829336       59.7799988    
   11.8996000       59.8600006    
   11.9162664       59.9500008    
   11.9329329       60.0299988    
   11.9495993       60.0999985    
   11.9662657       60.1800003    
   11.9829321       60.2599983    
   11.9995985       60.3300018    
   12.0162649       60.4000015    
   12.0329313       60.4799995    
   12.0495977       60.5499992    
   12.0662642       60.6100006    
   12.0829306       60.6800003    
   12.0995970       60.7500000    
   12.1162634       60.8100014    
   12.1329298       60.8699989    
   12.1495962       60.9300003    
   12.1662626       60.9900017    
   12.1829290       61.0499992    
   12.1995955       61.1100006    
   12.2162619       61.1599998    
   12.2329283       61.2200012    
   12.2495947       61.2700005    
   12.2662611       61.3199997    
   12.2829275       61.3699989    
   12.2995939       61.4099998    
   12.3162603       61.4599991    
   12.3329268       61.5099983    
   12.3495932       61.5499992    
   12.3662596       61.5900002    
   12.3829260       61.6300011    
   12.3995924       61.6699982    
   12.4162588       61.7099991    
   12.4329252       61.7400017    
   12.4495916       61.7799988    
   12.4662580       61.8100014    
   12.4829245       61.8400002    
   12.4995909       61.8699989    
   12.5162573       61.9000015    
   12.5329237       61.9300003    
   12.5495901       61.9500008    
   12.5662565       61.9700012    
   12.5829229       62.0000000    
   12.5995893       62.0200005    
   12.6162558       62.0400009    
   12.6329222       62.0499992    
   12.6495886       62.0699997    
   12.6662550       62.0900002    
   12.6829214       62.0999985    
   12.6995878       62.1100006    
   12.7162542       62.1199989    
   12.7329206       62.1300011    
   12.7495871       62.1399994    
   12.7662535       62.1399994    
   12.7829199       62.1500015    
   12.7995863       62.1500015    
   12.8162527       62.1500015    
   12.8329191       62.1500015    
   12.8495855       62.1500015    
   12.8662519       62.1500015    
   12.8829184       62.1399994    
   12.8995848       62.1399994    
   12.9162512       62.1300011    
   12.9329176       62.1199989    
   12.9495840       62.1100006    
   12.9662504       62.0900002    
   12.9829168       62.0800018    
   12.9995832       62.0699997    
   13.0162497       62.0499992    
   13.0329161       62.0299988    
   13.0495825       62.0099983    
   13.0662489       61.9900017    
   13.0829153       61.9700012    
   13.0995817       61.9399986    
   13.1162481       61.9199982    
   13.1329145       61.8899994    
   13.1495810       61.8600006    
   13.1662474       61.8300018    
   13.1829138       61.7999992    
   13.1995802       61.7700005    
   13.2162466       61.7299995    
   13.2329130       61.7000008    
   13.2495794       61.6599998    
   13.2662458       61.6199989    
   13.2829123       61.5800018    
   13.2995787       61.5400009    
   13.3162451       61.4900017    
   13.3329115       61.4500008    
   13.3495779       61.4000015    
   13.3662443       61.3499985    
   13.3829107       61.2999992    
   13.3995771       61.2500000    
   13.4162436       61.2000008    
   13.4329100       61.1399994    
   13.4495764       61.0900002    
   13.4662428       61.0299988    
   13.4829092       60.9700012    
   13.4995756       60.9099998    
   13.5162420       60.8499985    
   13.5329084       60.7900009    
   13.5495749       60.7299995    
   13.5662413       60.6599998    
   13.5829077       60.5900002    
   13.5995741       60.5200005    
   13.6162405       60.4500008    
   13.6329069       60.3800011    
   13.6495733       60.3100014    
   13.6662397       60.2299995    
   13.6829062       60.1599998    
   13.6995726       60.0800018    
   13.7162390       60.0000000    
   13.7329054       59.9199982    
   13.7495718       59.8400002    
   13.7662382       59.7599983    
   13.7829046       59.6699982    
   13.7995710       59.5900002    
   13.8162374       59.5000000    
   13.8329039       59.4099998    
   13.8495703       59.3199997    
   13.8662367       59.2299995    
   13.8829031       59.1300011    
   13.8995695       59.0400009    
   13.9162359       58.9399986    
   13.9329023       58.8499985    
   13.9495687       58.7500000    
   13.9662352       58.6500015    
   13.9829016       58.5400009    
   13.9995680       58.4399986    
   14.0162344       58.3400002    
   14.0329008       58.2299995    
   14.0495672       58.1199989    
   14.0662336       58.0099983    
   14.0829000       57.9000015    
   14.0995665       57.7900009    
   14.1162329       57.6800003    
   14.1328993       57.5600014    
   14.1495657       57.4500008    
   14.1662321       57.3300018    
   14.1828985       57.2099991    
   14.1995649       57.0900002    
   14.2162313       56.9700012    
   14.2328978       56.8499985    
   14.2495642       56.7200012    
   14.2662306       56.5999985    
   14.2828970       56.4700012    
   14.2995634       56.3400002    
   14.3162298       56.2099991    
   14.3328962       56.0800018    
   14.3495626       55.9500008    
   14.3662291       55.8199997    
   14.3828955       55.6800003    
   14.3995619       55.5499992    
   14.4162283       55.4099998    
   14.4328947       55.2700005    
   14.4495611       55.1300011    
   14.4662275       54.9900017    
   14.4828939       54.8400002    
   14.4995604       54.7000008    
   14.5162268       54.5499992    
   14.5328932       54.4099998    
   14.5495596       54.2599983    
   14.5662260       54.1100006    
   14.5828924       53.9599991    
   14.5995588       53.8100014    
   14.6162252       53.6500015    
   14.6328917       53.5000000    
   14.6495581       53.3400002    
   14.6662245       53.1800003    
   14.6828909       53.0299988    
   14.6995573       52.8699989    
   14.7162237       52.7099991    
   14.7328901       52.5400009    
   14.7495565       52.3800011    
   14.7662230       52.2200012    
   14.7828894       52.0499992    
   14.7995558       51.8800011    
   14.8162222       51.7099991    
   14.8328886       51.5400009    
   14.8495550       51.3699989    
   14.8662214       51.2000008    
   14.8828878       51.0299988    
   14.8995543       50.8499985    
   14.9162207       50.6800003    
   14.9328871       50.5000000    
   14.9495535       50.3199997    
   14.9662199       50.1399994    
   14.9828863       49.9599991    
   14.9995527       49.7799988    
   15.0162191       49.5999985    
   15.0328856       49.4099998    
   15.0495520       49.2299995    
   15.0662184       49.0400009    
   15.0828848       48.8499985    
   15.0995512       48.6599998    
   15.1162176       48.4700012    
   15.1328840       48.2799988    
   15.1495504       48.0900002    
   15.1662169       47.9000015    
   15.1828833       47.7000008    
   15.1995497       47.5099983    
   15.2162161       47.3100014    
   15.2328825       47.1100006    
   15.2495489       46.9099998    
   15.2662153       46.7099991    
   15.2828817       46.5099983    
   15.2995481       46.3100014    
   15.3162146       46.1100006    
   15.3328810       45.9000015    
   15.3495474       45.7000008    
   15.3662138       45.4900017    
   15.3828802       45.2799988    
   15.3995466       45.0699997    
   15.4162130       44.8600006    
   15.4328794       44.6500015    
   15.4495459       44.4399986    
   15.4662123       44.2299995    
   15.4828787       44.0099983    
   15.4995451       43.7999992    
   15.5162115       43.5900002    
   15.5328779       43.3699989    
   15.5495443       43.1500015    
   15.5662107       42.9300003    
   15.5828772       42.7099991    
   15.5995436       42.4900017    
   15.6162100       42.2700005    
   15.6328764       42.0499992    
   15.6495428       41.8199997    
   15.6662092       41.5999985    
   15.6828756       41.3699989    
   15.6995420       41.1500015    
   15.7162085       40.9199982    
   15.7328749       40.6899986    
   15.7495413       40.4599991    
   15.7662077       40.2299995    
   15.7828741       40.0000000    
   15.7995405       39.7700005    
   15.8162069       39.5400009    
   15.8328733       39.2999992    
   15.8495398       39.0699997    
   15.8662062       38.8300018    
   15.8828726       38.5999985    
   15.8995390       38.3600006    
   15.9162054       38.1199989    
   15.9328718       37.8899994    
   15.9495382       37.6500015    
   15.9662046       37.4099998    
   15.9828711       37.1699982    
   15.9995375       36.9300003    
   16.0162029       36.6800003    
   16.0328693       36.4399986    
   16.0495358       36.2000008    
   16.0662022       35.9500008    
   16.0828686       35.7099991    
   16.0995350       35.4599991    
   16.1162014       35.2099991    
   16.1328678       34.9700012    
   16.1495342       34.7200012    
   16.1662006       34.4700012    
   16.1828671       34.2200012    
   16.1995335       33.9700012    
   16.2161999       33.7200012    
   16.2328663       33.4700012    
   16.2495327       33.2200012    
   16.2661991       32.9599991    
   16.2828655       32.7099991    
   16.2995319       32.4599991    
   16.3161983       32.2000008    
   16.3328648       31.9500008    
   16.3495312       31.6900005    
   16.3661976       31.4400005    
   16.3828640       31.1800003    
   16.3995304       30.9200001    
   16.4161968       30.6599998    
   16.4328632       30.4099998    
   16.4495296       30.1499996    
   16.4661961       29.8899994    
   16.4828625       29.6299992    
   16.4995289       29.3700008    
   16.5161953       29.1100006    
   16.5328617       28.8500004    
   16.5495281       28.5900002    
   16.5661945       28.3199997    
   16.5828609       28.0599995    
   16.5995274       27.7999992    
   16.6161938       27.5400009    
   16.6328602       27.2700005    
   16.6495266       27.0100002    
   16.6661930       26.7500000    
   16.6828594       26.4799995    
   16.6995258       26.2199993    
   16.7161922       25.9500008    
   16.7328587       25.6900005    
   16.7495251       25.4200001    
   16.7661915       25.1599998    
   16.7828579       24.8899994    
   16.7995243       24.6299992    
   16.8161907       24.3600006    
   16.8328571       24.1000004    
   16.8495235       23.8299999    
   16.8661900       23.5599995    
   16.8828564       23.2999992    
   16.8995228       23.0300007    
   16.9161892       22.7700005    
   16.9328556       22.5000000    
   16.9495220       22.2299995    
   16.9661884       21.9699993    
   16.9828548       21.7000008    
   16.9995213       21.4300003    
   17.0161877       21.1700001    
   17.0328541       20.8999996    
   17.0495205       20.6299992    
   17.0661869       20.3700008    
   17.0828533       20.1000004    
   17.0995197       19.8400002    
   17.1161861       19.5699997    
   17.1328526       19.3099995    
   17.1495190       19.0400009    
   17.1661854       18.7800007    
   17.1828518       18.5100002    
   17.1995182       18.2500000    
   17.2161846       17.9799995    
   17.2328510       17.7199993    
   17.2495174       17.4599991    
   17.2661839       17.1900005    
   17.2828503       16.9300003    
   17.2995167       16.6700001    
   17.3161831       16.4099998    
   17.3328495       16.1499996    
   17.3495159       15.8900003    
   17.3661823       15.6300001    
   17.3828487       15.3699999    
   17.3995152       15.1099997    
   17.4161816       14.8500004    
   17.4328480       14.6000004    
   17.4495144       14.3400002    
   17.4661808       14.0900002    
   17.4828472       13.8299999    
   17.4995136       13.5799999    
   17.5161800       13.3299999    
   17.5328465       13.0699997    
   17.5495129       12.8199997    
   17.5661793       12.5699997    
   17.5828457       12.3199997    
   17.5995121       12.0799999    
   17.6161785       11.8299999    
   17.6328449       11.5799999    
   17.6495113       11.3400002    
   17.6661777       11.1000004    
   17.6828442       10.8599997    
   17.6995106       10.6199999    
   17.7161770       10.3800001    
   17.7328434       10.1400003    
   17.7495098       9.90400028    
   17.7661762       9.67000008    
   17.7828426       9.43799973    
   17.7995090       9.20699978    
   17.8161755       8.97700024    
   17.8328419       8.74899960    
   17.8495083       8.52400017    
   17.8661747       8.30000019    
   17.8828411       8.07800007    
   17.8995075       7.85799980    
   17.9161739       7.63999987    
   17.9328403       7.42299986    
   17.9495068       7.21000004    
   17.9661732       6.99800014    
   17.9828396       6.78900003    
   17.9995060       6.58099985    
   18.0161724       6.37599993    
   18.0328388       6.17399979    
   18.0495052       5.97399998    
   18.0661716       5.77699995    
   18.0828381       5.58199978    
   18.0995045       5.38899994    
   18.1161709       5.19999981    
   18.1328373       5.01300001    
   18.1495037       4.82900000    
   18.1661701       4.64699984    
   18.1828365       4.46899986    
   18.1995029       4.29300022    
   18.2161694       4.11999989    
   18.2328358       3.95099998    
   18.2495022       3.78399992    
   18.2661686       3.61999989    
   18.2828350       3.46000004    
   18.2995014       3.30200005    
   18.3161678       3.14700007    
   18.3328342       2.99600005    
   18.3495007       2.84800005    
   18.3661671       2.70199990    
   18.3828335       2.55999994    
   18.3994999       2.42100000    
   18.4161663       2.28600001    
   18.4328327       2.15300012    
   18.4494991       2.02399993    
   18.4661655       1.89699996    
   18.4828320       1.77499998    
   18.4994984       1.65499997    
   18.5161648       1.53900003    
   18.5328312       1.42700005    
   18.5494976       1.31799996    
   18.5661640       1.21300006    
   18.5828304       1.11199999    
   18.5994968       1.01499999    
   18.6161633      0.923399985    
   18.6328297      0.836899996    
   18.6494961      0.745100021    
   18.6661625      0.656199992    
   18.6828289      0.581300020    
   18.6994953      0.518499970    
   18.7161617      0.451700002    
   18.7328281      0.394199997    
   18.7494946      0.336899996    
   18.7661610      0.289400011    
   18.7828274      0.248899996    
   18.7994938      0.208499998    
   18.8161602      0.171200007    
   18.8328266      0.139699996    
   18.8494930      0.114200003    
   18.8661594       9.28499997E-02
   18.8828259       7.33700022E-02
   18.8994923       5.78100011E-02
   18.9161587       4.59700003E-02
   18.9328251       3.54700014E-02
   18.9494915       2.72499993E-02
   18.9661579       2.08299998E-02
   18.9828243       1.55300004E-02
   18.9994907       1.16100004E-02
   19.0161572       8.67700018E-03
   19.0328236       6.24800008E-03
   19.0494900       4.47899988E-03
   19.0661564       3.17699998E-03
   19.0828228       2.17200001E-03
   19.0994892       1.45099999E-03
   19.1161556       9.42200015E-04
   19.1328220       5.76700026E-04
   19.1494884       3.35699995E-04
   19.1661549       1.79099996E-04
   19.1828213       7.51600019E-05
   19.1994877       2.18000005E-05
   19.2161541       3.38900009E-06
   19.2328205       1.43400001E-07
   19.2494869       1.16900001E-09
   19.2661533       1.26200005E-12
   19.2828197       0.00000000    
   19.2994862       0.00000000    
   19.3161526       0.00000000    
   19.3328190       0.00000000    
   19.3494854       0.00000000    
   19.3661518       0.00000000    
   19.3828182       0.00000000    
   19.3994846       0.00000000    
   19.4161510       0.00000000    
   19.4328175       0.00000000    
   19.4494839       0.00000000    
   19.4661503       0.00000000    
   19.4828167       0.00000000    
   19.4994831       0.00000000    
   19.5161495       0.00000000    
   19.5328159       0.00000000    
   19.5494823       0.00000000    
   19.5661488       0.00000000    
   19.5828152       0.00000000    
   19.5994816       0.00000000    
   19.6161480       0.00000000    
   19.6328144       0.00000000    
   19.6494808       0.00000000    
   19.6661472       0.00000000    
   19.6828136       0.00000000    
   19.6994801       0.00000000    
   19.7161465       0.00000000    
   19.7328129       0.00000000    
   19.7494793       0.00000000    
   19.7661457       0.00000000    
   19.7828121       0.00000000    
   19.7994785       0.00000000    
   19.8161449       0.00000000    
   19.8328114       0.00000000    
   19.8494778       0.00000000    
   19.8661442       0.00000000    
   19.8828106       0.00000000    
   19.8994770       0.00000000    
   19.9161434       0.00000000    
   19.9328098       0.00000000    
   19.9494762       0.00000000    
   19.9661427       0.00000000    
   19.9828091       0.00000000    
   19.9994755       0.00000000    
   20.0161419       0.00000000    
   20.0328083       0.00000000    
   20.0494747       0.00000000    
   20.0661411       0.00000000    
   20.0828075       0.00000000    
   20.0994740       0.00000000    
   20.1161404       0.00000000    
   20.1328068       0.00000000    
   20.1494732       0.00000000    
   20.1661396       0.00000000    
   20.1828060       0.00000000    
   20.1994724       0.00000000    
   20.2161388       0.00000000    
   20.2328053       0.00000000    
   20.2494717       0.00000000    
   20.2661381       0.00000000    
   20.2828045       0.00000000    
   20.2994709       0.00000000    
   20.3161373       0.00000000    
   20.3328037       0.00000000    
   20.3494701       0.00000000    
   20.3661366       0.00000000    
   20.3828030       0.00000000    
   20.3994694       0.00000000    
   20.4161358       0.00000000    
   20.4328022       0.00000000    
   20.4494686       0.00000000    
   20.4661350       0.00000000    
   20.4828014       0.00000000    
   20.4994678       0.00000000    
   20.5161343       0.00000000    
   20.5328007       0.00000000    
   20.5494671       0.00000000    
   20.5661335       0.00000000    
   20.5827999       0.00000000    
   20.5994663       0.00000000    
   20.6161327       0.00000000    
   20.6327991       0.00000000    
   20.6494656       0.00000000    
   20.6661320       0.00000000    
   20.6827984       0.00000000    
   20.6994648       0.00000000    
   20.7161312       0.00000000    
   20.7327976       0.00000000    
   20.7494640       0.00000000    
   20.7661304       0.00000000    
   20.7827969       0.00000000    
   20.7994633       0.00000000    
   20.8161297       0.00000000    
   20.8327961       0.00000000    
   20.8494625       0.00000000    
   20.8661289       0.00000000    
   20.8827953       0.00000000    
   20.8994617       0.00000000    
   20.9161282       0.00000000    
   20.9327946       0.00000000    
   20.9494610       0.00000000    
   20.9661274       0.00000000    
   20.9827938       0.00000000    
   20.9994602       0.00000000    
   21.0161266       0.00000000    
   21.0327930       0.00000000    
   21.0494595       0.00000000    
   21.0661259       0.00000000    
   21.0827923       0.00000000    
   21.0994587       0.00000000    
   21.1161251       0.00000000    
   21.1327915       0.00000000    
   21.1494579       0.00000000    
   21.1661243       0.00000000    
   21.1827908       0.00000000    
   21.1994572       0.00000000    
   21.2161236       0.00000000    
   21.2327900       0.00000000    
   21.2494564       0.00000000    
   21.2661228       0.00000000    
   21.2827892       0.00000000    
   21.2994556       0.00000000    
   21.3161221       0.00000000    
   21.3327885       0.00000000    
   21.3494549       0.00000000    
   21.3661213       0.00000000    
   21.3827877       0.00000000    
   21.3994541       0.00000000    
   21.4161205       0.00000000    
   21.4327869       0.00000000    
   21.4494534       0.00000000    
   21.4661198       0.00000000    
   21.4827862       0.00000000    
   21.4994526       0.00000000    
   21.5161190       0.00000000    
   21.5327854       0.00000000    
   21.5494518       0.00000000    
   21.5661182       0.00000000    
   21.5827847       0.00000000    
   21.5994511       0.00000000    
   21.6161175       0.00000000    
   21.6327839       0.00000000    
   21.6494503       0.00000000    
   21.6661167       0.00000000    
   21.6827831       0.00000000    
   21.6994495       0.00000000    
   21.7161160       0.00000000    
   21.7327824       0.00000000    
   21.7494488       0.00000000    
   21.7661152       0.00000000    
   21.7827816       0.00000000    
   21.7994480       0.00000000    
   21.8161144       0.00000000    
   21.8327808       0.00000000    
   21.8494473       0.00000000    
   21.8661137       0.00000000    
   21.8827801       0.00000000    
   21.8994465       0.00000000    
   21.9161129       0.00000000    
   21.9327793       0.00000000    
   21.9494457       0.00000000    
   21.9661121       0.00000000    
   21.9827785       0.00000000    
   21.9994450       0.00000000    
   22.0161114       0.00000000    
   22.0327778       0.00000000    
   22.0494442       0.00000000    
   22.0661106       0.00000000    
   22.0827770       0.00000000    
   22.0994434       0.00000000    
   22.1161098       0.00000000    
   22.1327763       0.00000000    
   22.1494427       0.00000000    
   22.1661091       0.00000000    
   22.1827755       0.00000000    
   22.1994419       0.00000000    
   22.2161083       0.00000000    
   22.2327747       0.00000000    
   22.2494411       0.00000000    
   22.2661076       0.00000000    
   22.2827740       0.00000000    
   22.2994404       0.00000000    
   22.3161068       0.00000000    
   22.3327732       0.00000000    
   22.3494396       0.00000000    
   22.3661060       0.00000000    
   22.3827724       0.00000000    
   22.3994389       0.00000000    
   22.4161053       0.00000000    
   22.4327717       0.00000000    
   22.4494381       0.00000000    
   22.4661045       0.00000000    
   22.4827709       0.00000000    
   22.4994373       0.00000000    
   22.5161037       0.00000000    
   22.5327702       0.00000000    
   22.5494366       0.00000000    
   22.5661030       0.00000000    
   22.5827694       0.00000000    
   22.5994358       0.00000000    
   22.6161022       0.00000000    
   22.6327686       0.00000000    
   22.6494350       0.00000000    
   22.6661015       0.00000000    
   22.6827679       0.00000000    
   22.6994343       0.00000000    
   22.7161007       0.00000000    
   22.7327671       0.00000000    
   22.7494335       0.00000000    
   22.7660999       0.00000000    
   22.7827663       0.00000000    
   22.7994328       0.00000000    
   22.8160992       0.00000000    
   22.8327656       0.00000000    
   22.8494320       0.00000000    
   22.8660984       0.00000000    
   22.8827648       0.00000000    
   22.8994312       0.00000000    
   22.9160976       0.00000000    
   22.9327641       0.00000000    
   22.9494305       0.00000000    
   22.9660969       0.00000000    
   22.9827633       0.00000000    
   22.9994297       0.00000000    
   23.0160961       0.00000000    
   23.0327625       0.00000000    
   23.0494289       0.00000000    
   23.0660954       0.00000000    
   23.0827618       0.00000000    
   23.0994282       0.00000000    
   23.1160946       0.00000000    
   23.1327610       0.00000000    
   23.1494274       0.00000000    
   23.1660938       0.00000000    
   23.1827602       0.00000000    
   23.1994267       0.00000000    
   23.2160931       0.00000000    
   23.2327595       0.00000000    
   23.2494259       0.00000000    
   23.2660923       0.00000000    
   23.2827587       0.00000000    
   23.2994251       0.00000000    
   23.3160915       0.00000000    
   23.3327579       0.00000000    
   23.3494244       0.00000000    
   23.3660908       0.00000000    
   23.3827572       0.00000000    
   23.3994236       0.00000000    
   23.4160900       0.00000000    
   23.4327564       0.00000000    
   23.4494228       0.00000000    
   23.4660892       0.00000000    
   23.4827557       0.00000000    
   23.4994221       0.00000000    
   23.5160885       0.00000000    
   23.5327549       0.00000000    
   23.5494213       0.00000000    
   23.5660877       0.00000000    
   23.5827541       0.00000000    
   23.5994205       0.00000000    
   23.6160870       0.00000000    
   23.6327534       0.00000000    
   23.6494198       0.00000000    
   23.6660862       0.00000000    
   23.6827526       0.00000000    
   23.6994190       0.00000000    
   23.7160854       0.00000000    
   23.7327518       0.00000000    
   23.7494183       0.00000000    
   23.7660847       0.00000000    
   23.7827511       0.00000000    
   23.7994175       0.00000000    
   23.8160839       0.00000000    
   23.8327503       0.00000000    
   23.8494167       0.00000000    
   23.8660831       0.00000000    
   23.8827496       0.00000000    
   23.8994160       0.00000000    
   23.9160824       0.00000000    
   23.9327488       0.00000000    
   23.9494152       0.00000000    
   23.9660816       0.00000000    
   23.9827480       0.00000000    
