   0.00000000       0.00000000    
   1.66660007E-02   0.00000000    
   3.33320014E-02   0.00000000    
   4.99980003E-02   0.00000000    
   6.66640028E-02   0.00000000    
   8.33300054E-02   0.00000000    
   9.99960080E-02   0.00000000    
  0.116662011       0.00000000    
  0.133328006       0.00000000    
  0.149994001       0.00000000    
  0.166659996       0.00000000    
  0.183325991       0.00000000    
  0.199991986       0.00000000    
  0.216657981       0.00000000    
  0.233323976       0.00000000    
  0.249989972       0.00000000    
  0.266655982       0.00000000    
  0.283321977       0.00000000    
  0.299987972       0.00000000    
  0.316653967       0.00000000    
  0.333319962       0.00000000    
  0.349985957       0.00000000    
  0.366651952       0.00000000    
  0.383317947       0.00000000    
  0.399983943       0.00000000    
  0.416649938       0.00000000    
  0.433315933       0.00000000    
  0.449981928       0.00000000    
  0.466647923       0.00000000    
  0.483313918       0.00000000    
  0.499979913       0.00000000    
  0.516645908       0.00000000    
  0.533311903       0.00000000    
  0.549977899       0.00000000    
  0.566643894       0.00000000    
  0.583309889       0.00000000    
  0.599975884       0.00000000    
  0.616641879       0.00000000    
  0.633307874       0.00000000    
  0.649973869       0.00000000    
  0.666639864       0.00000000    
  0.683305860       0.00000000    
  0.699971855       0.00000000    
  0.716637850       0.00000000    
  0.733303845       0.00000000    
  0.749969840       0.00000000    
  0.766635835       0.00000000    
  0.783301830       0.00000000    
  0.799967825       0.00000000    
  0.816633821       0.00000000    
  0.833299816       0.00000000    
  0.849965811       0.00000000    
  0.866631806       0.00000000    
  0.883297801       0.00000000    
  0.899963796       0.00000000    
  0.916629791       0.00000000    
  0.933295786       0.00000000    
  0.949961782       0.00000000    
  0.966627777       0.00000000    
  0.983293772       0.00000000    
  0.999959767       0.00000000    
   1.01662576       0.00000000    
   1.03329182       0.00000000    
   1.04995787       0.00000000    
   1.06662393       0.00000000    
   1.08328998       0.00000000    
   1.09995604       0.00000000    
   1.11662209       0.00000000    
   1.13328815       0.00000000    
   1.14995420       0.00000000    
   1.16662025       0.00000000    
   1.18328631       0.00000000    
   1.19995236       0.00000000    
   1.21661842       0.00000000    
   1.23328447       0.00000000    
   1.24995053       0.00000000    
   1.26661658       0.00000000    
   1.28328264       0.00000000    
   1.29994869       0.00000000    
   1.31661475       0.00000000    
   1.33328080       0.00000000    
   1.34994686       0.00000000    
   1.36661291       0.00000000    
   1.38327897       0.00000000    
   1.39994502       0.00000000    
   1.41661108       0.00000000    
   1.43327713       0.00000000    
   1.44994318       0.00000000    
   1.46660924       0.00000000    
   1.48327529       0.00000000    
   1.49994135       0.00000000    
   1.51660740       0.00000000    
   1.53327346       0.00000000    
   1.54993951       0.00000000    
   1.56660557       0.00000000    
   1.58327162       0.00000000    
   1.59993768       0.00000000    
   1.61660373       0.00000000    
   1.63326979       0.00000000    
   1.64993584       0.00000000    
   1.66660190       0.00000000    
   1.68326795       0.00000000    
   1.69993401       0.00000000    
   1.71660006       0.00000000    
   1.73326612       0.00000000    
   1.74993217       0.00000000    
   1.76659822       0.00000000    
   1.78326428       0.00000000    
   1.79993033       0.00000000    
   1.81659639       0.00000000    
   1.83326244       0.00000000    
   1.84992850       0.00000000    
   1.86659455       0.00000000    
   1.88326061       0.00000000    
   1.89992666       0.00000000    
   1.91659272       0.00000000    
   1.93325877       0.00000000    
   1.94992483       0.00000000    
   1.96659088       0.00000000    
   1.98325694       0.00000000    
   1.99992299       0.00000000    
   2.01658893       0.00000000    
   2.03325486       0.00000000    
   2.04992080       0.00000000    
   2.06658673       0.00000000    
   2.08325267       0.00000000    
   2.09991860       0.00000000    
   2.11658454       0.00000000    
   2.13325047       0.00000000    
   2.14991641       0.00000000    
   2.16658235       0.00000000    
   2.18324828       0.00000000    
   2.19991422       0.00000000    
   2.21658015       0.00000000    
   2.23324609       0.00000000    
   2.24991202       0.00000000    
   2.26657796       0.00000000    
   2.28324389       0.00000000    
   2.29990983       0.00000000    
   2.31657577       0.00000000    
   2.33324170       0.00000000    
   2.34990764       0.00000000    
   2.36657357       0.00000000    
   2.38323951       0.00000000    
   2.39990544       0.00000000    
   2.41657138       0.00000000    
   2.43323731       0.00000000    
   2.44990325       0.00000000    
   2.46656919       0.00000000    
   2.48323512       0.00000000    
   2.49990106       0.00000000    
   2.51656699       0.00000000    
   2.53323293       0.00000000    
   2.54989886       0.00000000    
   2.56656480       0.00000000    
   2.58323073       0.00000000    
   2.59989667       0.00000000    
   2.61656260       0.00000000    
   2.63322854       0.00000000    
   2.64989448       0.00000000    
   2.66656041       0.00000000    
   2.68322635       0.00000000    
   2.69989228       0.00000000    
   2.71655822       0.00000000    
   2.73322415       0.00000000    
   2.74989009       0.00000000    
   2.76655602       0.00000000    
   2.78322196       0.00000000    
   2.79988790       0.00000000    
   2.81655383       0.00000000    
   2.83321977       0.00000000    
   2.84988570       0.00000000    
   2.86655164       0.00000000    
   2.88321757       0.00000000    
   2.89988351       0.00000000    
   2.91654944       0.00000000    
   2.93321538       0.00000000    
   2.94988132       0.00000000    
   2.96654725       0.00000000    
   2.98321319       0.00000000    
   2.99987912       0.00000000    
   3.01654506       0.00000000    
   3.03321099       0.00000000    
   3.04987693       0.00000000    
   3.06654286       0.00000000    
   3.08320880       0.00000000    
   3.09987473       0.00000000    
   3.11654067       0.00000000    
   3.13320661       0.00000000    
   3.14987254       0.00000000    
   3.16653848       0.00000000    
   3.18320441       0.00000000    
   3.19987035       0.00000000    
   3.21653628       0.00000000    
   3.23320222       0.00000000    
   3.24986815       0.00000000    
   3.26653409       0.00000000    
   3.28320003       0.00000000    
   3.29986596       0.00000000    
   3.31653190       0.00000000    
   3.33319783       0.00000000    
   3.34986377       0.00000000    
   3.36652970       0.00000000    
   3.38319564       0.00000000    
   3.39986157       0.00000000    
   3.41652751       0.00000000    
   3.43319345       0.00000000    
   3.44985938       0.00000000    
   3.46652532       0.00000000    
   3.48319125       0.00000000    
   3.49985719       0.00000000    
   3.51652312       0.00000000    
   3.53318906       0.00000000    
   3.54985499       0.00000000    
   3.56652093       0.00000000    
   3.58318686       0.00000000    
   3.59985280       0.00000000    
   3.61651874       0.00000000    
   3.63318467       0.00000000    
   3.64985061       0.00000000    
   3.66651654       0.00000000    
   3.68318248       0.00000000    
   3.69984841       0.00000000    
   3.71651435       0.00000000    
   3.73318028       0.00000000    
   3.74984622       0.00000000    
   3.76651216       0.00000000    
   3.78317809       0.00000000    
   3.79984403       0.00000000    
   3.81650996       0.00000000    
   3.83317590       0.00000000    
   3.84984183       0.00000000    
   3.86650777       0.00000000    
   3.88317370       0.00000000    
   3.89983964       0.00000000    
   3.91650558       0.00000000    
   3.93317151       0.00000000    
   3.94983745       0.00000000    
   3.96650338       0.00000000    
   3.98316932       0.00000000    
   3.99983525       0.00000000    
   4.01650143       0.00000000    
   4.03316736       0.00000000    
   4.04983330       0.00000000    
   4.06649923       0.00000000    
   4.08316517       0.00000000    
   4.09983110       0.00000000    
   4.11649704       0.00000000    
   4.13316298       0.00000000    
   4.14982891       0.00000000    
   4.16649485       0.00000000    
   4.18316078       0.00000000    
   4.19982672       0.00000000    
   4.21649265       0.00000000    
   4.23315859       0.00000000    
   4.24982452       0.00000000    
   4.26649046       0.00000000    
   4.28315639       0.00000000    
   4.29982233       0.00000000    
   4.31648827       0.00000000    
   4.33315420       0.00000000    
   4.34982014       0.00000000    
   4.36648607       0.00000000    
   4.38315201       0.00000000    
   4.39981794       0.00000000    
   4.41648388       0.00000000    
   4.43314981       0.00000000    
   4.44981575       0.00000000    
   4.46648169       0.00000000    
   4.48314762       0.00000000    
   4.49981356       0.00000000    
   4.51647949       0.00000000    
   4.53314543       0.00000000    
   4.54981136       0.00000000    
   4.56647730       0.00000000    
   4.58314323       0.00000000    
   4.59980917       0.00000000    
   4.61647511       0.00000000    
   4.63314104       0.00000000    
   4.64980698       0.00000000    
   4.66647291       0.00000000    
   4.68313885       0.00000000    
   4.69980478       0.00000000    
   4.71647072       0.00000000    
   4.73313665       0.00000000    
   4.74980259       0.00000000    
   4.76646852       0.00000000    
   4.78313446       0.00000000    
   4.79980040       0.00000000    
   4.81646633       0.00000000    
   4.83313227       0.00000000    
   4.84979820       0.00000000    
   4.86646414       0.00000000    
   4.88313007       0.00000000    
   4.89979601       0.00000000    
   4.91646194       0.00000000    
   4.93312788       0.00000000    
   4.94979382       0.00000000    
   4.96645975       0.00000000    
   4.98312569       0.00000000    
   4.99979162       0.00000000    
   5.01645756       0.00000000    
   5.03312349       0.00000000    
   5.04978943       0.00000000    
   5.06645536       0.00000000    
   5.08312130       0.00000000    
   5.09978724       0.00000000    
   5.11645317       0.00000000    
   5.13311911       0.00000000    
   5.14978504       0.00000000    
   5.16645098       0.00000000    
   5.18311691       0.00000000    
   5.19978285       0.00000000    
   5.21644878       0.00000000    
   5.23311472       0.00000000    
   5.24978065       0.00000000    
   5.26644659       0.00000000    
   5.28311253       0.00000000    
   5.29977846       0.00000000    
   5.31644440       0.00000000    
   5.33311033       0.00000000    
   5.34977627       0.00000000    
   5.36644220       0.00000000    
   5.38310814       0.00000000    
   5.39977407       0.00000000    
   5.41644001       0.00000000    
   5.43310595       0.00000000    
   5.44977188       0.00000000    
   5.46643782       0.00000000    
   5.48310375       0.00000000    
   5.49976969       0.00000000    
   5.51643562       0.00000000    
   5.53310156       0.00000000    
   5.54976749       0.00000000    
   5.56643343       0.00000000    
   5.58309937       0.00000000    
   5.59976530       0.00000000    
   5.61643124       0.00000000    
   5.63309717       0.00000000    
   5.64976311       0.00000000    
   5.66642904       0.00000000    
   5.68309498       0.00000000    
   5.69976091       0.00000000    
   5.71642685       0.00000000    
   5.73309278       0.00000000    
   5.74975872       0.00000000    
   5.76642466       0.00000000    
   5.78309059       0.00000000    
   5.79975653       0.00000000    
   5.81642246       0.00000000    
   5.83308840       0.00000000    
   5.84975433       0.00000000    
   5.86642027       0.00000000    
   5.88308620       0.00000000    
   5.89975214       0.00000000    
   5.91641808       0.00000000    
   5.93308401       0.00000000    
   5.94974995       0.00000000    
   5.96641588       0.00000000    
   5.98308182       0.00000000    
   5.99974775       0.00000000    
   6.01641369       0.00000000    
   6.03307962       0.00000000    
   6.04974556       0.00000000    
   6.06641150       0.00000000    
   6.08307743       0.00000000    
   6.09974337       0.00000000    
   6.11640930       0.00000000    
   6.13307524       0.00000000    
   6.14974117       0.00000000    
   6.16640711       0.00000000    
   6.18307304       0.00000000    
   6.19973898       0.00000000    
   6.21640491       0.00000000    
   6.23307085       0.00000000    
   6.24973679       0.00000000    
   6.26640272       0.00000000    
   6.28306866       0.00000000    
   6.29973459       0.00000000    
   6.31640053       0.00000000    
   6.33306646       0.00000000    
   6.34973240       0.00000000    
   6.36639833       0.00000000    
   6.38306427       0.00000000    
   6.39973021       2.27600003E-22
   6.41639614       6.92900016E-17
   6.43306208       5.53100012E-14
   6.44972801       8.93100004E-12
   6.46639395       4.32099995E-10
   6.48305988       7.37599981E-09
   6.49972582       3.17199991E-08
   6.51639175       8.94600021E-08
   6.53305769       1.86600005E-07
   6.54972363       3.51700010E-07
   6.56638956       6.36499976E-07
   6.58305550       1.11300005E-06
   6.59972143       1.85299996E-06
   6.61638737       2.93900007E-06
   6.63305330       4.43099998E-06
   6.64971924       6.24799986E-06
   6.66638517       8.80300013E-06
   6.68305111       1.18500002E-05
   6.69971704       1.57899995E-05
   6.71638298       2.08199999E-05
   6.73304892       2.70300006E-05
   6.74971485       3.46000015E-05
   6.76638079       4.39299984E-05
   6.78304672       5.55699989E-05
   6.79971266       6.80899975E-05
   6.81637859       8.46199982E-05
   6.83304453       1.01899997E-04
   6.84971046       1.22500001E-04
   6.86637640       1.46699997E-04
   6.88304234       1.73799999E-04
   6.89970827       2.03699994E-04
   6.91637421       2.37800006E-04
   6.93304014       2.78399995E-04
   6.94970608       3.15499987E-04
   6.96637201       3.64600011E-04
   6.98303795       4.07399988E-04
   6.99970388       4.59200004E-04
   7.01636982       5.21500013E-04
   7.03303576       5.90100011E-04
   7.04970169       6.52600022E-04
   7.06636763       7.19800009E-04
   7.08303356       7.91499973E-04
   7.09969950       8.67100025E-04
   7.11636543       9.46699991E-04
   7.13303137       1.03000004E-03
   7.14969730       1.11800001E-03
   7.16636324       1.20900001E-03
   7.18302917       1.30400003E-03
   7.19969511       1.40299997E-03
   7.21636105       1.50599994E-03
   7.23302698       1.61299994E-03
   7.24969292       1.72399997E-03
   7.26635885       1.84000004E-03
   7.28302479       1.95900002E-03
   7.29969072       2.08200002E-03
   7.31635666       2.20900006E-03
   7.33302259       2.34099990E-03
   7.34968853       2.47700000E-03
   7.36635447       2.61699990E-03
   7.38302040       2.76200008E-03
   7.39968634       2.91100005E-03
   7.41635227       3.06500006E-03
   7.43301821       3.22400010E-03
   7.44968414       3.38699995E-03
   7.46635008       3.55500006E-03
   7.48301601       3.72799998E-03
   7.49968195       3.90599994E-03
   7.51634789       4.08999994E-03
   7.53301382       4.27799998E-03
   7.54967976       4.47200006E-03
   7.56634569       4.67099994E-03
   7.58301163       4.87599988E-03
   7.59967756       5.08600008E-03
   7.61634350       5.30199986E-03
   7.63300943       5.52299991E-03
   7.64967537       5.75099979E-03
   7.66634130       5.98500017E-03
   7.68300724       6.22399990E-03
   7.69967318       6.46999991E-03
   7.71633911       6.72199996E-03
   7.73300505       6.98000006E-03
   7.74967098       7.24499999E-03
   7.76633692       7.51599995E-03
   7.78300285       7.79400021E-03
   7.79966879       8.07799958E-03
   7.81633472       8.36899970E-03
   7.83300066       8.66799988E-03
   7.84966660       8.97399988E-03
   7.86633253       9.28600039E-03
   7.88299847       9.60499980E-03
   7.89966440       9.93200019E-03
   7.91633034       1.02700004E-02
   7.93299627       1.06100002E-02
   7.94966221       1.09599996E-02
   7.96632814       1.13100000E-02
   7.98299408       1.16800005E-02
   7.99966002       1.20500000E-02
   8.01632595       1.24300001E-02
   8.03299236       1.28199998E-02
   8.04965878       1.32099995E-02
   8.06632519       1.36200003E-02
   8.08299160       1.40300002E-02
   8.09965801       1.44499997E-02
   8.11632442       1.48799997E-02
   8.13299084       1.53200002E-02
   8.14965725       1.57600008E-02
   8.16632366       1.62099991E-02
   8.18299007       1.66800003E-02
   8.19965649       1.71499997E-02
   8.21632290       1.76299997E-02
   8.23298931       1.81200001E-02
   8.24965572       1.86100006E-02
   8.26632214       1.91200003E-02
   8.28298855       1.96300000E-02
   8.29965496       2.01600008E-02
   8.31632137       2.06899997E-02
   8.33298779       2.12299991E-02
   8.34965420       2.17799991E-02
   8.36632061       2.23399997E-02
   8.38298702       2.29100008E-02
   8.39965343       2.34900005E-02
   8.41631985       2.40800008E-02
   8.43298626       2.46799998E-02
   8.44965267       2.52800006E-02
   8.46631908       2.59000007E-02
   8.48298550       2.65200008E-02
   8.49965191       2.71600001E-02
   8.51631832       2.77999993E-02
   8.53298473       2.84599997E-02
   8.54965115       2.91200001E-02
   8.56631756       2.97899991E-02
   8.58298397       3.04799993E-02
   8.59965038       3.11699994E-02
   8.61631680       3.18700001E-02
   8.63298321       3.25799994E-02
   8.64964962       3.33000012E-02
   8.66631603       3.40300016E-02
   8.68298244       3.47700007E-02
   8.69964886       3.55199985E-02
   8.71631527       3.62799987E-02
   8.73298168       3.70399989E-02
   8.74964809       3.78200002E-02
   8.76631451       3.86100002E-02
   8.78298092       3.94000001E-02
   8.79964733       4.02100012E-02
   8.81631374       4.10300009E-02
   8.83298016       4.18500006E-02
   8.84964657       4.26799990E-02
   8.86631298       4.35299985E-02
   8.88297939       4.43800017E-02
   8.89964581       4.52499986E-02
   8.91631222       4.61199991E-02
   8.93297863       4.69999984E-02
   8.94964504       4.78900000E-02
   8.96631145       4.87900004E-02
   8.98297787       4.96999994E-02
   8.99964428       5.06200008E-02
   9.01631069       5.15399985E-02
   9.03297710       5.24800010E-02
   9.04964352       5.34299985E-02
   9.06630993       5.43799996E-02
   9.08297634       5.53399995E-02
   9.09964275       5.63200004E-02
   9.11630917       5.73000014E-02
   9.13297558       5.82900010E-02
   9.14964199       5.92899993E-02
   9.16630840       6.02900013E-02
   9.18297482       6.13100007E-02
   9.19964123       6.23300001E-02
   9.21630764       6.33699968E-02
   9.23297405       6.44100010E-02
   9.24964046       6.54599965E-02
   9.26630688       6.65199980E-02
   9.28297329       6.75799996E-02
   9.29963970       6.86599985E-02
   9.31630611       6.97399974E-02
   9.33297253       7.08300024E-02
   9.34963894       7.19299987E-02
   9.36630535       7.30300024E-02
   9.38297176       7.41500035E-02
   9.39963818       7.52699971E-02
   9.41630459       7.63899982E-02
   9.43297100       7.75299966E-02
   9.44963741       7.86800012E-02
   9.46630383       7.98299983E-02
   9.48297024       8.09800029E-02
   9.49963665       8.21499974E-02
   9.51630306       8.33199993E-02
   9.53296947       8.44999999E-02
   9.54963589       8.56899992E-02
   9.56630230       8.68799984E-02
   9.58296871       8.80799964E-02
   9.59963512       8.92800018E-02
   9.61630154       9.04999971E-02
   9.63296795       9.17100012E-02
   9.64963436       9.29400027E-02
   9.66630077       9.41699967E-02
   9.68296719       9.53999981E-02
   9.69963360       9.66399983E-02
   9.71630001       9.78799984E-02
   9.73296642       9.91400033E-02
   9.74963284      0.100400001    
   9.76629925      0.101700000    
   9.78296566      0.102899998    
   9.79963207      0.104199998    
   9.81629848      0.105499998    
   9.83296490      0.106799997    
   9.84963131      0.108099997    
   9.86629772      0.109399997    
   9.88296413      0.110600002    
   9.89963055      0.111900002    
   9.91629696      0.113300003    
   9.93296337      0.114600003    
   9.94962978      0.115900002    
   9.96629620      0.117200002    
   9.98296261      0.118500002    
   9.99962902      0.119800001    
   10.0162954      0.121100001    
   10.0329618      0.122500002    
   10.0496283      0.123800002    
   10.0662947      0.125200003    
   10.0829611      0.126499996    
   10.0996275      0.127900004    
   10.1162939      0.129199997    
   10.1329603      0.130600005    
   10.1496267      0.131899998    
   10.1662931      0.133300006    
   10.1829596      0.134599999    
   10.1996260      0.136000007    
   10.2162924      0.137300000    
   10.2329588      0.138699993    
   10.2496252      0.140000001    
   10.2662916      0.141399994    
   10.2829580      0.142800003    
   10.2996244      0.144099995    
   10.3162909      0.145400003    
   10.3329573      0.146899998    
   10.3496237      0.148200005    
   10.3662901      0.149599999    
   10.3829565      0.150999993    
   10.3996229      0.152300000    
   10.4162893      0.153699994    
   10.4329557      0.155100003    
   10.4496222      0.156399995    
   10.4662886      0.157800004    
   10.4829550      0.159199998    
   10.4996214      0.160500005    
   10.5162878      0.161899999    
   10.5329542      0.163200006    
   10.5496206      0.164600000    
   10.5662870      0.165999994    
   10.5829535      0.167300001    
   10.5996199      0.168699995    
   10.6162863      0.170000002    
   10.6329527      0.171399996    
   10.6496191      0.172700003    
   10.6662855      0.174099997    
   10.6829519      0.175400004    
   10.6996183      0.176799998    
   10.7162848      0.178100005    
   10.7329512      0.179399997    
   10.7496176      0.180800006    
   10.7662840      0.182099998    
   10.7829504      0.183400005    
   10.7996168      0.184799999    
   10.8162832      0.186100006    
   10.8329496      0.187399998    
   10.8496161      0.188700005    
   10.8662825      0.189999998    
   10.8829489      0.191300005    
   10.8996153      0.192599997    
   10.9162817      0.193900004    
   10.9329481      0.195199996    
   10.9496145      0.196500003    
   10.9662809      0.197799996    
   10.9829473      0.199000001    
   10.9996138      0.200200006    
   11.0162802      0.201600000    
   11.0329466      0.202800006    
   11.0496130      0.204099998    
   11.0662794      0.205300003    
   11.0829458      0.206499994    
   11.0996122      0.207800001    
   11.1162786      0.209000006    
   11.1329451      0.210199997    
   11.1496115      0.211400002    
   11.1662779      0.212599993    
   11.1829443      0.213799998    
   11.1996107      0.215000004    
   11.2162771      0.216199994    
   11.2329435      0.217399999    
   11.2496099      0.218600005    
   11.2662764      0.219699994    
   11.2829428      0.220899999    
   11.2996092      0.222000003    
   11.3162756      0.223199993    
   11.3329420      0.224299997    
   11.3496084      0.225400001    
   11.3662748      0.226500005    
   11.3829412      0.227599993    
   11.3996077      0.228699997    
   11.4162741      0.229800001    
   11.4329405      0.230900005    
   11.4496069      0.231999993    
   11.4662733      0.232999995    
   11.4829397      0.234099999    
   11.4996061      0.235100001    
   11.5162725      0.236200005    
   11.5329390      0.237200007    
   11.5496054      0.238199994    
   11.5662718      0.239199996    
   11.5829382      0.240199998    
   11.5996046      0.241200000    
   11.6162710      0.242100000    
   11.6329374      0.243100002    
   11.6496038      0.244000003    
   11.6662703      0.245000005    
   11.6829367      0.245800003    
   11.6996031      0.246800005    
   11.7162695      0.247700006    
   11.7329359      0.248600006    
   11.7496023      0.249400005    
   11.7662687      0.250400007    
   11.7829351      0.251300007    
   11.7996016      0.252099991    
   11.8162680      0.252900004    
   11.8329344      0.253699988    
   11.8496008      0.254599988    
   11.8662672      0.255400002    
   11.8829336      0.256199986    
   11.8996000      0.256999999    
   11.9162664      0.257699996    
   11.9329329      0.258399993    
   11.9495993      0.259200007    
   11.9662657      0.259999990    
   11.9829321      0.260699987    
   11.9995985      0.261400014    
   12.0162649      0.262100011    
   12.0329313      0.262800008    
   12.0495977      0.263399988    
   12.0662642      0.264099985    
   12.0829306      0.264699996    
   12.0995970      0.265300006    
   12.1162634      0.266000003    
   12.1329298      0.266600013    
   12.1495962      0.267199993    
   12.1662626      0.267699987    
   12.1829290      0.268299997    
   12.1995955      0.268799990    
   12.2162619      0.269400001    
   12.2329283      0.269899994    
   12.2495947      0.270399988    
   12.2662611      0.270900011    
   12.2829275      0.271400005    
   12.2995939      0.271800011    
   12.3162603      0.272300005    
   12.3329268      0.272500008    
   12.3495932      0.273200005    
   12.3662596      0.273600012    
   12.3829260      0.273900002    
   12.3995924      0.274399996    
   12.4162588      0.274699986    
   12.4329252      0.275099993    
   12.4495916      0.275400013    
   12.4662580      0.275700003    
   12.4829245      0.276100010    
   12.4995909      0.276400000    
   12.5162573      0.276600003    
   12.5329237      0.276899993    
   12.5495901      0.277200013    
   12.5662565      0.277399987    
   12.5829229      0.277599990    
   12.5995893      0.277799994    
   12.6162558      0.277999997    
   12.6329222      0.278200001    
   12.6495886      0.278400004    
   12.6662550      0.278499991    
   12.6829214      0.278699994    
   12.6995878      0.278800011    
   12.7162542      0.278899997    
   12.7329206      0.279000014    
   12.7495871      0.279100001    
   12.7662535      0.279100001    
   12.7829199      0.279100001    
   12.7995863      0.279100001    
   12.8162527      0.279100001    
   12.8329191      0.279100001    
   12.8495855      0.279100001    
   12.8662519      0.279100001    
   12.8829184      0.279100001    
   12.8995848      0.279100001    
   12.9162512      0.279000014    
   12.9329176      0.278899997    
   12.9495840      0.278800011    
   12.9662504      0.278699994    
   12.9829168      0.278600007    
   12.9995832      0.278400004    
   13.0162497      0.278299987    
   13.0329161      0.278100014    
   13.0495825      0.277900010    
   13.0662489      0.277700007    
   13.0829153      0.277500004    
   13.0995817      0.277300000    
   13.1162481      0.277000010    
   13.1329145      0.276800007    
   13.1495810      0.276499987    
   13.1662474      0.276199996    
   13.1829138      0.275900006    
   13.1995802      0.275599986    
   13.2162466      0.275200009    
   13.2329130      0.274899989    
   13.2495794      0.274500012    
   13.2662458      0.274100006    
   13.2829123      0.273699999    
   13.2995787      0.273400009    
   13.3162451      0.272899985    
   13.3329115      0.272399992    
   13.3495779      0.272100002    
   13.3662443      0.271499991    
   13.3829107      0.271100014    
   13.3995771      0.270599991    
   13.4162436      0.270099998    
   13.4329100      0.269600004    
   13.4495764      0.269100010    
   13.4662428      0.268200010    
   13.4829092      0.268000007    
   13.4995756      0.267399997    
   13.5162420      0.266799986    
   13.5329084      0.266200006    
   13.5495749      0.265500009    
   13.5662413      0.264999986    
   13.5829077      0.264400005    
   13.5995741      0.263700008    
   13.6162405      0.263099998    
   13.6329069      0.262400001    
   13.6495733      0.261700004    
   13.6662397      0.261000007    
   13.6829062      0.260300010    
   13.6995726      0.259499997    
   13.7162390      0.258800000    
   13.7329054      0.258100003    
   13.7495718      0.257299989    
   13.7662382      0.256500006    
   13.7829046      0.255699992    
   13.7995710      0.254900008    
   13.8162374      0.254099995    
   13.8329039      0.253300011    
   13.8495703      0.252499998    
   13.8662367      0.251599997    
   13.8829031      0.250800014    
   13.8995695      0.249899998    
   13.9162359      0.248999998    
   13.9329023      0.248099998    
   13.9495687      0.247199997    
   13.9662352      0.246199995    
   13.9829016      0.245399997    
   13.9995680      0.244499996    
   14.0162344      0.243499994    
   14.0329008      0.242400005    
   14.0495672      0.241600007    
   14.0662336      0.240600005    
   14.0829000      0.239600003    
   14.0995665      0.238499999    
   14.1162329      0.237599999    
   14.1328993      0.236599997    
   14.1495657      0.235599995    
   14.1662321      0.234500006    
   14.1828985      0.233500004    
   14.1995649      0.232400000    
   14.2162313      0.231399998    
   14.2328978      0.230299994    
   14.2495642      0.229200006    
   14.2662306      0.228100002    
   14.2828970      0.226999998    
   14.2995634      0.225899994    
   14.3162298      0.224800006    
   14.3328962      0.223700002    
   14.3495626      0.222499996    
   14.3662291      0.221399993    
   14.3828955      0.220100001    
   14.3995619      0.219099998    
   14.4162283      0.217899993    
   14.4328947      0.216700003    
   14.4495611      0.215599999    
   14.4662275      0.214399993    
   14.4828939      0.213200003    
   14.4995604      0.211999997    
   14.5162268      0.210600004    
   14.5328932      0.209500000    
   14.5495596      0.208100006    
   14.5662260      0.207100004    
   14.5828924      0.205899999    
   14.5995588      0.204600006    
   14.6162252      0.203400001    
   14.6328917      0.202099994    
   14.6495581      0.200800002    
   14.6662245      0.199599996    
   14.6828909      0.198300004    
   14.6995573      0.196999997    
   14.7162237      0.195800006    
   14.7328901      0.194499999    
   14.7495565      0.193200007    
   14.7662230      0.191900000    
   14.7828894      0.190599993    
   14.7995558      0.189199999    
   14.8162222      0.187999994    
   14.8328886      0.186700001    
   14.8495550      0.185299993    
   14.8662214      0.183899999    
   14.8828878      0.182699993    
   14.8995543      0.181400001    
   14.9162207      0.180000007    
   14.9328871      0.178700000    
   14.9495535      0.177399993    
   14.9662199      0.175999999    
   14.9828863      0.174700007    
   14.9995527      0.173299998    
   15.0162191      0.172000006    
   15.0328856      0.170599997    
   15.0495520      0.169300005    
   15.0662184      0.167899996    
   15.0828848      0.166500002    
   15.0995512      0.165199995    
   15.1162176      0.163900003    
   15.1328840      0.162499994    
   15.1495504      0.161100000    
   15.1662169      0.159700006    
   15.1828833      0.158399999    
   15.1995497      0.157000005    
   15.2162161      0.155699998    
   15.2328825      0.154300004    
   15.2495489      0.152899995    
   15.2662153      0.151600003    
   15.2828817      0.150099993    
   15.2995481      0.148800001    
   15.3162146      0.147499993    
   15.3328810      0.146100000    
   15.3495474      0.144700006    
   15.3662138      0.143399999    
   15.3828802      0.142000005    
   15.3995466      0.140599996    
   15.4162130      0.139300004    
   15.4328794      0.137899995    
   15.4495459      0.136500001    
   15.4662123      0.135199994    
   15.4828787      0.133900002    
   15.4995451      0.132499993    
   15.5162115      0.131200001    
   15.5328779      0.129800007    
   15.5495443      0.128500000    
   15.5662107      0.127100006    
   15.5828772      0.125799999    
   15.5995436      0.124399997    
   15.6162100      0.123099998    
   15.6328764      0.121799998    
   15.6495428      0.120399997    
   15.6662092      0.119099997    
   15.6828756      0.117799997    
   15.6995420      0.116499998    
   15.7162085      0.115199998    
   15.7328749      0.113799997    
   15.7495413      0.112499997    
   15.7662077      0.111199997    
   15.7828741      0.109899998    
   15.7995405      0.108599998    
   15.8162069      0.107299998    
   15.8328733      0.106100000    
   15.8495398      0.104800001    
   15.8662062      0.103500001    
   15.8828726      0.102200001    
   15.8995390      0.101000004    
   15.9162054       9.96899977E-02
   15.9328718       9.84399989E-02
   15.9495382       9.71900001E-02
   15.9662046       9.59500000E-02
   15.9828711       9.47099999E-02
   15.9995375       9.34799984E-02
   16.0162029       9.22600031E-02
   16.0328693       9.10400003E-02
   16.0495358       8.98199975E-02
   16.0662022       8.86100009E-02
   16.0828686       8.74100029E-02
   16.0995350       8.62200037E-02
   16.1162014       8.50299969E-02
   16.1328678       8.38499963E-02
   16.1495342       8.26700032E-02
   16.1662006       8.15000013E-02
   16.1828671       8.03399980E-02
   16.1995335       7.91900009E-02
   16.2161999       7.80399963E-02
   16.2328663       7.68999979E-02
   16.2495327       7.57699981E-02
   16.2661991       7.46499971E-02
   16.2828655       7.35300034E-02
   16.2995319       7.24200010E-02
   16.3161983       7.13199973E-02
   16.3328648       7.02200010E-02
   16.3495312       6.91400021E-02
   16.3661976       6.80600032E-02
   16.3828640       6.69900030E-02
   16.3995304       6.59300014E-02
   16.4161968       6.48799986E-02
   16.4328632       6.38300031E-02
   16.4495296       6.27899989E-02
   16.4661961       6.17699996E-02
   16.4828625       6.07500002E-02
   16.4995289       5.97399995E-02
   16.5161953       5.87299988E-02
   16.5328617       5.77399991E-02
   16.5495281       5.67599982E-02
   16.5661945       5.57800010E-02
   16.5828609       5.48099987E-02
   16.5995274       5.38499989E-02
   16.6161938       5.29000014E-02
   16.6328602       5.19599989E-02
   16.6495266       5.10299988E-02
   16.6661930       5.01100011E-02
   16.6828594       4.91999984E-02
   16.6995258       4.82899994E-02
   16.7161922       4.74000014E-02
   16.7328587       4.65099998E-02
   16.7495251       4.56399992E-02
   16.7661915       4.47699986E-02
   16.7828579       4.39100005E-02
   16.7995243       4.30600010E-02
   16.8161907       4.22200002E-02
   16.8328571       4.14000005E-02
   16.8495235       4.05800007E-02
   16.8661900       3.97699997E-02
   16.8828564       3.89599986E-02
   16.8995228       3.81699987E-02
   16.9161892       3.73900011E-02
   16.9328556       3.66199985E-02
   16.9495220       3.58599983E-02
   16.9661884       3.51000018E-02
   16.9828548       3.43599990E-02
   16.9995213       3.36299986E-02
   17.0161877       3.29000019E-02
   17.0328541       3.21899988E-02
   17.0495205       3.14799994E-02
   17.0661869       3.07899993E-02
   17.0828533       3.00999992E-02
   17.0995197       2.94199996E-02
   17.1161861       2.87599992E-02
   17.1328526       2.81000007E-02
   17.1495190       2.74500009E-02
   17.1661854       2.68099997E-02
   17.1828518       2.61799991E-02
   17.1995182       2.55600009E-02
   17.2161846       2.49499995E-02
   17.2328510       2.43500005E-02
   17.2495174       2.37600002E-02
   17.2661839       2.31699999E-02
   17.2828503       2.26000007E-02
   17.2995167       2.20400002E-02
   17.3161831       2.14799996E-02
   17.3328495       2.09400002E-02
   17.3495159       2.04000007E-02
   17.3661823       1.98700000E-02
   17.3828487       1.93499997E-02
   17.3995152       1.88400000E-02
   17.4161816       1.83400009E-02
   17.4328480       1.78500004E-02
   17.4495144       1.73599999E-02
   17.4661808       1.68900006E-02
   17.4828472       1.64199993E-02
   17.4995136       1.59699991E-02
   17.5161800       1.55199999E-02
   17.5328465       1.50800003E-02
   17.5495129       1.46399997E-02
   17.5661793       1.42200002E-02
   17.5828457       1.37999998E-02
   17.5995121       1.33999996E-02
   17.6161785       1.30000003E-02
   17.6328449       1.26099996E-02
   17.6495113       1.22199999E-02
   17.6661777       1.18500004E-02
   17.6828442       1.14799999E-02
   17.6995106       1.11199999E-02
   17.7161770       1.07699996E-02
   17.7328434       1.04200002E-02
   17.7495098       1.00800004E-02
   17.7661762       9.75400023E-03
   17.7828426       9.43099987E-03
   17.7995090       9.11599956E-03
   17.8161755       8.80699977E-03
   17.8328419       8.50600004E-03
   17.8495083       8.21099989E-03
   17.8661747       7.92399980E-03
   17.8828411       7.64300022E-03
   17.8995075       7.36900000E-03
   17.9161739       7.10099982E-03
   17.9328403       6.83999993E-03
   17.9495068       6.58500008E-03
   17.9661732       6.33700006E-03
   17.9828396       6.09399984E-03
   17.9995060       5.85799990E-03
   18.0161724       5.62800001E-03
   18.0328388       5.40299993E-03
   18.0495052       5.18500013E-03
   18.0661716       4.97200014E-03
   18.0828381       4.76500019E-03
   18.0995045       4.56300005E-03
   18.1161709       4.36699996E-03
   18.1328373       4.17600013E-03
   18.1495037       3.99099989E-03
   18.1661701       3.80999991E-03
   18.1828365       3.63499997E-03
   18.1995029       3.46400007E-03
   18.2161694       3.29899997E-03
   18.2328358       3.13799991E-03
   18.2495022       2.98199989E-03
   18.2661686       2.83099990E-03
   18.2828350       2.68399995E-03
   18.2995014       2.54100002E-03
   18.3161678       2.40299990E-03
   18.3328342       2.27000006E-03
   18.3495007       2.14100000E-03
   18.3661671       2.01499998E-03
   18.3828335       1.89399999E-03
   18.3994999       1.77800003E-03
   18.4161663       1.66499999E-03
   18.4328327       1.55599997E-03
   18.4494991       1.45099999E-03
   18.4661655       1.35000004E-03
   18.4828320       1.25299999E-03
   18.4994984       1.15999999E-03
   18.5161648       1.07100001E-03
   18.5328312       9.85400053E-04
   18.5494976       9.03900014E-04
   18.5661640       8.26400006E-04
   18.5828304       7.52900029E-04
   18.5994968       6.83600025E-04
   18.6161633       6.18899998E-04
   18.6328297       5.55099978E-04
   18.6494961       4.87000012E-04
   18.6661625       4.30599990E-04
   18.6828289       3.83800012E-04
   18.6994953       3.45000008E-04
   18.7161617       2.94199999E-04
   18.7328281       2.55499996E-04
   18.7494946       2.22799994E-04
   18.7661610       1.88999998E-04
   18.7828274       1.59799994E-04
   18.7994938       1.34600006E-04
   18.8161602       1.12900001E-04
   18.8328266       9.19000013E-05
   18.8494930       7.54200009E-05
   18.8661594       6.11700016E-05
   18.8828259       4.91999999E-05
   18.8994923       3.88199987E-05
   18.9161587       3.04299992E-05
   18.9328251       2.35999996E-05
   18.9494915       1.80400002E-05
   18.9661579       1.36199997E-05
   18.9828243       1.01699998E-05
   18.9994907       7.34800005E-06
   19.0161572       5.23400013E-06
   19.0328236       3.56100009E-06
   19.0494900       2.35099992E-06
   19.0661564       1.45499996E-06
   19.0828228       8.49599985E-07
   19.0994892       4.78199979E-07
   19.1161556       2.55900005E-07
   19.1328220       1.27600003E-07
   19.1494884       5.47399992E-08
   19.1661549       1.59700004E-08
   19.1828213       2.24199992E-09
   19.1994877       6.10900011E-11
   19.2161541       7.86900005E-13
   19.2328205       2.16100001E-15
   19.2494869       6.13999987E-19
   19.2661533       0.00000000    
   19.2828197       0.00000000    
   19.2994862       0.00000000    
   19.3161526       0.00000000    
   19.3328190       0.00000000    
   19.3494854       0.00000000    
   19.3661518       0.00000000    
   19.3828182       0.00000000    
   19.3994846       0.00000000    
   19.4161510       0.00000000    
   19.4328175       0.00000000    
   19.4494839       0.00000000    
   19.4661503       0.00000000    
   19.4828167       0.00000000    
   19.4994831       0.00000000    
   19.5161495       0.00000000    
   19.5328159       0.00000000    
   19.5494823       0.00000000    
   19.5661488       0.00000000    
   19.5828152       0.00000000    
   19.5994816       0.00000000    
   19.6161480       0.00000000    
   19.6328144       0.00000000    
   19.6494808       0.00000000    
   19.6661472       0.00000000    
   19.6828136       0.00000000    
   19.6994801       0.00000000    
   19.7161465       0.00000000    
   19.7328129       0.00000000    
   19.7494793       0.00000000    
   19.7661457       0.00000000    
   19.7828121       0.00000000    
   19.7994785       0.00000000    
   19.8161449       0.00000000    
   19.8328114       0.00000000    
   19.8494778       0.00000000    
   19.8661442       0.00000000    
   19.8828106       0.00000000    
   19.8994770       0.00000000    
   19.9161434       0.00000000    
   19.9328098       0.00000000    
   19.9494762       0.00000000    
   19.9661427       0.00000000    
   19.9828091       0.00000000    
   19.9994755       0.00000000    
   20.0161419       0.00000000    
   20.0328083       0.00000000    
   20.0494747       0.00000000    
   20.0661411       0.00000000    
   20.0828075       0.00000000    
   20.0994740       0.00000000    
   20.1161404       0.00000000    
   20.1328068       0.00000000    
   20.1494732       0.00000000    
   20.1661396       0.00000000    
   20.1828060       0.00000000    
   20.1994724       0.00000000    
   20.2161388       0.00000000    
   20.2328053       0.00000000    
   20.2494717       0.00000000    
   20.2661381       0.00000000    
   20.2828045       0.00000000    
   20.2994709       0.00000000    
   20.3161373       0.00000000    
   20.3328037       0.00000000    
   20.3494701       0.00000000    
   20.3661366       0.00000000    
   20.3828030       0.00000000    
   20.3994694       0.00000000    
   20.4161358       0.00000000    
   20.4328022       0.00000000    
   20.4494686       0.00000000    
   20.4661350       0.00000000    
   20.4828014       0.00000000    
   20.4994678       0.00000000    
   20.5161343       0.00000000    
   20.5328007       0.00000000    
   20.5494671       0.00000000    
   20.5661335       0.00000000    
   20.5827999       0.00000000    
   20.5994663       0.00000000    
   20.6161327       0.00000000    
   20.6327991       0.00000000    
   20.6494656       0.00000000    
   20.6661320       0.00000000    
   20.6827984       0.00000000    
   20.6994648       0.00000000    
   20.7161312       0.00000000    
   20.7327976       0.00000000    
   20.7494640       0.00000000    
   20.7661304       0.00000000    
   20.7827969       0.00000000    
   20.7994633       0.00000000    
   20.8161297       0.00000000    
   20.8327961       0.00000000    
   20.8494625       0.00000000    
   20.8661289       0.00000000    
   20.8827953       0.00000000    
   20.8994617       0.00000000    
   20.9161282       0.00000000    
   20.9327946       0.00000000    
   20.9494610       0.00000000    
   20.9661274       0.00000000    
   20.9827938       0.00000000    
   20.9994602       0.00000000    
   21.0161266       0.00000000    
   21.0327930       0.00000000    
   21.0494595       0.00000000    
   21.0661259       0.00000000    
   21.0827923       0.00000000    
   21.0994587       0.00000000    
   21.1161251       0.00000000    
   21.1327915       0.00000000    
   21.1494579       0.00000000    
   21.1661243       0.00000000    
   21.1827908       0.00000000    
   21.1994572       0.00000000    
   21.2161236       0.00000000    
   21.2327900       0.00000000    
   21.2494564       0.00000000    
   21.2661228       0.00000000    
   21.2827892       0.00000000    
   21.2994556       0.00000000    
   21.3161221       0.00000000    
   21.3327885       0.00000000    
   21.3494549       0.00000000    
   21.3661213       0.00000000    
   21.3827877       0.00000000    
   21.3994541       0.00000000    
   21.4161205       0.00000000    
   21.4327869       0.00000000    
   21.4494534       0.00000000    
   21.4661198       0.00000000    
   21.4827862       0.00000000    
   21.4994526       0.00000000    
   21.5161190       0.00000000    
   21.5327854       0.00000000    
   21.5494518       0.00000000    
   21.5661182       0.00000000    
   21.5827847       0.00000000    
   21.5994511       0.00000000    
   21.6161175       0.00000000    
   21.6327839       0.00000000    
   21.6494503       0.00000000    
   21.6661167       0.00000000    
   21.6827831       0.00000000    
   21.6994495       0.00000000    
   21.7161160       0.00000000    
   21.7327824       0.00000000    
   21.7494488       0.00000000    
   21.7661152       0.00000000    
   21.7827816       0.00000000    
   21.7994480       0.00000000    
   21.8161144       0.00000000    
   21.8327808       0.00000000    
   21.8494473       0.00000000    
   21.8661137       0.00000000    
   21.8827801       0.00000000    
   21.8994465       0.00000000    
   21.9161129       0.00000000    
   21.9327793       0.00000000    
   21.9494457       0.00000000    
   21.9661121       0.00000000    
   21.9827785       0.00000000    
   21.9994450       0.00000000    
   22.0161114       0.00000000    
   22.0327778       0.00000000    
   22.0494442       0.00000000    
   22.0661106       0.00000000    
   22.0827770       0.00000000    
   22.0994434       0.00000000    
   22.1161098       0.00000000    
   22.1327763       0.00000000    
   22.1494427       0.00000000    
   22.1661091       0.00000000    
   22.1827755       0.00000000    
   22.1994419       0.00000000    
   22.2161083       0.00000000    
   22.2327747       0.00000000    
   22.2494411       0.00000000    
   22.2661076       0.00000000    
   22.2827740       0.00000000    
   22.2994404       0.00000000    
   22.3161068       0.00000000    
   22.3327732       0.00000000    
   22.3494396       0.00000000    
   22.3661060       0.00000000    
   22.3827724       0.00000000    
   22.3994389       0.00000000    
   22.4161053       0.00000000    
   22.4327717       0.00000000    
   22.4494381       0.00000000    
   22.4661045       0.00000000    
   22.4827709       0.00000000    
   22.4994373       0.00000000    
   22.5161037       0.00000000    
   22.5327702       0.00000000    
   22.5494366       0.00000000    
   22.5661030       0.00000000    
   22.5827694       0.00000000    
   22.5994358       0.00000000    
   22.6161022       0.00000000    
   22.6327686       0.00000000    
   22.6494350       0.00000000    
   22.6661015       0.00000000    
   22.6827679       0.00000000    
   22.6994343       0.00000000    
   22.7161007       0.00000000    
   22.7327671       0.00000000    
   22.7494335       0.00000000    
   22.7660999       0.00000000    
   22.7827663       0.00000000    
   22.7994328       0.00000000    
   22.8160992       0.00000000    
   22.8327656       0.00000000    
   22.8494320       0.00000000    
   22.8660984       0.00000000    
   22.8827648       0.00000000    
   22.8994312       0.00000000    
   22.9160976       0.00000000    
   22.9327641       0.00000000    
   22.9494305       0.00000000    
   22.9660969       0.00000000    
   22.9827633       0.00000000    
   22.9994297       0.00000000    
   23.0160961       0.00000000    
   23.0327625       0.00000000    
   23.0494289       0.00000000    
   23.0660954       0.00000000    
   23.0827618       0.00000000    
   23.0994282       0.00000000    
   23.1160946       0.00000000    
   23.1327610       0.00000000    
   23.1494274       0.00000000    
   23.1660938       0.00000000    
   23.1827602       0.00000000    
   23.1994267       0.00000000    
   23.2160931       0.00000000    
   23.2327595       0.00000000    
   23.2494259       0.00000000    
   23.2660923       0.00000000    
   23.2827587       0.00000000    
   23.2994251       0.00000000    
   23.3160915       0.00000000    
   23.3327579       0.00000000    
   23.3494244       0.00000000    
   23.3660908       0.00000000    
   23.3827572       0.00000000    
   23.3994236       0.00000000    
   23.4160900       0.00000000    
   23.4327564       0.00000000    
   23.4494228       0.00000000    
   23.4660892       0.00000000    
   23.4827557       0.00000000    
   23.4994221       0.00000000    
   23.5160885       0.00000000    
   23.5327549       0.00000000    
   23.5494213       0.00000000    
   23.5660877       0.00000000    
   23.5827541       0.00000000    
   23.5994205       0.00000000    
   23.6160870       0.00000000    
   23.6327534       0.00000000    
   23.6494198       0.00000000    
   23.6660862       0.00000000    
   23.6827526       0.00000000    
   23.6994190       0.00000000    
   23.7160854       0.00000000    
   23.7327518       0.00000000    
   23.7494183       0.00000000    
   23.7660847       0.00000000    
   23.7827511       0.00000000    
   23.7994175       0.00000000    
   23.8160839       0.00000000    
   23.8327503       0.00000000    
   23.8494167       0.00000000    
   23.8660831       0.00000000    
   23.8827496       0.00000000    
   23.8994160       0.00000000    
   23.9160824       0.00000000    
   23.9327488       0.00000000    
   23.9494152       0.00000000    
   23.9660816       0.00000000    
   23.9827480       0.00000000    
