   0.00000000       0.00000000    
   1.66660007E-02   0.00000000    
   3.33320014E-02   0.00000000    
   4.99980003E-02   0.00000000    
   6.66640028E-02   0.00000000    
   8.33300054E-02   0.00000000    
   9.99960080E-02   0.00000000    
  0.116662011       0.00000000    
  0.133328006       0.00000000    
  0.149994001       0.00000000    
  0.166659996       0.00000000    
  0.183325991       0.00000000    
  0.199991986       0.00000000    
  0.216657981       0.00000000    
  0.233323976       0.00000000    
  0.249989972       0.00000000    
  0.266655982       0.00000000    
  0.283321977       0.00000000    
  0.299987972       0.00000000    
  0.316653967       0.00000000    
  0.333319962       0.00000000    
  0.349985957       0.00000000    
  0.366651952       0.00000000    
  0.383317947       0.00000000    
  0.399983943       0.00000000    
  0.416649938       0.00000000    
  0.433315933       0.00000000    
  0.449981928       0.00000000    
  0.466647923       0.00000000    
  0.483313918       0.00000000    
  0.499979913       0.00000000    
  0.516645908       0.00000000    
  0.533311903       0.00000000    
  0.549977899       0.00000000    
  0.566643894       0.00000000    
  0.583309889       0.00000000    
  0.599975884       0.00000000    
  0.616641879       0.00000000    
  0.633307874       0.00000000    
  0.649973869       0.00000000    
  0.666639864       0.00000000    
  0.683305860       0.00000000    
  0.699971855       0.00000000    
  0.716637850       0.00000000    
  0.733303845       0.00000000    
  0.749969840       0.00000000    
  0.766635835       0.00000000    
  0.783301830       0.00000000    
  0.799967825       0.00000000    
  0.816633821       0.00000000    
  0.833299816       0.00000000    
  0.849965811       0.00000000    
  0.866631806       0.00000000    
  0.883297801       0.00000000    
  0.899963796       0.00000000    
  0.916629791       0.00000000    
  0.933295786       0.00000000    
  0.949961782       0.00000000    
  0.966627777       0.00000000    
  0.983293772       0.00000000    
  0.999959767       0.00000000    
   1.01662576       0.00000000    
   1.03329182       0.00000000    
   1.04995787       0.00000000    
   1.06662393       0.00000000    
   1.08328998       0.00000000    
   1.09995604       0.00000000    
   1.11662209       0.00000000    
   1.13328815       0.00000000    
   1.14995420       0.00000000    
   1.16662025       0.00000000    
   1.18328631       0.00000000    
   1.19995236       0.00000000    
   1.21661842       0.00000000    
   1.23328447       0.00000000    
   1.24995053       0.00000000    
   1.26661658       0.00000000    
   1.28328264       0.00000000    
   1.29994869       0.00000000    
   1.31661475       0.00000000    
   1.33328080       0.00000000    
   1.34994686       0.00000000    
   1.36661291       0.00000000    
   1.38327897       0.00000000    
   1.39994502       0.00000000    
   1.41661108       0.00000000    
   1.43327713       0.00000000    
   1.44994318       0.00000000    
   1.46660924       0.00000000    
   1.48327529       0.00000000    
   1.49994135       0.00000000    
   1.51660740       0.00000000    
   1.53327346       0.00000000    
   1.54993951       0.00000000    
   1.56660557       0.00000000    
   1.58327162       0.00000000    
   1.59993768       0.00000000    
   1.61660373       0.00000000    
   1.63326979       0.00000000    
   1.64993584       0.00000000    
   1.66660190       0.00000000    
   1.68326795       0.00000000    
   1.69993401       0.00000000    
   1.71660006       0.00000000    
   1.73326612       0.00000000    
   1.74993217       0.00000000    
   1.76659822       0.00000000    
   1.78326428       0.00000000    
   1.79993033       0.00000000    
   1.81659639       0.00000000    
   1.83326244       0.00000000    
   1.84992850       0.00000000    
   1.86659455       0.00000000    
   1.88326061       0.00000000    
   1.89992666       0.00000000    
   1.91659272       0.00000000    
   1.93325877       0.00000000    
   1.94992483       0.00000000    
   1.96659088       0.00000000    
   1.98325694       0.00000000    
   1.99992299       0.00000000    
   2.01658893       0.00000000    
   2.03325486       0.00000000    
   2.04992080       0.00000000    
   2.06658673       0.00000000    
   2.08325267       0.00000000    
   2.09991860       0.00000000    
   2.11658454       0.00000000    
   2.13325047       0.00000000    
   2.14991641       0.00000000    
   2.16658235       0.00000000    
   2.18324828       0.00000000    
   2.19991422       0.00000000    
   2.21658015       0.00000000    
   2.23324609       0.00000000    
   2.24991202       0.00000000    
   2.26657796       0.00000000    
   2.28324389       0.00000000    
   2.29990983       0.00000000    
   2.31657577       0.00000000    
   2.33324170       0.00000000    
   2.34990764       0.00000000    
   2.36657357       0.00000000    
   2.38323951       0.00000000    
   2.39990544       0.00000000    
   2.41657138       0.00000000    
   2.43323731       0.00000000    
   2.44990325       0.00000000    
   2.46656919       0.00000000    
   2.48323512       0.00000000    
   2.49990106       0.00000000    
   2.51656699       0.00000000    
   2.53323293       0.00000000    
   2.54989886       0.00000000    
   2.56656480       0.00000000    
   2.58323073       0.00000000    
   2.59989667       0.00000000    
   2.61656260       0.00000000    
   2.63322854       0.00000000    
   2.64989448       0.00000000    
   2.66656041       0.00000000    
   2.68322635       0.00000000    
   2.69989228       0.00000000    
   2.71655822       0.00000000    
   2.73322415       0.00000000    
   2.74989009       0.00000000    
   2.76655602       0.00000000    
   2.78322196       0.00000000    
   2.79988790       0.00000000    
   2.81655383       0.00000000    
   2.83321977       0.00000000    
   2.84988570       0.00000000    
   2.86655164       0.00000000    
   2.88321757       0.00000000    
   2.89988351       0.00000000    
   2.91654944       0.00000000    
   2.93321538       0.00000000    
   2.94988132       0.00000000    
   2.96654725       0.00000000    
   2.98321319       0.00000000    
   2.99987912       0.00000000    
   3.01654506       0.00000000    
   3.03321099       0.00000000    
   3.04987693       0.00000000    
   3.06654286       0.00000000    
   3.08320880       0.00000000    
   3.09987473       0.00000000    
   3.11654067       0.00000000    
   3.13320661       0.00000000    
   3.14987254       0.00000000    
   3.16653848       0.00000000    
   3.18320441       0.00000000    
   3.19987035       0.00000000    
   3.21653628       0.00000000    
   3.23320222       0.00000000    
   3.24986815       0.00000000    
   3.26653409       0.00000000    
   3.28320003       0.00000000    
   3.29986596       0.00000000    
   3.31653190       0.00000000    
   3.33319783       0.00000000    
   3.34986377       0.00000000    
   3.36652970       0.00000000    
   3.38319564       0.00000000    
   3.39986157       0.00000000    
   3.41652751       0.00000000    
   3.43319345       0.00000000    
   3.44985938       0.00000000    
   3.46652532       0.00000000    
   3.48319125       0.00000000    
   3.49985719       0.00000000    
   3.51652312       0.00000000    
   3.53318906       0.00000000    
   3.54985499       0.00000000    
   3.56652093       0.00000000    
   3.58318686       0.00000000    
   3.59985280       0.00000000    
   3.61651874       0.00000000    
   3.63318467       0.00000000    
   3.64985061       0.00000000    
   3.66651654       0.00000000    
   3.68318248       0.00000000    
   3.69984841       0.00000000    
   3.71651435       0.00000000    
   3.73318028       0.00000000    
   3.74984622       0.00000000    
   3.76651216       0.00000000    
   3.78317809       0.00000000    
   3.79984403       0.00000000    
   3.81650996       0.00000000    
   3.83317590       0.00000000    
   3.84984183       0.00000000    
   3.86650777       0.00000000    
   3.88317370       0.00000000    
   3.89983964       0.00000000    
   3.91650558       0.00000000    
   3.93317151       0.00000000    
   3.94983745       0.00000000    
   3.96650338       0.00000000    
   3.98316932       0.00000000    
   3.99983525       0.00000000    
   4.01650143       0.00000000    
   4.03316736       0.00000000    
   4.04983330       0.00000000    
   4.06649923       0.00000000    
   4.08316517       0.00000000    
   4.09983110       0.00000000    
   4.11649704       0.00000000    
   4.13316298       0.00000000    
   4.14982891       0.00000000    
   4.16649485       0.00000000    
   4.18316078       0.00000000    
   4.19982672       0.00000000    
   4.21649265       0.00000000    
   4.23315859       0.00000000    
   4.24982452       0.00000000    
   4.26649046       0.00000000    
   4.28315639       0.00000000    
   4.29982233       0.00000000    
   4.31648827       0.00000000    
   4.33315420       0.00000000    
   4.34982014       0.00000000    
   4.36648607       0.00000000    
   4.38315201       0.00000000    
   4.39981794       0.00000000    
   4.41648388       0.00000000    
   4.43314981       0.00000000    
   4.44981575       0.00000000    
   4.46648169       0.00000000    
   4.48314762       0.00000000    
   4.49981356       0.00000000    
   4.51647949       0.00000000    
   4.53314543       0.00000000    
   4.54981136       0.00000000    
   4.56647730       0.00000000    
   4.58314323       0.00000000    
   4.59980917       0.00000000    
   4.61647511       0.00000000    
   4.63314104       0.00000000    
   4.64980698       0.00000000    
   4.66647291       0.00000000    
   4.68313885       0.00000000    
   4.69980478       0.00000000    
   4.71647072       0.00000000    
   4.73313665       0.00000000    
   4.74980259       0.00000000    
   4.76646852       0.00000000    
   4.78313446       0.00000000    
   4.79980040       0.00000000    
   4.81646633       0.00000000    
   4.83313227       0.00000000    
   4.84979820       0.00000000    
   4.86646414       0.00000000    
   4.88313007       0.00000000    
   4.89979601       0.00000000    
   4.91646194       0.00000000    
   4.93312788       0.00000000    
   4.94979382       0.00000000    
   4.96645975       0.00000000    
   4.98312569       0.00000000    
   4.99979162       0.00000000    
   5.01645756       0.00000000    
   5.03312349       0.00000000    
   5.04978943       0.00000000    
   5.06645536       0.00000000    
   5.08312130       0.00000000    
   5.09978724       0.00000000    
   5.11645317       0.00000000    
   5.13311911       0.00000000    
   5.14978504       0.00000000    
   5.16645098       0.00000000    
   5.18311691       0.00000000    
   5.19978285       0.00000000    
   5.21644878       0.00000000    
   5.23311472       0.00000000    
   5.24978065       0.00000000    
   5.26644659       0.00000000    
   5.28311253       0.00000000    
   5.29977846       0.00000000    
   5.31644440       0.00000000    
   5.33311033       0.00000000    
   5.34977627       0.00000000    
   5.36644220       0.00000000    
   5.38310814       0.00000000    
   5.39977407       0.00000000    
   5.41644001       0.00000000    
   5.43310595       0.00000000    
   5.44977188       0.00000000    
   5.46643782       0.00000000    
   5.48310375       0.00000000    
   5.49976969       0.00000000    
   5.51643562       0.00000000    
   5.53310156       0.00000000    
   5.54976749       0.00000000    
   5.56643343       0.00000000    
   5.58309937       0.00000000    
   5.59976530       0.00000000    
   5.61643124       0.00000000    
   5.63309717       0.00000000    
   5.64976311       0.00000000    
   5.66642904       0.00000000    
   5.68309498       0.00000000    
   5.69976091       0.00000000    
   5.71642685       0.00000000    
   5.73309278       0.00000000    
   5.74975872       0.00000000    
   5.76642466       0.00000000    
   5.78309059       0.00000000    
   5.79975653       0.00000000    
   5.81642246       0.00000000    
   5.83308840       0.00000000    
   5.84975433       0.00000000    
   5.86642027       0.00000000    
   5.88308620       0.00000000    
   5.89975214       0.00000000    
   5.91641808       0.00000000    
   5.93308401       0.00000000    
   5.94974995       0.00000000    
   5.96641588       0.00000000    
   5.98308182       0.00000000    
   5.99974775       0.00000000    
   6.01641369       0.00000000    
   6.03307962       0.00000000    
   6.04974556       0.00000000    
   6.06641150       0.00000000    
   6.08307743       0.00000000    
   6.09974337       0.00000000    
   6.11640930       0.00000000    
   6.13307524       0.00000000    
   6.14974117       0.00000000    
   6.16640711       0.00000000    
   6.18307304       0.00000000    
   6.19973898       0.00000000    
   6.21640491       0.00000000    
   6.23307085       0.00000000    
   6.24973679       0.00000000    
   6.26640272       0.00000000    
   6.28306866       0.00000000    
   6.29973459       0.00000000    
   6.31640053       0.00000000    
   6.33306646       0.00000000    
   6.34973240       2.21299997E-26
   6.36639833       1.39099995E-10
   6.38306427       3.18399991E-08
   6.39973021       1.30399997E-06
   6.41639614       1.26599998E-05
   6.43306208       5.35600011E-05
   6.44972801       1.37399998E-04
   6.46639395       2.77100015E-04
   6.48305988       4.87499987E-04
   6.49972582       8.12700018E-04
   6.51639175       1.26699999E-03
   6.53305769       1.91400002E-03
   6.54972363       2.82100006E-03
   6.56638956       4.06499999E-03
   6.58305550       5.63299982E-03
   6.59972143       7.82399997E-03
   6.61638737       1.05799995E-02
   6.63305330       1.43700000E-02
   6.64971924       1.89500004E-02
   6.66638517       2.48799995E-02
   6.68305111       3.24600004E-02
   6.69971704       4.20400016E-02
   6.71638298       5.42099997E-02
   6.73304892       6.89300001E-02
   6.74971485       8.60200003E-02
   6.76638079      0.108900003    
   6.78304672      0.132599995    
   6.79971266      0.160899997    
   6.81637859      0.194299996    
   6.83304453      0.232299998    
   6.84971046      0.275099993    
   6.86637640      0.323900014    
   6.88304234      0.381700009    
   6.89970827      0.433299989    
   6.91637421      0.503499985    
   6.93304014      0.563499987    
   6.94970608      0.634899974    
   6.96637201      0.720000029    
   6.98303795      0.815199971    
   6.99970388      0.900600016    
   7.01636982      0.991299987    
   7.03303576       1.08700001    
   7.04970169       1.18700004    
   7.06636763       1.29100001    
   7.08303356       1.39999998    
   7.09969950       1.51100004    
   7.11636543       1.62699997    
   7.13303137       1.74600005    
   7.14969730       1.86800003    
   7.16636324       1.99399996    
   7.18302917       2.12299991    
   7.19969511       2.25500011    
   7.21636105       2.39000010    
   7.23302698       2.52900004    
   7.24969292       2.67000008    
   7.26635885       2.81599998    
   7.28302479       2.96399999    
   7.29969072       3.11500001    
   7.31635666       3.26900005    
   7.33302259       3.42600012    
   7.34968853       3.58699989    
   7.36635447       3.75099993    
   7.38302040       3.91700006    
   7.39968634       4.08699989    
   7.41635227       4.25899982    
   7.43301821       4.43400002    
   7.44968414       4.61299992    
   7.46635008       4.79500008    
   7.48301601       4.97900009    
   7.49968195       5.16499996    
   7.51634789       5.35500002    
   7.53301382       5.54699993    
   7.54967976       5.74300003    
   7.56634569       5.94000006    
   7.58301163       6.13999987    
   7.59967756       6.34299994    
   7.61634350       6.54799986    
   7.63300943       6.75500011    
   7.64967537       6.96500015    
   7.66634130       7.17700005    
   7.68300724       7.39099979    
   7.69967318       7.60699987    
   7.71633911       7.82499981    
   7.73300505       8.04599953    
   7.74967098       8.26900005    
   7.76633692       8.49300003    
   7.78300285       8.71899986    
   7.79966879       8.94699955    
   7.81633472       9.17700005    
   7.83300066       9.40900040    
   7.84966660       9.64200020    
   7.86633253       9.87699986    
   7.88299847       10.1099997    
   7.89966440       10.3500004    
   7.91633034       10.5900002    
   7.93299627       10.8299999    
   7.94966221       11.0699997    
   7.96632814       11.3199997    
   7.98299408       11.5600004    
   7.99966002       11.8100004    
   8.01632595       12.0500002    
   8.03299236       12.3000002    
   8.04965878       12.5500002    
   8.06632519       12.8000002    
   8.08299160       13.0500002    
   8.09965801       13.3100004    
   8.11632442       13.5600004    
   8.13299084       13.8199997    
   8.14965725       14.0699997    
   8.16632366       14.3299999    
   8.18299007       14.5799999    
   8.19965649       14.8400002    
   8.21632290       15.1000004    
   8.23298931       15.3599997    
   8.24965572       15.6199999    
   8.26632214       15.8800001    
   8.28298855       16.1399994    
   8.29965496       16.3999996    
   8.31632137       16.6599998    
   8.33298779       16.9300003    
   8.34965420       17.1900005    
   8.36632061       17.4500008    
   8.38298702       17.7199993    
   8.39965343       17.9799995    
   8.41631985       18.2500000    
   8.43298626       18.5100002    
   8.44965267       18.7800007    
   8.46631908       19.0400009    
   8.48298550       19.3099995    
   8.49965191       19.5799999    
   8.51631832       19.8400002    
   8.53298473       20.1100006    
   8.54965115       20.3799992    
   8.56631756       20.6399994    
   8.58298397       20.9099998    
   8.59965038       21.1800003    
   8.61631680       21.4500008    
   8.63298321       21.7099991    
   8.64964962       21.9799995    
   8.66631603       22.2500000    
   8.68298244       22.5200005    
   8.69964886       22.7800007    
   8.71631527       23.0499992    
   8.73298168       23.3199997    
   8.74964809       23.5900002    
   8.76631451       23.8500004    
   8.78298092       24.1200008    
   8.79964733       24.3899994    
   8.81631374       24.6599998    
   8.83298016       24.9200001    
   8.84964657       25.1900005    
   8.86631298       25.4599991    
   8.88297939       25.7199993    
   8.89964581       25.9899998    
   8.91631222       26.2500000    
   8.93297863       26.5200005    
   8.94964504       26.7900009    
   8.96631145       27.0499992    
   8.98297787       27.3199997    
   8.99964428       27.5799999    
   9.01631069       27.8400002    
   9.03297710       28.1100006    
   9.04964352       28.3700008    
   9.06630993       28.6299992    
   9.08297634       28.8999996    
   9.09964275       29.1599998    
   9.11630917       29.4200001    
   9.13297558       29.6800003    
   9.14964199       29.9400005    
   9.16630840       30.2000008    
   9.18297482       30.4599991    
   9.19964123       30.7199993    
   9.21630764       30.9799995    
   9.23297405       31.2399998    
   9.24964046       31.5000000    
   9.26630688       31.7600002    
   9.28297329       32.0099983    
   9.29963970       32.2700005    
   9.31630611       32.5299988    
   9.33297253       32.7799988    
   9.34963894       33.0400009    
   9.36630535       33.2900009    
   9.38297176       33.5400009    
   9.39963818       33.7999992    
   9.41630459       34.0499992    
   9.43297100       34.2999992    
   9.44963741       34.5499992    
   9.46630383       34.7999992    
   9.48297024       35.0499992    
   9.49963665       35.2999992    
   9.51630306       35.5499992    
   9.53296947       35.7999992    
   9.54963589       36.0400009    
   9.56630230       36.2900009    
   9.58296871       36.5299988    
   9.59963512       36.7799988    
   9.61630154       37.0200005    
   9.63296795       37.2700005    
   9.64963436       37.5099983    
   9.66630077       37.7500000    
   9.68296719       37.9900017    
   9.69963360       38.2299995    
   9.71630001       38.4700012    
   9.73296642       38.7099991    
   9.74963284       38.9500008    
   9.76629925       39.1800003    
   9.78296566       39.4199982    
   9.79963207       39.6500015    
   9.81629848       39.8899994    
   9.83296490       40.1199989    
   9.84963131       40.3499985    
   9.86629772       40.5900002    
   9.88296413       40.8199997    
   9.89963055       41.0499992    
   9.91629696       41.2799988    
   9.93296337       41.5000000    
   9.94962978       41.7299995    
   9.96629620       41.9599991    
   9.98296261       42.1800003    
   9.99962902       42.4099998    
   10.0162954       42.6300011    
   10.0329618       42.8499985    
   10.0496283       43.0699997    
   10.0662947       43.2900009    
   10.0829611       43.5099983    
   10.0996275       43.7299995    
   10.1162939       43.9500008    
   10.1329603       44.1699982    
   10.1496267       44.3800011    
   10.1662931       44.5999985    
   10.1829596       44.8100014    
   10.1996260       45.0200005    
   10.2162924       45.2299995    
   10.2329588       45.4399986    
   10.2496252       45.6500015    
   10.2662916       45.8600006    
   10.2829580       46.0699997    
   10.2996244       46.2799988    
   10.3162909       46.4799995    
   10.3329573       46.6800003    
   10.3496237       46.8899994    
   10.3662901       47.0900002    
   10.3829565       47.2900009    
   10.3996229       47.4900017    
   10.4162893       47.6899986    
   10.4329557       47.8899994    
   10.4496222       48.0800018    
   10.4662886       48.2799988    
   10.4829550       48.4700012    
   10.4996214       48.6599998    
   10.5162878       48.8600006    
   10.5329542       49.0499992    
   10.5496206       49.2400017    
   10.5662870       49.4199982    
   10.5829535       49.6100006    
   10.5996199       49.7999992    
   10.6162863       49.9799995    
   10.6329527       50.1699982    
   10.6496191       50.3499985    
   10.6662855       50.5299988    
   10.6829519       50.7099991    
   10.6996183       50.8899994    
   10.7162848       51.0699997    
   10.7329512       51.2400017    
   10.7496176       51.4199982    
   10.7662840       51.5900002    
   10.7829504       51.7700005    
   10.7996168       51.9399986    
   10.8162832       52.1100006    
   10.8329496       52.2799988    
   10.8496161       52.4500008    
   10.8662825       52.6100006    
   10.8829489       52.7799988    
   10.8996153       52.9399986    
   10.9162817       53.0999985    
   10.9329481       53.2700005    
   10.9496145       53.4300003    
   10.9662809       53.5900002    
   10.9829473       53.7400017    
   10.9996138       53.9000015    
   11.0162802       54.0600014    
   11.0329466       54.2099991    
   11.0496130       54.3600006    
   11.0662794       54.5099983    
   11.0829458       54.6599998    
   11.0996122       54.8100014    
   11.1162786       54.9599991    
   11.1329451       55.1100006    
   11.1496115       55.2500000    
   11.1662779       55.3899994    
   11.1829443       55.5400009    
   11.1996107       55.6800003    
   11.2162771       55.8199997    
   11.2329435       55.9599991    
   11.2496099       56.0900002    
   11.2662764       56.2299995    
   11.2829428       56.3600006    
   11.2996092       56.5000000    
   11.3162756       56.6300011    
   11.3329420       56.7599983    
   11.3496084       56.8899994    
   11.3662748       57.0099983    
   11.3829412       57.1399994    
   11.3996077       57.2700005    
   11.4162741       57.3899994    
   11.4329405       57.5099983    
   11.4496069       57.6300011    
   11.4662733       57.7500000    
   11.4829397       57.8699989    
   11.4996061       57.9799995    
   11.5162725       58.0999985    
   11.5329390       58.2099991    
   11.5496054       58.3199997    
   11.5662718       58.4399986    
   11.5829382       58.5499992    
   11.5996046       58.6500015    
   11.6162710       58.7599983    
   11.6329374       58.8699989    
   11.6496038       58.9700012    
   11.6662703       59.0699997    
   11.6829367       59.1699982    
   11.6996031       59.2700005    
   11.7162695       59.3699989    
   11.7329359       59.4700012    
   11.7496023       59.5600014    
   11.7662687       59.6599998    
   11.7829351       59.7500000    
   11.7996016       59.8400002    
   11.8162680       59.9300003    
   11.8329344       60.0200005    
   11.8496008       60.0999985    
   11.8662672       60.1899986    
   11.8829336       60.2700005    
   11.8996000       60.3600006    
   11.9162664       60.4399986    
   11.9329329       60.5200005    
   11.9495993       60.5900002    
   11.9662657       60.6699982    
   11.9829321       60.7500000    
   11.9995985       60.8199997    
   12.0162649       60.8899994    
   12.0329313       60.9599991    
   12.0495977       61.0299988    
   12.0662642       61.0999985    
   12.0829306       61.1699982    
   12.0995970       61.2299995    
   12.1162634       61.2900009    
   12.1329298       61.3600006    
   12.1495962       61.4199982    
   12.1662626       61.4799995    
   12.1829290       61.5299988    
   12.1995955       61.5900002    
   12.2162619       61.6399994    
   12.2329283       61.7000008    
   12.2495947       61.7500000    
   12.2662611       61.7999992    
   12.2829275       61.8499985    
   12.2995939       61.8899994    
   12.3162603       61.9399986    
   12.3329268       61.9799995    
   12.3495932       62.0299988    
   12.3662596       62.0699997    
   12.3829260       62.1100006    
   12.3995924       62.1399994    
   12.4162588       62.1800003    
   12.4329252       62.2200012    
   12.4495916       62.2500000    
   12.4662580       62.2799988    
   12.4829245       62.3100014    
   12.4995909       62.3400002    
   12.5162573       62.3699989    
   12.5329237       62.4000015    
   12.5495901       62.4199982    
   12.5662565       62.4399986    
   12.5829229       62.4700012    
   12.5995893       62.4900017    
   12.6162558       62.5099983    
   12.6329222       62.5200005    
   12.6495886       62.5400009    
   12.6662550       62.5499992    
   12.6829214       62.5600014    
   12.6995878       62.5800018    
   12.7162542       62.5900002    
   12.7329206       62.5900002    
   12.7495871       62.5999985    
   12.7662535       62.5999985    
   12.7829199       62.6100006    
   12.7995863       62.6100006    
   12.8162527       62.6100006    
   12.8329191       62.6100006    
   12.8495855       62.6100006    
   12.8662519       62.5999985    
   12.8829184       62.5999985    
   12.8995848       62.5900002    
   12.9162512       62.5800018    
   12.9329176       62.5699997    
   12.9495840       62.5600014    
   12.9662504       62.5499992    
   12.9829168       62.5400009    
   12.9995832       62.5200005    
   13.0162497       62.5000000    
   13.0329161       62.4799995    
   13.0495825       62.4599991    
   13.0662489       62.4399986    
   13.0829153       62.4199982    
   13.0995817       62.3899994    
   13.1162481       62.3699989    
   13.1329145       62.3400002    
   13.1495810       62.3100014    
   13.1662474       62.2799988    
   13.1829138       62.2500000    
   13.1995802       62.2099991    
   13.2162466       62.1800003    
   13.2329130       62.1399994    
   13.2495794       62.0999985    
   13.2662458       62.0600014    
   13.2829123       62.0200005    
   13.2995787       61.9799995    
   13.3162451       61.9300003    
   13.3329115       61.8899994    
   13.3495779       61.8400002    
   13.3662443       61.7900009    
   13.3829107       61.7400017    
   13.3995771       61.6899986    
   13.4162436       61.6399994    
   13.4329100       61.5800018    
   13.4495764       61.5200005    
   13.4662428       61.4700012    
   13.4829092       61.4099998    
   13.4995756       61.3499985    
   13.5162420       61.2900009    
   13.5329084       61.2200012    
   13.5495749       61.1599998    
   13.5662413       61.0900002    
   13.5829077       61.0200005    
   13.5995741       60.9500008    
   13.6162405       60.8800011    
   13.6329069       60.8100014    
   13.6495733       60.7400017    
   13.6662397       60.6599998    
   13.6829062       60.5900002    
   13.6995726       60.5099983    
   13.7162390       60.4300003    
   13.7329054       60.3499985    
   13.7495718       60.2599983    
   13.7662382       60.1800003    
   13.7829046       60.0900002    
   13.7995710       60.0099983    
   13.8162374       59.9199982    
   13.8329039       59.8300018    
   13.8495703       59.7400017    
   13.8662367       59.6500015    
   13.8829031       59.5499992    
   13.8995695       59.4599991    
   13.9162359       59.3600006    
   13.9329023       59.2599983    
   13.9495687       59.1599998    
   13.9662352       59.0600014    
   13.9829016       58.9599991    
   13.9995680       58.8499985    
   14.0162344       58.7500000    
   14.0329008       58.6399994    
   14.0495672       58.5299988    
   14.0662336       58.4199982    
   14.0829000       58.3100014    
   14.0995665       58.2000008    
   14.1162329       58.0900002    
   14.1328993       57.9700012    
   14.1495657       57.8600006    
   14.1662321       57.7400017    
   14.1828985       57.6199989    
   14.1995649       57.5000000    
   14.2162313       57.3699989    
   14.2328978       57.2500000    
   14.2495642       57.1300011    
   14.2662306       57.0000000    
   14.2828970       56.8699989    
   14.2995634       56.7400017    
   14.3162298       56.6100006    
   14.3328962       56.4799995    
   14.3495626       56.3499985    
   14.3662291       56.2099991    
   14.3828955       56.0800018    
   14.3995619       55.9399986    
   14.4162283       55.7999992    
   14.4328947       55.6599998    
   14.4495611       55.5200005    
   14.4662275       55.3800011    
   14.4828939       55.2299995    
   14.4995604       55.0900002    
   14.5162268       54.9399986    
   14.5328932       54.7999992    
   14.5495596       54.6500015    
   14.5662260       54.5000000    
   14.5828924       54.3499985    
   14.5995588       54.1899986    
   14.6162252       54.0400009    
   14.6328917       53.8800011    
   14.6495581       53.7299995    
   14.6662245       53.5699997    
   14.6828909       53.4099998    
   14.6995573       53.2500000    
   14.7162237       53.0900002    
   14.7328901       52.9199982    
   14.7495565       52.7599983    
   14.7662230       52.5999985    
   14.7828894       52.4300003    
   14.7995558       52.2599983    
   14.8162222       52.0900002    
   14.8328886       51.9199982    
   14.8495550       51.7500000    
   14.8662214       51.5699997    
   14.8828878       51.4000015    
   14.8995543       51.2299995    
   14.9162207       51.0499992    
   14.9328871       50.8699989    
   14.9495535       50.6899986    
   14.9662199       50.5099983    
   14.9828863       50.3300018    
   14.9995527       50.1500015    
   15.0162191       49.9599991    
   15.0328856       49.7799988    
   15.0495520       49.5900002    
   15.0662184       49.4099998    
   15.0828848       49.2200012    
   15.0995512       49.0299988    
   15.1162176       48.8400002    
   15.1328840       48.6399994    
   15.1495504       48.4500008    
   15.1662169       48.2599983    
   15.1828833       48.0600014    
   15.1995497       47.8699989    
   15.2162161       47.6699982    
   15.2328825       47.4700012    
   15.2495489       47.2700005    
   15.2662153       47.0699997    
   15.2828817       46.8699989    
   15.2995481       46.6599998    
   15.3162146       46.4599991    
   15.3328810       46.2500000    
   15.3495474       46.0499992    
   15.3662138       45.8400002    
   15.3828802       45.6300011    
   15.3995466       45.4199982    
   15.4162130       45.2099991    
   15.4328794       45.0000000    
   15.4495459       44.7900009    
   15.4662123       44.5699997    
   15.4828787       44.3600006    
   15.4995451       44.1399994    
   15.5162115       43.9300003    
   15.5328779       43.7099991    
   15.5495443       43.4900017    
   15.5662107       43.2700005    
   15.5828772       43.0499992    
   15.5995436       42.8300018    
   15.6162100       42.6100006    
   15.6328764       42.3800011    
   15.6495428       42.1599998    
   15.6662092       41.9300003    
   15.6828756       41.7099991    
   15.6995420       41.4799995    
   15.7162085       41.2500000    
   15.7328749       41.0200005    
   15.7495413       40.7900009    
   15.7662077       40.5600014    
   15.7828741       40.3300018    
   15.7995405       40.0999985    
   15.8162069       39.8699989    
   15.8328733       39.6300011    
   15.8495398       39.4000015    
   15.8662062       39.1599998    
   15.8828726       38.9199982    
   15.8995390       38.6899986    
   15.9162054       38.4500008    
   15.9328718       38.2099991    
   15.9495382       37.9700012    
   15.9662046       37.7299995    
   15.9828711       37.4900017    
   15.9995375       37.2400017    
   16.0162029       37.0000000    
   16.0328693       36.7599983    
   16.0495358       36.5099983    
   16.0662022       36.2700005    
   16.0828686       36.0200005    
   16.0995350       35.7700005    
   16.1162014       35.5299988    
   16.1328678       35.2799988    
   16.1495342       35.0299988    
   16.1662006       34.7799988    
   16.1828671       34.5299988    
   16.1995335       34.2799988    
   16.2161999       34.0299988    
   16.2328663       33.7700005    
   16.2495327       33.5200005    
   16.2661991       33.2700005    
   16.2828655       33.0099983    
   16.2995319       32.7599983    
   16.3161983       32.5000000    
   16.3328648       32.2500000    
   16.3495312       31.9899998    
   16.3661976       31.7299995    
   16.3828640       31.4799995    
   16.3995304       31.2199993    
   16.4161968       30.9599991    
   16.4328632       30.7000008    
   16.4495296       30.4400005    
   16.4661961       30.1800003    
   16.4828625       29.9200001    
   16.4995289       29.6599998    
   16.5161953       29.3999996    
   16.5328617       29.1399994    
   16.5495281       28.8700008    
   16.5661945       28.6100006    
   16.5828609       28.3500004    
   16.5995274       28.0799999    
   16.6161938       27.8199997    
   16.6328602       27.5599995    
   16.6495266       27.2900009    
   16.6661930       27.0300007    
   16.6828594       26.7600002    
   16.6995258       26.5000000    
   16.7161922       26.2299995    
   16.7328587       25.9699993    
   16.7495251       25.7000008    
   16.7661915       25.4300003    
   16.7828579       25.1700001    
   16.7995243       24.8999996    
   16.8161907       24.6299992    
   16.8328571       24.3700008    
   16.8495235       24.1000004    
   16.8661900       23.8299999    
   16.8828564       23.5599995    
   16.8995228       23.2999992    
   16.9161892       23.0300007    
   16.9328556       22.7600002    
   16.9495220       22.4899998    
   16.9661884       22.2299995    
   16.9828548       21.9599991    
   16.9995213       21.6900005    
   17.0161877       21.4200001    
   17.0328541       21.1599998    
   17.0495205       20.8899994    
   17.0661869       20.6200008    
   17.0828533       20.3500004    
   17.0995197       20.0900002    
   17.1161861       19.8199997    
   17.1328526       19.5499992    
   17.1495190       19.2900009    
   17.1661854       19.0200005    
   17.1828518       18.7600002    
   17.1995182       18.4899998    
   17.2161846       18.2299995    
   17.2328510       17.9599991    
   17.2495174       17.7000008    
   17.2661839       17.4300003    
   17.2828503       17.1700001    
   17.2995167       16.9099998    
   17.3161831       16.6399994    
   17.3328495       16.3799992    
   17.3495159       16.1200008    
   17.3661823       15.8599997    
   17.3828487       15.6000004    
   17.3995152       15.3400002    
   17.4161816       15.0799999    
   17.4328480       14.8199997    
   17.4495144       14.5600004    
   17.4661808       14.3100004    
   17.4828472       14.0500002    
   17.4995136       13.8000002    
   17.5161800       13.5400000    
   17.5328465       13.2900000    
   17.5495129       13.0400000    
   17.5661793       12.7799997    
   17.5828457       12.5299997    
   17.5995121       12.2799997    
   17.6161785       12.0400000    
   17.6328449       11.7900000    
   17.6495113       11.5400000    
   17.6661777       11.3000002    
   17.6828442       11.0600004    
   17.6995106       10.8100004    
   17.7161770       10.5699997    
   17.7328434       10.3299999    
   17.7495098       10.1000004    
   17.7661762       9.85999966    
   17.7828426       9.62600040    
   17.7995090       9.39299965    
   17.8161755       9.16100025    
   17.8328419       8.93099976    
   17.8495083       8.70400047    
   17.8661747       8.47799969    
   17.8828411       8.25399971    
   17.8995075       8.03100014    
   17.9161739       7.81099987    
   17.9328403       7.59299994    
   17.9495068       7.37699986    
   17.9661732       7.16300011    
   17.9828396       6.95100021    
   17.9995060       6.74200010    
   18.0161724       6.53399992    
   18.0328388       6.32999992    
   18.0495052       6.12699986    
   18.0661716       5.92700005    
   18.0828381       5.73000002    
   18.0995045       5.53499985    
   18.1161709       5.34299994    
   18.1328373       5.15399981    
   18.1495037       4.96700001    
   18.1661701       4.78299999    
   18.1828365       4.60200024    
   18.1995029       4.42399979    
   18.2161694       4.24900007    
   18.2328358       4.07600021    
   18.2495022       3.90700006    
   18.2661686       3.74099994    
   18.2828350       3.57699990    
   18.2995014       3.41700006    
   18.3161678       3.25999999    
   18.3328342       3.10599995    
   18.3495007       2.95499992    
   18.3661671       2.80699992    
   18.3828335       2.66300011    
   18.3994999       2.52099991    
   18.4161663       2.38299990    
   18.4328327       2.24799991    
   18.4494991       2.11599994    
   18.4661655       1.98699999    
   18.4828320       1.86099994    
   18.4994984       1.73899996    
   18.5161648       1.62100005    
   18.5328312       1.50500000    
   18.5494976       1.39400005    
   18.5661640       1.28600001    
   18.5828304       1.18200004    
   18.5994968       1.08200002    
   18.6161633      0.986599982    
   18.6328297      0.896099985    
   18.6494961      0.811200023    
   18.6661625      0.715600014    
   18.6828289      0.631099999    
   18.6994953      0.560199976    
   18.7161617      0.500800014    
   18.7328281      0.430299997    
   18.7494946      0.379599988    
   18.7661610      0.321900010    
   18.7828274      0.273099989    
   18.7994938      0.230399996    
   18.8161602      0.192599997    
   18.8328266      0.159600005    
   18.8494930      0.131600007    
   18.8661594      0.106700003    
   18.8828259       8.52700025E-02
   18.8994923       6.78500012E-02
   18.9161587       5.37699983E-02
   18.9328251       4.16800007E-02
   18.9494915       3.21500003E-02
   18.9661579       2.46399995E-02
   18.9828243       1.87700000E-02
   18.9994907       1.42400004E-02
   19.0161572       1.04499999E-02
   19.0328236       7.74900010E-03
   19.0494900       5.56199998E-03
   19.0661564       3.96799995E-03
   19.0828228       2.79000006E-03
   19.0994892       1.89099996E-03
   19.1161556       1.25099998E-03
   19.1328220       7.92199979E-04
   19.1494884       4.77800000E-04
   19.1661549       2.71900004E-04
   19.1828213       1.32600006E-04
   19.1994877       5.18699999E-05
   19.2161541       1.20000004E-05
   19.2328205       1.18000003E-06
   19.2494869       2.68499996E-08
   19.2661533       1.10800001E-10
   19.2828197       1.65599992E-26
   19.2994862       0.00000000    
   19.3161526       0.00000000    
   19.3328190       0.00000000    
   19.3494854       0.00000000    
   19.3661518       0.00000000    
   19.3828182       0.00000000    
   19.3994846       0.00000000    
   19.4161510       0.00000000    
   19.4328175       0.00000000    
   19.4494839       0.00000000    
   19.4661503       0.00000000    
   19.4828167       0.00000000    
   19.4994831       0.00000000    
   19.5161495       0.00000000    
   19.5328159       0.00000000    
   19.5494823       0.00000000    
   19.5661488       0.00000000    
   19.5828152       0.00000000    
   19.5994816       0.00000000    
   19.6161480       0.00000000    
   19.6328144       0.00000000    
   19.6494808       0.00000000    
   19.6661472       0.00000000    
   19.6828136       0.00000000    
   19.6994801       0.00000000    
   19.7161465       0.00000000    
   19.7328129       0.00000000    
   19.7494793       0.00000000    
   19.7661457       0.00000000    
   19.7828121       0.00000000    
   19.7994785       0.00000000    
   19.8161449       0.00000000    
   19.8328114       0.00000000    
   19.8494778       0.00000000    
   19.8661442       0.00000000    
   19.8828106       0.00000000    
   19.8994770       0.00000000    
   19.9161434       0.00000000    
   19.9328098       0.00000000    
   19.9494762       0.00000000    
   19.9661427       0.00000000    
   19.9828091       0.00000000    
   19.9994755       0.00000000    
   20.0161419       0.00000000    
   20.0328083       0.00000000    
   20.0494747       0.00000000    
   20.0661411       0.00000000    
   20.0828075       0.00000000    
   20.0994740       0.00000000    
   20.1161404       0.00000000    
   20.1328068       0.00000000    
   20.1494732       0.00000000    
   20.1661396       0.00000000    
   20.1828060       0.00000000    
   20.1994724       0.00000000    
   20.2161388       0.00000000    
   20.2328053       0.00000000    
   20.2494717       0.00000000    
   20.2661381       0.00000000    
   20.2828045       0.00000000    
   20.2994709       0.00000000    
   20.3161373       0.00000000    
   20.3328037       0.00000000    
   20.3494701       0.00000000    
   20.3661366       0.00000000    
   20.3828030       0.00000000    
   20.3994694       0.00000000    
   20.4161358       0.00000000    
   20.4328022       0.00000000    
   20.4494686       0.00000000    
   20.4661350       0.00000000    
   20.4828014       0.00000000    
   20.4994678       0.00000000    
   20.5161343       0.00000000    
   20.5328007       0.00000000    
   20.5494671       0.00000000    
   20.5661335       0.00000000    
   20.5827999       0.00000000    
   20.5994663       0.00000000    
   20.6161327       0.00000000    
   20.6327991       0.00000000    
   20.6494656       0.00000000    
   20.6661320       0.00000000    
   20.6827984       0.00000000    
   20.6994648       0.00000000    
   20.7161312       0.00000000    
   20.7327976       0.00000000    
   20.7494640       0.00000000    
   20.7661304       0.00000000    
   20.7827969       0.00000000    
   20.7994633       0.00000000    
   20.8161297       0.00000000    
   20.8327961       0.00000000    
   20.8494625       0.00000000    
   20.8661289       0.00000000    
   20.8827953       0.00000000    
   20.8994617       0.00000000    
   20.9161282       0.00000000    
   20.9327946       0.00000000    
   20.9494610       0.00000000    
   20.9661274       0.00000000    
   20.9827938       0.00000000    
   20.9994602       0.00000000    
   21.0161266       0.00000000    
   21.0327930       0.00000000    
   21.0494595       0.00000000    
   21.0661259       0.00000000    
   21.0827923       0.00000000    
   21.0994587       0.00000000    
   21.1161251       0.00000000    
   21.1327915       0.00000000    
   21.1494579       0.00000000    
   21.1661243       0.00000000    
   21.1827908       0.00000000    
   21.1994572       0.00000000    
   21.2161236       0.00000000    
   21.2327900       0.00000000    
   21.2494564       0.00000000    
   21.2661228       0.00000000    
   21.2827892       0.00000000    
   21.2994556       0.00000000    
   21.3161221       0.00000000    
   21.3327885       0.00000000    
   21.3494549       0.00000000    
   21.3661213       0.00000000    
   21.3827877       0.00000000    
   21.3994541       0.00000000    
   21.4161205       0.00000000    
   21.4327869       0.00000000    
   21.4494534       0.00000000    
   21.4661198       0.00000000    
   21.4827862       0.00000000    
   21.4994526       0.00000000    
   21.5161190       0.00000000    
   21.5327854       0.00000000    
   21.5494518       0.00000000    
   21.5661182       0.00000000    
   21.5827847       0.00000000    
   21.5994511       0.00000000    
   21.6161175       0.00000000    
   21.6327839       0.00000000    
   21.6494503       0.00000000    
   21.6661167       0.00000000    
   21.6827831       0.00000000    
   21.6994495       0.00000000    
   21.7161160       0.00000000    
   21.7327824       0.00000000    
   21.7494488       0.00000000    
   21.7661152       0.00000000    
   21.7827816       0.00000000    
   21.7994480       0.00000000    
   21.8161144       0.00000000    
   21.8327808       0.00000000    
   21.8494473       0.00000000    
   21.8661137       0.00000000    
   21.8827801       0.00000000    
   21.8994465       0.00000000    
   21.9161129       0.00000000    
   21.9327793       0.00000000    
   21.9494457       0.00000000    
   21.9661121       0.00000000    
   21.9827785       0.00000000    
   21.9994450       0.00000000    
   22.0161114       0.00000000    
   22.0327778       0.00000000    
   22.0494442       0.00000000    
   22.0661106       0.00000000    
   22.0827770       0.00000000    
   22.0994434       0.00000000    
   22.1161098       0.00000000    
   22.1327763       0.00000000    
   22.1494427       0.00000000    
   22.1661091       0.00000000    
   22.1827755       0.00000000    
   22.1994419       0.00000000    
   22.2161083       0.00000000    
   22.2327747       0.00000000    
   22.2494411       0.00000000    
   22.2661076       0.00000000    
   22.2827740       0.00000000    
   22.2994404       0.00000000    
   22.3161068       0.00000000    
   22.3327732       0.00000000    
   22.3494396       0.00000000    
   22.3661060       0.00000000    
   22.3827724       0.00000000    
   22.3994389       0.00000000    
   22.4161053       0.00000000    
   22.4327717       0.00000000    
   22.4494381       0.00000000    
   22.4661045       0.00000000    
   22.4827709       0.00000000    
   22.4994373       0.00000000    
   22.5161037       0.00000000    
   22.5327702       0.00000000    
   22.5494366       0.00000000    
   22.5661030       0.00000000    
   22.5827694       0.00000000    
   22.5994358       0.00000000    
   22.6161022       0.00000000    
   22.6327686       0.00000000    
   22.6494350       0.00000000    
   22.6661015       0.00000000    
   22.6827679       0.00000000    
   22.6994343       0.00000000    
   22.7161007       0.00000000    
   22.7327671       0.00000000    
   22.7494335       0.00000000    
   22.7660999       0.00000000    
   22.7827663       0.00000000    
   22.7994328       0.00000000    
   22.8160992       0.00000000    
   22.8327656       0.00000000    
   22.8494320       0.00000000    
   22.8660984       0.00000000    
   22.8827648       0.00000000    
   22.8994312       0.00000000    
   22.9160976       0.00000000    
   22.9327641       0.00000000    
   22.9494305       0.00000000    
   22.9660969       0.00000000    
   22.9827633       0.00000000    
   22.9994297       0.00000000    
   23.0160961       0.00000000    
   23.0327625       0.00000000    
   23.0494289       0.00000000    
   23.0660954       0.00000000    
   23.0827618       0.00000000    
   23.0994282       0.00000000    
   23.1160946       0.00000000    
   23.1327610       0.00000000    
   23.1494274       0.00000000    
   23.1660938       0.00000000    
   23.1827602       0.00000000    
   23.1994267       0.00000000    
   23.2160931       0.00000000    
   23.2327595       0.00000000    
   23.2494259       0.00000000    
   23.2660923       0.00000000    
   23.2827587       0.00000000    
   23.2994251       0.00000000    
   23.3160915       0.00000000    
   23.3327579       0.00000000    
   23.3494244       0.00000000    
   23.3660908       0.00000000    
   23.3827572       0.00000000    
   23.3994236       0.00000000    
   23.4160900       0.00000000    
   23.4327564       0.00000000    
   23.4494228       0.00000000    
   23.4660892       0.00000000    
   23.4827557       0.00000000    
   23.4994221       0.00000000    
   23.5160885       0.00000000    
   23.5327549       0.00000000    
   23.5494213       0.00000000    
   23.5660877       0.00000000    
   23.5827541       0.00000000    
   23.5994205       0.00000000    
   23.6160870       0.00000000    
   23.6327534       0.00000000    
   23.6494198       0.00000000    
   23.6660862       0.00000000    
   23.6827526       0.00000000    
   23.6994190       0.00000000    
   23.7160854       0.00000000    
   23.7327518       0.00000000    
   23.7494183       0.00000000    
   23.7660847       0.00000000    
   23.7827511       0.00000000    
   23.7994175       0.00000000    
   23.8160839       0.00000000    
   23.8327503       0.00000000    
   23.8494167       0.00000000    
   23.8660831       0.00000000    
   23.8827496       0.00000000    
   23.8994160       0.00000000    
   23.9160824       0.00000000    
   23.9327488       0.00000000    
   23.9494152       0.00000000    
   23.9660816       0.00000000    
   23.9827480       0.00000000    
