   0.00000000       0.00000000    
   1.66660007E-02   0.00000000    
   3.33320014E-02   0.00000000    
   4.99980003E-02   0.00000000    
   6.66640028E-02   0.00000000    
   8.33300054E-02   0.00000000    
   9.99960080E-02   0.00000000    
  0.116662011       0.00000000    
  0.133328006       0.00000000    
  0.149994001       0.00000000    
  0.166659996       0.00000000    
  0.183325991       0.00000000    
  0.199991986       0.00000000    
  0.216657981       0.00000000    
  0.233323976       0.00000000    
  0.249989972       0.00000000    
  0.266655982       0.00000000    
  0.283321977       0.00000000    
  0.299987972       0.00000000    
  0.316653967       0.00000000    
  0.333319962       0.00000000    
  0.349985957       0.00000000    
  0.366651952       0.00000000    
  0.383317947       0.00000000    
  0.399983943       0.00000000    
  0.416649938       0.00000000    
  0.433315933       0.00000000    
  0.449981928       0.00000000    
  0.466647923       0.00000000    
  0.483313918       0.00000000    
  0.499979913       0.00000000    
  0.516645908       0.00000000    
  0.533311903       0.00000000    
  0.549977899       0.00000000    
  0.566643894       0.00000000    
  0.583309889       0.00000000    
  0.599975884       0.00000000    
  0.616641879       0.00000000    
  0.633307874       0.00000000    
  0.649973869       0.00000000    
  0.666639864       0.00000000    
  0.683305860       0.00000000    
  0.699971855       0.00000000    
  0.716637850       0.00000000    
  0.733303845       0.00000000    
  0.749969840       0.00000000    
  0.766635835       0.00000000    
  0.783301830       0.00000000    
  0.799967825       0.00000000    
  0.816633821       0.00000000    
  0.833299816       0.00000000    
  0.849965811       0.00000000    
  0.866631806       0.00000000    
  0.883297801       0.00000000    
  0.899963796       0.00000000    
  0.916629791       0.00000000    
  0.933295786       0.00000000    
  0.949961782       0.00000000    
  0.966627777       0.00000000    
  0.983293772       0.00000000    
  0.999959767       0.00000000    
   1.01662576       0.00000000    
   1.03329182       0.00000000    
   1.04995787       0.00000000    
   1.06662393       0.00000000    
   1.08328998       0.00000000    
   1.09995604       0.00000000    
   1.11662209       0.00000000    
   1.13328815       0.00000000    
   1.14995420       0.00000000    
   1.16662025       0.00000000    
   1.18328631       0.00000000    
   1.19995236       0.00000000    
   1.21661842       0.00000000    
   1.23328447       0.00000000    
   1.24995053       0.00000000    
   1.26661658       0.00000000    
   1.28328264       0.00000000    
   1.29994869       0.00000000    
   1.31661475       0.00000000    
   1.33328080       0.00000000    
   1.34994686       0.00000000    
   1.36661291       0.00000000    
   1.38327897       0.00000000    
   1.39994502       0.00000000    
   1.41661108       0.00000000    
   1.43327713       0.00000000    
   1.44994318       0.00000000    
   1.46660924       0.00000000    
   1.48327529       0.00000000    
   1.49994135       0.00000000    
   1.51660740       0.00000000    
   1.53327346       0.00000000    
   1.54993951       0.00000000    
   1.56660557       0.00000000    
   1.58327162       0.00000000    
   1.59993768       0.00000000    
   1.61660373       0.00000000    
   1.63326979       0.00000000    
   1.64993584       0.00000000    
   1.66660190       0.00000000    
   1.68326795       0.00000000    
   1.69993401       0.00000000    
   1.71660006       0.00000000    
   1.73326612       0.00000000    
   1.74993217       0.00000000    
   1.76659822       0.00000000    
   1.78326428       0.00000000    
   1.79993033       0.00000000    
   1.81659639       0.00000000    
   1.83326244       0.00000000    
   1.84992850       0.00000000    
   1.86659455       0.00000000    
   1.88326061       0.00000000    
   1.89992666       0.00000000    
   1.91659272       0.00000000    
   1.93325877       0.00000000    
   1.94992483       0.00000000    
   1.96659088       0.00000000    
   1.98325694       0.00000000    
   1.99992299       0.00000000    
   2.01658893       0.00000000    
   2.03325486       0.00000000    
   2.04992080       0.00000000    
   2.06658673       0.00000000    
   2.08325267       0.00000000    
   2.09991860       0.00000000    
   2.11658454       0.00000000    
   2.13325047       0.00000000    
   2.14991641       0.00000000    
   2.16658235       0.00000000    
   2.18324828       0.00000000    
   2.19991422       0.00000000    
   2.21658015       0.00000000    
   2.23324609       0.00000000    
   2.24991202       0.00000000    
   2.26657796       0.00000000    
   2.28324389       0.00000000    
   2.29990983       0.00000000    
   2.31657577       0.00000000    
   2.33324170       0.00000000    
   2.34990764       0.00000000    
   2.36657357       0.00000000    
   2.38323951       0.00000000    
   2.39990544       0.00000000    
   2.41657138       0.00000000    
   2.43323731       0.00000000    
   2.44990325       0.00000000    
   2.46656919       0.00000000    
   2.48323512       0.00000000    
   2.49990106       0.00000000    
   2.51656699       0.00000000    
   2.53323293       0.00000000    
   2.54989886       0.00000000    
   2.56656480       0.00000000    
   2.58323073       0.00000000    
   2.59989667       0.00000000    
   2.61656260       0.00000000    
   2.63322854       0.00000000    
   2.64989448       0.00000000    
   2.66656041       0.00000000    
   2.68322635       0.00000000    
   2.69989228       0.00000000    
   2.71655822       0.00000000    
   2.73322415       0.00000000    
   2.74989009       0.00000000    
   2.76655602       0.00000000    
   2.78322196       0.00000000    
   2.79988790       0.00000000    
   2.81655383       0.00000000    
   2.83321977       0.00000000    
   2.84988570       0.00000000    
   2.86655164       0.00000000    
   2.88321757       0.00000000    
   2.89988351       0.00000000    
   2.91654944       0.00000000    
   2.93321538       0.00000000    
   2.94988132       0.00000000    
   2.96654725       0.00000000    
   2.98321319       0.00000000    
   2.99987912       0.00000000    
   3.01654506       0.00000000    
   3.03321099       0.00000000    
   3.04987693       0.00000000    
   3.06654286       0.00000000    
   3.08320880       0.00000000    
   3.09987473       0.00000000    
   3.11654067       0.00000000    
   3.13320661       0.00000000    
   3.14987254       0.00000000    
   3.16653848       0.00000000    
   3.18320441       0.00000000    
   3.19987035       0.00000000    
   3.21653628       0.00000000    
   3.23320222       0.00000000    
   3.24986815       0.00000000    
   3.26653409       0.00000000    
   3.28320003       0.00000000    
   3.29986596       0.00000000    
   3.31653190       0.00000000    
   3.33319783       0.00000000    
   3.34986377       0.00000000    
   3.36652970       0.00000000    
   3.38319564       0.00000000    
   3.39986157       0.00000000    
   3.41652751       0.00000000    
   3.43319345       0.00000000    
   3.44985938       0.00000000    
   3.46652532       0.00000000    
   3.48319125       0.00000000    
   3.49985719       0.00000000    
   3.51652312       0.00000000    
   3.53318906       0.00000000    
   3.54985499       0.00000000    
   3.56652093       0.00000000    
   3.58318686       0.00000000    
   3.59985280       0.00000000    
   3.61651874       0.00000000    
   3.63318467       0.00000000    
   3.64985061       0.00000000    
   3.66651654       0.00000000    
   3.68318248       0.00000000    
   3.69984841       0.00000000    
   3.71651435       0.00000000    
   3.73318028       0.00000000    
   3.74984622       0.00000000    
   3.76651216       0.00000000    
   3.78317809       0.00000000    
   3.79984403       0.00000000    
   3.81650996       0.00000000    
   3.83317590       0.00000000    
   3.84984183       0.00000000    
   3.86650777       0.00000000    
   3.88317370       0.00000000    
   3.89983964       0.00000000    
   3.91650558       0.00000000    
   3.93317151       0.00000000    
   3.94983745       0.00000000    
   3.96650338       0.00000000    
   3.98316932       0.00000000    
   3.99983525       0.00000000    
   4.01650143       0.00000000    
   4.03316736       0.00000000    
   4.04983330       0.00000000    
   4.06649923       0.00000000    
   4.08316517       0.00000000    
   4.09983110       0.00000000    
   4.11649704       0.00000000    
   4.13316298       0.00000000    
   4.14982891       0.00000000    
   4.16649485       0.00000000    
   4.18316078       0.00000000    
   4.19982672       0.00000000    
   4.21649265       0.00000000    
   4.23315859       0.00000000    
   4.24982452       0.00000000    
   4.26649046       0.00000000    
   4.28315639       0.00000000    
   4.29982233       0.00000000    
   4.31648827       0.00000000    
   4.33315420       0.00000000    
   4.34982014       0.00000000    
   4.36648607       0.00000000    
   4.38315201       0.00000000    
   4.39981794       0.00000000    
   4.41648388       0.00000000    
   4.43314981       0.00000000    
   4.44981575       0.00000000    
   4.46648169       0.00000000    
   4.48314762       0.00000000    
   4.49981356       0.00000000    
   4.51647949       0.00000000    
   4.53314543       0.00000000    
   4.54981136       0.00000000    
   4.56647730       0.00000000    
   4.58314323       0.00000000    
   4.59980917       0.00000000    
   4.61647511       0.00000000    
   4.63314104       0.00000000    
   4.64980698       0.00000000    
   4.66647291       0.00000000    
   4.68313885       0.00000000    
   4.69980478       0.00000000    
   4.71647072       0.00000000    
   4.73313665       0.00000000    
   4.74980259       0.00000000    
   4.76646852       0.00000000    
   4.78313446       0.00000000    
   4.79980040       0.00000000    
   4.81646633       0.00000000    
   4.83313227       0.00000000    
   4.84979820       0.00000000    
   4.86646414       0.00000000    
   4.88313007       0.00000000    
   4.89979601       0.00000000    
   4.91646194       0.00000000    
   4.93312788       0.00000000    
   4.94979382       0.00000000    
   4.96645975       0.00000000    
   4.98312569       0.00000000    
   4.99979162       0.00000000    
   5.01645756       0.00000000    
   5.03312349       0.00000000    
   5.04978943       0.00000000    
   5.06645536       0.00000000    
   5.08312130       0.00000000    
   5.09978724       0.00000000    
   5.11645317       0.00000000    
   5.13311911       0.00000000    
   5.14978504       0.00000000    
   5.16645098       0.00000000    
   5.18311691       0.00000000    
   5.19978285       0.00000000    
   5.21644878       0.00000000    
   5.23311472       0.00000000    
   5.24978065       0.00000000    
   5.26644659       0.00000000    
   5.28311253       0.00000000    
   5.29977846       0.00000000    
   5.31644440       0.00000000    
   5.33311033       0.00000000    
   5.34977627       0.00000000    
   5.36644220       0.00000000    
   5.38310814       0.00000000    
   5.39977407       0.00000000    
   5.41644001       0.00000000    
   5.43310595       0.00000000    
   5.44977188       0.00000000    
   5.46643782       0.00000000    
   5.48310375       0.00000000    
   5.49976969       0.00000000    
   5.51643562       0.00000000    
   5.53310156       0.00000000    
   5.54976749       0.00000000    
   5.56643343       0.00000000    
   5.58309937       0.00000000    
   5.59976530       0.00000000    
   5.61643124       0.00000000    
   5.63309717       0.00000000    
   5.64976311       0.00000000    
   5.66642904       0.00000000    
   5.68309498       0.00000000    
   5.69976091       0.00000000    
   5.71642685       0.00000000    
   5.73309278       0.00000000    
   5.74975872       0.00000000    
   5.76642466       0.00000000    
   5.78309059       0.00000000    
   5.79975653       0.00000000    
   5.81642246       0.00000000    
   5.83308840       0.00000000    
   5.84975433       0.00000000    
   5.86642027       0.00000000    
   5.88308620       0.00000000    
   5.89975214       0.00000000    
   5.91641808       0.00000000    
   5.93308401       0.00000000    
   5.94974995       0.00000000    
   5.96641588       0.00000000    
   5.98308182       0.00000000    
   5.99974775       0.00000000    
   6.01641369       0.00000000    
   6.03307962       0.00000000    
   6.04974556       0.00000000    
   6.06641150       0.00000000    
   6.08307743       0.00000000    
   6.09974337       0.00000000    
   6.11640930       0.00000000    
   6.13307524       0.00000000    
   6.14974117       0.00000000    
   6.16640711       0.00000000    
   6.18307304       0.00000000    
   6.19973898       0.00000000    
   6.21640491       0.00000000    
   6.23307085       0.00000000    
   6.24973679       0.00000000    
   6.26640272       0.00000000    
   6.28306866       8.70299980E-13
   6.29973459       6.55099974E-10
   6.31640053       7.40599972E-08
   6.33306646       1.97500003E-06
   6.34973240       1.45800004E-05
   6.36639833       5.46900010E-05
   6.38306427       1.32800007E-04
   6.39973021       2.65899987E-04
   6.41639614       4.55500005E-04
   6.43306208       7.30599975E-04
   6.44972801       1.12499995E-03
   6.46639395       1.68099999E-03
   6.48305988       2.45000003E-03
   6.49972582       3.42500000E-03
   6.51639175       4.78800014E-03
   6.53305769       6.49600010E-03
   6.54972363       8.82699993E-03
   6.56638956       1.16400002E-02
   6.58305550       1.52700003E-02
   6.59972143       1.98899992E-02
   6.61638737       2.56900005E-02
   6.63305330       3.29499990E-02
   6.64971924       4.20899987E-02
   6.66638517       5.36700003E-02
   6.68305111       6.62200004E-02
   6.69971704       8.31599981E-02
   6.71638298      0.101199999    
   6.73304892      0.123599999    
   6.74971485      0.151500002    
   6.76638079      0.180700004    
   6.78304672      0.214599997    
   6.79971266      0.253699988    
   6.81637859      0.292800009    
   6.83304453      0.337300003    
   6.84971046      0.392199993    
   6.86637640      0.442600012    
   6.88304234      0.508899987    
   6.89970827      0.564899981    
   6.91637421      0.630800009    
   6.93304014      0.708400011    
   6.94970608      0.799399972    
   6.96637201      0.878700018    
   6.98303795      0.961799979    
   6.99970388       1.04900002    
   7.01636982       1.14100003    
   7.03303576       1.23599994    
   7.04970169       1.33500004    
   7.06636763       1.43700004    
   7.08303356       1.54100001    
   7.09969950       1.64999998    
   7.11636543       1.76100004    
   7.13303137       1.87500000    
   7.14969730       1.99100006    
   7.16636324       2.11100006    
   7.18302917       2.23300004    
   7.19969511       2.35800004    
   7.21636105       2.48600006    
   7.23302698       2.61599994    
   7.24969292       2.74900007    
   7.26635885       2.88400006    
   7.28302479       3.02200007    
   7.29969072       3.16300011    
   7.31635666       3.30699992    
   7.33302259       3.45300007    
   7.34968853       3.60100007    
   7.36635447       3.75200009    
   7.38302040       3.90499997    
   7.39968634       4.06099987    
   7.41635227       4.21999979    
   7.43301821       4.38100004    
   7.44968414       4.54400015    
   7.46635008       4.70900011    
   7.48301601       4.87699986    
   7.49968195       5.04699993    
   7.51634789       5.21999979    
   7.53301382       5.39499998    
   7.54967976       5.57100010    
   7.56634569       5.75000000    
   7.58301163       5.93100023    
   7.59967756       6.11399984    
   7.61634350       6.29899979    
   7.63300943       6.48600006    
   7.64967537       6.67500019    
   7.66634130       6.86499977    
   7.68300724       7.05800009    
   7.69967318       7.25199986    
   7.71633911       7.44799995    
   7.73300505       7.64599991    
   7.74967098       7.84499979    
   7.76633692       8.04500008    
   7.78300285       8.24800014    
   7.79966879       8.45199966    
   7.81633472       8.65699959    
   7.83300066       8.86299992    
   7.84966660       9.07100010    
   7.86633253       9.27999973    
   7.88299847       9.49100018    
   7.89966440       9.70300007    
   7.91633034       9.91600037    
   7.93299627       10.1300001    
   7.94966221       10.3400002    
   7.96632814       10.5600004    
   7.98299408       10.7799997    
   7.99966002       11.0000000    
   8.01632595       11.2200003    
   8.03299236       11.4399996    
   8.04965878       11.6599998    
   8.06632519       11.8800001    
   8.08299160       12.1000004    
   8.09965801       12.3199997    
   8.11632442       12.5500002    
   8.13299084       12.7700005    
   8.14965725       13.0000000    
   8.16632366       13.2200003    
   8.18299007       13.4499998    
   8.19965649       13.6800003    
   8.21632290       13.9099998    
   8.23298931       14.1300001    
   8.24965572       14.3599997    
   8.26632214       14.5900002    
   8.28298855       14.8199997    
   8.29965496       15.0500002    
   8.31632137       15.2799997    
   8.33298779       15.5100002    
   8.34965420       15.7399998    
   8.36632061       15.9700003    
   8.38298702       16.2099991    
   8.39965343       16.4400005    
   8.41631985       16.6700001    
   8.43298626       16.8999996    
   8.44965267       17.1399994    
   8.46631908       17.3700008    
   8.48298550       17.6000004    
   8.49965191       17.8299999    
   8.51631832       18.0699997    
   8.53298473       18.2999992    
   8.54965115       18.5300007    
   8.56631756       18.7700005    
   8.58298397       19.0000000    
   8.59965038       19.2299995    
   8.61631680       19.4599991    
   8.63298321       19.7000008    
   8.64964962       19.9300003    
   8.66631603       20.1599998    
   8.68298244       20.3999996    
   8.69964886       20.6299992    
   8.71631527       20.8600006    
   8.73298168       21.0900002    
   8.74964809       21.3199997    
   8.76631451       21.5599995    
   8.78298092       21.7900009    
   8.79964733       22.0200005    
   8.81631374       22.2500000    
   8.83298016       22.4799995    
   8.84964657       22.7099991    
   8.86631298       22.9400005    
   8.88297939       23.1700001    
   8.89964581       23.3999996    
   8.91631222       23.6299992    
   8.93297863       23.8600006    
   8.94964504       24.0900002    
   8.96631145       24.3199997    
   8.98297787       24.5499992    
   8.99964428       24.7700005    
   9.01631069       25.0000000    
   9.03297710       25.2299995    
   9.04964352       25.4500008    
   9.06630993       25.6800003    
   9.08297634       25.8999996    
   9.09964275       26.1299992    
   9.11630917       26.3500004    
   9.13297558       26.5799999    
   9.14964199       26.7999992    
   9.16630840       27.0200005    
   9.18297482       27.2399998    
   9.19964123       27.4699993    
   9.21630764       27.6900005    
   9.23297405       27.9099998    
   9.24964046       28.1299992    
   9.26630688       28.3500004    
   9.28297329       28.5599995    
   9.29963970       28.7800007    
   9.31630611       29.0000000    
   9.33297253       29.2199993    
   9.34963894       29.4300003    
   9.36630535       29.6499996    
   9.38297176       29.8600006    
   9.39963818       30.0799999    
   9.41630459       30.2900009    
   9.43297100       30.5000000    
   9.44963741       30.7199993    
   9.46630383       30.9300003    
   9.48297024       31.1399994    
   9.49963665       31.3500004    
   9.51630306       31.5599995    
   9.53296947       31.7600002    
   9.54963589       31.9699993    
   9.56630230       32.1800003    
   9.58296871       32.3800011    
   9.59963512       32.5900002    
   9.61630154       32.7900009    
   9.63296795       33.0000000    
   9.64963436       33.2000008    
   9.66630077       33.4000015    
   9.68296719       33.5999985    
   9.69963360       33.7999992    
   9.71630001       34.0000000    
   9.73296642       34.2000008    
   9.74963284       34.4000015    
   9.76629925       34.5999985    
   9.78296566       34.7900009    
   9.79963207       34.9900017    
   9.81629848       35.1800003    
   9.83296490       35.3699989    
   9.84963131       35.5699997    
   9.86629772       35.7599983    
   9.88296413       35.9500008    
   9.89963055       36.1399994    
   9.91629696       36.3300018    
   9.93296337       36.5099983    
   9.94962978       36.7000008    
   9.96629620       36.8899994    
   9.98296261       37.0699997    
   9.99962902       37.2500000    
   10.0162954       37.4399986    
   10.0329618       37.6199989    
   10.0496283       37.7999992    
   10.0662947       37.9799995    
   10.0829611       38.1599998    
   10.0996275       38.3400002    
   10.1162939       38.5099983    
   10.1329603       38.6899986    
   10.1496267       38.8699989    
   10.1662931       39.0400009    
   10.1829596       39.2099991    
   10.1996260       39.3800011    
   10.2162924       39.5499992    
   10.2329588       39.7200012    
   10.2496252       39.8899994    
   10.2662916       40.0600014    
   10.2829580       40.2299995    
   10.2996244       40.3899994    
   10.3162909       40.5600014    
   10.3329573       40.7200012    
   10.3496237       40.8800011    
   10.3662901       41.0400009    
   10.3829565       41.2000008    
   10.3996229       41.3600006    
   10.4162893       41.5200005    
   10.4329557       41.6699982    
   10.4496222       41.8300018    
   10.4662886       41.9799995    
   10.4829550       42.1399994    
   10.4996214       42.2900009    
   10.5162878       42.4399986    
   10.5329542       42.5900002    
   10.5496206       42.7400017    
   10.5662870       42.8899994    
   10.5829535       43.0299988    
   10.5996199       43.1800003    
   10.6162863       43.3199997    
   10.6329527       43.4599991    
   10.6496191       43.5999985    
   10.6662855       43.7500000    
   10.6829519       43.8800011    
   10.6996183       44.0200005    
   10.7162848       44.1599998    
   10.7329512       44.2999992    
   10.7496176       44.4300003    
   10.7662840       44.5600014    
   10.7829504       44.6899986    
   10.7996168       44.8300018    
   10.8162832       44.9599991    
   10.8329496       45.0800018    
   10.8496161       45.2099991    
   10.8662825       45.3400002    
   10.8829489       45.4599991    
   10.8996153       45.5800018    
   10.9162817       45.7099991    
   10.9329481       45.8300018    
   10.9496145       45.9500008    
   10.9662809       46.0699997    
   10.9829473       46.1800003    
   10.9996138       46.2999992    
   11.0162802       46.4099998    
   11.0329466       46.5299988    
   11.0496130       46.6399994    
   11.0662794       46.7500000    
   11.0829458       46.8600006    
   11.0996122       46.9700012    
   11.1162786       47.0699997    
   11.1329451       47.1800003    
   11.1496115       47.2799988    
   11.1662779       47.3899994    
   11.1829443       47.4900017    
   11.1996107       47.5900002    
   11.2162771       47.6899986    
   11.2329435       47.7900009    
   11.2496099       47.8800011    
   11.2662764       47.9799995    
   11.2829428       48.0699997    
   11.2996092       48.1699982    
   11.3162756       48.2599983    
   11.3329420       48.3499985    
   11.3496084       48.4399986    
   11.3662748       48.5200005    
   11.3829412       48.6100006    
   11.3996077       48.6899986    
   11.4162741       48.7799988    
   11.4329405       48.8600006    
   11.4496069       48.9399986    
   11.4662733       49.0200005    
   11.4829397       49.0999985    
   11.4996061       49.1800003    
   11.5162725       49.2500000    
   11.5329390       49.3300018    
   11.5496054       49.4000015    
   11.5662718       49.4700012    
   11.5829382       49.5400009    
   11.5996046       49.6100006    
   11.6162710       49.6800003    
   11.6329374       49.7400017    
   11.6496038       49.8100014    
   11.6662703       49.8699989    
   11.6829367       49.9300003    
   11.6996031       49.9900017    
   11.7162695       50.0499992    
   11.7329359       50.1100006    
   11.7496023       50.1699982    
   11.7662687       50.2200012    
   11.7829351       50.2799988    
   11.7996016       50.3300018    
   11.8162680       50.3800011    
   11.8329344       50.4300003    
   11.8496008       50.4799995    
   11.8662672       50.5200005    
   11.8829336       50.5699997    
   11.8996000       50.6100006    
   11.9162664       50.6599998    
   11.9329329       50.7000008    
   11.9495993       50.7400017    
   11.9662657       50.7799988    
   11.9829321       50.8100014    
   11.9995985       50.8499985    
   12.0162649       50.8800011    
   12.0329313       50.9199982    
   12.0495977       50.9500008    
   12.0662642       50.9799995    
   12.0829306       51.0099983    
   12.0995970       51.0299988    
   12.1162634       51.0600014    
   12.1329298       51.0900002    
   12.1495962       51.1100006    
   12.1662626       51.1300011    
   12.1829290       51.1500015    
   12.1995955       51.1699982    
   12.2162619       51.1899986    
   12.2329283       51.2000008    
   12.2495947       51.2200012    
   12.2662611       51.2299995    
   12.2829275       51.2500000    
   12.2995939       51.2599983    
   12.3162603       51.2700005    
   12.3329268       51.2700005    
   12.3495932       51.2799988    
   12.3662596       51.2900009    
   12.3829260       51.2900009    
   12.3995924       51.2900009    
   12.4162588       51.2900009    
   12.4329252       51.2900009    
   12.4495916       51.2900009    
   12.4662580       51.2900009    
   12.4829245       51.2799988    
   12.4995909       51.2799988    
   12.5162573       51.2700005    
   12.5329237       51.2599983    
   12.5495901       51.2500000    
   12.5662565       51.2400017    
   12.5829229       51.2299995    
   12.5995893       51.2099991    
   12.6162558       51.2000008    
   12.6329222       51.1800003    
   12.6495886       51.1599998    
   12.6662550       51.1399994    
   12.6829214       51.1199989    
   12.6995878       51.0999985    
   12.7162542       51.0699997    
   12.7329206       51.0499992    
   12.7495871       51.0200005    
   12.7662535       50.9900017    
   12.7829199       50.9599991    
   12.7995863       50.9300003    
   12.8162527       50.9000015    
   12.8329191       50.8600006    
   12.8495855       50.8300018    
   12.8662519       50.7900009    
   12.8829184       50.7500000    
   12.8995848       50.7099991    
   12.9162512       50.6699982    
   12.9329176       50.6300011    
   12.9495840       50.5900002    
   12.9662504       50.5400009    
   12.9829168       50.5000000    
   12.9995832       50.4500008    
   13.0162497       50.4000015    
   13.0329161       50.3499985    
   13.0495825       50.2999992    
   13.0662489       50.2400017    
   13.0829153       50.1899986    
   13.0995817       50.1300011    
   13.1162481       50.0800018    
   13.1329145       50.0200005    
   13.1495810       49.9599991    
   13.1662474       49.9000015    
   13.1829138       49.8300018    
   13.1995802       49.7700005    
   13.2162466       49.7000008    
   13.2329130       49.6399994    
   13.2495794       49.5699997    
   13.2662458       49.5000000    
   13.2829123       49.4300003    
   13.2995787       49.3600006    
   13.3162451       49.2799988    
   13.3329115       49.2099991    
   13.3495779       49.1300011    
   13.3662443       49.0499992    
   13.3829107       48.9799995    
   13.3995771       48.8899994    
   13.4162436       48.8100014    
   13.4329100       48.7299995    
   13.4495764       48.6500015    
   13.4662428       48.5600014    
   13.4829092       48.4700012    
   13.4995756       48.3899994    
   13.5162420       48.2999992    
   13.5329084       48.2000008    
   13.5495749       48.1100006    
   13.5662413       48.0200005    
   13.5829077       47.9199982    
   13.5995741       47.8300018    
   13.6162405       47.7299995    
   13.6329069       47.6300011    
   13.6495733       47.5299988    
   13.6662397       47.4300003    
   13.6829062       47.3300018    
   13.6995726       47.2200012    
   13.7162390       47.1199989    
   13.7329054       47.0099983    
   13.7495718       46.9000015    
   13.7662382       46.7999992    
   13.7829046       46.6899986    
   13.7995710       46.5699997    
   13.8162374       46.4599991    
   13.8329039       46.3499985    
   13.8495703       46.2299995    
   13.8662367       46.1100006    
   13.8829031       46.0000000    
   13.8995695       45.8800011    
   13.9162359       45.7599983    
   13.9329023       45.6399994    
   13.9495687       45.5099983    
   13.9662352       45.3899994    
   13.9829016       45.2599983    
   13.9995680       45.1399994    
   14.0162344       45.0099983    
   14.0329008       44.8800011    
   14.0495672       44.7500000    
   14.0662336       44.6199989    
   14.0829000       44.4900017    
   14.0995665       44.3499985    
   14.1162329       44.2200012    
   14.1328993       44.0800018    
   14.1495657       43.9399986    
   14.1662321       43.7999992    
   14.1828985       43.6599998    
   14.1995649       43.5200005    
   14.2162313       43.3800011    
   14.2328978       43.2400017    
   14.2495642       43.0900002    
   14.2662306       42.9500008    
   14.2828970       42.7999992    
   14.2995634       42.6500015    
   14.3162298       42.5000000    
   14.3328962       42.3499985    
   14.3495626       42.2000008    
   14.3662291       42.0499992    
   14.3828955       41.8899994    
   14.3995619       41.7400017    
   14.4162283       41.5800018    
   14.4328947       41.4300003    
   14.4495611       41.2700005    
   14.4662275       41.1100006    
   14.4828939       40.9500008    
   14.4995604       40.7900009    
   14.5162268       40.6199989    
   14.5328932       40.4599991    
   14.5495596       40.2999992    
   14.5662260       40.1300011    
   14.5828924       39.9599991    
   14.5995588       39.7900009    
   14.6162252       39.6300011    
   14.6328917       39.4599991    
   14.6495581       39.2799988    
   14.6662245       39.1100006    
   14.6828909       38.9399986    
   14.6995573       38.7599983    
   14.7162237       38.5900002    
   14.7328901       38.4099998    
   14.7495565       38.2299995    
   14.7662230       38.0600014    
   14.7828894       37.8800011    
   14.7995558       37.7000008    
   14.8162222       37.5099983    
   14.8328886       37.3300018    
   14.8495550       37.1500015    
   14.8662214       36.9599991    
   14.8828878       36.7799988    
   14.8995543       36.5900002    
   14.9162207       36.4099998    
   14.9328871       36.2200012    
   14.9495535       36.0299988    
   14.9662199       35.8400002    
   14.9828863       35.6500015    
   14.9995527       35.4599991    
   15.0162191       35.2599983    
   15.0328856       35.0699997    
   15.0495520       34.8699989    
   15.0662184       34.6800003    
   15.0828848       34.4799995    
   15.0995512       34.2799988    
   15.1162176       34.0900002    
   15.1328840       33.8899994    
   15.1495504       33.6899986    
   15.1662169       33.4900017    
   15.1828833       33.2900009    
   15.1995497       33.0800018    
   15.2162161       32.8800011    
   15.2328825       32.6800003    
   15.2495489       32.4700012    
   15.2662153       32.2700005    
   15.2828817       32.0600014    
   15.2995481       31.8500004    
   15.3162146       31.6399994    
   15.3328810       31.4400005    
   15.3495474       31.2299995    
   15.3662138       31.0200005    
   15.3828802       30.7999992    
   15.3995466       30.5900002    
   15.4162130       30.3799992    
   15.4328794       30.1700001    
   15.4495459       29.9500008    
   15.4662123       29.7399998    
   15.4828787       29.5200005    
   15.4995451       29.3099995    
   15.5162115       29.0900002    
   15.5328779       28.8700008    
   15.5495443       28.6599998    
   15.5662107       28.4400005    
   15.5828772       28.2199993    
   15.5995436       28.0000000    
   15.6162100       27.7800007    
   15.6328764       27.5599995    
   15.6495428       27.3400002    
   15.6662092       27.1200008    
   15.6828756       26.8899994    
   15.6995420       26.6700001    
   15.7162085       26.4500008    
   15.7328749       26.2199993    
   15.7495413       26.0000000    
   15.7662077       25.7700005    
   15.7828741       25.5499992    
   15.7995405       25.3199997    
   15.8162069       25.1000004    
   15.8328733       24.8700008    
   15.8495398       24.6399994    
   15.8662062       24.4099998    
   15.8828726       24.1900005    
   15.8995390       23.9599991    
   15.9162054       23.7299995    
   15.9328718       23.5000000    
   15.9495382       23.2700005    
   15.9662046       23.0400009    
   15.9828711       22.8099995    
   15.9995375       22.5799999    
   16.0162029       22.3500004    
   16.0328693       22.1200008    
   16.0495358       21.8899994    
   16.0662022       21.6499996    
   16.0828686       21.4200001    
   16.0995350       21.1900005    
   16.1162014       20.9599991    
   16.1328678       20.7299995    
   16.1495342       20.4899998    
   16.1662006       20.2600002    
   16.1828671       20.0300007    
   16.1995335       19.7999992    
   16.2161999       19.5599995    
   16.2328663       19.3299999    
   16.2495327       19.1000004    
   16.2661991       18.8600006    
   16.2828655       18.6299992    
   16.2995319       18.3999996    
   16.3161983       18.1700001    
   16.3328648       17.9300003    
   16.3495312       17.7000008    
   16.3661976       17.4699993    
   16.3828640       17.2299995    
   16.3995304       17.0000000    
   16.4161968       16.7700005    
   16.4328632       16.5400009    
   16.4495296       16.3099995    
   16.4661961       16.0699997    
   16.4828625       15.8400002    
   16.4995289       15.6099997    
   16.5161953       15.3800001    
   16.5328617       15.1499996    
   16.5495281       14.9200001    
   16.5661945       14.6899996    
   16.5828609       14.4600000    
   16.5995274       14.2299995    
   16.6161938       14.0000000    
   16.6328602       13.7700005    
   16.6495266       13.5500002    
   16.6661930       13.3199997    
   16.6828594       13.0900002    
   16.6995258       12.8699999    
   16.7161922       12.6400003    
   16.7328587       12.4200001    
   16.7495251       12.1999998    
   16.7661915       11.9700003    
   16.7828579       11.7500000    
   16.7995243       11.5299997    
   16.8161907       11.3100004    
   16.8328571       11.0900002    
   16.8495235       10.8699999    
   16.8661900       10.6499996    
   16.8828564       10.4399996    
   16.8995228       10.2200003    
   16.9161892       10.0100002    
   16.9328556       9.79399967    
   16.9495220       9.58199978    
   16.9661884       9.37100029    
   16.9828548       9.16100025    
   16.9995213       8.95300007    
   17.0161877       8.74499989    
   17.0328541       8.53999996    
   17.0495205       8.33500004    
   17.0661869       8.13199997    
   17.0828533       7.93100023    
   17.0995197       7.73099995    
   17.1161861       7.53299999    
   17.1328526       7.33599997    
   17.1495190       7.14099979    
   17.1661854       6.94799995    
   17.1828518       6.75699997    
   17.1995182       6.56699991    
   17.2161846       6.37900019    
   17.2328510       6.19399977    
   17.2495174       6.01000023    
   17.2661839       5.82800007    
   17.2828503       5.64799976    
   17.2995167       5.46999979    
   17.3161831       5.29500008    
   17.3328495       5.12200022    
   17.3495159       4.94999981    
   17.3661823       4.78100014    
   17.3828487       4.61499977    
   17.3995152       4.45100021    
   17.4161816       4.28900003    
   17.4328480       4.12900019    
   17.4495144       3.97199988    
   17.4661808       3.81800008    
   17.4828472       3.66599989    
   17.4995136       3.51600003    
   17.5161800       3.36899996    
   17.5328465       3.22499990    
   17.5495129       3.08299994    
   17.5661793       2.94400001    
   17.5828457       2.80699992    
   17.5995121       2.67300010    
   17.6161785       2.54200006    
   17.6328449       2.41300011    
   17.6495113       2.28699994    
   17.6661777       2.16400003    
   17.6828442       2.04299998    
   17.6995106       1.92499995    
   17.7161770       1.80999994    
   17.7328434       1.69799995    
   17.7495098       1.58800006    
   17.7661762       1.48199999    
   17.7828426       1.37899995    
   17.7995090       1.27800000    
   17.8161755       1.18200004    
   17.8328419       1.08899999    
   17.8495083      0.999300003    
   17.8661747      0.914300025    
   17.8828411      0.833999991    
   17.8995075      0.746299982    
   17.9161739      0.663100004    
   17.9328403      0.592400014    
   17.9495068      0.532199979    
   17.9661732      0.476500005    
   17.9828396      0.412200004    
   17.9995060      0.361000001    
   18.0161724      0.314399987    
   18.0328388      0.268099993    
   18.0495052      0.227899998    
   18.0661716      0.192599997    
   18.0828381      0.161599994    
   18.0995045      0.134700000    
   18.1161709      0.111800000    
   18.1328373       9.01599973E-02
   18.1495037       7.33100027E-02
   18.1661701       5.84799983E-02
   18.1828365       4.70299982E-02
   18.1995029       3.68000008E-02
   18.2161694       2.87200008E-02
   18.2328358       2.22900007E-02
   18.2495022       1.71799995E-02
   18.2661686       1.31500000E-02
   18.2828350       1.00100003E-02
   18.2995014       7.42499996E-03
   18.3161678       5.48999989E-03
   18.3328342       3.97600001E-03
   18.3495007       2.85200006E-03
   18.3661671       1.97399990E-03
   18.3828335       1.33899995E-03
   18.3994999       8.82800028E-04
   18.4161663       5.60500019E-04
   18.4328327       3.36900004E-04
   18.4494991       1.85299999E-04
   18.4661655       8.38999986E-05
   18.4828320       2.80500008E-05
   18.4994984       5.31300020E-06
   18.5161648       3.99399994E-07
   18.5328312       6.50400001E-09
   18.5494976       2.12500000E-11
   18.5661640       0.00000000    
   18.5828304       0.00000000    
   18.5994968       0.00000000    
   18.6161633       0.00000000    
   18.6328297       0.00000000    
   18.6494961       0.00000000    
   18.6661625       0.00000000    
   18.6828289       0.00000000    
   18.6994953       0.00000000    
   18.7161617       0.00000000    
   18.7328281       0.00000000    
   18.7494946       0.00000000    
   18.7661610       0.00000000    
   18.7828274       0.00000000    
   18.7994938       0.00000000    
   18.8161602       0.00000000    
   18.8328266       0.00000000    
   18.8494930       0.00000000    
   18.8661594       0.00000000    
   18.8828259       0.00000000    
   18.8994923       0.00000000    
   18.9161587       0.00000000    
   18.9328251       0.00000000    
   18.9494915       0.00000000    
   18.9661579       0.00000000    
   18.9828243       0.00000000    
   18.9994907       0.00000000    
   19.0161572       0.00000000    
   19.0328236       0.00000000    
   19.0494900       0.00000000    
   19.0661564       0.00000000    
   19.0828228       0.00000000    
   19.0994892       0.00000000    
   19.1161556       0.00000000    
   19.1328220       0.00000000    
   19.1494884       0.00000000    
   19.1661549       0.00000000    
   19.1828213       0.00000000    
   19.1994877       0.00000000    
   19.2161541       0.00000000    
   19.2328205       0.00000000    
   19.2494869       0.00000000    
   19.2661533       0.00000000    
   19.2828197       0.00000000    
   19.2994862       0.00000000    
   19.3161526       0.00000000    
   19.3328190       0.00000000    
   19.3494854       0.00000000    
   19.3661518       0.00000000    
   19.3828182       0.00000000    
   19.3994846       0.00000000    
   19.4161510       0.00000000    
   19.4328175       0.00000000    
   19.4494839       0.00000000    
   19.4661503       0.00000000    
   19.4828167       0.00000000    
   19.4994831       0.00000000    
   19.5161495       0.00000000    
   19.5328159       0.00000000    
   19.5494823       0.00000000    
   19.5661488       0.00000000    
   19.5828152       0.00000000    
   19.5994816       0.00000000    
   19.6161480       0.00000000    
   19.6328144       0.00000000    
   19.6494808       0.00000000    
   19.6661472       0.00000000    
   19.6828136       0.00000000    
   19.6994801       0.00000000    
   19.7161465       0.00000000    
   19.7328129       0.00000000    
   19.7494793       0.00000000    
   19.7661457       0.00000000    
   19.7828121       0.00000000    
   19.7994785       0.00000000    
   19.8161449       0.00000000    
   19.8328114       0.00000000    
   19.8494778       0.00000000    
   19.8661442       0.00000000    
   19.8828106       0.00000000    
   19.8994770       0.00000000    
   19.9161434       0.00000000    
   19.9328098       0.00000000    
   19.9494762       0.00000000    
   19.9661427       0.00000000    
   19.9828091       0.00000000    
   19.9994755       0.00000000    
   20.0161419       0.00000000    
   20.0328083       0.00000000    
   20.0494747       0.00000000    
   20.0661411       0.00000000    
   20.0828075       0.00000000    
   20.0994740       0.00000000    
   20.1161404       0.00000000    
   20.1328068       0.00000000    
   20.1494732       0.00000000    
   20.1661396       0.00000000    
   20.1828060       0.00000000    
   20.1994724       0.00000000    
   20.2161388       0.00000000    
   20.2328053       0.00000000    
   20.2494717       0.00000000    
   20.2661381       0.00000000    
   20.2828045       0.00000000    
   20.2994709       0.00000000    
   20.3161373       0.00000000    
   20.3328037       0.00000000    
   20.3494701       0.00000000    
   20.3661366       0.00000000    
   20.3828030       0.00000000    
   20.3994694       0.00000000    
   20.4161358       0.00000000    
   20.4328022       0.00000000    
   20.4494686       0.00000000    
   20.4661350       0.00000000    
   20.4828014       0.00000000    
   20.4994678       0.00000000    
   20.5161343       0.00000000    
   20.5328007       0.00000000    
   20.5494671       0.00000000    
   20.5661335       0.00000000    
   20.5827999       0.00000000    
   20.5994663       0.00000000    
   20.6161327       0.00000000    
   20.6327991       0.00000000    
   20.6494656       0.00000000    
   20.6661320       0.00000000    
   20.6827984       0.00000000    
   20.6994648       0.00000000    
   20.7161312       0.00000000    
   20.7327976       0.00000000    
   20.7494640       0.00000000    
   20.7661304       0.00000000    
   20.7827969       0.00000000    
   20.7994633       0.00000000    
   20.8161297       0.00000000    
   20.8327961       0.00000000    
   20.8494625       0.00000000    
   20.8661289       0.00000000    
   20.8827953       0.00000000    
   20.8994617       0.00000000    
   20.9161282       0.00000000    
   20.9327946       0.00000000    
   20.9494610       0.00000000    
   20.9661274       0.00000000    
   20.9827938       0.00000000    
   20.9994602       0.00000000    
   21.0161266       0.00000000    
   21.0327930       0.00000000    
   21.0494595       0.00000000    
   21.0661259       0.00000000    
   21.0827923       0.00000000    
   21.0994587       0.00000000    
   21.1161251       0.00000000    
   21.1327915       0.00000000    
   21.1494579       0.00000000    
   21.1661243       0.00000000    
   21.1827908       0.00000000    
   21.1994572       0.00000000    
   21.2161236       0.00000000    
   21.2327900       0.00000000    
   21.2494564       0.00000000    
   21.2661228       0.00000000    
   21.2827892       0.00000000    
   21.2994556       0.00000000    
   21.3161221       0.00000000    
   21.3327885       0.00000000    
   21.3494549       0.00000000    
   21.3661213       0.00000000    
   21.3827877       0.00000000    
   21.3994541       0.00000000    
   21.4161205       0.00000000    
   21.4327869       0.00000000    
   21.4494534       0.00000000    
   21.4661198       0.00000000    
   21.4827862       0.00000000    
   21.4994526       0.00000000    
   21.5161190       0.00000000    
   21.5327854       0.00000000    
   21.5494518       0.00000000    
   21.5661182       0.00000000    
   21.5827847       0.00000000    
   21.5994511       0.00000000    
   21.6161175       0.00000000    
   21.6327839       0.00000000    
   21.6494503       0.00000000    
   21.6661167       0.00000000    
   21.6827831       0.00000000    
   21.6994495       0.00000000    
   21.7161160       0.00000000    
   21.7327824       0.00000000    
   21.7494488       0.00000000    
   21.7661152       0.00000000    
   21.7827816       0.00000000    
   21.7994480       0.00000000    
   21.8161144       0.00000000    
   21.8327808       0.00000000    
   21.8494473       0.00000000    
   21.8661137       0.00000000    
   21.8827801       0.00000000    
   21.8994465       0.00000000    
   21.9161129       0.00000000    
   21.9327793       0.00000000    
   21.9494457       0.00000000    
   21.9661121       0.00000000    
   21.9827785       0.00000000    
   21.9994450       0.00000000    
   22.0161114       0.00000000    
   22.0327778       0.00000000    
   22.0494442       0.00000000    
   22.0661106       0.00000000    
   22.0827770       0.00000000    
   22.0994434       0.00000000    
   22.1161098       0.00000000    
   22.1327763       0.00000000    
   22.1494427       0.00000000    
   22.1661091       0.00000000    
   22.1827755       0.00000000    
   22.1994419       0.00000000    
   22.2161083       0.00000000    
   22.2327747       0.00000000    
   22.2494411       0.00000000    
   22.2661076       0.00000000    
   22.2827740       0.00000000    
   22.2994404       0.00000000    
   22.3161068       0.00000000    
   22.3327732       0.00000000    
   22.3494396       0.00000000    
   22.3661060       0.00000000    
   22.3827724       0.00000000    
   22.3994389       0.00000000    
   22.4161053       0.00000000    
   22.4327717       0.00000000    
   22.4494381       0.00000000    
   22.4661045       0.00000000    
   22.4827709       0.00000000    
   22.4994373       0.00000000    
   22.5161037       0.00000000    
   22.5327702       0.00000000    
   22.5494366       0.00000000    
   22.5661030       0.00000000    
   22.5827694       0.00000000    
   22.5994358       0.00000000    
   22.6161022       0.00000000    
   22.6327686       0.00000000    
   22.6494350       0.00000000    
   22.6661015       0.00000000    
   22.6827679       0.00000000    
   22.6994343       0.00000000    
   22.7161007       0.00000000    
   22.7327671       0.00000000    
   22.7494335       0.00000000    
   22.7660999       0.00000000    
   22.7827663       0.00000000    
   22.7994328       0.00000000    
   22.8160992       0.00000000    
   22.8327656       0.00000000    
   22.8494320       0.00000000    
   22.8660984       0.00000000    
   22.8827648       0.00000000    
   22.8994312       0.00000000    
   22.9160976       0.00000000    
   22.9327641       0.00000000    
   22.9494305       0.00000000    
   22.9660969       0.00000000    
   22.9827633       0.00000000    
   22.9994297       0.00000000    
   23.0160961       0.00000000    
   23.0327625       0.00000000    
   23.0494289       0.00000000    
   23.0660954       0.00000000    
   23.0827618       0.00000000    
   23.0994282       0.00000000    
   23.1160946       0.00000000    
   23.1327610       0.00000000    
   23.1494274       0.00000000    
   23.1660938       0.00000000    
   23.1827602       0.00000000    
   23.1994267       0.00000000    
   23.2160931       0.00000000    
   23.2327595       0.00000000    
   23.2494259       0.00000000    
   23.2660923       0.00000000    
   23.2827587       0.00000000    
   23.2994251       0.00000000    
   23.3160915       0.00000000    
   23.3327579       0.00000000    
   23.3494244       0.00000000    
   23.3660908       0.00000000    
   23.3827572       0.00000000    
   23.3994236       0.00000000    
   23.4160900       0.00000000    
   23.4327564       0.00000000    
   23.4494228       0.00000000    
   23.4660892       0.00000000    
   23.4827557       0.00000000    
   23.4994221       0.00000000    
   23.5160885       0.00000000    
   23.5327549       0.00000000    
   23.5494213       0.00000000    
   23.5660877       0.00000000    
   23.5827541       0.00000000    
   23.5994205       0.00000000    
   23.6160870       0.00000000    
   23.6327534       0.00000000    
   23.6494198       0.00000000    
   23.6660862       0.00000000    
   23.6827526       0.00000000    
   23.6994190       0.00000000    
   23.7160854       0.00000000    
   23.7327518       0.00000000    
   23.7494183       0.00000000    
   23.7660847       0.00000000    
   23.7827511       0.00000000    
   23.7994175       0.00000000    
   23.8160839       0.00000000    
   23.8327503       0.00000000    
   23.8494167       0.00000000    
   23.8660831       0.00000000    
   23.8827496       0.00000000    
   23.8994160       0.00000000    
   23.9160824       0.00000000    
   23.9327488       0.00000000    
   23.9494152       0.00000000    
   23.9660816       0.00000000    
   23.9827480       0.00000000    
