   0.00000000       0.00000000    
   1.66660007E-02   0.00000000    
   3.33320014E-02   0.00000000    
   4.99980003E-02   0.00000000    
   6.66640028E-02   0.00000000    
   8.33300054E-02   0.00000000    
   9.99960080E-02   0.00000000    
  0.116662011       0.00000000    
  0.133328006       0.00000000    
  0.149994001       0.00000000    
  0.166659996       0.00000000    
  0.183325991       0.00000000    
  0.199991986       0.00000000    
  0.216657981       0.00000000    
  0.233323976       0.00000000    
  0.249989972       0.00000000    
  0.266655982       0.00000000    
  0.283321977       0.00000000    
  0.299987972       0.00000000    
  0.316653967       0.00000000    
  0.333319962       0.00000000    
  0.349985957       0.00000000    
  0.366651952       0.00000000    
  0.383317947       0.00000000    
  0.399983943       0.00000000    
  0.416649938       0.00000000    
  0.433315933       0.00000000    
  0.449981928       0.00000000    
  0.466647923       0.00000000    
  0.483313918       0.00000000    
  0.499979913       0.00000000    
  0.516645908       0.00000000    
  0.533311903       0.00000000    
  0.549977899       0.00000000    
  0.566643894       0.00000000    
  0.583309889       0.00000000    
  0.599975884       0.00000000    
  0.616641879       0.00000000    
  0.633307874       0.00000000    
  0.649973869       0.00000000    
  0.666639864       0.00000000    
  0.683305860       0.00000000    
  0.699971855       0.00000000    
  0.716637850       0.00000000    
  0.733303845       0.00000000    
  0.749969840       0.00000000    
  0.766635835       0.00000000    
  0.783301830       0.00000000    
  0.799967825       0.00000000    
  0.816633821       0.00000000    
  0.833299816       0.00000000    
  0.849965811       0.00000000    
  0.866631806       0.00000000    
  0.883297801       0.00000000    
  0.899963796       0.00000000    
  0.916629791       0.00000000    
  0.933295786       0.00000000    
  0.949961782       0.00000000    
  0.966627777       0.00000000    
  0.983293772       0.00000000    
  0.999959767       0.00000000    
   1.01662576       0.00000000    
   1.03329182       0.00000000    
   1.04995787       0.00000000    
   1.06662393       0.00000000    
   1.08328998       0.00000000    
   1.09995604       0.00000000    
   1.11662209       0.00000000    
   1.13328815       0.00000000    
   1.14995420       0.00000000    
   1.16662025       0.00000000    
   1.18328631       0.00000000    
   1.19995236       0.00000000    
   1.21661842       0.00000000    
   1.23328447       0.00000000    
   1.24995053       0.00000000    
   1.26661658       0.00000000    
   1.28328264       0.00000000    
   1.29994869       0.00000000    
   1.31661475       0.00000000    
   1.33328080       0.00000000    
   1.34994686       0.00000000    
   1.36661291       0.00000000    
   1.38327897       0.00000000    
   1.39994502       0.00000000    
   1.41661108       0.00000000    
   1.43327713       0.00000000    
   1.44994318       0.00000000    
   1.46660924       0.00000000    
   1.48327529       0.00000000    
   1.49994135       0.00000000    
   1.51660740       0.00000000    
   1.53327346       0.00000000    
   1.54993951       0.00000000    
   1.56660557       0.00000000    
   1.58327162       0.00000000    
   1.59993768       0.00000000    
   1.61660373       0.00000000    
   1.63326979       0.00000000    
   1.64993584       0.00000000    
   1.66660190       0.00000000    
   1.68326795       0.00000000    
   1.69993401       0.00000000    
   1.71660006       0.00000000    
   1.73326612       0.00000000    
   1.74993217       0.00000000    
   1.76659822       0.00000000    
   1.78326428       0.00000000    
   1.79993033       0.00000000    
   1.81659639       0.00000000    
   1.83326244       0.00000000    
   1.84992850       0.00000000    
   1.86659455       0.00000000    
   1.88326061       0.00000000    
   1.89992666       0.00000000    
   1.91659272       0.00000000    
   1.93325877       0.00000000    
   1.94992483       0.00000000    
   1.96659088       0.00000000    
   1.98325694       0.00000000    
   1.99992299       0.00000000    
   2.01658893       0.00000000    
   2.03325486       0.00000000    
   2.04992080       0.00000000    
   2.06658673       0.00000000    
   2.08325267       0.00000000    
   2.09991860       0.00000000    
   2.11658454       0.00000000    
   2.13325047       0.00000000    
   2.14991641       0.00000000    
   2.16658235       0.00000000    
   2.18324828       0.00000000    
   2.19991422       0.00000000    
   2.21658015       0.00000000    
   2.23324609       0.00000000    
   2.24991202       0.00000000    
   2.26657796       0.00000000    
   2.28324389       0.00000000    
   2.29990983       0.00000000    
   2.31657577       0.00000000    
   2.33324170       0.00000000    
   2.34990764       0.00000000    
   2.36657357       0.00000000    
   2.38323951       0.00000000    
   2.39990544       0.00000000    
   2.41657138       0.00000000    
   2.43323731       0.00000000    
   2.44990325       0.00000000    
   2.46656919       0.00000000    
   2.48323512       0.00000000    
   2.49990106       0.00000000    
   2.51656699       0.00000000    
   2.53323293       0.00000000    
   2.54989886       0.00000000    
   2.56656480       0.00000000    
   2.58323073       0.00000000    
   2.59989667       0.00000000    
   2.61656260       0.00000000    
   2.63322854       0.00000000    
   2.64989448       0.00000000    
   2.66656041       0.00000000    
   2.68322635       0.00000000    
   2.69989228       0.00000000    
   2.71655822       0.00000000    
   2.73322415       0.00000000    
   2.74989009       0.00000000    
   2.76655602       0.00000000    
   2.78322196       0.00000000    
   2.79988790       0.00000000    
   2.81655383       0.00000000    
   2.83321977       0.00000000    
   2.84988570       0.00000000    
   2.86655164       0.00000000    
   2.88321757       0.00000000    
   2.89988351       0.00000000    
   2.91654944       0.00000000    
   2.93321538       0.00000000    
   2.94988132       0.00000000    
   2.96654725       0.00000000    
   2.98321319       0.00000000    
   2.99987912       0.00000000    
   3.01654506       0.00000000    
   3.03321099       0.00000000    
   3.04987693       0.00000000    
   3.06654286       0.00000000    
   3.08320880       0.00000000    
   3.09987473       0.00000000    
   3.11654067       0.00000000    
   3.13320661       0.00000000    
   3.14987254       0.00000000    
   3.16653848       0.00000000    
   3.18320441       0.00000000    
   3.19987035       0.00000000    
   3.21653628       0.00000000    
   3.23320222       0.00000000    
   3.24986815       0.00000000    
   3.26653409       0.00000000    
   3.28320003       0.00000000    
   3.29986596       0.00000000    
   3.31653190       0.00000000    
   3.33319783       0.00000000    
   3.34986377       0.00000000    
   3.36652970       0.00000000    
   3.38319564       0.00000000    
   3.39986157       0.00000000    
   3.41652751       0.00000000    
   3.43319345       0.00000000    
   3.44985938       0.00000000    
   3.46652532       0.00000000    
   3.48319125       0.00000000    
   3.49985719       0.00000000    
   3.51652312       0.00000000    
   3.53318906       0.00000000    
   3.54985499       0.00000000    
   3.56652093       0.00000000    
   3.58318686       0.00000000    
   3.59985280       0.00000000    
   3.61651874       0.00000000    
   3.63318467       0.00000000    
   3.64985061       0.00000000    
   3.66651654       0.00000000    
   3.68318248       0.00000000    
   3.69984841       0.00000000    
   3.71651435       0.00000000    
   3.73318028       0.00000000    
   3.74984622       0.00000000    
   3.76651216       0.00000000    
   3.78317809       0.00000000    
   3.79984403       0.00000000    
   3.81650996       0.00000000    
   3.83317590       0.00000000    
   3.84984183       0.00000000    
   3.86650777       0.00000000    
   3.88317370       0.00000000    
   3.89983964       0.00000000    
   3.91650558       0.00000000    
   3.93317151       0.00000000    
   3.94983745       0.00000000    
   3.96650338       0.00000000    
   3.98316932       0.00000000    
   3.99983525       0.00000000    
   4.01650143       0.00000000    
   4.03316736       0.00000000    
   4.04983330       0.00000000    
   4.06649923       0.00000000    
   4.08316517       0.00000000    
   4.09983110       0.00000000    
   4.11649704       0.00000000    
   4.13316298       0.00000000    
   4.14982891       0.00000000    
   4.16649485       0.00000000    
   4.18316078       0.00000000    
   4.19982672       0.00000000    
   4.21649265       0.00000000    
   4.23315859       0.00000000    
   4.24982452       0.00000000    
   4.26649046       0.00000000    
   4.28315639       0.00000000    
   4.29982233       0.00000000    
   4.31648827       0.00000000    
   4.33315420       0.00000000    
   4.34982014       0.00000000    
   4.36648607       0.00000000    
   4.38315201       0.00000000    
   4.39981794       0.00000000    
   4.41648388       0.00000000    
   4.43314981       0.00000000    
   4.44981575       0.00000000    
   4.46648169       0.00000000    
   4.48314762       0.00000000    
   4.49981356       0.00000000    
   4.51647949       0.00000000    
   4.53314543       0.00000000    
   4.54981136       0.00000000    
   4.56647730       0.00000000    
   4.58314323       0.00000000    
   4.59980917       0.00000000    
   4.61647511       0.00000000    
   4.63314104       0.00000000    
   4.64980698       0.00000000    
   4.66647291       0.00000000    
   4.68313885       0.00000000    
   4.69980478       0.00000000    
   4.71647072       0.00000000    
   4.73313665       0.00000000    
   4.74980259       0.00000000    
   4.76646852       0.00000000    
   4.78313446       0.00000000    
   4.79980040       0.00000000    
   4.81646633       0.00000000    
   4.83313227       0.00000000    
   4.84979820       0.00000000    
   4.86646414       0.00000000    
   4.88313007       0.00000000    
   4.89979601       0.00000000    
   4.91646194       0.00000000    
   4.93312788       0.00000000    
   4.94979382       0.00000000    
   4.96645975       0.00000000    
   4.98312569       0.00000000    
   4.99979162       0.00000000    
   5.01645756       0.00000000    
   5.03312349       0.00000000    
   5.04978943       0.00000000    
   5.06645536       0.00000000    
   5.08312130       0.00000000    
   5.09978724       0.00000000    
   5.11645317       0.00000000    
   5.13311911       0.00000000    
   5.14978504       0.00000000    
   5.16645098       0.00000000    
   5.18311691       0.00000000    
   5.19978285       0.00000000    
   5.21644878       0.00000000    
   5.23311472       0.00000000    
   5.24978065       0.00000000    
   5.26644659       0.00000000    
   5.28311253       0.00000000    
   5.29977846       0.00000000    
   5.31644440       0.00000000    
   5.33311033       0.00000000    
   5.34977627       0.00000000    
   5.36644220       0.00000000    
   5.38310814       0.00000000    
   5.39977407       0.00000000    
   5.41644001       0.00000000    
   5.43310595       0.00000000    
   5.44977188       0.00000000    
   5.46643782       0.00000000    
   5.48310375       0.00000000    
   5.49976969       0.00000000    
   5.51643562       0.00000000    
   5.53310156       0.00000000    
   5.54976749       0.00000000    
   5.56643343       0.00000000    
   5.58309937       0.00000000    
   5.59976530       0.00000000    
   5.61643124       0.00000000    
   5.63309717       0.00000000    
   5.64976311       0.00000000    
   5.66642904       0.00000000    
   5.68309498       0.00000000    
   5.69976091       0.00000000    
   5.71642685       0.00000000    
   5.73309278       0.00000000    
   5.74975872       0.00000000    
   5.76642466       0.00000000    
   5.78309059       0.00000000    
   5.79975653       0.00000000    
   5.81642246       0.00000000    
   5.83308840       0.00000000    
   5.84975433       0.00000000    
   5.86642027       0.00000000    
   5.88308620       0.00000000    
   5.89975214       0.00000000    
   5.91641808       0.00000000    
   5.93308401       0.00000000    
   5.94974995       0.00000000    
   5.96641588       0.00000000    
   5.98308182       0.00000000    
   5.99974775       0.00000000    
   6.01641369       0.00000000    
   6.03307962       0.00000000    
   6.04974556       0.00000000    
   6.06641150       0.00000000    
   6.08307743       0.00000000    
   6.09974337       0.00000000    
   6.11640930       0.00000000    
   6.13307524       0.00000000    
   6.14974117       0.00000000    
   6.16640711       0.00000000    
   6.18307304       0.00000000    
   6.19973898       0.00000000    
   6.21640491       0.00000000    
   6.23307085       0.00000000    
   6.24973679       0.00000000    
   6.26640272       3.49499991E-19
   6.28306866       1.86999993E-15
   6.29973459       5.75499988E-13
   6.31640053       3.83800006E-11
   6.33306646       9.44400003E-10
   6.34973240       9.68500036E-09
   6.36639833       3.66799995E-08
   6.38306427       9.09399986E-08
   6.39973021       1.85000005E-07
   6.41639614       3.40100001E-07
   6.43306208       5.95199992E-07
   6.44972801       1.01399996E-06
   6.46639395       1.67200005E-06
   6.48305988       2.65399990E-06
   6.49972582       3.89600018E-06
   6.51639175       5.62900004E-06
   6.53305769       7.71400028E-06
   6.54972363       1.04500004E-05
   6.56638956       1.40700004E-05
   6.58305550       1.84199998E-05
   6.59972143       2.38199991E-05
   6.61638737       3.01500004E-05
   6.63305330       3.77799988E-05
   6.64971924       4.73799992E-05
   6.66638517       5.91099997E-05
   6.68305111       7.16499999E-05
   6.69971704       8.68799980E-05
   6.71638298       1.05799998E-04
   6.73304892       1.25499995E-04
   6.74971485       1.48199993E-04
   6.76638079       1.74200002E-04
   6.78304672       2.03999996E-04
   6.79971266       2.38499997E-04
   6.81637859       2.69200013E-04
   6.83304453       3.09499999E-04
   6.84971046       3.50899994E-04
   6.86637640       3.98400007E-04
   6.88304234       4.42199991E-04
   6.89970827       4.94199980E-04
   6.91637421       5.55999984E-04
   6.93304014       6.25399989E-04
   6.94970608       6.86899992E-04
   6.96637201       7.52900029E-04
   6.98303795       8.22899980E-04
   6.99970388       8.96500016E-04
   7.01636982       9.74000024E-04
   7.03303576       1.05500000E-03
   7.04970169       1.13999995E-03
   7.06636763       1.22800004E-03
   7.08303356       1.32000004E-03
   7.09969950       1.41499995E-03
   7.11636543       1.51400000E-03
   7.13303137       1.61599996E-03
   7.14969730       1.72199996E-03
   7.16636324       1.83199998E-03
   7.18302917       1.94500003E-03
   7.19969511       2.06200010E-03
   7.21636105       2.18300009E-03
   7.23302698       2.30800011E-03
   7.24969292       2.43599992E-03
   7.26635885       2.56800000E-03
   7.28302479       2.70500011E-03
   7.29969072       2.84500001E-03
   7.31635666       2.98999995E-03
   7.33302259       3.13799991E-03
   7.34968853       3.29099991E-03
   7.36635447       3.44799994E-03
   7.38302040       3.60900001E-03
   7.39968634       3.77500011E-03
   7.41635227       3.94599978E-03
   7.43301821       4.12099995E-03
   7.44968414       4.30000015E-03
   7.46635008       4.48400015E-03
   7.48301601       4.67299996E-03
   7.49968195       4.86700004E-03
   7.51634789       5.06500015E-03
   7.53301382       5.26899984E-03
   7.54967976       5.47700003E-03
   7.56634569       5.69099979E-03
   7.58301163       5.90999983E-03
   7.59967756       6.13400014E-03
   7.61634350       6.36400003E-03
   7.63300943       6.59900019E-03
   7.64967537       6.83900015E-03
   7.66634130       7.08500016E-03
   7.68300724       7.33700022E-03
   7.69967318       7.59400008E-03
   7.71633911       7.85700046E-03
   7.73300505       8.12599994E-03
   7.74967098       8.39999970E-03
   7.76633692       8.68100021E-03
   7.78300285       8.96700006E-03
   7.79966879       9.25999973E-03
   7.81633472       9.55899991E-03
   7.83300066       9.86300036E-03
   7.84966660       1.01699997E-02
   7.86633253       1.04900002E-02
   7.88299847       1.08200004E-02
   7.89966440       1.11499997E-02
   7.91633034       1.14799999E-02
   7.93299627       1.18199997E-02
   7.94966221       1.21700000E-02
   7.96632814       1.25299999E-02
   7.98299408       1.28899999E-02
   7.99966002       1.32600004E-02
   8.01632595       1.36399996E-02
   8.03299236       1.40199997E-02
   8.04965878       1.44100003E-02
   8.06632519       1.48099996E-02
   8.08299160       1.52099999E-02
   8.09965801       1.56199997E-02
   8.11632442       1.60399992E-02
   8.13299084       1.64599996E-02
   8.14965725       1.68999992E-02
   8.16632366       1.73300002E-02
   8.18299007       1.77800003E-02
   8.19965649       1.82300005E-02
   8.21632290       1.86899994E-02
   8.23298931       1.91600006E-02
   8.24965572       1.96300000E-02
   8.26632214       2.01099999E-02
   8.28298855       2.06000004E-02
   8.29965496       2.10999995E-02
   8.31632137       2.16000006E-02
   8.33298779       2.21100003E-02
   8.34965420       2.26300005E-02
   8.36632061       2.31500007E-02
   8.38298702       2.36900002E-02
   8.39965343       2.42299996E-02
   8.41631985       2.47699991E-02
   8.43298626       2.53299996E-02
   8.44965267       2.58900002E-02
   8.46631908       2.64599994E-02
   8.48298550       2.70300005E-02
   8.49965191       2.76100002E-02
   8.51631832       2.82099992E-02
   8.53298473       2.87999995E-02
   8.54965115       2.94100009E-02
   8.56631756       3.00200004E-02
   8.58298397       3.06400005E-02
   8.59965038       3.12700011E-02
   8.61631680       3.18999998E-02
   8.63298321       3.25400010E-02
   8.64964962       3.31900008E-02
   8.66631603       3.38400006E-02
   8.68298244       3.44999991E-02
   8.69964886       3.51700000E-02
   8.71631527       3.58499996E-02
   8.73298168       3.65299992E-02
   8.74964809       3.72299999E-02
   8.76631451       3.79199982E-02
   8.78298092       3.86300012E-02
   8.79964733       3.93400006E-02
   8.81631374       4.00500000E-02
   8.83298016       4.07800004E-02
   8.84964657       4.15100008E-02
   8.86631298       4.22499999E-02
   8.88297939       4.29899991E-02
   8.89964581       4.37400006E-02
   8.91631222       4.45000008E-02
   8.93297863       4.52699997E-02
   8.94964504       4.60399985E-02
   8.96631145       4.68100011E-02
   8.98297787       4.76000011E-02
   8.99964428       4.83900011E-02
   9.01631069       4.91800010E-02
   9.03297710       4.99799997E-02
   9.04964352       5.07900007E-02
   9.06630993       5.16000018E-02
   9.08297634       5.24200015E-02
   9.09964275       5.32499999E-02
   9.11630917       5.40799983E-02
   9.13297558       5.49199991E-02
   9.14964199       5.57599999E-02
   9.16630840       5.66099994E-02
   9.18297482       5.74700013E-02
   9.19964123       5.83299994E-02
   9.21630764       5.91900013E-02
   9.23297405       6.00599982E-02
   9.24964046       6.09299988E-02
   9.26630688       6.18200004E-02
   9.28297329       6.27000034E-02
   9.29963970       6.35899976E-02
   9.31630611       6.44899979E-02
   9.33297253       6.53899983E-02
   9.34963894       6.62899986E-02
   9.36630535       6.71999976E-02
   9.38297176       6.81200027E-02
   9.39963818       6.90400004E-02
   9.41630459       6.99599981E-02
   9.43297100       7.08800033E-02
   9.44963741       7.18199983E-02
   9.46630383       7.27500021E-02
   9.48297024       7.36899972E-02
   9.49963665       7.46399984E-02
   9.51630306       7.55800009E-02
   9.53296947       7.65300021E-02
   9.54963589       7.74900019E-02
   9.56630230       7.84400031E-02
   9.58296871       7.94100016E-02
   9.59963512       8.03700015E-02
   9.61630154       8.13400000E-02
   9.63296795       8.23099986E-02
   9.64963436       8.32799971E-02
   9.66630077       8.42600018E-02
   9.68296719       8.52399990E-02
   9.69963360       8.62200037E-02
   9.71630001       8.72000009E-02
   9.73296642       8.81899968E-02
   9.74963284       8.91800001E-02
   9.76629925       9.01700035E-02
   9.78296566       9.11599994E-02
   9.79963207       9.21600014E-02
   9.81629848       9.31499973E-02
   9.83296490       9.41499993E-02
   9.84963131       9.51500013E-02
   9.86629772       9.61600021E-02
   9.88296413       9.71599966E-02
   9.89963055       9.81599987E-02
   9.91629696       9.91699994E-02
   9.93296337      0.100199997    
   9.94962978      0.101199999    
   9.96629620      0.102200001    
   9.98296261      0.103200004    
   9.99962902      0.104199998    
   10.0162954      0.105200000    
   10.0329618      0.106200002    
   10.0496283      0.107199997    
   10.0662947      0.108199999    
   10.0829611      0.109300002    
   10.0996275      0.110299997    
   10.1162939      0.111299999    
   10.1329603      0.112300001    
   10.1496267      0.113300003    
   10.1662931      0.114299998    
   10.1829596      0.115300000    
   10.1996260      0.116300002    
   10.2162924      0.117299996    
   10.2329588      0.118299998    
   10.2496252      0.119300000    
   10.2662916      0.120300002    
   10.2829580      0.121299997    
   10.2996244      0.122299999    
   10.3162909      0.123300001    
   10.3329573      0.124300003    
   10.3496237      0.125300005    
   10.3662901      0.126300007    
   10.3829565      0.127299994    
   10.3996229      0.128299996    
   10.4162893      0.129299998    
   10.4329557      0.130199999    
   10.4496222      0.131200001    
   10.4662886      0.132200003    
   10.4829550      0.133200005    
   10.4996214      0.134200007    
   10.5162878      0.135100007    
   10.5329542      0.136099994    
   10.5496206      0.136999995    
   10.5662870      0.137999997    
   10.5829535      0.138999999    
   10.5996199      0.139899999    
   10.6162863      0.140799999    
   10.6329527      0.141800001    
   10.6496191      0.142700002    
   10.6662855      0.143700004    
   10.6829519      0.144600004    
   10.6996183      0.145500004    
   10.7162848      0.146500006    
   10.7329512      0.147400007    
   10.7496176      0.148200005    
   10.7662840      0.149200007    
   10.7829504      0.150099993    
   10.7996168      0.150999993    
   10.8162832      0.151899993    
   10.8329496      0.152799994    
   10.8496161      0.153600007    
   10.8662825      0.154499993    
   10.8829489      0.155399993    
   10.8996153      0.156299993    
   10.9162817      0.157100007    
   10.9329481      0.158000007    
   10.9496145      0.158800006    
   10.9662809      0.159600005    
   10.9829473      0.160500005    
   10.9996138      0.161300004    
   11.0162802      0.162100002    
   11.0329466      0.162900001    
   11.0496130      0.163699999    
   11.0662794      0.164499998    
   11.0829458      0.165299997    
   11.0996122      0.166099995    
   11.1162786      0.166899994    
   11.1329451      0.167600006    
   11.1496115      0.168400005    
   11.1662779      0.169100001    
   11.1829443      0.169900000    
   11.1996107      0.170599997    
   11.2162771      0.171299994    
   11.2329435      0.172099993    
   11.2496099      0.172800004    
   11.2662764      0.173500001    
   11.2829428      0.174199998    
   11.2996092      0.174899995    
   11.3162756      0.175600007    
   11.3329420      0.176300004    
   11.3496084      0.176899999    
   11.3662748      0.177599996    
   11.3829412      0.178200006    
   11.3996077      0.178900003    
   11.4162741      0.179499999    
   11.4329405      0.180099994    
   11.4496069      0.180800006    
   11.4662733      0.181400001    
   11.4829397      0.181899995    
   11.4996061      0.182500005    
   11.5162725      0.183100000    
   11.5329390      0.183699995    
   11.5496054      0.184300005    
   11.5662718      0.184799999    
   11.5829382      0.185299993    
   11.5996046      0.185900003    
   11.6162710      0.186399996    
   11.6329374      0.186900005    
   11.6496038      0.187399998    
   11.6662703      0.187900007    
   11.6829367      0.188299999    
   11.6996031      0.188800007    
   11.7162695      0.189300001    
   11.7329359      0.189700007    
   11.7496023      0.190200001    
   11.7662687      0.190599993    
   11.7829351      0.191000000    
   11.7996016      0.191400006    
   11.8162680      0.191799998    
   11.8329344      0.192200005    
   11.8496008      0.192399994    
   11.8662672      0.193000004    
   11.8829336      0.193299994    
   11.8996000      0.193700001    
   11.9162664      0.194000006    
   11.9329329      0.194299996    
   11.9495993      0.194700003    
   11.9662657      0.194900006    
   11.9829321      0.195199996    
   11.9995985      0.195500001    
   12.0162649      0.195800006    
   12.0329313      0.196099997    
   12.0495977      0.196300000    
   12.0662642      0.196500003    
   12.0829306      0.196799994    
   12.0995970      0.196999997    
   12.1162634      0.197099999    
   12.1329298      0.197400004    
   12.1495962      0.197500005    
   12.1662626      0.197699994    
   12.1829290      0.197899997    
   12.1995955      0.197999999    
   12.2162619      0.198200002    
   12.2329283      0.198300004    
   12.2495947      0.198400006    
   12.2662611      0.198500007    
   12.2829275      0.198599994    
   12.2995939      0.198699996    
   12.3162603      0.198699996    
   12.3329268      0.198799998    
   12.3495932      0.198799998    
   12.3662596      0.198899999    
   12.3829260      0.198899999    
   12.3995924      0.198899999    
   12.4162588      0.198899999    
   12.4329252      0.198899999    
   12.4495916      0.198899999    
   12.4662580      0.198899999    
   12.4829245      0.198799998    
   12.4995909      0.198799998    
   12.5162573      0.198699996    
   12.5329237      0.198599994    
   12.5495901      0.198500007    
   12.5662565      0.198400006    
   12.5829229      0.198300004    
   12.5995893      0.198200002    
   12.6162558      0.197999999    
   12.6329222      0.197899997    
   12.6495886      0.197699994    
   12.6662550      0.197500005    
   12.6829214      0.197400004    
   12.6995878      0.197099999    
   12.7162542      0.196999997    
   12.7329206      0.196799994    
   12.7495871      0.196500003    
   12.7662535      0.196300000    
   12.7829199      0.196099997    
   12.7995863      0.195800006    
   12.8162527      0.195500001    
   12.8329191      0.195199996    
   12.8495855      0.194999993    
   12.8662519      0.194700003    
   12.8829184      0.194299996    
   12.8995848      0.194000006    
   12.9162512      0.193700001    
   12.9329176      0.193299994    
   12.9495840      0.193000004    
   12.9662504      0.192499995    
   12.9829168      0.192200005    
   12.9995832      0.191799998    
   13.0162497      0.191499993    
   13.0329161      0.191000000    
   13.0495825      0.190599993    
   13.0662489      0.190200001    
   13.0829153      0.189799994    
   13.0995817      0.189300001    
   13.1162481      0.188800007    
   13.1329145      0.188400000    
   13.1495810      0.187900007    
   13.1662474      0.187399998    
   13.1829138      0.186900005    
   13.1995802      0.186399996    
   13.2162466      0.185900003    
   13.2329130      0.185299993    
   13.2495794      0.184799999    
   13.2662458      0.184300005    
   13.2829123      0.183699995    
   13.2995787      0.183100000    
   13.3162451      0.182500005    
   13.3329115      0.181899995    
   13.3495779      0.181400001    
   13.3662443      0.180800006    
   13.3829107      0.180199996    
   13.3995771      0.179499999    
   13.4162436      0.178900003    
   13.4329100      0.178299993    
   13.4495764      0.177599996    
   13.4662428      0.176899999    
   13.4829092      0.176300004    
   13.4995756      0.175600007    
   13.5162420      0.174899995    
   13.5329084      0.174199998    
   13.5495749      0.173500001    
   13.5662413      0.172800004    
   13.5829077      0.172099993    
   13.5995741      0.171299994    
   13.6162405      0.170599997    
   13.6329069      0.169900000    
   13.6495733      0.169200003    
   13.6662397      0.168400005    
   13.6829062      0.167699993    
   13.6995726      0.166899994    
   13.7162390      0.166099995    
   13.7329054      0.165299997    
   13.7495718      0.164499998    
   13.7662382      0.163699999    
   13.7829046      0.162900001    
   13.7995710      0.162100002    
   13.8162374      0.161300004    
   13.8329039      0.160500005    
   13.8495703      0.159600005    
   13.8662367      0.158800006    
   13.8829031      0.158000007    
   13.8995695      0.157100007    
   13.9162359      0.156299993    
   13.9329023      0.155399993    
   13.9495687      0.154499993    
   13.9662352      0.153600007    
   13.9829016      0.152799994    
   13.9995680      0.151899993    
   14.0162344      0.150999993    
   14.0329008      0.150099993    
   14.0495672      0.149200007    
   14.0662336      0.148200005    
   14.0829000      0.147400007    
   14.0995665      0.146500006    
   14.1162329      0.145500004    
   14.1328993      0.144600004    
   14.1495657      0.143700004    
   14.1662321      0.142800003    
   14.1828985      0.141800001    
   14.1995649      0.140900001    
   14.2162313      0.139899999    
   14.2328978      0.138999999    
   14.2495642      0.137999997    
   14.2662306      0.137099996    
   14.2828970      0.136099994    
   14.2995634      0.135199994    
   14.3162298      0.134200007    
   14.3328962      0.133200005    
   14.3495626      0.132200003    
   14.3662291      0.131200001    
   14.3828955      0.130199999    
   14.3995619      0.129299998    
   14.4162283      0.128299996    
   14.4328947      0.127299994    
   14.4495611      0.126300007    
   14.4662275      0.125300005    
   14.4828939      0.124399997    
   14.4995604      0.123300001    
   14.5162268      0.122299999    
   14.5328932      0.121399999    
   14.5495596      0.120399997    
   14.5662260      0.119400002    
   14.5828924      0.118400000    
   14.5995588      0.117299996    
   14.6162252      0.116300002    
   14.6328917      0.115300000    
   14.6495581      0.114299998    
   14.6662245      0.113300003    
   14.6828909      0.112300001    
   14.6995573      0.111299999    
   14.7162237      0.110299997    
   14.7328901      0.109300002    
   14.7495565      0.108199999    
   14.7662230      0.107299998    
   14.7828894      0.106200002    
   14.7995558      0.105200000    
   14.8162222      0.104199998    
   14.8328886      0.103200004    
   14.8495550      0.102200001    
   14.8662214      0.101199999    
   14.8828878      0.100199997    
   14.8995543       9.91899967E-02
   14.9162207       9.81800035E-02
   14.9328871       9.71800014E-02
   14.9495535       9.61700007E-02
   14.9662199       9.51699987E-02
   14.9828863       9.41699967E-02
   14.9995527       9.31700021E-02
   15.0162191       9.21700001E-02
   15.0328856       9.11799967E-02
   15.0495520       9.01900008E-02
   15.0662184       8.91899988E-02
   15.0828848       8.82100016E-02
   15.0995512       8.72199982E-02
   15.1162176       8.62400010E-02
   15.1328840       8.52499977E-02
   15.1495504       8.42700005E-02
   15.1662169       8.33000019E-02
   15.1828833       8.23300034E-02
   15.1995497       8.13499987E-02
   15.2162161       8.03899989E-02
   15.2328825       7.94200003E-02
   15.2495489       7.84600005E-02
   15.2662153       7.75000006E-02
   15.2828817       7.65499994E-02
   15.2995481       7.55999982E-02
   15.3162146       7.46499971E-02
   15.3328810       7.37100020E-02
   15.3495474       7.27699995E-02
   15.3662138       7.18299970E-02
   15.3828802       7.09000006E-02
   15.3995466       6.99800029E-02
   15.4162130       6.90499991E-02
   15.4328794       6.81300014E-02
   15.4495459       6.72200024E-02
   15.4662123       6.63100034E-02
   15.4828787       6.54100031E-02
   15.4995451       6.45100027E-02
   15.5162115       6.36100024E-02
   15.5328779       6.27200007E-02
   15.5495443       6.18299991E-02
   15.5662107       6.09499998E-02
   15.5828772       6.00799993E-02
   15.5995436       5.92099987E-02
   15.6162100       5.83400019E-02
   15.6328764       5.74800000E-02
   15.6495428       5.66300005E-02
   15.6662092       5.57800010E-02
   15.6828756       5.49400002E-02
   15.6995420       5.40999994E-02
   15.7162085       5.32700010E-02
   15.7328749       5.24399988E-02
   15.7495413       5.16199991E-02
   15.7662077       5.08100018E-02
   15.7828741       5.00000007E-02
   15.7995405       4.91999984E-02
   15.8162069       4.83999997E-02
   15.8328733       4.76099998E-02
   15.8495398       4.68299985E-02
   15.8662062       4.60500009E-02
   15.8828726       4.52799983E-02
   15.8995390       4.45200019E-02
   15.9162054       4.37600017E-02
   15.9328718       4.30100001E-02
   15.9495382       4.22700010E-02
   15.9662046       4.15299982E-02
   15.9828711       4.08000015E-02
   15.9995375       4.00700010E-02
   16.0162029       3.93499993E-02
   16.0328693       3.86399999E-02
   16.0495358       3.79399993E-02
   16.0662022       3.72399986E-02
   16.0828686       3.65500003E-02
   16.0995350       3.58700007E-02
   16.1162014       3.51900011E-02
   16.1328678       3.45200002E-02
   16.1495342       3.38600017E-02
   16.1662006       3.31999995E-02
   16.1828671       3.25599983E-02
   16.1995335       3.19200009E-02
   16.2161999       3.12799998E-02
   16.2328663       3.06599997E-02
   16.2495327       3.00399996E-02
   16.2661991       2.94199996E-02
   16.2828655       2.88200006E-02
   16.2995319       2.82199997E-02
   16.3161983       2.76299994E-02
   16.3328648       2.70499997E-02
   16.3495312       2.64699999E-02
   16.3661976       2.59000007E-02
   16.3828640       2.53400002E-02
   16.3995304       2.47900002E-02
   16.4161968       2.42400002E-02
   16.4328632       2.37000007E-02
   16.4495296       2.31699999E-02
   16.4661961       2.26399992E-02
   16.4828625       2.21299995E-02
   16.4995289       2.16199998E-02
   16.5161953       2.11100001E-02
   16.5328617       2.06199996E-02
   16.5495281       2.01299991E-02
   16.5661945       1.96499992E-02
   16.5828609       1.91699993E-02
   16.5995274       1.87100004E-02
   16.6161938       1.82499997E-02
   16.6328602       1.77900009E-02
   16.6495266       1.73499994E-02
   16.6661930       1.69099998E-02
   16.6828594       1.64800007E-02
   16.6995258       1.60499997E-02
   16.7161922       1.56299993E-02
   16.7328587       1.52200004E-02
   16.7495251       1.48200002E-02
   16.7661915       1.44199999E-02
   16.7828579       1.40300002E-02
   16.7995243       1.36500001E-02
   16.8161907       1.32700000E-02
   16.8328571       1.29000004E-02
   16.8495235       1.25399996E-02
   16.8661900       1.21900002E-02
   16.8828564       1.18399998E-02
   16.8995228       1.14900004E-02
   16.9161892       1.11600002E-02
   16.9328556       1.08300000E-02
   16.9495220       1.04999999E-02
   16.9661884       1.01800002E-02
   16.9828548       9.87299997E-03
   16.9995213       9.56800021E-03
   17.0161877       9.26900003E-03
   17.0328541       8.97600036E-03
   17.0495205       8.68999958E-03
   17.0661869       8.40900000E-03
   17.0828533       8.13400000E-03
   17.0995197       7.86599983E-03
   17.1161861       7.60200014E-03
   17.1328526       7.34499982E-03
   17.1495190       7.09300023E-03
   17.1661854       6.84700022E-03
   17.1828518       6.60699978E-03
   17.1995182       6.37200009E-03
   17.2161846       6.14200020E-03
   17.2328510       5.91799989E-03
   17.2495174       5.69899986E-03
   17.2661839       5.48500009E-03
   17.2828503       5.27600013E-03
   17.2995167       5.07199997E-03
   17.3161831       4.87300009E-03
   17.3328495       4.67900001E-03
   17.3495159       4.49000020E-03
   17.3661823       4.30600019E-03
   17.3828487       4.12699999E-03
   17.3995152       3.95199982E-03
   17.4161816       3.78099992E-03
   17.4328480       3.61500005E-03
   17.4495144       3.45399999E-03
   17.4661808       3.29699996E-03
   17.4828472       3.14399996E-03
   17.4995136       2.99499999E-03
   17.5161800       2.85000005E-03
   17.5328465       2.70999991E-03
   17.5495129       2.57400004E-03
   17.5661793       2.44099996E-03
   17.5828457       2.31199991E-03
   17.5995121       2.18799990E-03
   17.6161785       2.06699991E-03
   17.6328449       1.94999995E-03
   17.6495113       1.83600001E-03
   17.6661777       1.72599999E-03
   17.6828442       1.62000000E-03
   17.6995106       1.51800003E-03
   17.7161770       1.41899998E-03
   17.7328434       1.32299995E-03
   17.7495098       1.23099994E-03
   17.7661762       1.14299997E-03
   17.7828426       1.05800002E-03
   17.7995090       9.77099990E-04
   17.8161755       8.99399980E-04
   17.8328419       8.25600000E-04
   17.8495083       7.55499990E-04
   17.8661747       6.89500012E-04
   17.8828411       6.27700007E-04
   17.8995075       5.58800006E-04
   17.9161739       4.96499997E-04
   17.9328403       4.44100006E-04
   17.9495068       3.99999990E-04
   17.9661732       3.53200012E-04
   17.9828396       3.10900010E-04
   17.9995060       2.70899996E-04
   18.0161724       2.39600005E-04
   18.0328388       2.05000004E-04
   18.0495052       1.75199995E-04
   18.0661716       1.49000000E-04
   18.0828381       1.26200001E-04
   18.0995045       1.06400003E-04
   18.1161709       8.77600032E-05
   18.1328373       7.21699980E-05
   18.1495037       5.98299994E-05
   18.1661701       4.77600006E-05
   18.1828365       3.81899990E-05
   18.1995029       3.07500013E-05
   18.2161694       2.40000008E-05
   18.2328358       1.85699992E-05
   18.2495022       1.42299996E-05
   18.2661686       1.06400003E-05
   18.2828350       7.81699964E-06
   18.2995014       5.69499980E-06
   18.3161678       3.96599989E-06
   18.3328342       2.69099996E-06
   18.3495007       1.70299995E-06
   18.3661671       1.04000003E-06
   18.3828335       6.15799991E-07
   18.3994999       3.53199994E-07
   18.4161663       1.91400005E-07
   18.4328327       9.41800025E-08
   18.4494991       3.81700005E-08
   18.4661655       1.09800000E-08
   18.4828320       1.06999998E-09
   18.4994984       4.93599987E-11
   18.5161648       6.97099984E-13
   18.5328312       2.46999995E-15
   18.5494976       6.09200013E-19
   18.5661640       0.00000000    
   18.5828304       0.00000000    
   18.5994968       0.00000000    
   18.6161633       0.00000000    
   18.6328297       0.00000000    
   18.6494961       0.00000000    
   18.6661625       0.00000000    
   18.6828289       0.00000000    
   18.6994953       0.00000000    
   18.7161617       0.00000000    
   18.7328281       0.00000000    
   18.7494946       0.00000000    
   18.7661610       0.00000000    
   18.7828274       0.00000000    
   18.7994938       0.00000000    
   18.8161602       0.00000000    
   18.8328266       0.00000000    
   18.8494930       0.00000000    
   18.8661594       0.00000000    
   18.8828259       0.00000000    
   18.8994923       0.00000000    
   18.9161587       0.00000000    
   18.9328251       0.00000000    
   18.9494915       0.00000000    
   18.9661579       0.00000000    
   18.9828243       0.00000000    
   18.9994907       0.00000000    
   19.0161572       0.00000000    
   19.0328236       0.00000000    
   19.0494900       0.00000000    
   19.0661564       0.00000000    
   19.0828228       0.00000000    
   19.0994892       0.00000000    
   19.1161556       0.00000000    
   19.1328220       0.00000000    
   19.1494884       0.00000000    
   19.1661549       0.00000000    
   19.1828213       0.00000000    
   19.1994877       0.00000000    
   19.2161541       0.00000000    
   19.2328205       0.00000000    
   19.2494869       0.00000000    
   19.2661533       0.00000000    
   19.2828197       0.00000000    
   19.2994862       0.00000000    
   19.3161526       0.00000000    
   19.3328190       0.00000000    
   19.3494854       0.00000000    
   19.3661518       0.00000000    
   19.3828182       0.00000000    
   19.3994846       0.00000000    
   19.4161510       0.00000000    
   19.4328175       0.00000000    
   19.4494839       0.00000000    
   19.4661503       0.00000000    
   19.4828167       0.00000000    
   19.4994831       0.00000000    
   19.5161495       0.00000000    
   19.5328159       0.00000000    
   19.5494823       0.00000000    
   19.5661488       0.00000000    
   19.5828152       0.00000000    
   19.5994816       0.00000000    
   19.6161480       0.00000000    
   19.6328144       0.00000000    
   19.6494808       0.00000000    
   19.6661472       0.00000000    
   19.6828136       0.00000000    
   19.6994801       0.00000000    
   19.7161465       0.00000000    
   19.7328129       0.00000000    
   19.7494793       0.00000000    
   19.7661457       0.00000000    
   19.7828121       0.00000000    
   19.7994785       0.00000000    
   19.8161449       0.00000000    
   19.8328114       0.00000000    
   19.8494778       0.00000000    
   19.8661442       0.00000000    
   19.8828106       0.00000000    
   19.8994770       0.00000000    
   19.9161434       0.00000000    
   19.9328098       0.00000000    
   19.9494762       0.00000000    
   19.9661427       0.00000000    
   19.9828091       0.00000000    
   19.9994755       0.00000000    
   20.0161419       0.00000000    
   20.0328083       0.00000000    
   20.0494747       0.00000000    
   20.0661411       0.00000000    
   20.0828075       0.00000000    
   20.0994740       0.00000000    
   20.1161404       0.00000000    
   20.1328068       0.00000000    
   20.1494732       0.00000000    
   20.1661396       0.00000000    
   20.1828060       0.00000000    
   20.1994724       0.00000000    
   20.2161388       0.00000000    
   20.2328053       0.00000000    
   20.2494717       0.00000000    
   20.2661381       0.00000000    
   20.2828045       0.00000000    
   20.2994709       0.00000000    
   20.3161373       0.00000000    
   20.3328037       0.00000000    
   20.3494701       0.00000000    
   20.3661366       0.00000000    
   20.3828030       0.00000000    
   20.3994694       0.00000000    
   20.4161358       0.00000000    
   20.4328022       0.00000000    
   20.4494686       0.00000000    
   20.4661350       0.00000000    
   20.4828014       0.00000000    
   20.4994678       0.00000000    
   20.5161343       0.00000000    
   20.5328007       0.00000000    
   20.5494671       0.00000000    
   20.5661335       0.00000000    
   20.5827999       0.00000000    
   20.5994663       0.00000000    
   20.6161327       0.00000000    
   20.6327991       0.00000000    
   20.6494656       0.00000000    
   20.6661320       0.00000000    
   20.6827984       0.00000000    
   20.6994648       0.00000000    
   20.7161312       0.00000000    
   20.7327976       0.00000000    
   20.7494640       0.00000000    
   20.7661304       0.00000000    
   20.7827969       0.00000000    
   20.7994633       0.00000000    
   20.8161297       0.00000000    
   20.8327961       0.00000000    
   20.8494625       0.00000000    
   20.8661289       0.00000000    
   20.8827953       0.00000000    
   20.8994617       0.00000000    
   20.9161282       0.00000000    
   20.9327946       0.00000000    
   20.9494610       0.00000000    
   20.9661274       0.00000000    
   20.9827938       0.00000000    
   20.9994602       0.00000000    
   21.0161266       0.00000000    
   21.0327930       0.00000000    
   21.0494595       0.00000000    
   21.0661259       0.00000000    
   21.0827923       0.00000000    
   21.0994587       0.00000000    
   21.1161251       0.00000000    
   21.1327915       0.00000000    
   21.1494579       0.00000000    
   21.1661243       0.00000000    
   21.1827908       0.00000000    
   21.1994572       0.00000000    
   21.2161236       0.00000000    
   21.2327900       0.00000000    
   21.2494564       0.00000000    
   21.2661228       0.00000000    
   21.2827892       0.00000000    
   21.2994556       0.00000000    
   21.3161221       0.00000000    
   21.3327885       0.00000000    
   21.3494549       0.00000000    
   21.3661213       0.00000000    
   21.3827877       0.00000000    
   21.3994541       0.00000000    
   21.4161205       0.00000000    
   21.4327869       0.00000000    
   21.4494534       0.00000000    
   21.4661198       0.00000000    
   21.4827862       0.00000000    
   21.4994526       0.00000000    
   21.5161190       0.00000000    
   21.5327854       0.00000000    
   21.5494518       0.00000000    
   21.5661182       0.00000000    
   21.5827847       0.00000000    
   21.5994511       0.00000000    
   21.6161175       0.00000000    
   21.6327839       0.00000000    
   21.6494503       0.00000000    
   21.6661167       0.00000000    
   21.6827831       0.00000000    
   21.6994495       0.00000000    
   21.7161160       0.00000000    
   21.7327824       0.00000000    
   21.7494488       0.00000000    
   21.7661152       0.00000000    
   21.7827816       0.00000000    
   21.7994480       0.00000000    
   21.8161144       0.00000000    
   21.8327808       0.00000000    
   21.8494473       0.00000000    
   21.8661137       0.00000000    
   21.8827801       0.00000000    
   21.8994465       0.00000000    
   21.9161129       0.00000000    
   21.9327793       0.00000000    
   21.9494457       0.00000000    
   21.9661121       0.00000000    
   21.9827785       0.00000000    
   21.9994450       0.00000000    
   22.0161114       0.00000000    
   22.0327778       0.00000000    
   22.0494442       0.00000000    
   22.0661106       0.00000000    
   22.0827770       0.00000000    
   22.0994434       0.00000000    
   22.1161098       0.00000000    
   22.1327763       0.00000000    
   22.1494427       0.00000000    
   22.1661091       0.00000000    
   22.1827755       0.00000000    
   22.1994419       0.00000000    
   22.2161083       0.00000000    
   22.2327747       0.00000000    
   22.2494411       0.00000000    
   22.2661076       0.00000000    
   22.2827740       0.00000000    
   22.2994404       0.00000000    
   22.3161068       0.00000000    
   22.3327732       0.00000000    
   22.3494396       0.00000000    
   22.3661060       0.00000000    
   22.3827724       0.00000000    
   22.3994389       0.00000000    
   22.4161053       0.00000000    
   22.4327717       0.00000000    
   22.4494381       0.00000000    
   22.4661045       0.00000000    
   22.4827709       0.00000000    
   22.4994373       0.00000000    
   22.5161037       0.00000000    
   22.5327702       0.00000000    
   22.5494366       0.00000000    
   22.5661030       0.00000000    
   22.5827694       0.00000000    
   22.5994358       0.00000000    
   22.6161022       0.00000000    
   22.6327686       0.00000000    
   22.6494350       0.00000000    
   22.6661015       0.00000000    
   22.6827679       0.00000000    
   22.6994343       0.00000000    
   22.7161007       0.00000000    
   22.7327671       0.00000000    
   22.7494335       0.00000000    
   22.7660999       0.00000000    
   22.7827663       0.00000000    
   22.7994328       0.00000000    
   22.8160992       0.00000000    
   22.8327656       0.00000000    
   22.8494320       0.00000000    
   22.8660984       0.00000000    
   22.8827648       0.00000000    
   22.8994312       0.00000000    
   22.9160976       0.00000000    
   22.9327641       0.00000000    
   22.9494305       0.00000000    
   22.9660969       0.00000000    
   22.9827633       0.00000000    
   22.9994297       0.00000000    
   23.0160961       0.00000000    
   23.0327625       0.00000000    
   23.0494289       0.00000000    
   23.0660954       0.00000000    
   23.0827618       0.00000000    
   23.0994282       0.00000000    
   23.1160946       0.00000000    
   23.1327610       0.00000000    
   23.1494274       0.00000000    
   23.1660938       0.00000000    
   23.1827602       0.00000000    
   23.1994267       0.00000000    
   23.2160931       0.00000000    
   23.2327595       0.00000000    
   23.2494259       0.00000000    
   23.2660923       0.00000000    
   23.2827587       0.00000000    
   23.2994251       0.00000000    
   23.3160915       0.00000000    
   23.3327579       0.00000000    
   23.3494244       0.00000000    
   23.3660908       0.00000000    
   23.3827572       0.00000000    
   23.3994236       0.00000000    
   23.4160900       0.00000000    
   23.4327564       0.00000000    
   23.4494228       0.00000000    
   23.4660892       0.00000000    
   23.4827557       0.00000000    
   23.4994221       0.00000000    
   23.5160885       0.00000000    
   23.5327549       0.00000000    
   23.5494213       0.00000000    
   23.5660877       0.00000000    
   23.5827541       0.00000000    
   23.5994205       0.00000000    
   23.6160870       0.00000000    
   23.6327534       0.00000000    
   23.6494198       0.00000000    
   23.6660862       0.00000000    
   23.6827526       0.00000000    
   23.6994190       0.00000000    
   23.7160854       0.00000000    
   23.7327518       0.00000000    
   23.7494183       0.00000000    
   23.7660847       0.00000000    
   23.7827511       0.00000000    
   23.7994175       0.00000000    
   23.8160839       0.00000000    
   23.8327503       0.00000000    
   23.8494167       0.00000000    
   23.8660831       0.00000000    
   23.8827496       0.00000000    
   23.8994160       0.00000000    
   23.9160824       0.00000000    
   23.9327488       0.00000000    
   23.9494152       0.00000000    
   23.9660816       0.00000000    
   23.9827480       0.00000000    
