   0.00000000       0.00000000    
   1.66660007E-02   0.00000000    
   3.33320014E-02   0.00000000    
   4.99980003E-02   0.00000000    
   6.66640028E-02   0.00000000    
   8.33300054E-02   0.00000000    
   9.99960080E-02   0.00000000    
  0.116662011       0.00000000    
  0.133328006       0.00000000    
  0.149994001       0.00000000    
  0.166659996       0.00000000    
  0.183325991       0.00000000    
  0.199991986       0.00000000    
  0.216657981       0.00000000    
  0.233323976       0.00000000    
  0.249989972       0.00000000    
  0.266655982       0.00000000    
  0.283321977       0.00000000    
  0.299987972       0.00000000    
  0.316653967       0.00000000    
  0.333319962       0.00000000    
  0.349985957       0.00000000    
  0.366651952       0.00000000    
  0.383317947       0.00000000    
  0.399983943       0.00000000    
  0.416649938       0.00000000    
  0.433315933       0.00000000    
  0.449981928       0.00000000    
  0.466647923       0.00000000    
  0.483313918       0.00000000    
  0.499979913       0.00000000    
  0.516645908       0.00000000    
  0.533311903       0.00000000    
  0.549977899       0.00000000    
  0.566643894       0.00000000    
  0.583309889       0.00000000    
  0.599975884       0.00000000    
  0.616641879       0.00000000    
  0.633307874       0.00000000    
  0.649973869       0.00000000    
  0.666639864       0.00000000    
  0.683305860       0.00000000    
  0.699971855       0.00000000    
  0.716637850       0.00000000    
  0.733303845       0.00000000    
  0.749969840       0.00000000    
  0.766635835       0.00000000    
  0.783301830       0.00000000    
  0.799967825       0.00000000    
  0.816633821       0.00000000    
  0.833299816       0.00000000    
  0.849965811       0.00000000    
  0.866631806       0.00000000    
  0.883297801       0.00000000    
  0.899963796       0.00000000    
  0.916629791       0.00000000    
  0.933295786       0.00000000    
  0.949961782       0.00000000    
  0.966627777       0.00000000    
  0.983293772       0.00000000    
  0.999959767       0.00000000    
   1.01662576       0.00000000    
   1.03329182       0.00000000    
   1.04995787       0.00000000    
   1.06662393       0.00000000    
   1.08328998       0.00000000    
   1.09995604       0.00000000    
   1.11662209       0.00000000    
   1.13328815       0.00000000    
   1.14995420       0.00000000    
   1.16662025       0.00000000    
   1.18328631       0.00000000    
   1.19995236       0.00000000    
   1.21661842       0.00000000    
   1.23328447       0.00000000    
   1.24995053       0.00000000    
   1.26661658       0.00000000    
   1.28328264       0.00000000    
   1.29994869       0.00000000    
   1.31661475       0.00000000    
   1.33328080       0.00000000    
   1.34994686       0.00000000    
   1.36661291       0.00000000    
   1.38327897       0.00000000    
   1.39994502       0.00000000    
   1.41661108       0.00000000    
   1.43327713       0.00000000    
   1.44994318       0.00000000    
   1.46660924       0.00000000    
   1.48327529       0.00000000    
   1.49994135       0.00000000    
   1.51660740       0.00000000    
   1.53327346       0.00000000    
   1.54993951       0.00000000    
   1.56660557       0.00000000    
   1.58327162       0.00000000    
   1.59993768       0.00000000    
   1.61660373       0.00000000    
   1.63326979       0.00000000    
   1.64993584       0.00000000    
   1.66660190       0.00000000    
   1.68326795       0.00000000    
   1.69993401       0.00000000    
   1.71660006       0.00000000    
   1.73326612       0.00000000    
   1.74993217       0.00000000    
   1.76659822       0.00000000    
   1.78326428       0.00000000    
   1.79993033       0.00000000    
   1.81659639       0.00000000    
   1.83326244       0.00000000    
   1.84992850       0.00000000    
   1.86659455       0.00000000    
   1.88326061       0.00000000    
   1.89992666       0.00000000    
   1.91659272       0.00000000    
   1.93325877       0.00000000    
   1.94992483       0.00000000    
   1.96659088       0.00000000    
   1.98325694       0.00000000    
   1.99992299       0.00000000    
   2.01658893       0.00000000    
   2.03325486       0.00000000    
   2.04992080       0.00000000    
   2.06658673       0.00000000    
   2.08325267       0.00000000    
   2.09991860       0.00000000    
   2.11658454       0.00000000    
   2.13325047       0.00000000    
   2.14991641       0.00000000    
   2.16658235       0.00000000    
   2.18324828       0.00000000    
   2.19991422       0.00000000    
   2.21658015       0.00000000    
   2.23324609       0.00000000    
   2.24991202       0.00000000    
   2.26657796       0.00000000    
   2.28324389       0.00000000    
   2.29990983       0.00000000    
   2.31657577       0.00000000    
   2.33324170       0.00000000    
   2.34990764       0.00000000    
   2.36657357       0.00000000    
   2.38323951       0.00000000    
   2.39990544       0.00000000    
   2.41657138       0.00000000    
   2.43323731       0.00000000    
   2.44990325       0.00000000    
   2.46656919       0.00000000    
   2.48323512       0.00000000    
   2.49990106       0.00000000    
   2.51656699       0.00000000    
   2.53323293       0.00000000    
   2.54989886       0.00000000    
   2.56656480       0.00000000    
   2.58323073       0.00000000    
   2.59989667       0.00000000    
   2.61656260       0.00000000    
   2.63322854       0.00000000    
   2.64989448       0.00000000    
   2.66656041       0.00000000    
   2.68322635       0.00000000    
   2.69989228       0.00000000    
   2.71655822       0.00000000    
   2.73322415       0.00000000    
   2.74989009       0.00000000    
   2.76655602       0.00000000    
   2.78322196       0.00000000    
   2.79988790       0.00000000    
   2.81655383       0.00000000    
   2.83321977       0.00000000    
   2.84988570       0.00000000    
   2.86655164       0.00000000    
   2.88321757       0.00000000    
   2.89988351       0.00000000    
   2.91654944       0.00000000    
   2.93321538       0.00000000    
   2.94988132       0.00000000    
   2.96654725       0.00000000    
   2.98321319       0.00000000    
   2.99987912       0.00000000    
   3.01654506       0.00000000    
   3.03321099       0.00000000    
   3.04987693       0.00000000    
   3.06654286       0.00000000    
   3.08320880       0.00000000    
   3.09987473       0.00000000    
   3.11654067       0.00000000    
   3.13320661       0.00000000    
   3.14987254       0.00000000    
   3.16653848       0.00000000    
   3.18320441       0.00000000    
   3.19987035       0.00000000    
   3.21653628       0.00000000    
   3.23320222       0.00000000    
   3.24986815       0.00000000    
   3.26653409       0.00000000    
   3.28320003       0.00000000    
   3.29986596       0.00000000    
   3.31653190       0.00000000    
   3.33319783       0.00000000    
   3.34986377       0.00000000    
   3.36652970       0.00000000    
   3.38319564       0.00000000    
   3.39986157       0.00000000    
   3.41652751       0.00000000    
   3.43319345       0.00000000    
   3.44985938       0.00000000    
   3.46652532       0.00000000    
   3.48319125       0.00000000    
   3.49985719       0.00000000    
   3.51652312       0.00000000    
   3.53318906       0.00000000    
   3.54985499       0.00000000    
   3.56652093       0.00000000    
   3.58318686       0.00000000    
   3.59985280       0.00000000    
   3.61651874       0.00000000    
   3.63318467       0.00000000    
   3.64985061       0.00000000    
   3.66651654       0.00000000    
   3.68318248       0.00000000    
   3.69984841       0.00000000    
   3.71651435       0.00000000    
   3.73318028       0.00000000    
   3.74984622       0.00000000    
   3.76651216       0.00000000    
   3.78317809       0.00000000    
   3.79984403       0.00000000    
   3.81650996       0.00000000    
   3.83317590       0.00000000    
   3.84984183       0.00000000    
   3.86650777       0.00000000    
   3.88317370       0.00000000    
   3.89983964       0.00000000    
   3.91650558       0.00000000    
   3.93317151       0.00000000    
   3.94983745       0.00000000    
   3.96650338       0.00000000    
   3.98316932       0.00000000    
   3.99983525       0.00000000    
   4.01650143       0.00000000    
   4.03316736       0.00000000    
   4.04983330       0.00000000    
   4.06649923       0.00000000    
   4.08316517       0.00000000    
   4.09983110       0.00000000    
   4.11649704       0.00000000    
   4.13316298       0.00000000    
   4.14982891       0.00000000    
   4.16649485       0.00000000    
   4.18316078       0.00000000    
   4.19982672       0.00000000    
   4.21649265       0.00000000    
   4.23315859       0.00000000    
   4.24982452       0.00000000    
   4.26649046       0.00000000    
   4.28315639       0.00000000    
   4.29982233       0.00000000    
   4.31648827       0.00000000    
   4.33315420       0.00000000    
   4.34982014       0.00000000    
   4.36648607       0.00000000    
   4.38315201       0.00000000    
   4.39981794       0.00000000    
   4.41648388       0.00000000    
   4.43314981       0.00000000    
   4.44981575       0.00000000    
   4.46648169       0.00000000    
   4.48314762       0.00000000    
   4.49981356       0.00000000    
   4.51647949       0.00000000    
   4.53314543       0.00000000    
   4.54981136       0.00000000    
   4.56647730       0.00000000    
   4.58314323       0.00000000    
   4.59980917       0.00000000    
   4.61647511       0.00000000    
   4.63314104       0.00000000    
   4.64980698       0.00000000    
   4.66647291       0.00000000    
   4.68313885       0.00000000    
   4.69980478       0.00000000    
   4.71647072       0.00000000    
   4.73313665       0.00000000    
   4.74980259       0.00000000    
   4.76646852       0.00000000    
   4.78313446       0.00000000    
   4.79980040       0.00000000    
   4.81646633       0.00000000    
   4.83313227       0.00000000    
   4.84979820       0.00000000    
   4.86646414       0.00000000    
   4.88313007       0.00000000    
   4.89979601       0.00000000    
   4.91646194       0.00000000    
   4.93312788       0.00000000    
   4.94979382       0.00000000    
   4.96645975       0.00000000    
   4.98312569       0.00000000    
   4.99979162       0.00000000    
   5.01645756       0.00000000    
   5.03312349       0.00000000    
   5.04978943       0.00000000    
   5.06645536       0.00000000    
   5.08312130       0.00000000    
   5.09978724       0.00000000    
   5.11645317       0.00000000    
   5.13311911       0.00000000    
   5.14978504       0.00000000    
   5.16645098       0.00000000    
   5.18311691       0.00000000    
   5.19978285       0.00000000    
   5.21644878       0.00000000    
   5.23311472       0.00000000    
   5.24978065       0.00000000    
   5.26644659       0.00000000    
   5.28311253       0.00000000    
   5.29977846       0.00000000    
   5.31644440       0.00000000    
   5.33311033       0.00000000    
   5.34977627       0.00000000    
   5.36644220       0.00000000    
   5.38310814       0.00000000    
   5.39977407       0.00000000    
   5.41644001       0.00000000    
   5.43310595       0.00000000    
   5.44977188       0.00000000    
   5.46643782       0.00000000    
   5.48310375       0.00000000    
   5.49976969       0.00000000    
   5.51643562       0.00000000    
   5.53310156       0.00000000    
   5.54976749       0.00000000    
   5.56643343       0.00000000    
   5.58309937       0.00000000    
   5.59976530       0.00000000    
   5.61643124       0.00000000    
   5.63309717       0.00000000    
   5.64976311       0.00000000    
   5.66642904       0.00000000    
   5.68309498       0.00000000    
   5.69976091       0.00000000    
   5.71642685       0.00000000    
   5.73309278       0.00000000    
   5.74975872       0.00000000    
   5.76642466       0.00000000    
   5.78309059       0.00000000    
   5.79975653       0.00000000    
   5.81642246       0.00000000    
   5.83308840       0.00000000    
   5.84975433       0.00000000    
   5.86642027       0.00000000    
   5.88308620       0.00000000    
   5.89975214       0.00000000    
   5.91641808       0.00000000    
   5.93308401       0.00000000    
   5.94974995       0.00000000    
   5.96641588       0.00000000    
   5.98308182       0.00000000    
   5.99974775       0.00000000    
   6.01641369       0.00000000    
   6.03307962       0.00000000    
   6.04974556       0.00000000    
   6.06641150       0.00000000    
   6.08307743       0.00000000    
   6.09974337       0.00000000    
   6.11640930       0.00000000    
   6.13307524       0.00000000    
   6.14974117       1.60800003E-21
   6.16640711       3.65600000E-17
   6.18307304       2.65500004E-14
   6.19973898       4.59900000E-12
   6.21640491       3.06100006E-10
   6.23307085       5.83299986E-09
   6.24973679       2.66600004E-08
   6.26640272       7.72200011E-08
   6.28306866       1.63400003E-07
   6.29973459       3.08799997E-07
   6.31640053       5.57299984E-07
   6.33306646       9.72900011E-07
   6.34973240       1.62599997E-06
   6.36639833       2.53400003E-06
   6.38306427       3.77199990E-06
   6.39973021       5.43399983E-06
   6.41639614       7.47700005E-06
   6.43306208       1.00600000E-05
   6.44972801       1.34000002E-05
   6.46639395       1.76100002E-05
   6.48305988       2.27399996E-05
   6.49972582       2.89599993E-05
   6.51639175       3.65999986E-05
   6.53305769       4.61599993E-05
   6.54972363       5.64100010E-05
   6.56638956       6.99099983E-05
   6.58305550       8.40499997E-05
   6.59972143       1.01199999E-04
   6.61638737       1.21800003E-04
   6.63305330       1.46100007E-04
   6.64971924       1.69899999E-04
   6.66638517       1.96499997E-04
   6.68305111       2.27800003E-04
   6.69971704       2.65600014E-04
   6.71638298       2.98900006E-04
   6.73304892       3.45300010E-04
   6.74971485       3.83600011E-04
   6.76638079       4.29400010E-04
   6.78304672       4.84499993E-04
   6.79971266       5.50400000E-04
   6.81637859       6.06600021E-04
   6.83304453       6.67000015E-04
   6.84971046       7.31399981E-04
   6.86637640       7.99399975E-04
   6.88304234       8.71099997E-04
   6.89970827       9.45999986E-04
   6.91637421       1.02500001E-03
   6.93304014       1.10700005E-03
   6.94970608       1.19200000E-03
   6.96637201       1.28099998E-03
   6.98303795       1.37299998E-03
   6.99970388       1.46800000E-03
   7.01636982       1.56799995E-03
   7.03303576       1.67000003E-03
   7.04970169       1.77600002E-03
   7.06636763       1.88600004E-03
   7.08303356       1.99900009E-03
   7.09969950       2.11600005E-03
   7.11636543       2.23600003E-03
   7.13303137       2.36000004E-03
   7.14969730       2.48800009E-03
   7.16636324       2.61999993E-03
   7.18302917       2.75500002E-03
   7.19969511       2.89499993E-03
   7.21636105       3.03800008E-03
   7.23302698       3.18600005E-03
   7.24969292       3.33700003E-03
   7.26635885       3.49300005E-03
   7.28302479       3.65300011E-03
   7.29969072       3.81699996E-03
   7.31635666       3.98499984E-03
   7.33302259       4.15800000E-03
   7.34968853       4.33599995E-03
   7.36635447       4.51700017E-03
   7.38302040       4.70399996E-03
   7.39968634       4.89499979E-03
   7.41635227       5.09099988E-03
   7.43301821       5.29199978E-03
   7.44968414       5.49799995E-03
   7.46635008       5.70800016E-03
   7.48301601       5.92399994E-03
   7.49968195       6.14499999E-03
   7.51634789       6.37099985E-03
   7.53301382       6.60199998E-03
   7.54967976       6.83799991E-03
   7.56634569       7.07999989E-03
   7.58301163       7.32799992E-03
   7.59967756       7.58100022E-03
   7.61634350       7.83899985E-03
   7.63300943       8.10300000E-03
   7.64967537       8.37299973E-03
   7.66634130       8.64899997E-03
   7.68300724       8.92999955E-03
   7.69967318       9.21799988E-03
   7.71633911       9.51099955E-03
   7.73300505       9.81099997E-03
   7.74967098       1.01199998E-02
   7.76633692       1.04299998E-02
   7.78300285       1.07500004E-02
   7.79966879       1.10700000E-02
   7.81633472       1.14000002E-02
   7.83300066       1.17400000E-02
   7.84966660       1.20799998E-02
   7.86633253       1.24300001E-02
   7.88299847       1.27900001E-02
   7.89966440       1.31500000E-02
   7.91633034       1.35199996E-02
   7.93299627       1.38999997E-02
   7.94966221       1.42799998E-02
   7.96632814       1.46700004E-02
   7.98299408       1.50699997E-02
   7.99966002       1.54700000E-02
   8.01632595       1.58799998E-02
   8.03299236       1.63000003E-02
   8.04965878       1.67200007E-02
   8.06632519       1.71600003E-02
   8.08299160       1.75899994E-02
   8.09965801       1.80399995E-02
   8.11632442       1.84899997E-02
   8.13299084       1.89500004E-02
   8.14965725       1.94199998E-02
   8.16632366       1.98999997E-02
   8.18299007       2.03799997E-02
   8.19965649       2.08700001E-02
   8.21632290       2.13600006E-02
   8.23298931       2.18700003E-02
   8.24965572       2.23800000E-02
   8.26632214       2.29000002E-02
   8.28298855       2.34299991E-02
   8.29965496       2.39599999E-02
   8.31632137       2.44999994E-02
   8.33298779       2.50499994E-02
   8.34965420       2.55999994E-02
   8.36632061       2.61700004E-02
   8.38298702       2.67399997E-02
   8.39965343       2.73100007E-02
   8.41631985       2.78999992E-02
   8.43298626       2.84899995E-02
   8.44965267       2.91000009E-02
   8.46631908       2.96999998E-02
   8.48298550       3.03199999E-02
   8.49965191       3.09400000E-02
   8.51631832       3.15699987E-02
   8.53298473       3.22099999E-02
   8.54965115       3.28500010E-02
   8.56631756       3.35099995E-02
   8.58298397       3.41599993E-02
   8.59965038       3.48300003E-02
   8.61631680       3.55099998E-02
   8.63298321       3.61899994E-02
   8.64964962       3.68800014E-02
   8.66631603       3.75699997E-02
   8.68298244       3.82799990E-02
   8.69964886       3.89899984E-02
   8.71631527       3.97000015E-02
   8.73298168       4.04299982E-02
   8.74964809       4.11599986E-02
   8.76631451       4.19000015E-02
   8.78298092       4.26400006E-02
   8.79964733       4.34000008E-02
   8.81631374       4.41600010E-02
   8.83298016       4.49200012E-02
   8.84964657       4.56999987E-02
   8.86631298       4.64800000E-02
   8.88297939       4.72600013E-02
   8.89964581       4.80599999E-02
   8.91631222       4.88599986E-02
   8.93297863       4.96600010E-02
   8.94964504       5.04800007E-02
   8.96631145       5.12900017E-02
   8.98297787       5.21200001E-02
   8.99964428       5.29499985E-02
   9.01631069       5.37899993E-02
   9.03297710       5.46399988E-02
   9.04964352       5.54899983E-02
   9.06630993       5.63400015E-02
   9.08297634       5.72099984E-02
   9.09964275       5.80700003E-02
   9.11630917       5.89499995E-02
   9.13297558       5.98299988E-02
   9.14964199       6.07100017E-02
   9.16630840       6.15999997E-02
   9.18297482       6.25000000E-02
   9.19964123       6.34000003E-02
   9.21630764       6.43099993E-02
   9.23297405       6.52299970E-02
   9.24964046       6.61400035E-02
   9.26630688       6.70699999E-02
   9.28297329       6.79899976E-02
   9.29963970       6.89300001E-02
   9.31630611       6.98700026E-02
   9.33297253       7.08099976E-02
   9.34963894       7.17500001E-02
   9.36630535       7.27100000E-02
   9.38297176       7.36600012E-02
   9.39963818       7.46200010E-02
   9.41630459       7.55899996E-02
   9.43297100       7.65599981E-02
   9.44963741       7.75299966E-02
   9.46630383       7.85100013E-02
   9.48297024       7.94899985E-02
   9.49963665       8.04700032E-02
   9.51630306       8.14599991E-02
   9.53296947       8.24500024E-02
   9.54963589       8.34499970E-02
   9.56630230       8.44499990E-02
   9.58296871       8.54500011E-02
   9.59963512       8.64600018E-02
   9.61630154       8.74599963E-02
   9.63296795       8.84699970E-02
   9.64963436       8.94899964E-02
   9.66630077       9.04999971E-02
   9.68296719       9.15199965E-02
   9.69963360       9.25400034E-02
   9.71630001       9.35600027E-02
   9.73296642       9.45900008E-02
   9.74963284       9.56199989E-02
   9.76629925       9.66399983E-02
   9.78296566       9.76699963E-02
   9.79963207       9.87100005E-02
   9.81629848       9.97499973E-02
   9.83296490      0.100800000    
   9.84963131      0.101800002    
   9.86629772      0.102899998    
   9.88296413      0.103900000    
   9.89963055      0.104900002    
   9.91629696      0.105999999    
   9.93296337      0.107000001    
   9.94962978      0.108099997    
   9.96629620      0.109099999    
   9.98296261      0.110200003    
   9.99962902      0.111199997    
   10.0162954      0.112300001    
   10.0329618      0.113300003    
   10.0496283      0.114299998    
   10.0662947      0.115400001    
   10.0829611      0.116400003    
   10.0996275      0.117500000    
   10.1162939      0.118500002    
   10.1329603      0.119499996    
   10.1496267      0.120600000    
   10.1662931      0.121600002    
   10.1829596      0.122699998    
   10.1996260      0.123700000    
   10.2162924      0.124799997    
   10.2329588      0.125799999    
   10.2496252      0.126800001    
   10.2662916      0.127900004    
   10.2829580      0.128900006    
   10.2996244      0.129899994    
   10.3162909      0.130999997    
   10.3329573      0.131999999    
   10.3496237      0.133000001    
   10.3662901      0.134000003    
   10.3829565      0.135000005    
   10.3996229      0.136099994    
   10.4162893      0.137099996    
   10.4329557      0.138099998    
   10.4496222      0.138999999    
   10.4662886      0.140100002    
   10.4829550      0.141100004    
   10.4996214      0.142100006    
   10.5162878      0.143099993    
   10.5329542      0.143999994    
   10.5496206      0.144999996    
   10.5662870      0.145999998    
   10.5829535      0.147000000    
   10.5996199      0.148000002    
   10.6162863      0.148900002    
   10.6329527      0.149900004    
   10.6496191      0.150900006    
   10.6662855      0.151800007    
   10.6829519      0.152700007    
   10.6996183      0.153699994    
   10.7162848      0.154599994    
   10.7329512      0.155599996    
   10.7496176      0.156499997    
   10.7662840      0.157399997    
   10.7829504      0.158299997    
   10.7996168      0.159299999    
   10.8162832      0.160200000    
   10.8329496      0.161100000    
   10.8496161      0.161899999    
   10.8662825      0.162799999    
   10.8829489      0.163699999    
   10.8996153      0.164600000    
   10.9162817      0.165500000    
   10.9329481      0.166299999    
   10.9496145      0.167199999    
   10.9662809      0.167999998    
   10.9829473      0.168899998    
   10.9996138      0.169699997    
   11.0162802      0.170499995    
   11.0329466      0.171299994    
   11.0496130      0.172199994    
   11.0662794      0.172999993    
   11.0829458      0.173800007    
   11.0996122      0.174600005    
   11.1162786      0.175300002    
   11.1329451      0.176100001    
   11.1496115      0.176899999    
   11.1662779      0.177599996    
   11.1829443      0.178399995    
   11.1996107      0.179100007    
   11.2162771      0.179800004    
   11.2329435      0.180600002    
   11.2496099      0.181299999    
   11.2662764      0.181999996    
   11.2829428      0.182699993    
   11.2996092      0.183400005    
   11.3162756      0.184100002    
   11.3329420      0.184699997    
   11.3496084      0.185399994    
   11.3662748      0.186100006    
   11.3829412      0.186700001    
   11.3996077      0.187299997    
   11.4162741      0.187999994    
   11.4329405      0.188600004    
   11.4496069      0.189199999    
   11.4662733      0.189799994    
   11.4829397      0.190400004    
   11.4996061      0.191000000    
   11.5162725      0.191499993    
   11.5329390      0.192000002    
   11.5496054      0.192599997    
   11.5662718      0.193200007    
   11.5829382      0.193700001    
   11.5996046      0.194000006    
   11.6162710      0.194700003    
   11.6329374      0.195199996    
   11.6496038      0.195700005    
   11.6662703      0.196199998    
   11.6829367      0.196600005    
   11.6996031      0.196999997    
   11.7162695      0.197500005    
   11.7329359      0.197999999    
   11.7496023      0.198400006    
   11.7662687      0.198799998    
   11.7829351      0.199200004    
   11.7996016      0.199599996    
   11.8162680      0.200000003    
   11.8329344      0.200299993    
   11.8496008      0.200700000    
   11.8662672      0.201000005    
   11.8829336      0.201399997    
   11.8996000      0.201700002    
   11.9162664      0.202000007    
   11.9329329      0.202299997    
   11.9495993      0.202600002    
   11.9662657      0.202900007    
   11.9829321      0.203099996    
   11.9995985      0.203299999    
   12.0162649      0.203600004    
   12.0329313      0.203899994    
   12.0495977      0.204099998    
   12.0662642      0.204300001    
   12.0829306      0.204500005    
   12.0995970      0.204699993    
   12.1162634      0.204799995    
   12.1329298      0.204899997    
   12.1495962      0.205200002    
   12.1662626      0.205300003    
   12.1829290      0.205400005    
   12.1995955      0.205500007    
   12.2162619      0.205699995    
   12.2329283      0.205699995    
   12.2495947      0.205799997    
   12.2662611      0.205799997    
   12.2829275      0.205899999    
   12.2995939      0.205899999    
   12.3162603      0.205899999    
   12.3329268      0.205899999    
   12.3495932      0.205899999    
   12.3662596      0.205899999    
   12.3829260      0.205899999    
   12.3995924      0.205899999    
   12.4162588      0.205899999    
   12.4329252      0.205899999    
   12.4495916      0.205799997    
   12.4662580      0.205799997    
   12.4829245      0.205699995    
   12.4995909      0.205599993    
   12.5162573      0.205500007    
   12.5329237      0.205400005    
   12.5495901      0.205200002    
   12.5662565      0.204999998    
   12.5829229      0.204799995    
   12.5995893      0.204699993    
   12.6162558      0.204600006    
   12.6329222      0.204400003    
   12.6495886      0.204200000    
   12.6662550      0.203999996    
   12.6829214      0.203700006    
   12.6995878      0.203500003    
   12.7162542      0.203099996    
   12.7329206      0.202999994    
   12.7495871      0.202700004    
   12.7662535      0.202399999    
   12.7829199      0.202099994    
   12.7995863      0.201800004    
   12.8162527      0.201499999    
   12.8329191      0.201199993    
   12.8495855      0.200800002    
   12.8662519      0.200499997    
   12.8829184      0.200100005    
   12.8995848      0.199800000    
   12.9162512      0.199100003    
   12.9329176      0.199000001    
   12.9495840      0.198599994    
   12.9662504      0.198200002    
   12.9829168      0.197699994    
   12.9995832      0.197300002    
   13.0162497      0.196799994    
   13.0329161      0.196400002    
   13.0495825      0.195899993    
   13.0662489      0.195400000    
   13.0829153      0.194900006    
   13.0995817      0.194399998    
   13.1162481      0.193900004    
   13.1329145      0.193399996    
   13.1495810      0.192900002    
   13.1662474      0.192300007    
   13.1829138      0.191799998    
   13.1995802      0.191100001    
   13.2162466      0.190599993    
   13.2329130      0.189999998    
   13.2495794      0.189400002    
   13.2662458      0.188800007    
   13.2829123      0.188199997    
   13.2995787      0.187600002    
   13.3162451      0.187000006    
   13.3329115      0.186299995    
   13.3495779      0.185699999    
   13.3662443      0.185000002    
   13.3829107      0.184400007    
   13.3995771      0.183699995    
   13.4162436      0.182999998    
   13.4329100      0.182300001    
   13.4495764      0.181600004    
   13.4662428      0.180899993    
   13.4829092      0.180199996    
   13.4995756      0.179299995    
   13.5162420      0.178700000    
   13.5329084      0.178000003    
   13.5495749      0.177200004    
   13.5662413      0.176400006    
   13.5829077      0.175500005    
   13.5995741      0.174899995    
   13.6162405      0.174099997    
   13.6329069      0.173299998    
   13.6495733      0.172399998    
   13.6662397      0.171700001    
   13.6829062      0.170900002    
   13.6995726      0.170000002    
   13.7162390      0.169200003    
   13.7329054      0.168400005    
   13.7495718      0.167500004    
   13.7662382      0.166700006    
   13.7829046      0.165800005    
   13.7995710      0.165000007    
   13.8162374      0.164100006    
   13.8329039      0.163200006    
   13.8495703      0.162300006    
   13.8662367      0.161400005    
   13.8829031      0.160500005    
   13.8995695      0.159600005    
   13.9162359      0.158700004    
   13.9329023      0.157800004    
   13.9495687      0.156900004    
   13.9662352      0.156000003    
   13.9829016      0.155000001    
   13.9995680      0.154100001    
   14.0162344      0.153099999    
   14.0329008      0.152199998    
   14.0495672      0.151299998    
   14.0662336      0.150299996    
   14.0829000      0.149299994    
   14.0995665      0.148399994    
   14.1162329      0.147400007    
   14.1328993      0.146400005    
   14.1495657      0.145500004    
   14.1662321      0.144500002    
   14.1828985      0.143399999    
   14.1995649      0.142499998    
   14.2162313      0.141499996    
   14.2328978      0.140499994    
   14.2495642      0.139500007    
   14.2662306      0.138500005    
   14.2828970      0.137500003    
   14.2995634      0.136500001    
   14.3162298      0.135499999    
   14.3328962      0.134499997    
   14.3495626      0.133399993    
   14.3662291      0.132400006    
   14.3828955      0.131400004    
   14.3995619      0.130400002    
   14.4162283      0.129299998    
   14.4328947      0.128299996    
   14.4495611      0.127200007    
   14.4662275      0.126200005    
   14.4828939      0.125200003    
   14.4995604      0.124200001    
   14.5162268      0.123099998    
   14.5328932      0.122000001    
   14.5495596      0.121100001    
   14.5662260      0.119999997    
   14.5828924      0.119000003    
   14.5995588      0.117899999    
   14.6162252      0.116899997    
   14.6328917      0.115800001    
   14.6495581      0.114799999    
   14.6662245      0.113799997    
   14.6828909      0.112700000    
   14.6995573      0.111699998    
   14.7162237      0.110600002    
   14.7328901      0.109600000    
   14.7495565      0.108499996    
   14.7662230      0.107500002    
   14.7828894      0.106399998    
   14.7995558      0.105400003    
   14.8162222      0.104300000    
   14.8328886      0.103200004    
   14.8495550      0.102300003    
   14.8662214      0.101199999    
   14.8828878      0.100199997    
   14.8995543       9.91500020E-02
   14.9162207       9.81199965E-02
   14.9328871       9.70899984E-02
   14.9495535       9.60600004E-02
   14.9662199       9.50300023E-02
   14.9828863       9.39999968E-02
   14.9995527       9.29799974E-02
   15.0162191       9.19599980E-02
   15.0328856       9.09399986E-02
   15.0495520       8.99199992E-02
   15.0662184       8.89099985E-02
   15.0828848       8.78899992E-02
   15.0995512       8.68899971E-02
   15.1162176       8.58799964E-02
   15.1328840       8.48800018E-02
   15.1495504       8.38700011E-02
   15.1662169       8.28799978E-02
   15.1828833       8.18900019E-02
   15.1995497       8.08999985E-02
   15.2162161       7.99100026E-02
   15.2328825       7.89299980E-02
   15.2495489       7.79500008E-02
   15.2662153       7.69700035E-02
   15.2828817       7.59999976E-02
   15.2995481       7.50399977E-02
   15.3162146       7.40799978E-02
   15.3328810       7.31199980E-02
   15.3495474       7.21599981E-02
   15.3662138       7.12099969E-02
   15.3828802       7.02700019E-02
   15.3995466       6.93299994E-02
   15.4162130       6.84000030E-02
   15.4328794       6.74600005E-02
   15.4495459       6.65400028E-02
   15.4662123       6.56199977E-02
   15.4828787       6.47000000E-02
   15.4995451       6.37999997E-02
   15.5162115       6.28900006E-02
   15.5328779       6.19900003E-02
   15.5495443       6.10999987E-02
   15.5662107       6.02100007E-02
   15.5828772       5.93300015E-02
   15.5995436       5.84499985E-02
   15.6162100       5.75800017E-02
   15.6328764       5.67100011E-02
   15.6495428       5.58600016E-02
   15.6662092       5.49999997E-02
   15.6828756       5.41599989E-02
   15.6995420       5.33200018E-02
   15.7162085       5.24800010E-02
   15.7328749       5.16499989E-02
   15.7495413       5.08299991E-02
   15.7662077       5.00099994E-02
   15.7828741       4.92100008E-02
   15.7995405       4.83999997E-02
   15.8162069       4.76099998E-02
   15.8328733       4.68199998E-02
   15.8495398       4.60299999E-02
   15.8662062       4.52600010E-02
   15.8828726       4.44899984E-02
   15.8995390       4.37299982E-02
   15.9162054       4.29700017E-02
   15.9328718       4.22200002E-02
   15.9495382       4.14800011E-02
   15.9662046       4.07500006E-02
   15.9828711       4.00200002E-02
   15.9995375       3.92999984E-02
   16.0162029       3.85800004E-02
   16.0328693       3.78799997E-02
   16.0495358       3.71799991E-02
   16.0662022       3.64900008E-02
   16.0828686       3.57999988E-02
   16.0995350       3.51199992E-02
   16.1162014       3.44499983E-02
   16.1328678       3.37899998E-02
   16.1495342       3.31400000E-02
   16.1662006       3.24900001E-02
   16.1828671       3.18499990E-02
   16.1995335       3.12099997E-02
   16.2161999       3.05899996E-02
   16.2328663       2.99699996E-02
   16.2495327       2.93600000E-02
   16.2661991       2.87500005E-02
   16.2828655       2.81600002E-02
   16.2995319       2.75699999E-02
   16.3161983       2.69900002E-02
   16.3328648       2.64199991E-02
   16.3495312       2.58499999E-02
   16.3661976       2.52899993E-02
   16.3828640       2.47399993E-02
   16.3995304       2.41899993E-02
   16.4161968       2.36600004E-02
   16.4328632       2.31299996E-02
   16.4495296       2.26099994E-02
   16.4661961       2.20899992E-02
   16.4828625       2.15799995E-02
   16.4995289       2.10800003E-02
   16.5161953       2.05899999E-02
   16.5328617       2.01099999E-02
   16.5495281       1.96300000E-02
   16.5661945       1.91600006E-02
   16.5828609       1.86899994E-02
   16.5995274       1.82399992E-02
   16.6161938       1.77900009E-02
   16.6328602       1.73499994E-02
   16.6495266       1.69099998E-02
   16.6661930       1.64800007E-02
   16.6828594       1.60600003E-02
   16.6995258       1.56500004E-02
   16.7161922       1.52399996E-02
   16.7328587       1.48400003E-02
   16.7495251       1.44499997E-02
   16.7661915       1.40600000E-02
   16.7828579       1.36799999E-02
   16.7995243       1.33100003E-02
   16.8161907       1.29500004E-02
   16.8328571       1.25900004E-02
   16.8495235       1.22300005E-02
   16.8661900       1.18899997E-02
   16.8828564       1.15499999E-02
   16.8995228       1.12100001E-02
   16.9161892       1.08899996E-02
   16.9328556       1.05699999E-02
   16.9495220       1.02500003E-02
   16.9661884       9.94499959E-03
   16.9828548       9.64299962E-03
   16.9995213       9.34700016E-03
   17.0161877       9.05600004E-03
   17.0328541       8.77199974E-03
   17.0495205       8.49399995E-03
   17.0661869       8.22199974E-03
   17.0828533       7.95499980E-03
   17.0995197       7.69500015E-03
   17.1161861       7.43900007E-03
   17.1328526       7.18900003E-03
   17.1495190       6.94500003E-03
   17.1661854       6.70599984E-03
   17.1828518       6.47300016E-03
   17.1995182       6.24499982E-03
   17.2161846       6.02099998E-03
   17.2328510       5.80399996E-03
   17.2495174       5.59099996E-03
   17.2661839       5.38299978E-03
   17.2828503       5.17999986E-03
   17.2995167       4.98200022E-03
   17.3161831       4.78899991E-03
   17.3328495       4.60000010E-03
   17.3495159       4.41600010E-03
   17.3661823       4.23699990E-03
   17.3828487       4.06200020E-03
   17.3995152       3.89100006E-03
   17.4161816       3.72499996E-03
   17.4328480       3.56399990E-03
   17.4495144       3.40600009E-03
   17.4661808       3.25300009E-03
   17.4828472       3.10399989E-03
   17.4995136       2.95799994E-03
   17.5161800       2.81700003E-03
   17.5328465       2.67999992E-03
   17.5495129       2.54700007E-03
   17.5661793       2.41700001E-03
   17.5828457       2.29099998E-03
   17.5995121       2.16899998E-03
   17.6161785       2.05100002E-03
   17.6328449       1.93599996E-03
   17.6495113       1.82500004E-03
   17.6661777       1.71700004E-03
   17.6828442       1.61299994E-03
   17.6995106       1.51199999E-03
   17.7161770       1.41499995E-03
   17.7328434       1.32200005E-03
   17.7495098       1.23099994E-03
   17.7661762       1.14399998E-03
   17.7828426       1.06100005E-03
   17.7995090       9.81000019E-04
   17.8161755       9.04300017E-04
   17.8328419       8.31199985E-04
   17.8495083       7.61499978E-04
   17.8661747       6.95499999E-04
   17.8828411       6.33299991E-04
   17.8995075       5.75200014E-04
   17.9161739       5.12700004E-04
   17.9328403       4.52999986E-04
   17.9495068       4.03200014E-04
   17.9661732       3.61699989E-04
   17.9828396       3.21400003E-04
   17.9995060       2.79300002E-04
   18.0161724       2.43200004E-04
   18.0328388       2.13399995E-04
   18.0495052       1.81800002E-04
   18.0661716       1.54699999E-04
   18.0828381       1.30999993E-04
   18.0995045       1.10399997E-04
   18.1161709       9.27200017E-05
   18.1328373       7.56200025E-05
   18.1495037       6.21900035E-05
   18.1661701       5.04599993E-05
   18.1828365       4.07900006E-05
   18.1995029       3.22499982E-05
   18.2161694       2.53700000E-05
   18.2328358       1.97600002E-05
   18.2495022       1.51699996E-05
   18.2661686       1.14799996E-05
   18.2828350       8.58800013E-06
   18.2995014       6.34700018E-06
   18.3161678       4.44299985E-06
   18.3328342       3.09999996E-06
   18.3495007       1.99400006E-06
   18.3661671       1.22599999E-06
   18.3828335       7.19299976E-07
   18.3994999       4.05599991E-07
   18.4161663       2.19399993E-07
   18.4328327       1.09299997E-07
   18.4494991       4.53799984E-08
   18.4661655       1.31600002E-08
   18.4828320       1.51599999E-09
   18.4994984       3.08299983E-11
   18.5161648       3.52000005E-13
   18.5328312       9.27199957E-16
   18.5494976       4.63999985E-19
   18.5661640       6.47300398E-40
   18.5828304       0.00000000    
   18.5994968       0.00000000    
   18.6161633       0.00000000    
   18.6328297       0.00000000    
   18.6494961       0.00000000    
   18.6661625       0.00000000    
   18.6828289       0.00000000    
   18.6994953       0.00000000    
   18.7161617       0.00000000    
   18.7328281       0.00000000    
   18.7494946       0.00000000    
   18.7661610       0.00000000    
   18.7828274       0.00000000    
   18.7994938       0.00000000    
   18.8161602       0.00000000    
   18.8328266       0.00000000    
   18.8494930       0.00000000    
   18.8661594       0.00000000    
   18.8828259       0.00000000    
   18.8994923       0.00000000    
   18.9161587       0.00000000    
   18.9328251       0.00000000    
   18.9494915       0.00000000    
   18.9661579       0.00000000    
   18.9828243       0.00000000    
   18.9994907       0.00000000    
   19.0161572       0.00000000    
   19.0328236       0.00000000    
   19.0494900       0.00000000    
   19.0661564       0.00000000    
   19.0828228       0.00000000    
   19.0994892       0.00000000    
   19.1161556       0.00000000    
   19.1328220       0.00000000    
   19.1494884       0.00000000    
   19.1661549       0.00000000    
   19.1828213       0.00000000    
   19.1994877       0.00000000    
   19.2161541       0.00000000    
   19.2328205       0.00000000    
   19.2494869       0.00000000    
   19.2661533       0.00000000    
   19.2828197       0.00000000    
   19.2994862       0.00000000    
   19.3161526       0.00000000    
   19.3328190       0.00000000    
   19.3494854       0.00000000    
   19.3661518       0.00000000    
   19.3828182       0.00000000    
   19.3994846       0.00000000    
   19.4161510       0.00000000    
   19.4328175       0.00000000    
   19.4494839       0.00000000    
   19.4661503       0.00000000    
   19.4828167       0.00000000    
   19.4994831       0.00000000    
   19.5161495       0.00000000    
   19.5328159       0.00000000    
   19.5494823       0.00000000    
   19.5661488       0.00000000    
   19.5828152       0.00000000    
   19.5994816       0.00000000    
   19.6161480       0.00000000    
   19.6328144       0.00000000    
   19.6494808       0.00000000    
   19.6661472       0.00000000    
   19.6828136       0.00000000    
   19.6994801       0.00000000    
   19.7161465       0.00000000    
   19.7328129       0.00000000    
   19.7494793       0.00000000    
   19.7661457       0.00000000    
   19.7828121       0.00000000    
   19.7994785       0.00000000    
   19.8161449       0.00000000    
   19.8328114       0.00000000    
   19.8494778       0.00000000    
   19.8661442       0.00000000    
   19.8828106       0.00000000    
   19.8994770       0.00000000    
   19.9161434       0.00000000    
   19.9328098       0.00000000    
   19.9494762       0.00000000    
   19.9661427       0.00000000    
   19.9828091       0.00000000    
   19.9994755       0.00000000    
   20.0161419       0.00000000    
   20.0328083       0.00000000    
   20.0494747       0.00000000    
   20.0661411       0.00000000    
   20.0828075       0.00000000    
   20.0994740       0.00000000    
   20.1161404       0.00000000    
   20.1328068       0.00000000    
   20.1494732       0.00000000    
   20.1661396       0.00000000    
   20.1828060       0.00000000    
   20.1994724       0.00000000    
   20.2161388       0.00000000    
   20.2328053       0.00000000    
   20.2494717       0.00000000    
   20.2661381       0.00000000    
   20.2828045       0.00000000    
   20.2994709       0.00000000    
   20.3161373       0.00000000    
   20.3328037       0.00000000    
   20.3494701       0.00000000    
   20.3661366       0.00000000    
   20.3828030       0.00000000    
   20.3994694       0.00000000    
   20.4161358       0.00000000    
   20.4328022       0.00000000    
   20.4494686       0.00000000    
   20.4661350       0.00000000    
   20.4828014       0.00000000    
   20.4994678       0.00000000    
   20.5161343       0.00000000    
   20.5328007       0.00000000    
   20.5494671       0.00000000    
   20.5661335       0.00000000    
   20.5827999       0.00000000    
   20.5994663       0.00000000    
   20.6161327       0.00000000    
   20.6327991       0.00000000    
   20.6494656       0.00000000    
   20.6661320       0.00000000    
   20.6827984       0.00000000    
   20.6994648       0.00000000    
   20.7161312       0.00000000    
   20.7327976       0.00000000    
   20.7494640       0.00000000    
   20.7661304       0.00000000    
   20.7827969       0.00000000    
   20.7994633       0.00000000    
   20.8161297       0.00000000    
   20.8327961       0.00000000    
   20.8494625       0.00000000    
   20.8661289       0.00000000    
   20.8827953       0.00000000    
   20.8994617       0.00000000    
   20.9161282       0.00000000    
   20.9327946       0.00000000    
   20.9494610       0.00000000    
   20.9661274       0.00000000    
   20.9827938       0.00000000    
   20.9994602       0.00000000    
   21.0161266       0.00000000    
   21.0327930       0.00000000    
   21.0494595       0.00000000    
   21.0661259       0.00000000    
   21.0827923       0.00000000    
   21.0994587       0.00000000    
   21.1161251       0.00000000    
   21.1327915       0.00000000    
   21.1494579       0.00000000    
   21.1661243       0.00000000    
   21.1827908       0.00000000    
   21.1994572       0.00000000    
   21.2161236       0.00000000    
   21.2327900       0.00000000    
   21.2494564       0.00000000    
   21.2661228       0.00000000    
   21.2827892       0.00000000    
   21.2994556       0.00000000    
   21.3161221       0.00000000    
   21.3327885       0.00000000    
   21.3494549       0.00000000    
   21.3661213       0.00000000    
   21.3827877       0.00000000    
   21.3994541       0.00000000    
   21.4161205       0.00000000    
   21.4327869       0.00000000    
   21.4494534       0.00000000    
   21.4661198       0.00000000    
   21.4827862       0.00000000    
   21.4994526       0.00000000    
   21.5161190       0.00000000    
   21.5327854       0.00000000    
   21.5494518       0.00000000    
   21.5661182       0.00000000    
   21.5827847       0.00000000    
   21.5994511       0.00000000    
   21.6161175       0.00000000    
   21.6327839       0.00000000    
   21.6494503       0.00000000    
   21.6661167       0.00000000    
   21.6827831       0.00000000    
   21.6994495       0.00000000    
   21.7161160       0.00000000    
   21.7327824       0.00000000    
   21.7494488       0.00000000    
   21.7661152       0.00000000    
   21.7827816       0.00000000    
   21.7994480       0.00000000    
   21.8161144       0.00000000    
   21.8327808       0.00000000    
   21.8494473       0.00000000    
   21.8661137       0.00000000    
   21.8827801       0.00000000    
   21.8994465       0.00000000    
   21.9161129       0.00000000    
   21.9327793       0.00000000    
   21.9494457       0.00000000    
   21.9661121       0.00000000    
   21.9827785       0.00000000    
   21.9994450       0.00000000    
   22.0161114       0.00000000    
   22.0327778       0.00000000    
   22.0494442       0.00000000    
   22.0661106       0.00000000    
   22.0827770       0.00000000    
   22.0994434       0.00000000    
   22.1161098       0.00000000    
   22.1327763       0.00000000    
   22.1494427       0.00000000    
   22.1661091       0.00000000    
   22.1827755       0.00000000    
   22.1994419       0.00000000    
   22.2161083       0.00000000    
   22.2327747       0.00000000    
   22.2494411       0.00000000    
   22.2661076       0.00000000    
   22.2827740       0.00000000    
   22.2994404       0.00000000    
   22.3161068       0.00000000    
   22.3327732       0.00000000    
   22.3494396       0.00000000    
   22.3661060       0.00000000    
   22.3827724       0.00000000    
   22.3994389       0.00000000    
   22.4161053       0.00000000    
   22.4327717       0.00000000    
   22.4494381       0.00000000    
   22.4661045       0.00000000    
   22.4827709       0.00000000    
   22.4994373       0.00000000    
   22.5161037       0.00000000    
   22.5327702       0.00000000    
   22.5494366       0.00000000    
   22.5661030       0.00000000    
   22.5827694       0.00000000    
   22.5994358       0.00000000    
   22.6161022       0.00000000    
   22.6327686       0.00000000    
   22.6494350       0.00000000    
   22.6661015       0.00000000    
   22.6827679       0.00000000    
   22.6994343       0.00000000    
   22.7161007       0.00000000    
   22.7327671       0.00000000    
   22.7494335       0.00000000    
   22.7660999       0.00000000    
   22.7827663       0.00000000    
   22.7994328       0.00000000    
   22.8160992       0.00000000    
   22.8327656       0.00000000    
   22.8494320       0.00000000    
   22.8660984       0.00000000    
   22.8827648       0.00000000    
   22.8994312       0.00000000    
   22.9160976       0.00000000    
   22.9327641       0.00000000    
   22.9494305       0.00000000    
   22.9660969       0.00000000    
   22.9827633       0.00000000    
   22.9994297       0.00000000    
   23.0160961       0.00000000    
   23.0327625       0.00000000    
   23.0494289       0.00000000    
   23.0660954       0.00000000    
   23.0827618       0.00000000    
   23.0994282       0.00000000    
   23.1160946       0.00000000    
   23.1327610       0.00000000    
   23.1494274       0.00000000    
   23.1660938       0.00000000    
   23.1827602       0.00000000    
   23.1994267       0.00000000    
   23.2160931       0.00000000    
   23.2327595       0.00000000    
   23.2494259       0.00000000    
   23.2660923       0.00000000    
   23.2827587       0.00000000    
   23.2994251       0.00000000    
   23.3160915       0.00000000    
   23.3327579       0.00000000    
   23.3494244       0.00000000    
   23.3660908       0.00000000    
   23.3827572       0.00000000    
   23.3994236       0.00000000    
   23.4160900       0.00000000    
   23.4327564       0.00000000    
   23.4494228       0.00000000    
   23.4660892       0.00000000    
   23.4827557       0.00000000    
   23.4994221       0.00000000    
   23.5160885       0.00000000    
   23.5327549       0.00000000    
   23.5494213       0.00000000    
   23.5660877       0.00000000    
   23.5827541       0.00000000    
   23.5994205       0.00000000    
   23.6160870       0.00000000    
   23.6327534       0.00000000    
   23.6494198       0.00000000    
   23.6660862       0.00000000    
   23.6827526       0.00000000    
   23.6994190       0.00000000    
   23.7160854       0.00000000    
   23.7327518       0.00000000    
   23.7494183       0.00000000    
   23.7660847       0.00000000    
   23.7827511       0.00000000    
   23.7994175       0.00000000    
   23.8160839       0.00000000    
   23.8327503       0.00000000    
   23.8494167       0.00000000    
   23.8660831       0.00000000    
   23.8827496       0.00000000    
   23.8994160       0.00000000    
   23.9160824       0.00000000    
   23.9327488       0.00000000    
   23.9494152       0.00000000    
   23.9660816       0.00000000    
   23.9827480       0.00000000    
