   0.00000000       0.00000000    
   1.66660007E-02   0.00000000    
   3.33320014E-02   0.00000000    
   4.99980003E-02   0.00000000    
   6.66640028E-02   0.00000000    
   8.33300054E-02   0.00000000    
   9.99960080E-02   0.00000000    
  0.116662011       0.00000000    
  0.133328006       0.00000000    
  0.149994001       0.00000000    
  0.166659996       0.00000000    
  0.183325991       0.00000000    
  0.199991986       0.00000000    
  0.216657981       0.00000000    
  0.233323976       0.00000000    
  0.249989972       0.00000000    
  0.266655982       0.00000000    
  0.283321977       0.00000000    
  0.299987972       0.00000000    
  0.316653967       0.00000000    
  0.333319962       0.00000000    
  0.349985957       0.00000000    
  0.366651952       0.00000000    
  0.383317947       0.00000000    
  0.399983943       0.00000000    
  0.416649938       0.00000000    
  0.433315933       0.00000000    
  0.449981928       0.00000000    
  0.466647923       0.00000000    
  0.483313918       0.00000000    
  0.499979913       0.00000000    
  0.516645908       0.00000000    
  0.533311903       0.00000000    
  0.549977899       0.00000000    
  0.566643894       0.00000000    
  0.583309889       0.00000000    
  0.599975884       0.00000000    
  0.616641879       0.00000000    
  0.633307874       0.00000000    
  0.649973869       0.00000000    
  0.666639864       0.00000000    
  0.683305860       0.00000000    
  0.699971855       0.00000000    
  0.716637850       0.00000000    
  0.733303845       0.00000000    
  0.749969840       0.00000000    
  0.766635835       0.00000000    
  0.783301830       0.00000000    
  0.799967825       0.00000000    
  0.816633821       0.00000000    
  0.833299816       0.00000000    
  0.849965811       0.00000000    
  0.866631806       0.00000000    
  0.883297801       0.00000000    
  0.899963796       0.00000000    
  0.916629791       0.00000000    
  0.933295786       0.00000000    
  0.949961782       0.00000000    
  0.966627777       0.00000000    
  0.983293772       0.00000000    
  0.999959767       0.00000000    
   1.01662576       0.00000000    
   1.03329182       0.00000000    
   1.04995787       0.00000000    
   1.06662393       0.00000000    
   1.08328998       0.00000000    
   1.09995604       0.00000000    
   1.11662209       0.00000000    
   1.13328815       0.00000000    
   1.14995420       0.00000000    
   1.16662025       0.00000000    
   1.18328631       0.00000000    
   1.19995236       0.00000000    
   1.21661842       0.00000000    
   1.23328447       0.00000000    
   1.24995053       0.00000000    
   1.26661658       0.00000000    
   1.28328264       0.00000000    
   1.29994869       0.00000000    
   1.31661475       0.00000000    
   1.33328080       0.00000000    
   1.34994686       0.00000000    
   1.36661291       0.00000000    
   1.38327897       0.00000000    
   1.39994502       0.00000000    
   1.41661108       0.00000000    
   1.43327713       0.00000000    
   1.44994318       0.00000000    
   1.46660924       0.00000000    
   1.48327529       0.00000000    
   1.49994135       0.00000000    
   1.51660740       0.00000000    
   1.53327346       0.00000000    
   1.54993951       0.00000000    
   1.56660557       0.00000000    
   1.58327162       0.00000000    
   1.59993768       0.00000000    
   1.61660373       0.00000000    
   1.63326979       0.00000000    
   1.64993584       0.00000000    
   1.66660190       0.00000000    
   1.68326795       0.00000000    
   1.69993401       0.00000000    
   1.71660006       0.00000000    
   1.73326612       0.00000000    
   1.74993217       0.00000000    
   1.76659822       0.00000000    
   1.78326428       0.00000000    
   1.79993033       0.00000000    
   1.81659639       0.00000000    
   1.83326244       0.00000000    
   1.84992850       0.00000000    
   1.86659455       0.00000000    
   1.88326061       0.00000000    
   1.89992666       0.00000000    
   1.91659272       0.00000000    
   1.93325877       0.00000000    
   1.94992483       0.00000000    
   1.96659088       0.00000000    
   1.98325694       0.00000000    
   1.99992299       0.00000000    
   2.01658893       0.00000000    
   2.03325486       0.00000000    
   2.04992080       0.00000000    
   2.06658673       0.00000000    
   2.08325267       0.00000000    
   2.09991860       0.00000000    
   2.11658454       0.00000000    
   2.13325047       0.00000000    
   2.14991641       0.00000000    
   2.16658235       0.00000000    
   2.18324828       0.00000000    
   2.19991422       0.00000000    
   2.21658015       0.00000000    
   2.23324609       0.00000000    
   2.24991202       0.00000000    
   2.26657796       0.00000000    
   2.28324389       0.00000000    
   2.29990983       0.00000000    
   2.31657577       0.00000000    
   2.33324170       0.00000000    
   2.34990764       0.00000000    
   2.36657357       0.00000000    
   2.38323951       0.00000000    
   2.39990544       0.00000000    
   2.41657138       0.00000000    
   2.43323731       0.00000000    
   2.44990325       0.00000000    
   2.46656919       0.00000000    
   2.48323512       0.00000000    
   2.49990106       0.00000000    
   2.51656699       0.00000000    
   2.53323293       0.00000000    
   2.54989886       0.00000000    
   2.56656480       0.00000000    
   2.58323073       0.00000000    
   2.59989667       0.00000000    
   2.61656260       0.00000000    
   2.63322854       0.00000000    
   2.64989448       0.00000000    
   2.66656041       0.00000000    
   2.68322635       0.00000000    
   2.69989228       0.00000000    
   2.71655822       0.00000000    
   2.73322415       0.00000000    
   2.74989009       0.00000000    
   2.76655602       0.00000000    
   2.78322196       0.00000000    
   2.79988790       0.00000000    
   2.81655383       0.00000000    
   2.83321977       0.00000000    
   2.84988570       0.00000000    
   2.86655164       0.00000000    
   2.88321757       0.00000000    
   2.89988351       0.00000000    
   2.91654944       0.00000000    
   2.93321538       0.00000000    
   2.94988132       0.00000000    
   2.96654725       0.00000000    
   2.98321319       0.00000000    
   2.99987912       0.00000000    
   3.01654506       0.00000000    
   3.03321099       0.00000000    
   3.04987693       0.00000000    
   3.06654286       0.00000000    
   3.08320880       0.00000000    
   3.09987473       0.00000000    
   3.11654067       0.00000000    
   3.13320661       0.00000000    
   3.14987254       0.00000000    
   3.16653848       0.00000000    
   3.18320441       0.00000000    
   3.19987035       0.00000000    
   3.21653628       0.00000000    
   3.23320222       0.00000000    
   3.24986815       0.00000000    
   3.26653409       0.00000000    
   3.28320003       0.00000000    
   3.29986596       0.00000000    
   3.31653190       0.00000000    
   3.33319783       0.00000000    
   3.34986377       0.00000000    
   3.36652970       0.00000000    
   3.38319564       0.00000000    
   3.39986157       0.00000000    
   3.41652751       0.00000000    
   3.43319345       0.00000000    
   3.44985938       0.00000000    
   3.46652532       0.00000000    
   3.48319125       0.00000000    
   3.49985719       0.00000000    
   3.51652312       0.00000000    
   3.53318906       0.00000000    
   3.54985499       0.00000000    
   3.56652093       0.00000000    
   3.58318686       0.00000000    
   3.59985280       0.00000000    
   3.61651874       0.00000000    
   3.63318467       0.00000000    
   3.64985061       0.00000000    
   3.66651654       0.00000000    
   3.68318248       0.00000000    
   3.69984841       0.00000000    
   3.71651435       0.00000000    
   3.73318028       0.00000000    
   3.74984622       0.00000000    
   3.76651216       0.00000000    
   3.78317809       0.00000000    
   3.79984403       0.00000000    
   3.81650996       0.00000000    
   3.83317590       0.00000000    
   3.84984183       0.00000000    
   3.86650777       0.00000000    
   3.88317370       0.00000000    
   3.89983964       0.00000000    
   3.91650558       0.00000000    
   3.93317151       0.00000000    
   3.94983745       0.00000000    
   3.96650338       0.00000000    
   3.98316932       0.00000000    
   3.99983525       0.00000000    
   4.01650143       0.00000000    
   4.03316736       0.00000000    
   4.04983330       0.00000000    
   4.06649923       0.00000000    
   4.08316517       0.00000000    
   4.09983110       0.00000000    
   4.11649704       0.00000000    
   4.13316298       0.00000000    
   4.14982891       0.00000000    
   4.16649485       0.00000000    
   4.18316078       0.00000000    
   4.19982672       0.00000000    
   4.21649265       0.00000000    
   4.23315859       0.00000000    
   4.24982452       0.00000000    
   4.26649046       0.00000000    
   4.28315639       0.00000000    
   4.29982233       0.00000000    
   4.31648827       0.00000000    
   4.33315420       0.00000000    
   4.34982014       0.00000000    
   4.36648607       0.00000000    
   4.38315201       0.00000000    
   4.39981794       0.00000000    
   4.41648388       0.00000000    
   4.43314981       0.00000000    
   4.44981575       0.00000000    
   4.46648169       0.00000000    
   4.48314762       0.00000000    
   4.49981356       0.00000000    
   4.51647949       0.00000000    
   4.53314543       0.00000000    
   4.54981136       0.00000000    
   4.56647730       0.00000000    
   4.58314323       0.00000000    
   4.59980917       0.00000000    
   4.61647511       0.00000000    
   4.63314104       0.00000000    
   4.64980698       0.00000000    
   4.66647291       0.00000000    
   4.68313885       0.00000000    
   4.69980478       0.00000000    
   4.71647072       0.00000000    
   4.73313665       0.00000000    
   4.74980259       0.00000000    
   4.76646852       0.00000000    
   4.78313446       0.00000000    
   4.79980040       0.00000000    
   4.81646633       0.00000000    
   4.83313227       0.00000000    
   4.84979820       0.00000000    
   4.86646414       0.00000000    
   4.88313007       0.00000000    
   4.89979601       0.00000000    
   4.91646194       0.00000000    
   4.93312788       0.00000000    
   4.94979382       0.00000000    
   4.96645975       0.00000000    
   4.98312569       0.00000000    
   4.99979162       0.00000000    
   5.01645756       0.00000000    
   5.03312349       0.00000000    
   5.04978943       0.00000000    
   5.06645536       0.00000000    
   5.08312130       0.00000000    
   5.09978724       0.00000000    
   5.11645317       0.00000000    
   5.13311911       0.00000000    
   5.14978504       0.00000000    
   5.16645098       0.00000000    
   5.18311691       0.00000000    
   5.19978285       0.00000000    
   5.21644878       0.00000000    
   5.23311472       0.00000000    
   5.24978065       0.00000000    
   5.26644659       0.00000000    
   5.28311253       0.00000000    
   5.29977846       0.00000000    
   5.31644440       0.00000000    
   5.33311033       0.00000000    
   5.34977627       0.00000000    
   5.36644220       0.00000000    
   5.38310814       0.00000000    
   5.39977407       0.00000000    
   5.41644001       0.00000000    
   5.43310595       0.00000000    
   5.44977188       0.00000000    
   5.46643782       0.00000000    
   5.48310375       0.00000000    
   5.49976969       0.00000000    
   5.51643562       0.00000000    
   5.53310156       0.00000000    
   5.54976749       0.00000000    
   5.56643343       0.00000000    
   5.58309937       0.00000000    
   5.59976530       0.00000000    
   5.61643124       0.00000000    
   5.63309717       0.00000000    
   5.64976311       0.00000000    
   5.66642904       0.00000000    
   5.68309498       0.00000000    
   5.69976091       0.00000000    
   5.71642685       0.00000000    
   5.73309278       0.00000000    
   5.74975872       0.00000000    
   5.76642466       0.00000000    
   5.78309059       0.00000000    
   5.79975653       0.00000000    
   5.81642246       0.00000000    
   5.83308840       0.00000000    
   5.84975433       0.00000000    
   5.86642027       0.00000000    
   5.88308620       0.00000000    
   5.89975214       0.00000000    
   5.91641808       0.00000000    
   5.93308401       0.00000000    
   5.94974995       0.00000000    
   5.96641588       0.00000000    
   5.98308182       0.00000000    
   5.99974775       0.00000000    
   6.01641369       0.00000000    
   6.03307962       0.00000000    
   6.04974556       0.00000000    
   6.06641150       0.00000000    
   6.08307743       0.00000000    
   6.09974337       0.00000000    
   6.11640930       0.00000000    
   6.13307524       0.00000000    
   6.14974117       0.00000000    
   6.16640711       0.00000000    
   6.18307304       0.00000000    
   6.19973898       0.00000000    
   6.21640491       0.00000000    
   6.23307085       3.03499998E-20
   6.24973679       1.50599996E-16
   6.26640272       8.04499967E-14
   6.28306866       9.02500037E-12
   6.29973459       5.56099999E-10
   6.31640053       7.53500018E-09
   6.33306646       3.12200008E-08
   6.34973240       8.14600014E-08
   6.36639833       1.68200003E-07
   6.38306427       3.11900010E-07
   6.39973021       5.51399978E-07
   6.41639614       9.43200007E-07
   6.43306208       1.54700001E-06
   6.44972801       2.42100009E-06
   6.46639395       3.52600000E-06
   6.48305988       5.06700007E-06
   6.49972582       6.91200012E-06
   6.51639175       9.26400025E-06
   6.53305769       1.22800002E-05
   6.54972363       1.60500003E-05
   6.56638956       2.06700006E-05
   6.58305550       2.63200000E-05
   6.59972143       3.33200005E-05
   6.61638737       4.20399992E-05
   6.63305330       5.10799982E-05
   6.64971924       6.36199984E-05
   6.66638517       7.62199998E-05
   6.68305111       9.12699979E-05
   6.69971704       1.09000001E-04
   6.71638298       1.29299995E-04
   6.73304892       1.51900007E-04
   6.74971485       1.77199996E-04
   6.76638079       2.06500001E-04
   6.78304672       2.41700007E-04
   6.79971266       2.69999990E-04
   6.81637859       3.14000004E-04
   6.83304453       3.47699999E-04
   6.84971046       3.87900014E-04
   6.86637640       4.36100003E-04
   6.88304234       4.93799977E-04
   6.89970827       5.49199991E-04
   6.91637421       6.03699998E-04
   6.93304014       6.61899976E-04
   6.94970608       7.23399979E-04
   6.96637201       7.88300007E-04
   6.98303795       8.56300001E-04
   6.99970388       9.27200017E-04
   7.01636982       1.00100006E-03
   7.03303576       1.07899995E-03
   7.04970169       1.15899998E-03
   7.06636763       1.24200003E-03
   7.08303356       1.32799998E-03
   7.09969950       1.41799997E-03
   7.11636543       1.50999997E-03
   7.13303137       1.60600001E-03
   7.14969730       1.70499994E-03
   7.16636324       1.80600001E-03
   7.18302917       1.91100000E-03
   7.19969511       2.01900001E-03
   7.21636105       2.13099993E-03
   7.23302698       2.24600011E-03
   7.24969292       2.36400007E-03
   7.26635885       2.48500006E-03
   7.28302479       2.60900008E-03
   7.29969072       2.73799989E-03
   7.31635666       2.86899996E-03
   7.33302259       3.00500006E-03
   7.34968853       3.14399996E-03
   7.36635447       3.28600011E-03
   7.38302040       3.43200006E-03
   7.39968634       3.58200003E-03
   7.41635227       3.73600004E-03
   7.43301821       3.89300007E-03
   7.44968414       4.05499991E-03
   7.46635008       4.22000000E-03
   7.48301601       4.38900013E-03
   7.49968195       4.56300005E-03
   7.51634789       4.74100001E-03
   7.53301382       4.92300000E-03
   7.54967976       5.10900002E-03
   7.56634569       5.29900007E-03
   7.58301163       5.49399992E-03
   7.59967756       5.69299981E-03
   7.61634350       5.89699997E-03
   7.63300943       6.10599993E-03
   7.64967537       6.31800015E-03
   7.66634130       6.53599994E-03
   7.68300724       6.75799977E-03
   7.69967318       6.98499987E-03
   7.71633911       7.21699977E-03
   7.73300505       7.45399995E-03
   7.74967098       7.69500015E-03
   7.76633692       7.94200040E-03
   7.78300285       8.19400046E-03
   7.79966879       8.45099986E-03
   7.81633472       8.71300045E-03
   7.83300066       8.97900015E-03
   7.84966660       9.25199967E-03
   7.86633253       9.52900015E-03
   7.88299847       9.81300045E-03
   7.89966440       1.00999996E-02
   7.91633034       1.04000000E-02
   7.93299627       1.06899999E-02
   7.94966221       1.09999999E-02
   7.96632814       1.13100000E-02
   7.98299408       1.16299996E-02
   7.99966002       1.19500002E-02
   8.01632595       1.22699998E-02
   8.03299236       1.26099996E-02
   8.04965878       1.29500004E-02
   8.06632519       1.32900001E-02
   8.08299160       1.36399996E-02
   8.09965801       1.40000004E-02
   8.11632442       1.43600004E-02
   8.13299084       1.47299999E-02
   8.14965725       1.51000004E-02
   8.16632366       1.54799996E-02
   8.18299007       1.58699993E-02
   8.19965649       1.62599999E-02
   8.21632290       1.66599993E-02
   8.23298931       1.70600004E-02
   8.24965572       1.74700003E-02
   8.26632214       1.78900007E-02
   8.28298855       1.83099993E-02
   8.29965496       1.87400002E-02
   8.31632137       1.91699993E-02
   8.33298779       1.96199995E-02
   8.34965420       2.00599991E-02
   8.36632061       2.05199998E-02
   8.38298702       2.09800005E-02
   8.39965343       2.14399993E-02
   8.41631985       2.19100006E-02
   8.43298626       2.23900005E-02
   8.44965267       2.28799991E-02
   8.46631908       2.33699996E-02
   8.48298550       2.38700006E-02
   8.49965191       2.43699998E-02
   8.51631832       2.48799995E-02
   8.53298473       2.53899992E-02
   8.54965115       2.59199999E-02
   8.56631756       2.64400002E-02
   8.58298397       2.69799996E-02
   8.59965038       2.75199991E-02
   8.61631680       2.80600004E-02
   8.63298321       2.86200009E-02
   8.64964962       2.91799996E-02
   8.66631603       2.97400001E-02
   8.68298244       3.03099994E-02
   8.69964886       3.08899991E-02
   8.71631527       3.14700007E-02
   8.73298168       3.20600010E-02
   8.74964809       3.26600000E-02
   8.76631451       3.32599990E-02
   8.78298092       3.38700004E-02
   8.79964733       3.44800018E-02
   8.81631374       3.51000018E-02
   8.83298016       3.57300006E-02
   8.84964657       3.63599993E-02
   8.86631298       3.69900018E-02
   8.88297939       3.76400016E-02
   8.89964581       3.82799990E-02
   8.91631222       3.89400013E-02
   8.93297863       3.95999998E-02
   8.94964504       4.02599983E-02
   8.96631145       4.09299992E-02
   8.98297787       4.16099988E-02
   8.99964428       4.22899984E-02
   9.01631069       4.29800004E-02
   9.03297710       4.36699986E-02
   9.04964352       4.43699993E-02
   9.06630993       4.50700000E-02
   9.08297634       4.57799993E-02
   9.09964275       4.64899987E-02
   9.11630917       4.72100005E-02
   9.13297558       4.79400009E-02
   9.14964199       4.86599989E-02
   9.16630840       4.94000018E-02
   9.18297482       5.01299985E-02
   9.19964123       5.08800000E-02
   9.21630764       5.16300015E-02
   9.23297405       5.23799993E-02
   9.24964046       5.31300008E-02
   9.26630688       5.38999997E-02
   9.28297329       5.46599999E-02
   9.29963970       5.54299988E-02
   9.31630611       5.62100001E-02
   9.33297253       5.69799989E-02
   9.34963894       5.77699989E-02
   9.36630535       5.85500002E-02
   9.38297176       5.93499988E-02
   9.39963818       6.01399988E-02
   9.41630459       6.09400012E-02
   9.43297100       6.17399998E-02
   9.44963741       6.25500008E-02
   9.46630383       6.33599982E-02
   9.48297024       6.41700029E-02
   9.49963665       6.49899989E-02
   9.51630306       6.58000037E-02
   9.53296947       6.66299984E-02
   9.54963589       6.74600005E-02
   9.56630230       6.82900026E-02
   9.58296871       6.91199973E-02
   9.59963512       6.99499995E-02
   9.61630154       7.07900003E-02
   9.63296795       7.16300011E-02
   9.64963436       7.24800006E-02
   9.66630077       7.33200014E-02
   9.68296719       7.41700009E-02
   9.69963360       7.50200003E-02
   9.71630001       7.58699998E-02
   9.73296642       7.67299980E-02
   9.74963284       7.75900036E-02
   9.76629925       7.84500018E-02
   9.78296566       7.93099999E-02
   9.79963207       8.01699981E-02
   9.81629848       8.10299963E-02
   9.83296490       8.19000006E-02
   9.84963131       8.27699974E-02
   9.86629772       8.36400017E-02
   9.88296413       8.45099986E-02
   9.89963055       8.53800029E-02
   9.91629696       8.62499997E-02
   9.93296337       8.71199965E-02
   9.94962978       8.79900008E-02
   9.96629620       8.88699964E-02
   9.98296261       8.97499993E-02
   9.99962902       9.06200036E-02
   10.0162954       9.14999992E-02
   10.0329618       9.23800021E-02
   10.0496283       9.32599977E-02
   10.0662947       9.41400006E-02
   10.0829611       9.49999988E-02
   10.0996275       9.58800018E-02
   10.1162939       9.67599973E-02
   10.1329603       9.76400003E-02
   10.1496267       9.85200033E-02
   10.1662931       9.93800014E-02
   10.1829596      0.100299999    
   10.1996260      0.101099998    
   10.2162924      0.101999998    
   10.2329588      0.102899998    
   10.2496252      0.103799999    
   10.2662916      0.104599997    
   10.2829580      0.105499998    
   10.2996244      0.106399998    
   10.3162909      0.107199997    
   10.3329573      0.108099997    
   10.3496237      0.108999997    
   10.3662901      0.109800003    
   10.3829565      0.110699996    
   10.3996229      0.111599997    
   10.4162893      0.112400003    
   10.4329557      0.113300003    
   10.4496222      0.114100002    
   10.4662886      0.115000002    
   10.4829550      0.115800001    
   10.4996214      0.116700001    
   10.5162878      0.117500000    
   10.5329542      0.118299998    
   10.5496206      0.119199999    
   10.5662870      0.119999997    
   10.5829535      0.120800003    
   10.5996199      0.121600002    
   10.6162863      0.122500002    
   10.6329527      0.123300001    
   10.6496191      0.124100000    
   10.6662855      0.124899998    
   10.6829519      0.125599995    
   10.6996183      0.126499996    
   10.7162848      0.127299994    
   10.7329512      0.128099993    
   10.7496176      0.128900006    
   10.7662840      0.129700005    
   10.7829504      0.130500004    
   10.7996168      0.131300002    
   10.8162832      0.131999999    
   10.8329496      0.132799998    
   10.8496161      0.133599997    
   10.8662825      0.134299994    
   10.8829489      0.135000005    
   10.8996153      0.135800004    
   10.9162817      0.136600003    
   10.9329481      0.137300000    
   10.9496145      0.137999997    
   10.9662809      0.138799995    
   10.9829473      0.139500007    
   10.9996138      0.140200004    
   11.0162802      0.140900001    
   11.0329466      0.141599998    
   11.0496130      0.142299995    
   11.0662794      0.143000007    
   11.0829458      0.143700004    
   11.0996122      0.144400001    
   11.1162786      0.144999996    
   11.1329451      0.145699993    
   11.1496115      0.146400005    
   11.1662779      0.147000000    
   11.1829443      0.147599995    
   11.1996107      0.148300007    
   11.2162771      0.149000004    
   11.2329435      0.149599999    
   11.2496099      0.150199994    
   11.2662764      0.150800005    
   11.2829428      0.151400000    
   11.2996092      0.151999995    
   11.3162756      0.152600005    
   11.3329420      0.153200001    
   11.3496084      0.153799996    
   11.3662748      0.154300004    
   11.3829412      0.154799998    
   11.3996077      0.155399993    
   11.4162741      0.156000003    
   11.4329405      0.156499997    
   11.4496069      0.157100007    
   11.4662733      0.157600001    
   11.4829397      0.158099994    
   11.4996061      0.158600003    
   11.5162725      0.159099996    
   11.5329390      0.159600005    
   11.5496054      0.159999996    
   11.5662718      0.160500005    
   11.5829382      0.160999998    
   11.5996046      0.161400005    
   11.6162710      0.161899999    
   11.6329374      0.162300006    
   11.6496038      0.162799999    
   11.6662703      0.163200006    
   11.6829367      0.163599998    
   11.6996031      0.164000005    
   11.7162695      0.164399996    
   11.7329359      0.164800003    
   11.7496023      0.165199995    
   11.7662687      0.165500000    
   11.7829351      0.165900007    
   11.7996016      0.166199997    
   11.8162680      0.166600004    
   11.8329344      0.166899994    
   11.8496008      0.167199999    
   11.8662672      0.167400002    
   11.8829336      0.167799994    
   11.8996000      0.168099999    
   11.9162664      0.168400005    
   11.9329329      0.168699995    
   11.9495993      0.168899998    
   11.9662657      0.169200003    
   11.9829321      0.169400007    
   11.9995985      0.169699997    
   12.0162649      0.169799998    
   12.0329313      0.170100003    
   12.0495977      0.170300007    
   12.0662642      0.170499995    
   12.0829306      0.170699999    
   12.0995970      0.170900002    
   12.1162634      0.171000004    
   12.1329298      0.171200007    
   12.1495962      0.171399996    
   12.1662626      0.171499997    
   12.1829290      0.171599999    
   12.1995955      0.171700001    
   12.2162619      0.171700001    
   12.2329283      0.171800002    
   12.2495947      0.172000006    
   12.2662611      0.172099993    
   12.2829275      0.172199994    
   12.2995939      0.172199994    
   12.3162603      0.172299996    
   12.3329268      0.172299996    
   12.3495932      0.172299996    
   12.3662596      0.172399998    
   12.3829260      0.172399998    
   12.3995924      0.172399998    
   12.4162588      0.172399998    
   12.4329252      0.172299996    
   12.4495916      0.172299996    
   12.4662580      0.172299996    
   12.4829245      0.172199994    
   12.4995909      0.172099993    
   12.5162573      0.172099993    
   12.5329237      0.171900004    
   12.5495901      0.171700001    
   12.5662565      0.171700001    
   12.5829229      0.171700001    
   12.5995893      0.171599999    
   12.6162558      0.171399996    
   12.6329222      0.171299994    
   12.6495886      0.171100006    
   12.6662550      0.171000004    
   12.6829214      0.170800000    
   12.6995878      0.170599997    
   12.7162542      0.170399994    
   12.7329206      0.170200005    
   12.7495871      0.170000002    
   12.7662535      0.169699997    
   12.7829199      0.169599995    
   12.7995863      0.169300005    
   12.8162527      0.169000000    
   12.8329191      0.168799996    
   12.8495855      0.168500006    
   12.8662519      0.168200001    
   12.8829184      0.167999998    
   12.8995848      0.167600006    
   12.9162512      0.167400002    
   12.9329176      0.166999996    
   12.9495840      0.166700006    
   12.9662504      0.166400000    
   12.9829168      0.166099995    
   12.9995832      0.165700004    
   13.0162497      0.165299997    
   13.0329161      0.164900005    
   13.0495825      0.164600000    
   13.0662489      0.164199993    
   13.0829153      0.163800001    
   13.0995817      0.163399994    
   13.1162481      0.163000003    
   13.1329145      0.162599996    
   13.1495810      0.162100002    
   13.1662474      0.161699995    
   13.1829138      0.161200002    
   13.1995802      0.160799995    
   13.2162466      0.160300002    
   13.2329130      0.159799993    
   13.2495794      0.159299999    
   13.2662458      0.158800006    
   13.2829123      0.158299997    
   13.2995787      0.157800004    
   13.3162451      0.157299995    
   13.3329115      0.156800002    
   13.3495779      0.156299993    
   13.3662443      0.155599996    
   13.3829107      0.155200005    
   13.3995771      0.154599994    
   13.4162436      0.154100001    
   13.4329100      0.153500006    
   13.4495764      0.152899995    
   13.4662428      0.152199998    
   13.4829092      0.151700005    
   13.4995756      0.151099995    
   13.5162420      0.150500000    
   13.5329084      0.149800003    
   13.5495749      0.149299994    
   13.5662413      0.148599997    
   13.5829077      0.148000002    
   13.5995741      0.147400007    
   13.6162405      0.146699995    
   13.6329069      0.146100000    
   13.6495733      0.145400003    
   13.6662397      0.144700006    
   13.6829062      0.143999994    
   13.6995726      0.143399999    
   13.7162390      0.142700002    
   13.7329054      0.142000005    
   13.7495718      0.141299993    
   13.7662382      0.140599996    
   13.7829046      0.139899999    
   13.7995710      0.139100000    
   13.8162374      0.138400003    
   13.8329039      0.137700006    
   13.8495703      0.136899993    
   13.8662367      0.136199996    
   13.8829031      0.135499999    
   13.8995695      0.134700000    
   13.9162359      0.134000003    
   13.9329023      0.133200005    
   13.9495687      0.132400006    
   13.9662352      0.131699994    
   13.9829016      0.130899996    
   13.9995680      0.130099997    
   14.0162344      0.129299998    
   14.0329008      0.128500000    
   14.0495672      0.127700001    
   14.0662336      0.126900002    
   14.0829000      0.126100004    
   14.0995665      0.125300005    
   14.1162329      0.124499999    
   14.1328993      0.123700000    
   14.1495657      0.122900002    
   14.1662321      0.122000001    
   14.1828985      0.121200003    
   14.1995649      0.120399997    
   14.2162313      0.119599998    
   14.2328978      0.118799999    
   14.2495642      0.117899999    
   14.2662306      0.117100000    
   14.2828970      0.116200000    
   14.2995634      0.115400001    
   14.3162298      0.114500001    
   14.3328962      0.113700002    
   14.3495626      0.112800002    
   14.3662291      0.112000003    
   14.3828955      0.111100003    
   14.3995619      0.110299997    
   14.4162283      0.109399997    
   14.4328947      0.108599998    
   14.4495611      0.107699998    
   14.4662275      0.106799997    
   14.4828939      0.105999999    
   14.4995604      0.105099998    
   14.5162268      0.104199998    
   14.5328932      0.103299998    
   14.5495596      0.102499999    
   14.5662260      0.101599999    
   14.5828924      0.100699998    
   14.5995588       9.98499990E-02
   14.6162252       9.89499986E-02
   14.6328917       9.80900005E-02
   14.6495581       9.72200036E-02
   14.6662245       9.63400006E-02
   14.6828909       9.54599977E-02
   14.6995573       9.45900008E-02
   14.7162237       9.36999992E-02
   14.7328901       9.28300023E-02
   14.7495565       9.19499993E-02
   14.7662230       9.10800025E-02
   14.7828894       9.01900008E-02
   14.7995558       8.93199965E-02
   14.8162222       8.84400010E-02
   14.8328886       8.75699967E-02
   14.8495550       8.66999999E-02
   14.8662214       8.58300030E-02
   14.8828878       8.49500000E-02
   14.8995543       8.40800032E-02
   14.9162207       8.32099989E-02
   14.9328871       8.23500007E-02
   14.9495535       8.14799964E-02
   14.9662199       8.06099996E-02
   14.9828863       7.97500014E-02
   14.9995527       7.88900033E-02
   15.0162191       7.80299976E-02
   15.0328856       7.71699995E-02
   15.0495520       7.63100013E-02
   15.0662184       7.54600018E-02
   15.0828848       7.46100023E-02
   15.0995512       7.37600029E-02
   15.1162176       7.29100034E-02
   15.1328840       7.20700026E-02
   15.1495504       7.12200031E-02
   15.1662169       7.03800023E-02
   15.1828833       6.95500001E-02
   15.1995497       6.87099993E-02
   15.2162161       6.78799972E-02
   15.2328825       6.70600012E-02
   15.2495489       6.62299991E-02
   15.2662153       6.54100031E-02
   15.2828817       6.45899996E-02
   15.2995481       6.37800023E-02
   15.3162146       6.29599988E-02
   15.3328810       6.21600002E-02
   15.3495474       6.13499992E-02
   15.3662138       6.05500005E-02
   15.3828802       5.97499982E-02
   15.3995466       5.89599982E-02
   15.4162130       5.81699982E-02
   15.4328794       5.73900007E-02
   15.4495459       5.66099994E-02
   15.4662123       5.58300018E-02
   15.4828787       5.50599992E-02
   15.4995451       5.42900003E-02
   15.5162115       5.35300002E-02
   15.5328779       5.27700000E-02
   15.5495443       5.20099998E-02
   15.5662107       5.12599982E-02
   15.5828772       5.05199991E-02
   15.5995436       4.97800000E-02
   15.6162100       4.90400009E-02
   15.6328764       4.83100004E-02
   15.6495428       4.75899987E-02
   15.6662092       4.68599983E-02
   15.6828756       4.61499989E-02
   15.6995420       4.54399996E-02
   15.7162085       4.47300002E-02
   15.7328749       4.40299995E-02
   15.7495413       4.33400013E-02
   15.7662077       4.26499993E-02
   15.7828741       4.19600010E-02
   15.7995405       4.12800014E-02
   15.8162069       4.06100005E-02
   15.8328733       3.99399996E-02
   15.8495398       3.92800011E-02
   15.8662062       3.86199988E-02
   15.8828726       3.79699990E-02
   15.8995390       3.73300016E-02
   15.9162054       3.66900004E-02
   15.9328718       3.60499993E-02
   15.9495382       3.54299992E-02
   15.9662046       3.48000005E-02
   15.9828711       3.41899991E-02
   15.9995375       3.35800014E-02
   16.0162029       3.29700001E-02
   16.0328693       3.23700011E-02
   16.0495358       3.17800008E-02
   16.0662022       3.11900005E-02
   16.0828686       3.06100007E-02
   16.0995350       3.00399996E-02
   16.1162014       2.94700004E-02
   16.1328678       2.89099999E-02
   16.1495342       2.83499993E-02
   16.1662006       2.77999993E-02
   16.1828671       2.72599999E-02
   16.1995335       2.67200004E-02
   16.2161999       2.61899997E-02
   16.2328663       2.56600007E-02
   16.2495327       2.51499992E-02
   16.2661991       2.46300008E-02
   16.2828655       2.41299998E-02
   16.2995319       2.36300007E-02
   16.3161983       2.31299996E-02
   16.3328648       2.26399992E-02
   16.3495312       2.21599992E-02
   16.3661976       2.16899998E-02
   16.3828640       2.12200005E-02
   16.3995304       2.07599998E-02
   16.4161968       2.03000009E-02
   16.4328632       1.98500007E-02
   16.4495296       1.94000006E-02
   16.4661961       1.89699996E-02
   16.4828625       1.85300000E-02
   16.4995289       1.81099996E-02
   16.5161953       1.76899992E-02
   16.5328617       1.72799993E-02
   16.5495281       1.68699995E-02
   16.5661945       1.64700001E-02
   16.5828609       1.60700008E-02
   16.5995274       1.56800002E-02
   16.6161938       1.53000001E-02
   16.6328602       1.49200000E-02
   16.6495266       1.45500004E-02
   16.6661930       1.41899996E-02
   16.6828594       1.38299996E-02
   16.6995258       1.34699997E-02
   16.7161922       1.31299999E-02
   16.7328587       1.27800005E-02
   16.7495251       1.24500003E-02
   16.7661915       1.21200001E-02
   16.7828579       1.17899999E-02
   16.7995243       1.14700003E-02
   16.8161907       1.11600002E-02
   16.8328571       1.08500002E-02
   16.8495235       1.05499998E-02
   16.8661900       1.02599999E-02
   16.8828564       9.96400043E-03
   16.8995228       9.67799965E-03
   16.9161892       9.39800031E-03
   16.9328556       9.12300032E-03
   16.9495220       8.85299966E-03
   16.9661884       8.58800020E-03
   16.9828548       8.32900032E-03
   16.9995213       8.07499979E-03
   17.0161877       7.82500021E-03
   17.0328541       7.58100022E-03
   17.0495205       7.34200003E-03
   17.0661869       7.10699987E-03
   17.0828533       6.87800022E-03
   17.0995197       6.65300013E-03
   17.1161861       6.43299986E-03
   17.1328526       6.21799985E-03
   17.1495190       6.00699987E-03
   17.1661854       5.80100017E-03
   17.1828518       5.59900003E-03
   17.1995182       5.40200016E-03
   17.2161846       5.20899985E-03
   17.2328510       5.02099982E-03
   17.2495174       4.83699981E-03
   17.2661839       4.65699984E-03
   17.2828503       4.48099989E-03
   17.2995167       4.31000022E-03
   17.3161831       4.14199987E-03
   17.3328495       3.97899980E-03
   17.3495159       3.81899998E-03
   17.3661823       3.66299995E-03
   17.3828487       3.51099996E-03
   17.3995152       3.36300000E-03
   17.4161816       3.21900006E-03
   17.4328480       3.07799992E-03
   17.4495144       2.94100004E-03
   17.4661808       2.80799996E-03
   17.4828472       2.67799990E-03
   17.4995136       2.55100010E-03
   17.5161800       2.42800009E-03
   17.5328465       2.30800011E-03
   17.5495129       2.19199993E-03
   17.5661793       2.07900000E-03
   17.5828457       1.96900009E-03
   17.5995121       1.86199998E-03
   17.6161785       1.75800000E-03
   17.6328449       1.65800005E-03
   17.6495113       1.56100001E-03
   17.6661777       1.46699999E-03
   17.6828442       1.37600000E-03
   17.6995106       1.28800003E-03
   17.7161770       1.20299996E-03
   17.7328434       1.12100004E-03
   17.7495098       1.04200002E-03
   17.7661762       9.66500025E-04
   17.7828426       8.93899996E-04
   17.7995090       8.24299990E-04
   17.8161755       7.57700007E-04
   17.8328419       6.94499991E-04
   17.8495083       6.34500000E-04
   17.8661747       5.78099978E-04
   17.8828411       5.25499985E-04
   17.8995075       4.65799996E-04
   17.9161739       4.12800000E-04
   17.9328403       3.68400011E-04
   17.9495068       3.31299991E-04
   17.9661732       2.90800002E-04
   17.9828396       2.55899999E-04
   17.9995060       2.21700000E-04
   18.0161724       1.96099994E-04
   18.0328388       1.66900005E-04
   18.0495052       1.42000004E-04
   18.0661716       1.20299999E-04
   18.0828381       1.01500002E-04
   18.0995045       8.53399979E-05
   18.1161709       6.94300034E-05
   18.1328373       5.72999998E-05
   18.1495037       4.64900004E-05
   18.1661701       3.76899989E-05
   18.1828365       2.98800005E-05
   18.1995029       2.35900006E-05
   18.2161694       1.84799992E-05
   18.2328358       1.42600002E-05
   18.2495022       1.08200002E-05
   18.2661686       8.10399979E-06
   18.2828350       6.00100020E-06
   18.2995014       4.29100010E-06
   18.3161678       2.98100008E-06
   18.3328342       1.96499991E-06
   18.3495007       1.25999998E-06
   18.3661671       7.48800005E-07
   18.3828335       4.29700009E-07
   18.3994999       2.39200006E-07
   18.4161663       1.25000000E-07
   18.4328327       5.62899984E-08
   18.4494991       1.73100005E-08
   18.4661655       2.94500002E-09
   18.4828320       8.70100034E-11
   18.4994984       1.29300000E-12
   18.5161648       5.29399997E-15
   18.5328312       5.27800002E-18
   18.5494976       1.21999997E-23
   18.5661640       0.00000000    
   18.5828304       0.00000000    
   18.5994968       0.00000000    
   18.6161633       0.00000000    
   18.6328297       0.00000000    
   18.6494961       0.00000000    
   18.6661625       0.00000000    
   18.6828289       0.00000000    
   18.6994953       0.00000000    
   18.7161617       0.00000000    
   18.7328281       0.00000000    
   18.7494946       0.00000000    
   18.7661610       0.00000000    
   18.7828274       0.00000000    
   18.7994938       0.00000000    
   18.8161602       0.00000000    
   18.8328266       0.00000000    
   18.8494930       0.00000000    
   18.8661594       0.00000000    
   18.8828259       0.00000000    
   18.8994923       0.00000000    
   18.9161587       0.00000000    
   18.9328251       0.00000000    
   18.9494915       0.00000000    
   18.9661579       0.00000000    
   18.9828243       0.00000000    
   18.9994907       0.00000000    
   19.0161572       0.00000000    
   19.0328236       0.00000000    
   19.0494900       0.00000000    
   19.0661564       0.00000000    
   19.0828228       0.00000000    
   19.0994892       0.00000000    
   19.1161556       0.00000000    
   19.1328220       0.00000000    
   19.1494884       0.00000000    
   19.1661549       0.00000000    
   19.1828213       0.00000000    
   19.1994877       0.00000000    
   19.2161541       0.00000000    
   19.2328205       0.00000000    
   19.2494869       0.00000000    
   19.2661533       0.00000000    
   19.2828197       0.00000000    
   19.2994862       0.00000000    
   19.3161526       0.00000000    
   19.3328190       0.00000000    
   19.3494854       0.00000000    
   19.3661518       0.00000000    
   19.3828182       0.00000000    
   19.3994846       0.00000000    
   19.4161510       0.00000000    
   19.4328175       0.00000000    
   19.4494839       0.00000000    
   19.4661503       0.00000000    
   19.4828167       0.00000000    
   19.4994831       0.00000000    
   19.5161495       0.00000000    
   19.5328159       0.00000000    
   19.5494823       0.00000000    
   19.5661488       0.00000000    
   19.5828152       0.00000000    
   19.5994816       0.00000000    
   19.6161480       0.00000000    
   19.6328144       0.00000000    
   19.6494808       0.00000000    
   19.6661472       0.00000000    
   19.6828136       0.00000000    
   19.6994801       0.00000000    
   19.7161465       0.00000000    
   19.7328129       0.00000000    
   19.7494793       0.00000000    
   19.7661457       0.00000000    
   19.7828121       0.00000000    
   19.7994785       0.00000000    
   19.8161449       0.00000000    
   19.8328114       0.00000000    
   19.8494778       0.00000000    
   19.8661442       0.00000000    
   19.8828106       0.00000000    
   19.8994770       0.00000000    
   19.9161434       0.00000000    
   19.9328098       0.00000000    
   19.9494762       0.00000000    
   19.9661427       0.00000000    
   19.9828091       0.00000000    
   19.9994755       0.00000000    
   20.0161419       0.00000000    
   20.0328083       0.00000000    
   20.0494747       0.00000000    
   20.0661411       0.00000000    
   20.0828075       0.00000000    
   20.0994740       0.00000000    
   20.1161404       0.00000000    
   20.1328068       0.00000000    
   20.1494732       0.00000000    
   20.1661396       0.00000000    
   20.1828060       0.00000000    
   20.1994724       0.00000000    
   20.2161388       0.00000000    
   20.2328053       0.00000000    
   20.2494717       0.00000000    
   20.2661381       0.00000000    
   20.2828045       0.00000000    
   20.2994709       0.00000000    
   20.3161373       0.00000000    
   20.3328037       0.00000000    
   20.3494701       0.00000000    
   20.3661366       0.00000000    
   20.3828030       0.00000000    
   20.3994694       0.00000000    
   20.4161358       0.00000000    
   20.4328022       0.00000000    
   20.4494686       0.00000000    
   20.4661350       0.00000000    
   20.4828014       0.00000000    
   20.4994678       0.00000000    
   20.5161343       0.00000000    
   20.5328007       0.00000000    
   20.5494671       0.00000000    
   20.5661335       0.00000000    
   20.5827999       0.00000000    
   20.5994663       0.00000000    
   20.6161327       0.00000000    
   20.6327991       0.00000000    
   20.6494656       0.00000000    
   20.6661320       0.00000000    
   20.6827984       0.00000000    
   20.6994648       0.00000000    
   20.7161312       0.00000000    
   20.7327976       0.00000000    
   20.7494640       0.00000000    
   20.7661304       0.00000000    
   20.7827969       0.00000000    
   20.7994633       0.00000000    
   20.8161297       0.00000000    
   20.8327961       0.00000000    
   20.8494625       0.00000000    
   20.8661289       0.00000000    
   20.8827953       0.00000000    
   20.8994617       0.00000000    
   20.9161282       0.00000000    
   20.9327946       0.00000000    
   20.9494610       0.00000000    
   20.9661274       0.00000000    
   20.9827938       0.00000000    
   20.9994602       0.00000000    
   21.0161266       0.00000000    
   21.0327930       0.00000000    
   21.0494595       0.00000000    
   21.0661259       0.00000000    
   21.0827923       0.00000000    
   21.0994587       0.00000000    
   21.1161251       0.00000000    
   21.1327915       0.00000000    
   21.1494579       0.00000000    
   21.1661243       0.00000000    
   21.1827908       0.00000000    
   21.1994572       0.00000000    
   21.2161236       0.00000000    
   21.2327900       0.00000000    
   21.2494564       0.00000000    
   21.2661228       0.00000000    
   21.2827892       0.00000000    
   21.2994556       0.00000000    
   21.3161221       0.00000000    
   21.3327885       0.00000000    
   21.3494549       0.00000000    
   21.3661213       0.00000000    
   21.3827877       0.00000000    
   21.3994541       0.00000000    
   21.4161205       0.00000000    
   21.4327869       0.00000000    
   21.4494534       0.00000000    
   21.4661198       0.00000000    
   21.4827862       0.00000000    
   21.4994526       0.00000000    
   21.5161190       0.00000000    
   21.5327854       0.00000000    
   21.5494518       0.00000000    
   21.5661182       0.00000000    
   21.5827847       0.00000000    
   21.5994511       0.00000000    
   21.6161175       0.00000000    
   21.6327839       0.00000000    
   21.6494503       0.00000000    
   21.6661167       0.00000000    
   21.6827831       0.00000000    
   21.6994495       0.00000000    
   21.7161160       0.00000000    
   21.7327824       0.00000000    
   21.7494488       0.00000000    
   21.7661152       0.00000000    
   21.7827816       0.00000000    
   21.7994480       0.00000000    
   21.8161144       0.00000000    
   21.8327808       0.00000000    
   21.8494473       0.00000000    
   21.8661137       0.00000000    
   21.8827801       0.00000000    
   21.8994465       0.00000000    
   21.9161129       0.00000000    
   21.9327793       0.00000000    
   21.9494457       0.00000000    
   21.9661121       0.00000000    
   21.9827785       0.00000000    
   21.9994450       0.00000000    
   22.0161114       0.00000000    
   22.0327778       0.00000000    
   22.0494442       0.00000000    
   22.0661106       0.00000000    
   22.0827770       0.00000000    
   22.0994434       0.00000000    
   22.1161098       0.00000000    
   22.1327763       0.00000000    
   22.1494427       0.00000000    
   22.1661091       0.00000000    
   22.1827755       0.00000000    
   22.1994419       0.00000000    
   22.2161083       0.00000000    
   22.2327747       0.00000000    
   22.2494411       0.00000000    
   22.2661076       0.00000000    
   22.2827740       0.00000000    
   22.2994404       0.00000000    
   22.3161068       0.00000000    
   22.3327732       0.00000000    
   22.3494396       0.00000000    
   22.3661060       0.00000000    
   22.3827724       0.00000000    
   22.3994389       0.00000000    
   22.4161053       0.00000000    
   22.4327717       0.00000000    
   22.4494381       0.00000000    
   22.4661045       0.00000000    
   22.4827709       0.00000000    
   22.4994373       0.00000000    
   22.5161037       0.00000000    
   22.5327702       0.00000000    
   22.5494366       0.00000000    
   22.5661030       0.00000000    
   22.5827694       0.00000000    
   22.5994358       0.00000000    
   22.6161022       0.00000000    
   22.6327686       0.00000000    
   22.6494350       0.00000000    
   22.6661015       0.00000000    
   22.6827679       0.00000000    
   22.6994343       0.00000000    
   22.7161007       0.00000000    
   22.7327671       0.00000000    
   22.7494335       0.00000000    
   22.7660999       0.00000000    
   22.7827663       0.00000000    
   22.7994328       0.00000000    
   22.8160992       0.00000000    
   22.8327656       0.00000000    
   22.8494320       0.00000000    
   22.8660984       0.00000000    
   22.8827648       0.00000000    
   22.8994312       0.00000000    
   22.9160976       0.00000000    
   22.9327641       0.00000000    
   22.9494305       0.00000000    
   22.9660969       0.00000000    
   22.9827633       0.00000000    
   22.9994297       0.00000000    
   23.0160961       0.00000000    
   23.0327625       0.00000000    
   23.0494289       0.00000000    
   23.0660954       0.00000000    
   23.0827618       0.00000000    
   23.0994282       0.00000000    
   23.1160946       0.00000000    
   23.1327610       0.00000000    
   23.1494274       0.00000000    
   23.1660938       0.00000000    
   23.1827602       0.00000000    
   23.1994267       0.00000000    
   23.2160931       0.00000000    
   23.2327595       0.00000000    
   23.2494259       0.00000000    
   23.2660923       0.00000000    
   23.2827587       0.00000000    
   23.2994251       0.00000000    
   23.3160915       0.00000000    
   23.3327579       0.00000000    
   23.3494244       0.00000000    
   23.3660908       0.00000000    
   23.3827572       0.00000000    
   23.3994236       0.00000000    
   23.4160900       0.00000000    
   23.4327564       0.00000000    
   23.4494228       0.00000000    
   23.4660892       0.00000000    
   23.4827557       0.00000000    
   23.4994221       0.00000000    
   23.5160885       0.00000000    
   23.5327549       0.00000000    
   23.5494213       0.00000000    
   23.5660877       0.00000000    
   23.5827541       0.00000000    
   23.5994205       0.00000000    
   23.6160870       0.00000000    
   23.6327534       0.00000000    
   23.6494198       0.00000000    
   23.6660862       0.00000000    
   23.6827526       0.00000000    
   23.6994190       0.00000000    
   23.7160854       0.00000000    
   23.7327518       0.00000000    
   23.7494183       0.00000000    
   23.7660847       0.00000000    
   23.7827511       0.00000000    
   23.7994175       0.00000000    
   23.8160839       0.00000000    
   23.8327503       0.00000000    
   23.8494167       0.00000000    
   23.8660831       0.00000000    
   23.8827496       0.00000000    
   23.8994160       0.00000000    
   23.9160824       0.00000000    
   23.9327488       0.00000000    
   23.9494152       0.00000000    
   23.9660816       0.00000000    
   23.9827480       0.00000000    
