   0.00000000       0.00000000    
   1.66660007E-02   0.00000000    
   3.33320014E-02   0.00000000    
   4.99980003E-02   0.00000000    
   6.66640028E-02   0.00000000    
   8.33300054E-02   0.00000000    
   9.99960080E-02   0.00000000    
  0.116662011       0.00000000    
  0.133328006       0.00000000    
  0.149994001       0.00000000    
  0.166659996       0.00000000    
  0.183325991       0.00000000    
  0.199991986       0.00000000    
  0.216657981       0.00000000    
  0.233323976       0.00000000    
  0.249989972       0.00000000    
  0.266655982       0.00000000    
  0.283321977       0.00000000    
  0.299987972       0.00000000    
  0.316653967       0.00000000    
  0.333319962       0.00000000    
  0.349985957       0.00000000    
  0.366651952       0.00000000    
  0.383317947       0.00000000    
  0.399983943       0.00000000    
  0.416649938       0.00000000    
  0.433315933       0.00000000    
  0.449981928       0.00000000    
  0.466647923       0.00000000    
  0.483313918       0.00000000    
  0.499979913       0.00000000    
  0.516645908       0.00000000    
  0.533311903       0.00000000    
  0.549977899       0.00000000    
  0.566643894       0.00000000    
  0.583309889       0.00000000    
  0.599975884       0.00000000    
  0.616641879       0.00000000    
  0.633307874       0.00000000    
  0.649973869       0.00000000    
  0.666639864       0.00000000    
  0.683305860       0.00000000    
  0.699971855       0.00000000    
  0.716637850       0.00000000    
  0.733303845       0.00000000    
  0.749969840       0.00000000    
  0.766635835       0.00000000    
  0.783301830       0.00000000    
  0.799967825       0.00000000    
  0.816633821       0.00000000    
  0.833299816       0.00000000    
  0.849965811       0.00000000    
  0.866631806       0.00000000    
  0.883297801       0.00000000    
  0.899963796       0.00000000    
  0.916629791       0.00000000    
  0.933295786       0.00000000    
  0.949961782       0.00000000    
  0.966627777       0.00000000    
  0.983293772       0.00000000    
  0.999959767       0.00000000    
   1.01662576       0.00000000    
   1.03329182       0.00000000    
   1.04995787       0.00000000    
   1.06662393       0.00000000    
   1.08328998       0.00000000    
   1.09995604       0.00000000    
   1.11662209       0.00000000    
   1.13328815       0.00000000    
   1.14995420       0.00000000    
   1.16662025       0.00000000    
   1.18328631       0.00000000    
   1.19995236       0.00000000    
   1.21661842       0.00000000    
   1.23328447       0.00000000    
   1.24995053       0.00000000    
   1.26661658       0.00000000    
   1.28328264       0.00000000    
   1.29994869       0.00000000    
   1.31661475       0.00000000    
   1.33328080       0.00000000    
   1.34994686       0.00000000    
   1.36661291       0.00000000    
   1.38327897       0.00000000    
   1.39994502       0.00000000    
   1.41661108       0.00000000    
   1.43327713       0.00000000    
   1.44994318       0.00000000    
   1.46660924       0.00000000    
   1.48327529       0.00000000    
   1.49994135       0.00000000    
   1.51660740       0.00000000    
   1.53327346       0.00000000    
   1.54993951       0.00000000    
   1.56660557       0.00000000    
   1.58327162       0.00000000    
   1.59993768       0.00000000    
   1.61660373       0.00000000    
   1.63326979       0.00000000    
   1.64993584       0.00000000    
   1.66660190       0.00000000    
   1.68326795       0.00000000    
   1.69993401       0.00000000    
   1.71660006       0.00000000    
   1.73326612       0.00000000    
   1.74993217       0.00000000    
   1.76659822       0.00000000    
   1.78326428       0.00000000    
   1.79993033       0.00000000    
   1.81659639       0.00000000    
   1.83326244       0.00000000    
   1.84992850       0.00000000    
   1.86659455       0.00000000    
   1.88326061       0.00000000    
   1.89992666       0.00000000    
   1.91659272       0.00000000    
   1.93325877       0.00000000    
   1.94992483       0.00000000    
   1.96659088       0.00000000    
   1.98325694       0.00000000    
   1.99992299       0.00000000    
   2.01658893       0.00000000    
   2.03325486       0.00000000    
   2.04992080       0.00000000    
   2.06658673       0.00000000    
   2.08325267       0.00000000    
   2.09991860       0.00000000    
   2.11658454       0.00000000    
   2.13325047       0.00000000    
   2.14991641       0.00000000    
   2.16658235       0.00000000    
   2.18324828       0.00000000    
   2.19991422       0.00000000    
   2.21658015       0.00000000    
   2.23324609       0.00000000    
   2.24991202       0.00000000    
   2.26657796       0.00000000    
   2.28324389       0.00000000    
   2.29990983       0.00000000    
   2.31657577       0.00000000    
   2.33324170       0.00000000    
   2.34990764       0.00000000    
   2.36657357       0.00000000    
   2.38323951       0.00000000    
   2.39990544       0.00000000    
   2.41657138       0.00000000    
   2.43323731       0.00000000    
   2.44990325       0.00000000    
   2.46656919       0.00000000    
   2.48323512       0.00000000    
   2.49990106       0.00000000    
   2.51656699       0.00000000    
   2.53323293       0.00000000    
   2.54989886       0.00000000    
   2.56656480       0.00000000    
   2.58323073       0.00000000    
   2.59989667       0.00000000    
   2.61656260       0.00000000    
   2.63322854       0.00000000    
   2.64989448       0.00000000    
   2.66656041       0.00000000    
   2.68322635       0.00000000    
   2.69989228       0.00000000    
   2.71655822       0.00000000    
   2.73322415       0.00000000    
   2.74989009       0.00000000    
   2.76655602       0.00000000    
   2.78322196       0.00000000    
   2.79988790       0.00000000    
   2.81655383       0.00000000    
   2.83321977       0.00000000    
   2.84988570       0.00000000    
   2.86655164       0.00000000    
   2.88321757       0.00000000    
   2.89988351       0.00000000    
   2.91654944       0.00000000    
   2.93321538       0.00000000    
   2.94988132       0.00000000    
   2.96654725       0.00000000    
   2.98321319       0.00000000    
   2.99987912       0.00000000    
   3.01654506       0.00000000    
   3.03321099       0.00000000    
   3.04987693       0.00000000    
   3.06654286       0.00000000    
   3.08320880       0.00000000    
   3.09987473       0.00000000    
   3.11654067       0.00000000    
   3.13320661       0.00000000    
   3.14987254       0.00000000    
   3.16653848       0.00000000    
   3.18320441       0.00000000    
   3.19987035       0.00000000    
   3.21653628       0.00000000    
   3.23320222       0.00000000    
   3.24986815       0.00000000    
   3.26653409       0.00000000    
   3.28320003       0.00000000    
   3.29986596       0.00000000    
   3.31653190       0.00000000    
   3.33319783       0.00000000    
   3.34986377       0.00000000    
   3.36652970       0.00000000    
   3.38319564       0.00000000    
   3.39986157       0.00000000    
   3.41652751       0.00000000    
   3.43319345       0.00000000    
   3.44985938       0.00000000    
   3.46652532       0.00000000    
   3.48319125       0.00000000    
   3.49985719       0.00000000    
   3.51652312       0.00000000    
   3.53318906       0.00000000    
   3.54985499       0.00000000    
   3.56652093       0.00000000    
   3.58318686       0.00000000    
   3.59985280       0.00000000    
   3.61651874       0.00000000    
   3.63318467       0.00000000    
   3.64985061       0.00000000    
   3.66651654       0.00000000    
   3.68318248       0.00000000    
   3.69984841       0.00000000    
   3.71651435       0.00000000    
   3.73318028       0.00000000    
   3.74984622       0.00000000    
   3.76651216       0.00000000    
   3.78317809       0.00000000    
   3.79984403       0.00000000    
   3.81650996       0.00000000    
   3.83317590       0.00000000    
   3.84984183       0.00000000    
   3.86650777       0.00000000    
   3.88317370       0.00000000    
   3.89983964       0.00000000    
   3.91650558       0.00000000    
   3.93317151       0.00000000    
   3.94983745       0.00000000    
   3.96650338       0.00000000    
   3.98316932       0.00000000    
   3.99983525       0.00000000    
   4.01650143       0.00000000    
   4.03316736       0.00000000    
   4.04983330       0.00000000    
   4.06649923       0.00000000    
   4.08316517       0.00000000    
   4.09983110       0.00000000    
   4.11649704       0.00000000    
   4.13316298       0.00000000    
   4.14982891       0.00000000    
   4.16649485       0.00000000    
   4.18316078       0.00000000    
   4.19982672       0.00000000    
   4.21649265       0.00000000    
   4.23315859       0.00000000    
   4.24982452       0.00000000    
   4.26649046       0.00000000    
   4.28315639       0.00000000    
   4.29982233       0.00000000    
   4.31648827       0.00000000    
   4.33315420       0.00000000    
   4.34982014       0.00000000    
   4.36648607       0.00000000    
   4.38315201       0.00000000    
   4.39981794       0.00000000    
   4.41648388       0.00000000    
   4.43314981       0.00000000    
   4.44981575       0.00000000    
   4.46648169       0.00000000    
   4.48314762       0.00000000    
   4.49981356       0.00000000    
   4.51647949       0.00000000    
   4.53314543       0.00000000    
   4.54981136       0.00000000    
   4.56647730       0.00000000    
   4.58314323       0.00000000    
   4.59980917       0.00000000    
   4.61647511       0.00000000    
   4.63314104       0.00000000    
   4.64980698       0.00000000    
   4.66647291       0.00000000    
   4.68313885       0.00000000    
   4.69980478       0.00000000    
   4.71647072       0.00000000    
   4.73313665       0.00000000    
   4.74980259       0.00000000    
   4.76646852       0.00000000    
   4.78313446       0.00000000    
   4.79980040       0.00000000    
   4.81646633       0.00000000    
   4.83313227       0.00000000    
   4.84979820       0.00000000    
   4.86646414       0.00000000    
   4.88313007       0.00000000    
   4.89979601       0.00000000    
   4.91646194       0.00000000    
   4.93312788       0.00000000    
   4.94979382       0.00000000    
   4.96645975       0.00000000    
   4.98312569       0.00000000    
   4.99979162       0.00000000    
   5.01645756       0.00000000    
   5.03312349       0.00000000    
   5.04978943       0.00000000    
   5.06645536       0.00000000    
   5.08312130       0.00000000    
   5.09978724       0.00000000    
   5.11645317       0.00000000    
   5.13311911       0.00000000    
   5.14978504       0.00000000    
   5.16645098       0.00000000    
   5.18311691       0.00000000    
   5.19978285       0.00000000    
   5.21644878       0.00000000    
   5.23311472       0.00000000    
   5.24978065       0.00000000    
   5.26644659       0.00000000    
   5.28311253       0.00000000    
   5.29977846       0.00000000    
   5.31644440       0.00000000    
   5.33311033       0.00000000    
   5.34977627       0.00000000    
   5.36644220       0.00000000    
   5.38310814       0.00000000    
   5.39977407       0.00000000    
   5.41644001       0.00000000    
   5.43310595       0.00000000    
   5.44977188       0.00000000    
   5.46643782       0.00000000    
   5.48310375       0.00000000    
   5.49976969       0.00000000    
   5.51643562       0.00000000    
   5.53310156       0.00000000    
   5.54976749       0.00000000    
   5.56643343       0.00000000    
   5.58309937       0.00000000    
   5.59976530       0.00000000    
   5.61643124       0.00000000    
   5.63309717       0.00000000    
   5.64976311       0.00000000    
   5.66642904       0.00000000    
   5.68309498       0.00000000    
   5.69976091       0.00000000    
   5.71642685       0.00000000    
   5.73309278       0.00000000    
   5.74975872       0.00000000    
   5.76642466       0.00000000    
   5.78309059       0.00000000    
   5.79975653       0.00000000    
   5.81642246       0.00000000    
   5.83308840       0.00000000    
   5.84975433       0.00000000    
   5.86642027       0.00000000    
   5.88308620       0.00000000    
   5.89975214       0.00000000    
   5.91641808       0.00000000    
   5.93308401       0.00000000    
   5.94974995       0.00000000    
   5.96641588       0.00000000    
   5.98308182       0.00000000    
   5.99974775       0.00000000    
   6.01641369       0.00000000    
   6.03307962       0.00000000    
   6.04974556       0.00000000    
   6.06641150       0.00000000    
   6.08307743       0.00000000    
   6.09974337       0.00000000    
   6.11640930       0.00000000    
   6.13307524       0.00000000    
   6.14974117       0.00000000    
   6.16640711       0.00000000    
   6.18307304       0.00000000    
   6.19973898       0.00000000    
   6.21640491       0.00000000    
   6.23307085       0.00000000    
   6.24973679       0.00000000    
   6.26640272       0.00000000    
   6.28306866       0.00000000    
   6.29973459       0.00000000    
   6.31640053       0.00000000    
   6.33306646       0.00000000    
   6.34973240       0.00000000    
   6.36639833       0.00000000    
   6.38306427       0.00000000    
   6.39973021       0.00000000    
   6.41639614       0.00000000    
   6.43306208       0.00000000    
   6.44972801       0.00000000    
   6.46639395       0.00000000    
   6.48305988       0.00000000    
   6.49972582       0.00000000    
   6.51639175       0.00000000    
   6.53305769       0.00000000    
   6.54972363       0.00000000    
   6.56638956       0.00000000    
   6.58305550       0.00000000    
   6.59972143       0.00000000    
   6.61638737       6.63599962E-27
   6.63305330       3.75299999E-11
   6.64971924       9.35699962E-09
   6.66638517       4.99999999E-07
   6.68305111       6.57100009E-06
   6.69971704       3.14099998E-05
   6.71638298       9.29899979E-05
   6.73304892       1.95700006E-04
   6.74971485       3.55900003E-04
   6.76638079       5.97100006E-04
   6.78304672       9.41500010E-04
   6.79971266       1.41899998E-03
   6.81637859       2.06399988E-03
   6.83304453       2.95899995E-03
   6.84971046       4.18499997E-03
   6.86637640       5.71299996E-03
   6.88304234       7.81100010E-03
   6.89970827       1.03599997E-02
   6.91637421       1.36799999E-02
   6.93304014       1.79900005E-02
   6.94970608       2.34200004E-02
   6.96637201       3.00299991E-02
   6.98303795       3.82499993E-02
   6.99970388       4.85999994E-02
   7.01636982       6.17999993E-02
   7.03303576       7.59800002E-02
   7.04970169       9.53200012E-02
   7.06636763      0.115400001    
   7.08303356      0.139500007    
   7.09969950      0.167899996    
   7.11636543      0.200399995    
   7.13303137      0.236499995    
   7.14969730      0.276800007    
   7.16636324      0.323300004    
   7.18302917      0.378800005    
   7.19969511      0.424600005    
   7.21636105      0.493000001    
   7.23302698      0.546700001    
   7.24969292      0.609899998    
   7.26635885      0.684199989    
   7.28302479      0.771700025    
   7.29969072      0.855899990    
   7.31635666      0.938099980    
   7.33302259       1.02499998    
   7.34968853       1.11600006    
   7.36635447       1.21099997    
   7.38302040       1.30900002    
   7.39968634       1.41100001    
   7.41635227       1.51600003    
   7.43301821       1.62399995    
   7.44968414       1.73500001    
   7.46635008       1.84899998    
   7.48301601       1.96599996    
   7.49968195       2.08500004    
   7.51634789       2.20799994    
   7.53301382       2.33299994    
   7.54967976       2.46099997    
   7.56634569       2.59200001    
   7.58301163       2.72499990    
   7.59967756       2.86100006    
   7.61634350       3.00000000    
   7.63300943       3.14100003    
   7.64967537       3.28500009    
   7.66634130       3.43099999    
   7.68300724       3.58100009    
   7.69967318       3.73200011    
   7.71633911       3.88700008    
   7.73300505       4.04400015    
   7.74967098       4.20300007    
   7.76633692       4.36499977    
   7.78300285       4.52899981    
   7.79966879       4.69600010    
   7.81633472       4.86499977    
   7.83300066       5.03599977    
   7.84966660       5.21000004    
   7.86633253       5.38600016    
   7.88299847       5.56400013    
   7.89966440       5.74499989    
   7.91633034       5.92700005    
   7.93299627       6.11199999    
   7.94966221       6.29799986    
   7.96632814       6.48699999    
   7.98299408       6.67799997    
   7.99966002       6.86999989    
   8.01632595       7.06400013    
   8.03299236       7.26000023    
   8.04965878       7.45800018    
   8.06632519       7.65799999    
   8.08299160       7.85900021    
   8.09965801       8.06200027    
   8.11632442       8.26599979    
   8.13299084       8.47200012    
   8.14965725       8.67899990    
   8.16632366       8.88799953    
   8.18299007       9.09799957    
   8.19965649       9.31000042    
   8.21632290       9.52200031    
   8.23298931       9.73600006    
   8.24965572       9.95199966    
   8.26632214       10.1700001    
   8.28298855       10.3900003    
   8.29965496       10.6000004    
   8.31632137       10.8199997    
   8.33298779       11.0400000    
   8.34965420       11.2700005    
   8.36632061       11.4899998    
   8.38298702       11.7100000    
   8.39965343       11.9399996    
   8.41631985       12.1599998    
   8.43298626       12.3900003    
   8.44965267       12.6099997    
   8.46631908       12.8400002    
   8.48298550       13.0699997    
   8.49965191       13.3000002    
   8.51631832       13.5299997    
   8.53298473       13.7600002    
   8.54965115       13.9899998    
   8.56631756       14.2200003    
   8.58298397       14.4499998    
   8.59965038       14.6800003    
   8.61631680       14.9200001    
   8.63298321       15.1499996    
   8.64964962       15.3800001    
   8.66631603       15.6199999    
   8.68298244       15.8500004    
   8.69964886       16.0900002    
   8.71631527       16.3199997    
   8.73298168       16.5599995    
   8.74964809       16.7900009    
   8.76631451       17.0300007    
   8.78298092       17.2600002    
   8.79964733       17.5000000    
   8.81631374       17.7299995    
   8.83298016       17.9699993    
   8.84964657       18.2099991    
   8.86631298       18.4400005    
   8.88297939       18.6800003    
   8.89964581       18.9099998    
   8.91631222       19.1499996    
   8.93297863       19.3899994    
   8.94964504       19.6200008    
   8.96631145       19.8600006    
   8.98297787       20.1000004    
   8.99964428       20.3299999    
   9.01631069       20.5699997    
   9.03297710       20.7999992    
   9.04964352       21.0400009    
   9.06630993       21.2700005    
   9.08297634       21.5100002    
   9.09964275       21.7500000    
   9.11630917       21.9799995    
   9.13297558       22.2099991    
   9.14964199       22.4500008    
   9.16630840       22.6800003    
   9.18297482       22.9200001    
   9.19964123       23.1499996    
   9.21630764       23.3899994    
   9.23297405       23.6200008    
   9.24964046       23.8500004    
   9.26630688       24.0799999    
   9.28297329       24.3199997    
   9.29963970       24.5499992    
   9.31630611       24.7800007    
   9.33297253       25.0100002    
   9.34963894       25.2399998    
   9.36630535       25.4699993    
   9.38297176       25.7000008    
   9.39963818       25.9300003    
   9.41630459       26.1599998    
   9.43297100       26.3899994    
   9.44963741       26.6100006    
   9.46630383       26.8400002    
   9.48297024       27.0699997    
   9.49963665       27.2900009    
   9.51630306       27.5200005    
   9.53296947       27.7500000    
   9.54963589       27.9699993    
   9.56630230       28.1900005    
   9.58296871       28.4200001    
   9.59963512       28.6399994    
   9.61630154       28.8600006    
   9.63296795       29.0799999    
   9.64963436       29.3099995    
   9.66630077       29.5300007    
   9.68296719       29.7500000    
   9.69963360       29.9599991    
   9.71630001       30.1800003    
   9.73296642       30.3999996    
   9.74963284       30.6200008    
   9.76629925       30.8299999    
   9.78296566       31.0499992    
   9.79963207       31.2600002    
   9.81629848       31.4799995    
   9.83296490       31.6900005    
   9.84963131       31.8999996    
   9.86629772       32.1199989    
   9.88296413       32.3300018    
   9.89963055       32.5400009    
   9.91629696       32.7500000    
   9.93296337       32.9599991    
   9.94962978       33.1599998    
   9.96629620       33.3699989    
   9.98296261       33.5800018    
   9.99962902       33.7799988    
   10.0162954       33.9900017    
   10.0329618       34.1899986    
   10.0496283       34.3899994    
   10.0662947       34.5999985    
   10.0829611       34.7999992    
   10.0996275       35.0000000    
   10.1162939       35.2000008    
   10.1329603       35.4000015    
   10.1496267       35.5900002    
   10.1662931       35.7900009    
   10.1829596       35.9900017    
   10.1996260       36.1800003    
   10.2162924       36.3800011    
   10.2329588       36.5699997    
   10.2496252       36.7599983    
   10.2662916       36.9500008    
   10.2829580       37.1399994    
   10.2996244       37.3300018    
   10.3162909       37.5200005    
   10.3329573       37.7099991    
   10.3496237       37.8899994    
   10.3662901       38.0800018    
   10.3829565       38.2599983    
   10.3996229       38.4500008    
   10.4162893       38.6300011    
   10.4329557       38.8100014    
   10.4496222       38.9900017    
   10.4662886       39.1699982    
   10.4829550       39.3499985    
   10.4996214       39.5299988    
   10.5162878       39.7000008    
   10.5329542       39.8800011    
   10.5496206       40.0499992    
   10.5662870       40.2299995    
   10.5829535       40.4000015    
   10.5996199       40.5699997    
   10.6162863       40.7400017    
   10.6329527       40.9099998    
   10.6496191       41.0800018    
   10.6662855       41.2400017    
   10.6829519       41.4099998    
   10.6996183       41.5699997    
   10.7162848       41.7400017    
   10.7329512       41.9000015    
   10.7496176       42.0600014    
   10.7662840       42.2200012    
   10.7829504       42.3800011    
   10.7996168       42.5400009    
   10.8162832       42.6899986    
   10.8329496       42.8499985    
   10.8496161       43.0000000    
   10.8662825       43.1599998    
   10.8829489       43.3100014    
   10.8996153       43.4599991    
   10.9162817       43.6100006    
   10.9329481       43.7599983    
   10.9496145       43.9000015    
   10.9662809       44.0499992    
   10.9829473       44.2000008    
   10.9996138       44.3400002    
   11.0162802       44.4799995    
   11.0329466       44.6199989    
   11.0496130       44.7599983    
   11.0662794       44.9000015    
   11.0829458       45.0400009    
   11.0996122       45.1800003    
   11.1162786       45.3100014    
   11.1329451       45.4500008    
   11.1496115       45.5800018    
   11.1662779       45.7099991    
   11.1829443       45.8400002    
   11.1996107       45.9700012    
   11.2162771       46.0999985    
   11.2329435       46.2200012    
   11.2496099       46.3499985    
   11.2662764       46.4700012    
   11.2829428       46.5999985    
   11.2996092       46.7200012    
   11.3162756       46.8400002    
   11.3329420       46.9599991    
   11.3496084       47.0800018    
   11.3662748       47.1899986    
   11.3829412       47.3100014    
   11.3996077       47.4199982    
   11.4162741       47.5299988    
   11.4329405       47.6500015    
   11.4496069       47.7599983    
   11.4662733       47.8699989    
   11.4829397       47.9700012    
   11.4996061       48.0800018    
   11.5162725       48.1800003    
   11.5329390       48.2900009    
   11.5496054       48.3899994    
   11.5662718       48.4900017    
   11.5829382       48.5900002    
   11.5996046       48.6899986    
   11.6162710       48.7900009    
   11.6329374       48.8800011    
   11.6496038       48.9799995    
   11.6662703       49.0699997    
   11.6829367       49.1599998    
   11.6996031       49.2500000    
   11.7162695       49.3400002    
   11.7329359       49.4300003    
   11.7496023       49.5200005    
   11.7662687       49.5999985    
   11.7829351       49.6800003    
   11.7996016       49.7700005    
   11.8162680       49.8499985    
   11.8329344       49.9300003    
   11.8496008       50.0099983    
   11.8662672       50.0800018    
   11.8829336       50.1599998    
   11.8996000       50.2299995    
   11.9162664       50.3100014    
   11.9329329       50.3800011    
   11.9495993       50.4500008    
   11.9662657       50.5200005    
   11.9829321       50.5800018    
   11.9995985       50.6500015    
   12.0162649       50.7200012    
   12.0329313       50.7799988    
   12.0495977       50.8400002    
   12.0662642       50.9000015    
   12.0829306       50.9599991    
   12.0995970       51.0200005    
   12.1162634       51.0699997    
   12.1329298       51.1300011    
   12.1495962       51.1800003    
   12.1662626       51.2400017    
   12.1829290       51.2900009    
   12.1995955       51.3400002    
   12.2162619       51.3800011    
   12.2329283       51.4300003    
   12.2495947       51.4799995    
   12.2662611       51.5200005    
   12.2829275       51.5600014    
   12.2995939       51.5999985    
   12.3162603       51.6399994    
   12.3329268       51.6800003    
   12.3495932       51.7200012    
   12.3662596       51.7599983    
   12.3829260       51.7900009    
   12.3995924       51.8199997    
   12.4162588       51.8499985    
   12.4329252       51.8800011    
   12.4495916       51.9099998    
   12.4662580       51.9399986    
   12.4829245       51.9599991    
   12.4995909       51.9900017    
   12.5162573       52.0099983    
   12.5329237       52.0299988    
   12.5495901       52.0499992    
   12.5662565       52.0699997    
   12.5829229       52.0900002    
   12.5995893       52.1100006    
   12.6162558       52.1199989    
   12.6329222       52.1300011    
   12.6495886       52.1500015    
   12.6662550       52.1599998    
   12.6829214       52.1599998    
   12.6995878       52.1699982    
   12.7162542       52.1800003    
   12.7329206       52.1800003    
   12.7495871       52.1899986    
   12.7662535       52.1899986    
   12.7829199       52.1899986    
   12.7995863       52.1899986    
   12.8162527       52.1800003    
   12.8329191       52.1800003    
   12.8495855       52.1699982    
   12.8662519       52.1699982    
   12.8829184       52.1599998    
   12.8995848       52.1500015    
   12.9162512       52.1399994    
   12.9329176       52.1300011    
   12.9495840       52.1100006    
   12.9662504       52.0999985    
   12.9829168       52.0800018    
   12.9995832       52.0600014    
   13.0162497       52.0400009    
   13.0329161       52.0200005    
   13.0495825       52.0000000    
   13.0662489       51.9799995    
   13.0829153       51.9500008    
   13.0995817       51.9300003    
   13.1162481       51.9000015    
   13.1329145       51.8699989    
   13.1495810       51.8400002    
   13.1662474       51.8100014    
   13.1829138       51.7700005    
   13.1995802       51.7400017    
   13.2162466       51.7000008    
   13.2329130       51.6599998    
   13.2495794       51.6199989    
   13.2662458       51.5800018    
   13.2829123       51.5400009    
   13.2995787       51.5000000    
   13.3162451       51.4500008    
   13.3329115       51.4099998    
   13.3495779       51.3600006    
   13.3662443       51.3100014    
   13.3829107       51.2599983    
   13.3995771       51.2099991    
   13.4162436       51.1599998    
   13.4329100       51.0999985    
   13.4495764       51.0499992    
   13.4662428       50.9900017    
   13.4829092       50.9300003    
   13.4995756       50.8699989    
   13.5162420       50.8100014    
   13.5329084       50.7500000    
   13.5495749       50.6800003    
   13.5662413       50.6199989    
   13.5829077       50.5499992    
   13.5995741       50.4799995    
   13.6162405       50.4099998    
   13.6329069       50.3400002    
   13.6495733       50.2700005    
   13.6662397       50.2000008    
   13.6829062       50.1199989    
   13.6995726       50.0400009    
   13.7162390       49.9700012    
   13.7329054       49.8899994    
   13.7495718       49.8100014    
   13.7662382       49.7299995    
   13.7829046       49.6399994    
   13.7995710       49.5600014    
   13.8162374       49.4700012    
   13.8329039       49.3899994    
   13.8495703       49.2999992    
   13.8662367       49.2099991    
   13.8829031       49.1199989    
   13.8995695       49.0200005    
   13.9162359       48.9300003    
   13.9329023       48.8300018    
   13.9495687       48.7400017    
   13.9662352       48.6399994    
   13.9829016       48.5400009    
   13.9995680       48.4399986    
   14.0162344       48.3400002    
   14.0329008       48.2299995    
   14.0495672       48.1300011    
   14.0662336       48.0299988    
   14.0829000       47.9199982    
   14.0995665       47.8100014    
   14.1162329       47.7000008    
   14.1328993       47.5900002    
   14.1495657       47.4799995    
   14.1662321       47.3600006    
   14.1828985       47.2500000    
   14.1995649       47.1300011    
   14.2162313       47.0200005    
   14.2328978       46.9000015    
   14.2495642       46.7799988    
   14.2662306       46.6599998    
   14.2828970       46.5299988    
   14.2995634       46.4099998    
   14.3162298       46.2900009    
   14.3328962       46.1599998    
   14.3495626       46.0299988    
   14.3662291       45.9000015    
   14.3828955       45.7700005    
   14.3995619       45.6399994    
   14.4162283       45.5099983    
   14.4328947       45.3800011    
   14.4495611       45.2400017    
   14.4662275       45.1100006    
   14.4828939       44.9700012    
   14.4995604       44.8300018    
   14.5162268       44.6899986    
   14.5328932       44.5499992    
   14.5495596       44.4099998    
   14.5662260       44.2700005    
   14.5828924       44.1199989    
   14.5995588       43.9799995    
   14.6162252       43.8300018    
   14.6328917       43.6800003    
   14.6495581       43.5299988    
   14.6662245       43.3800011    
   14.6828909       43.2299995    
   14.6995573       43.0800018    
   14.7162237       42.9199982    
   14.7328901       42.7700005    
   14.7495565       42.6100006    
   14.7662230       42.4599991    
   14.7828894       42.2999992    
   14.7995558       42.1399994    
   14.8162222       41.9799995    
   14.8328886       41.8199997    
   14.8495550       41.6500015    
   14.8662214       41.4900017    
   14.8828878       41.3199997    
   14.8995543       41.1599998    
   14.9162207       40.9900017    
   14.9328871       40.8199997    
   14.9495535       40.6500015    
   14.9662199       40.4799995    
   14.9828863       40.3100014    
   14.9995527       40.1399994    
   15.0162191       39.9599991    
   15.0328856       39.7900009    
   15.0495520       39.6100006    
   15.0662184       39.4399986    
   15.0828848       39.2599983    
   15.0995512       39.0800018    
   15.1162176       38.9000015    
   15.1328840       38.7200012    
   15.1495504       38.5400009    
   15.1662169       38.3499985    
   15.1828833       38.1699982    
   15.1995497       37.9900017    
   15.2162161       37.7999992    
   15.2328825       37.6100006    
   15.2495489       37.4199982    
   15.2662153       37.2400017    
   15.2828817       37.0499992    
   15.2995481       36.8499985    
   15.3162146       36.6599998    
   15.3328810       36.4700012    
   15.3495474       36.2799988    
   15.3662138       36.0800018    
   15.3828802       35.8899994    
   15.3995466       35.6899986    
   15.4162130       35.4900017    
   15.4328794       35.2999992    
   15.4495459       35.0999985    
   15.4662123       34.9000015    
   15.4828787       34.6899986    
   15.4995451       34.4900017    
   15.5162115       34.2900009    
   15.5328779       34.0900002    
   15.5495443       33.8800011    
   15.5662107       33.6800003    
   15.5828772       33.4700012    
   15.5995436       33.2599983    
   15.6162100       33.0600014    
   15.6328764       32.8499985    
   15.6495428       32.6399994    
   15.6662092       32.4300003    
   15.6828756       32.2200012    
   15.6995420       32.0099983    
   15.7162085       31.7999992    
   15.7328749       31.5799999    
   15.7495413       31.3700008    
   15.7662077       31.1499996    
   15.7828741       30.9400005    
   15.7995405       30.7199993    
   15.8162069       30.5100002    
   15.8328733       30.2900009    
   15.8495398       30.0699997    
   15.8662062       29.8500004    
   15.8828726       29.6299992    
   15.8995390       29.4099998    
   15.9162054       29.1900005    
   15.9328718       28.9699993    
   15.9495382       28.7500000    
   15.9662046       28.5300007    
   15.9828711       28.2999992    
   15.9995375       28.0799999    
   16.0162029       27.8500004    
   16.0328693       27.6299992    
   16.0495358       27.3999996    
   16.0662022       27.1800003    
   16.0828686       26.9500008    
   16.0995350       26.7199993    
   16.1162014       26.5000000    
   16.1328678       26.2700005    
   16.1495342       26.0400009    
   16.1662006       25.8099995    
   16.1828671       25.5799999    
   16.1995335       25.3500004    
   16.2161999       25.1200008    
   16.2328663       24.8899994    
   16.2495327       24.6599998    
   16.2661991       24.4300003    
   16.2828655       24.2000008    
   16.2995319       23.9599991    
   16.3161983       23.7299995    
   16.3328648       23.5000000    
   16.3495312       23.2600002    
   16.3661976       23.0300007    
   16.3828640       22.7999992    
   16.3995304       22.5599995    
   16.4161968       22.3299999    
   16.4328632       22.0900002    
   16.4495296       21.8600006    
   16.4661961       21.6200008    
   16.4828625       21.3899994    
   16.4995289       21.1499996    
   16.5161953       20.9200001    
   16.5328617       20.6800003    
   16.5495281       20.4500008    
   16.5661945       20.2099991    
   16.5828609       19.9699993    
   16.5995274       19.7399998    
   16.6161938       19.5000000    
   16.6328602       19.2600002    
   16.6495266       19.0300007    
   16.6661930       18.7900009    
   16.6828594       18.5499992    
   16.6995258       18.3199997    
   16.7161922       18.0799999    
   16.7328587       17.8500004    
   16.7495251       17.6100006    
   16.7661915       17.3700008    
   16.7828579       17.1399994    
   16.7995243       16.8999996    
   16.8161907       16.6700001    
   16.8328571       16.4300003    
   16.8495235       16.2000008    
   16.8661900       15.9600000    
   16.8828564       15.7299995    
   16.8995228       15.4899998    
   16.9161892       15.2600002    
   16.9328556       15.0299997    
   16.9495220       14.8000002    
   16.9661884       14.5600004    
   16.9828548       14.3299999    
   16.9995213       14.1000004    
   17.0161877       13.8699999    
   17.0328541       13.6400003    
   17.0495205       13.4099998    
   17.0661869       13.1800003    
   17.0828533       12.9499998    
   17.0995197       12.7200003    
   17.1161861       12.5000000    
   17.1328526       12.2700005    
   17.1495190       12.0400000    
   17.1661854       11.8199997    
   17.1828518       11.6000004    
   17.1995182       11.3699999    
   17.2161846       11.1499996    
   17.2328510       10.9300003    
   17.2495174       10.7100000    
   17.2661839       10.4899998    
   17.2828503       10.2700005    
   17.2995167       10.0500002    
   17.3161831       9.83899975    
   17.3328495       9.62399960    
   17.3495159       9.40999985    
   17.3661823       9.19799995    
   17.3828487       8.98700047    
   17.3995152       8.77799988    
   17.4161816       8.56999969    
   17.4328480       8.36299992    
   17.4495144       8.15799999    
   17.4661808       7.95400000    
   17.4828472       7.75199986    
   17.4995136       7.55200005    
   17.5161800       7.35400009    
   17.5328465       7.15700006    
   17.5495129       6.96099997    
   17.5661793       6.76800013    
   17.5828457       6.57700014    
   17.5995121       6.38700008    
   17.6161785       6.19999981    
   17.6328449       6.01399994    
   17.6495113       5.82999992    
   17.6661777       5.64900017    
   17.6828442       5.46999979    
   17.6995106       5.29300022    
   17.7161770       5.11800003    
   17.7328434       4.94500017    
   17.7495098       4.77500010    
   17.7661762       4.60699987    
   17.7828426       4.44199991    
   17.7995090       4.27899981    
   17.8161755       4.11800003    
   17.8328419       3.96000004    
   17.8495083       3.80399990    
   17.8661747       3.65199995    
   17.8828411       3.50099993    
   17.8995075       3.35299993    
   17.9161739       3.20799994    
   17.9328403       3.06500006    
   17.9495068       2.92499995    
   17.9661732       2.78800011    
   17.9828396       2.65400004    
   17.9995060       2.52200007    
   18.0161724       2.39199996    
   18.0328388       2.26600003    
   18.0495052       2.14199996    
   18.0661716       2.02099991    
   18.0828381       1.90300000    
   18.0995045       1.78699994    
   18.1161709       1.67499995    
   18.1328373       1.56500006    
   18.1495037       1.45899999    
   18.1661701       1.35599995    
   18.1828365       1.25600004    
   18.1995029       1.15900004    
   18.2161694       1.06700003    
   18.2328358      0.977699995    
   18.2495022      0.893499970    
   18.2661686      0.814000010    
   18.2828350      0.722999990    
   18.2995014      0.642799973    
   18.3161678      0.574599981    
   18.3328342      0.516799986    
   18.3495007      0.452100009    
   18.3661671      0.398400009    
   18.3828335      0.343899995    
   18.3994999      0.303600013    
   18.4161663      0.257499993    
   18.4328327      0.217899993    
   18.4494991      0.183500007    
   18.4661655      0.153799996    
   18.4828320      0.128199995    
   18.4994984      0.103100002    
   18.5161648       8.44099969E-02
   18.5328312       6.76100031E-02
   18.5494976       5.44099994E-02
   18.5661640       4.27399985E-02
   18.5828304       3.35300006E-02
   18.5994968       2.61799991E-02
   18.6161633       2.02600006E-02
   18.6328297       1.54999997E-02
   18.6494961       1.17800003E-02
   18.6661625       8.91300011E-03
   18.6828289       6.59399992E-03
   18.6994953       4.82999999E-03
   18.7161617       3.46300006E-03
   18.7328281       2.47099996E-03
   18.7494946       1.69099995E-03
   18.7661610       1.12999999E-03
   18.7828274       7.32999993E-04
   18.7994938       4.56300011E-04
   18.8161602       2.66199990E-04
   18.8328266       1.32600006E-04
   18.8494930       5.44399991E-05
   18.8661594       1.43099996E-05
   18.8828259       1.92199991E-06
   18.8994923       6.88799986E-08
   18.9161587       5.63300018E-10
   18.9328251       6.43999990E-13
   18.9494915       0.00000000    
   18.9661579       0.00000000    
   18.9828243       0.00000000    
   18.9994907       0.00000000    
   19.0161572       0.00000000    
   19.0328236       0.00000000    
   19.0494900       0.00000000    
   19.0661564       0.00000000    
   19.0828228       0.00000000    
   19.0994892       0.00000000    
   19.1161556       0.00000000    
   19.1328220       0.00000000    
   19.1494884       0.00000000    
   19.1661549       0.00000000    
   19.1828213       0.00000000    
   19.1994877       0.00000000    
   19.2161541       0.00000000    
   19.2328205       0.00000000    
   19.2494869       0.00000000    
   19.2661533       0.00000000    
   19.2828197       0.00000000    
   19.2994862       0.00000000    
   19.3161526       0.00000000    
   19.3328190       0.00000000    
   19.3494854       0.00000000    
   19.3661518       0.00000000    
   19.3828182       0.00000000    
   19.3994846       0.00000000    
   19.4161510       0.00000000    
   19.4328175       0.00000000    
   19.4494839       0.00000000    
   19.4661503       0.00000000    
   19.4828167       0.00000000    
   19.4994831       0.00000000    
   19.5161495       0.00000000    
   19.5328159       0.00000000    
   19.5494823       0.00000000    
   19.5661488       0.00000000    
   19.5828152       0.00000000    
   19.5994816       0.00000000    
   19.6161480       0.00000000    
   19.6328144       0.00000000    
   19.6494808       0.00000000    
   19.6661472       0.00000000    
   19.6828136       0.00000000    
   19.6994801       0.00000000    
   19.7161465       0.00000000    
   19.7328129       0.00000000    
   19.7494793       0.00000000    
   19.7661457       0.00000000    
   19.7828121       0.00000000    
   19.7994785       0.00000000    
   19.8161449       0.00000000    
   19.8328114       0.00000000    
   19.8494778       0.00000000    
   19.8661442       0.00000000    
   19.8828106       0.00000000    
   19.8994770       0.00000000    
   19.9161434       0.00000000    
   19.9328098       0.00000000    
   19.9494762       0.00000000    
   19.9661427       0.00000000    
   19.9828091       0.00000000    
   19.9994755       0.00000000    
   20.0161419       0.00000000    
   20.0328083       0.00000000    
   20.0494747       0.00000000    
   20.0661411       0.00000000    
   20.0828075       0.00000000    
   20.0994740       0.00000000    
   20.1161404       0.00000000    
   20.1328068       0.00000000    
   20.1494732       0.00000000    
   20.1661396       0.00000000    
   20.1828060       0.00000000    
   20.1994724       0.00000000    
   20.2161388       0.00000000    
   20.2328053       0.00000000    
   20.2494717       0.00000000    
   20.2661381       0.00000000    
   20.2828045       0.00000000    
   20.2994709       0.00000000    
   20.3161373       0.00000000    
   20.3328037       0.00000000    
   20.3494701       0.00000000    
   20.3661366       0.00000000    
   20.3828030       0.00000000    
   20.3994694       0.00000000    
   20.4161358       0.00000000    
   20.4328022       0.00000000    
   20.4494686       0.00000000    
   20.4661350       0.00000000    
   20.4828014       0.00000000    
   20.4994678       0.00000000    
   20.5161343       0.00000000    
   20.5328007       0.00000000    
   20.5494671       0.00000000    
   20.5661335       0.00000000    
   20.5827999       0.00000000    
   20.5994663       0.00000000    
   20.6161327       0.00000000    
   20.6327991       0.00000000    
   20.6494656       0.00000000    
   20.6661320       0.00000000    
   20.6827984       0.00000000    
   20.6994648       0.00000000    
   20.7161312       0.00000000    
   20.7327976       0.00000000    
   20.7494640       0.00000000    
   20.7661304       0.00000000    
   20.7827969       0.00000000    
   20.7994633       0.00000000    
   20.8161297       0.00000000    
   20.8327961       0.00000000    
   20.8494625       0.00000000    
   20.8661289       0.00000000    
   20.8827953       0.00000000    
   20.8994617       0.00000000    
   20.9161282       0.00000000    
   20.9327946       0.00000000    
   20.9494610       0.00000000    
   20.9661274       0.00000000    
   20.9827938       0.00000000    
   20.9994602       0.00000000    
   21.0161266       0.00000000    
   21.0327930       0.00000000    
   21.0494595       0.00000000    
   21.0661259       0.00000000    
   21.0827923       0.00000000    
   21.0994587       0.00000000    
   21.1161251       0.00000000    
   21.1327915       0.00000000    
   21.1494579       0.00000000    
   21.1661243       0.00000000    
   21.1827908       0.00000000    
   21.1994572       0.00000000    
   21.2161236       0.00000000    
   21.2327900       0.00000000    
   21.2494564       0.00000000    
   21.2661228       0.00000000    
   21.2827892       0.00000000    
   21.2994556       0.00000000    
   21.3161221       0.00000000    
   21.3327885       0.00000000    
   21.3494549       0.00000000    
   21.3661213       0.00000000    
   21.3827877       0.00000000    
   21.3994541       0.00000000    
   21.4161205       0.00000000    
   21.4327869       0.00000000    
   21.4494534       0.00000000    
   21.4661198       0.00000000    
   21.4827862       0.00000000    
   21.4994526       0.00000000    
   21.5161190       0.00000000    
   21.5327854       0.00000000    
   21.5494518       0.00000000    
   21.5661182       0.00000000    
   21.5827847       0.00000000    
   21.5994511       0.00000000    
   21.6161175       0.00000000    
   21.6327839       0.00000000    
   21.6494503       0.00000000    
   21.6661167       0.00000000    
   21.6827831       0.00000000    
   21.6994495       0.00000000    
   21.7161160       0.00000000    
   21.7327824       0.00000000    
   21.7494488       0.00000000    
   21.7661152       0.00000000    
   21.7827816       0.00000000    
   21.7994480       0.00000000    
   21.8161144       0.00000000    
   21.8327808       0.00000000    
   21.8494473       0.00000000    
   21.8661137       0.00000000    
   21.8827801       0.00000000    
   21.8994465       0.00000000    
   21.9161129       0.00000000    
   21.9327793       0.00000000    
   21.9494457       0.00000000    
   21.9661121       0.00000000    
   21.9827785       0.00000000    
   21.9994450       0.00000000    
   22.0161114       0.00000000    
   22.0327778       0.00000000    
   22.0494442       0.00000000    
   22.0661106       0.00000000    
   22.0827770       0.00000000    
   22.0994434       0.00000000    
   22.1161098       0.00000000    
   22.1327763       0.00000000    
   22.1494427       0.00000000    
   22.1661091       0.00000000    
   22.1827755       0.00000000    
   22.1994419       0.00000000    
   22.2161083       0.00000000    
   22.2327747       0.00000000    
   22.2494411       0.00000000    
   22.2661076       0.00000000    
   22.2827740       0.00000000    
   22.2994404       0.00000000    
   22.3161068       0.00000000    
   22.3327732       0.00000000    
   22.3494396       0.00000000    
   22.3661060       0.00000000    
   22.3827724       0.00000000    
   22.3994389       0.00000000    
   22.4161053       0.00000000    
   22.4327717       0.00000000    
   22.4494381       0.00000000    
   22.4661045       0.00000000    
   22.4827709       0.00000000    
   22.4994373       0.00000000    
   22.5161037       0.00000000    
   22.5327702       0.00000000    
   22.5494366       0.00000000    
   22.5661030       0.00000000    
   22.5827694       0.00000000    
   22.5994358       0.00000000    
   22.6161022       0.00000000    
   22.6327686       0.00000000    
   22.6494350       0.00000000    
   22.6661015       0.00000000    
   22.6827679       0.00000000    
   22.6994343       0.00000000    
   22.7161007       0.00000000    
   22.7327671       0.00000000    
   22.7494335       0.00000000    
   22.7660999       0.00000000    
   22.7827663       0.00000000    
   22.7994328       0.00000000    
   22.8160992       0.00000000    
   22.8327656       0.00000000    
   22.8494320       0.00000000    
   22.8660984       0.00000000    
   22.8827648       0.00000000    
   22.8994312       0.00000000    
   22.9160976       0.00000000    
   22.9327641       0.00000000    
   22.9494305       0.00000000    
   22.9660969       0.00000000    
   22.9827633       0.00000000    
   22.9994297       0.00000000    
   23.0160961       0.00000000    
   23.0327625       0.00000000    
   23.0494289       0.00000000    
   23.0660954       0.00000000    
   23.0827618       0.00000000    
   23.0994282       0.00000000    
   23.1160946       0.00000000    
   23.1327610       0.00000000    
   23.1494274       0.00000000    
   23.1660938       0.00000000    
   23.1827602       0.00000000    
   23.1994267       0.00000000    
   23.2160931       0.00000000    
   23.2327595       0.00000000    
   23.2494259       0.00000000    
   23.2660923       0.00000000    
   23.2827587       0.00000000    
   23.2994251       0.00000000    
   23.3160915       0.00000000    
   23.3327579       0.00000000    
   23.3494244       0.00000000    
   23.3660908       0.00000000    
   23.3827572       0.00000000    
   23.3994236       0.00000000    
   23.4160900       0.00000000    
   23.4327564       0.00000000    
   23.4494228       0.00000000    
   23.4660892       0.00000000    
   23.4827557       0.00000000    
   23.4994221       0.00000000    
   23.5160885       0.00000000    
   23.5327549       0.00000000    
   23.5494213       0.00000000    
   23.5660877       0.00000000    
   23.5827541       0.00000000    
   23.5994205       0.00000000    
   23.6160870       0.00000000    
   23.6327534       0.00000000    
   23.6494198       0.00000000    
   23.6660862       0.00000000    
   23.6827526       0.00000000    
   23.6994190       0.00000000    
   23.7160854       0.00000000    
   23.7327518       0.00000000    
   23.7494183       0.00000000    
   23.7660847       0.00000000    
   23.7827511       0.00000000    
   23.7994175       0.00000000    
   23.8160839       0.00000000    
   23.8327503       0.00000000    
   23.8494167       0.00000000    
   23.8660831       0.00000000    
   23.8827496       0.00000000    
   23.8994160       0.00000000    
   23.9160824       0.00000000    
   23.9327488       0.00000000    
   23.9494152       0.00000000    
   23.9660816       0.00000000    
   23.9827480       0.00000000    
