   0.00000000       0.00000000    
   1.66660007E-02   0.00000000    
   3.33320014E-02   0.00000000    
   4.99980003E-02   0.00000000    
   6.66640028E-02   0.00000000    
   8.33300054E-02   0.00000000    
   9.99960080E-02   0.00000000    
  0.116662011       0.00000000    
  0.133328006       0.00000000    
  0.149994001       0.00000000    
  0.166659996       0.00000000    
  0.183325991       0.00000000    
  0.199991986       0.00000000    
  0.216657981       0.00000000    
  0.233323976       0.00000000    
  0.249989972       0.00000000    
  0.266655982       0.00000000    
  0.283321977       0.00000000    
  0.299987972       0.00000000    
  0.316653967       0.00000000    
  0.333319962       0.00000000    
  0.349985957       0.00000000    
  0.366651952       0.00000000    
  0.383317947       0.00000000    
  0.399983943       0.00000000    
  0.416649938       0.00000000    
  0.433315933       0.00000000    
  0.449981928       0.00000000    
  0.466647923       0.00000000    
  0.483313918       0.00000000    
  0.499979913       0.00000000    
  0.516645908       0.00000000    
  0.533311903       0.00000000    
  0.549977899       0.00000000    
  0.566643894       0.00000000    
  0.583309889       0.00000000    
  0.599975884       0.00000000    
  0.616641879       0.00000000    
  0.633307874       0.00000000    
  0.649973869       0.00000000    
  0.666639864       0.00000000    
  0.683305860       0.00000000    
  0.699971855       0.00000000    
  0.716637850       0.00000000    
  0.733303845       0.00000000    
  0.749969840       0.00000000    
  0.766635835       0.00000000    
  0.783301830       0.00000000    
  0.799967825       0.00000000    
  0.816633821       0.00000000    
  0.833299816       0.00000000    
  0.849965811       0.00000000    
  0.866631806       0.00000000    
  0.883297801       0.00000000    
  0.899963796       0.00000000    
  0.916629791       0.00000000    
  0.933295786       0.00000000    
  0.949961782       0.00000000    
  0.966627777       0.00000000    
  0.983293772       0.00000000    
  0.999959767       0.00000000    
   1.01662576       0.00000000    
   1.03329182       0.00000000    
   1.04995787       0.00000000    
   1.06662393       0.00000000    
   1.08328998       0.00000000    
   1.09995604       0.00000000    
   1.11662209       0.00000000    
   1.13328815       0.00000000    
   1.14995420       0.00000000    
   1.16662025       0.00000000    
   1.18328631       0.00000000    
   1.19995236       0.00000000    
   1.21661842       0.00000000    
   1.23328447       0.00000000    
   1.24995053       0.00000000    
   1.26661658       0.00000000    
   1.28328264       0.00000000    
   1.29994869       0.00000000    
   1.31661475       0.00000000    
   1.33328080       0.00000000    
   1.34994686       0.00000000    
   1.36661291       0.00000000    
   1.38327897       0.00000000    
   1.39994502       0.00000000    
   1.41661108       0.00000000    
   1.43327713       0.00000000    
   1.44994318       0.00000000    
   1.46660924       0.00000000    
   1.48327529       0.00000000    
   1.49994135       0.00000000    
   1.51660740       0.00000000    
   1.53327346       0.00000000    
   1.54993951       0.00000000    
   1.56660557       0.00000000    
   1.58327162       0.00000000    
   1.59993768       0.00000000    
   1.61660373       0.00000000    
   1.63326979       0.00000000    
   1.64993584       0.00000000    
   1.66660190       0.00000000    
   1.68326795       0.00000000    
   1.69993401       0.00000000    
   1.71660006       0.00000000    
   1.73326612       0.00000000    
   1.74993217       0.00000000    
   1.76659822       0.00000000    
   1.78326428       0.00000000    
   1.79993033       0.00000000    
   1.81659639       0.00000000    
   1.83326244       0.00000000    
   1.84992850       0.00000000    
   1.86659455       0.00000000    
   1.88326061       0.00000000    
   1.89992666       0.00000000    
   1.91659272       0.00000000    
   1.93325877       0.00000000    
   1.94992483       0.00000000    
   1.96659088       0.00000000    
   1.98325694       0.00000000    
   1.99992299       0.00000000    
   2.01658893       0.00000000    
   2.03325486       0.00000000    
   2.04992080       0.00000000    
   2.06658673       0.00000000    
   2.08325267       0.00000000    
   2.09991860       0.00000000    
   2.11658454       0.00000000    
   2.13325047       0.00000000    
   2.14991641       0.00000000    
   2.16658235       0.00000000    
   2.18324828       0.00000000    
   2.19991422       0.00000000    
   2.21658015       0.00000000    
   2.23324609       0.00000000    
   2.24991202       0.00000000    
   2.26657796       0.00000000    
   2.28324389       0.00000000    
   2.29990983       0.00000000    
   2.31657577       0.00000000    
   2.33324170       0.00000000    
   2.34990764       0.00000000    
   2.36657357       0.00000000    
   2.38323951       0.00000000    
   2.39990544       0.00000000    
   2.41657138       0.00000000    
   2.43323731       0.00000000    
   2.44990325       0.00000000    
   2.46656919       0.00000000    
   2.48323512       0.00000000    
   2.49990106       0.00000000    
   2.51656699       0.00000000    
   2.53323293       0.00000000    
   2.54989886       0.00000000    
   2.56656480       0.00000000    
   2.58323073       0.00000000    
   2.59989667       0.00000000    
   2.61656260       0.00000000    
   2.63322854       0.00000000    
   2.64989448       0.00000000    
   2.66656041       0.00000000    
   2.68322635       0.00000000    
   2.69989228       0.00000000    
   2.71655822       0.00000000    
   2.73322415       0.00000000    
   2.74989009       0.00000000    
   2.76655602       0.00000000    
   2.78322196       0.00000000    
   2.79988790       0.00000000    
   2.81655383       0.00000000    
   2.83321977       0.00000000    
   2.84988570       0.00000000    
   2.86655164       0.00000000    
   2.88321757       0.00000000    
   2.89988351       0.00000000    
   2.91654944       0.00000000    
   2.93321538       0.00000000    
   2.94988132       0.00000000    
   2.96654725       0.00000000    
   2.98321319       0.00000000    
   2.99987912       0.00000000    
   3.01654506       0.00000000    
   3.03321099       0.00000000    
   3.04987693       0.00000000    
   3.06654286       0.00000000    
   3.08320880       0.00000000    
   3.09987473       0.00000000    
   3.11654067       0.00000000    
   3.13320661       0.00000000    
   3.14987254       0.00000000    
   3.16653848       0.00000000    
   3.18320441       0.00000000    
   3.19987035       0.00000000    
   3.21653628       0.00000000    
   3.23320222       0.00000000    
   3.24986815       0.00000000    
   3.26653409       0.00000000    
   3.28320003       0.00000000    
   3.29986596       0.00000000    
   3.31653190       0.00000000    
   3.33319783       0.00000000    
   3.34986377       0.00000000    
   3.36652970       0.00000000    
   3.38319564       0.00000000    
   3.39986157       0.00000000    
   3.41652751       0.00000000    
   3.43319345       0.00000000    
   3.44985938       0.00000000    
   3.46652532       0.00000000    
   3.48319125       0.00000000    
   3.49985719       0.00000000    
   3.51652312       0.00000000    
   3.53318906       0.00000000    
   3.54985499       0.00000000    
   3.56652093       0.00000000    
   3.58318686       0.00000000    
   3.59985280       0.00000000    
   3.61651874       0.00000000    
   3.63318467       0.00000000    
   3.64985061       0.00000000    
   3.66651654       0.00000000    
   3.68318248       0.00000000    
   3.69984841       0.00000000    
   3.71651435       0.00000000    
   3.73318028       0.00000000    
   3.74984622       0.00000000    
   3.76651216       0.00000000    
   3.78317809       0.00000000    
   3.79984403       0.00000000    
   3.81650996       0.00000000    
   3.83317590       0.00000000    
   3.84984183       0.00000000    
   3.86650777       0.00000000    
   3.88317370       0.00000000    
   3.89983964       0.00000000    
   3.91650558       0.00000000    
   3.93317151       0.00000000    
   3.94983745       0.00000000    
   3.96650338       0.00000000    
   3.98316932       0.00000000    
   3.99983525       0.00000000    
   4.01650143       0.00000000    
   4.03316736       0.00000000    
   4.04983330       0.00000000    
   4.06649923       0.00000000    
   4.08316517       0.00000000    
   4.09983110       0.00000000    
   4.11649704       0.00000000    
   4.13316298       0.00000000    
   4.14982891       0.00000000    
   4.16649485       0.00000000    
   4.18316078       0.00000000    
   4.19982672       0.00000000    
   4.21649265       0.00000000    
   4.23315859       0.00000000    
   4.24982452       0.00000000    
   4.26649046       0.00000000    
   4.28315639       0.00000000    
   4.29982233       0.00000000    
   4.31648827       0.00000000    
   4.33315420       0.00000000    
   4.34982014       0.00000000    
   4.36648607       0.00000000    
   4.38315201       0.00000000    
   4.39981794       0.00000000    
   4.41648388       0.00000000    
   4.43314981       0.00000000    
   4.44981575       0.00000000    
   4.46648169       0.00000000    
   4.48314762       0.00000000    
   4.49981356       0.00000000    
   4.51647949       0.00000000    
   4.53314543       0.00000000    
   4.54981136       0.00000000    
   4.56647730       0.00000000    
   4.58314323       0.00000000    
   4.59980917       0.00000000    
   4.61647511       0.00000000    
   4.63314104       0.00000000    
   4.64980698       0.00000000    
   4.66647291       0.00000000    
   4.68313885       0.00000000    
   4.69980478       0.00000000    
   4.71647072       0.00000000    
   4.73313665       0.00000000    
   4.74980259       0.00000000    
   4.76646852       0.00000000    
   4.78313446       0.00000000    
   4.79980040       0.00000000    
   4.81646633       0.00000000    
   4.83313227       0.00000000    
   4.84979820       0.00000000    
   4.86646414       0.00000000    
   4.88313007       0.00000000    
   4.89979601       0.00000000    
   4.91646194       0.00000000    
   4.93312788       0.00000000    
   4.94979382       0.00000000    
   4.96645975       0.00000000    
   4.98312569       0.00000000    
   4.99979162       0.00000000    
   5.01645756       0.00000000    
   5.03312349       0.00000000    
   5.04978943       0.00000000    
   5.06645536       0.00000000    
   5.08312130       0.00000000    
   5.09978724       0.00000000    
   5.11645317       0.00000000    
   5.13311911       0.00000000    
   5.14978504       0.00000000    
   5.16645098       0.00000000    
   5.18311691       0.00000000    
   5.19978285       0.00000000    
   5.21644878       0.00000000    
   5.23311472       0.00000000    
   5.24978065       0.00000000    
   5.26644659       0.00000000    
   5.28311253       0.00000000    
   5.29977846       0.00000000    
   5.31644440       0.00000000    
   5.33311033       0.00000000    
   5.34977627       0.00000000    
   5.36644220       0.00000000    
   5.38310814       0.00000000    
   5.39977407       0.00000000    
   5.41644001       0.00000000    
   5.43310595       0.00000000    
   5.44977188       0.00000000    
   5.46643782       0.00000000    
   5.48310375       0.00000000    
   5.49976969       0.00000000    
   5.51643562       0.00000000    
   5.53310156       0.00000000    
   5.54976749       0.00000000    
   5.56643343       0.00000000    
   5.58309937       0.00000000    
   5.59976530       0.00000000    
   5.61643124       0.00000000    
   5.63309717       0.00000000    
   5.64976311       0.00000000    
   5.66642904       0.00000000    
   5.68309498       0.00000000    
   5.69976091       0.00000000    
   5.71642685       0.00000000    
   5.73309278       0.00000000    
   5.74975872       0.00000000    
   5.76642466       0.00000000    
   5.78309059       0.00000000    
   5.79975653       0.00000000    
   5.81642246       0.00000000    
   5.83308840       0.00000000    
   5.84975433       0.00000000    
   5.86642027       0.00000000    
   5.88308620       0.00000000    
   5.89975214       0.00000000    
   5.91641808       0.00000000    
   5.93308401       0.00000000    
   5.94974995       0.00000000    
   5.96641588       0.00000000    
   5.98308182       0.00000000    
   5.99974775       0.00000000    
   6.01641369       0.00000000    
   6.03307962       0.00000000    
   6.04974556       0.00000000    
   6.06641150       1.44000003E-11
   6.08307743       6.42199982E-09
   6.09974337       4.61300004E-07
   6.11640930       6.76699983E-06
   6.13307524       3.57999998E-05
   6.14974117       1.01500002E-04
   6.16640711       2.20999995E-04
   6.18307304       4.00299992E-04
   6.19973898       6.80900004E-04
   6.21640491       1.07799994E-03
   6.23307085       1.64399995E-03
   6.24973679       2.44499999E-03
   6.26640272       3.55400005E-03
   6.28306866       4.98299999E-03
   6.29973459       6.91699982E-03
   6.31640053       9.57299955E-03
   6.33306646       1.27800005E-02
   6.34973240       1.70000009E-02
   6.36639833       2.25499999E-02
   6.38306427       2.97100004E-02
   6.39973021       3.83800007E-02
   6.41639614       4.91500013E-02
   6.43306208       6.28200024E-02
   6.44972801       8.02500024E-02
   6.46639395       9.89499986E-02
   6.48305988      0.124700002    
   6.49972582      0.151099995    
   6.51639175      0.182300001    
   6.53305769      0.218500003    
   6.54972363      0.260100007    
   6.56638956      0.308099985    
   6.58305550      0.364800006    
   6.59972143      0.412000000    
   6.61638737      0.482499987    
   6.63305330      0.539600015    
   6.64971924      0.607800007    
   6.66638517      0.689100027    
   6.68305111      0.785000026    
   6.69971704      0.868200004    
   6.71638298      0.957400024    
   6.73304892       1.05100000    
   6.74971485       1.14999998    
   6.76638079       1.25199997    
   6.78304672       1.35899997    
   6.79971266       1.47000003    
   6.81637859       1.58399999    
   6.83304453       1.70200002    
   6.84971046       1.82299995    
   6.86637640       1.94700003    
   6.88304234       2.07500005    
   6.89970827       2.20600009    
   6.91637421       2.34100008    
   6.93304014       2.47799993    
   6.94970608       2.61899996    
   6.96637201       2.76300001    
   6.98303795       2.91000009    
   6.99970388       3.06100011    
   7.01636982       3.21499991    
   7.03303576       3.37100005    
   7.04970169       3.53099990    
   7.06636763       3.69499993    
   7.08303356       3.86100006    
   7.09969950       4.03100014    
   7.11636543       4.20300007    
   7.13303137       4.37799978    
   7.14969730       4.55700016    
   7.16636324       4.73799992    
   7.18302917       4.92299986    
   7.19969511       5.11000013    
   7.21636105       5.30000019    
   7.23302698       5.49300003    
   7.24969292       5.68900013    
   7.26635885       5.88800001    
   7.28302479       6.08900023    
   7.29969072       6.29199982    
   7.31635666       6.49800014    
   7.33302259       6.70599985    
   7.34968853       6.91699982    
   7.36635447       7.13100004    
   7.38302040       7.34600019    
   7.39968634       7.56400013    
   7.41635227       7.78399992    
   7.43301821       8.00599957    
   7.44968414       8.22999954    
   7.46635008       8.45699978    
   7.48301601       8.68500042    
   7.49968195       8.91499996    
   7.51634789       9.14700031    
   7.53301382       9.38099957    
   7.54967976       9.61699963    
   7.56634569       9.85400009    
   7.58301163       10.0900002    
   7.59967756       10.3299999    
   7.61634350       10.5699997    
   7.63300943       10.8199997    
   7.64967537       11.0600004    
   7.66634130       11.3100004    
   7.68300724       11.5600004    
   7.69967318       11.8100004    
   7.71633911       12.0600004    
   7.73300505       12.3100004    
   7.74967098       12.5600004    
   7.76633692       12.8199997    
   7.78300285       13.0699997    
   7.79966879       13.3299999    
   7.81633472       13.5799999    
   7.83300066       13.8400002    
   7.84966660       14.1000004    
   7.86633253       14.3599997    
   7.88299847       14.6199999    
   7.89966440       14.8900003    
   7.91633034       15.1499996    
   7.93299627       15.4099998    
   7.94966221       15.6800003    
   7.96632814       15.9399996    
   7.98299408       16.2099991    
   7.99966002       16.4699993    
   8.01632595       16.7399998    
   8.03299236       17.0100002    
   8.04965878       17.2800007    
   8.06632519       17.5499992    
   8.08299160       17.8099995    
   8.09965801       18.0799999    
   8.11632442       18.3500004    
   8.13299084       18.6299992    
   8.14965725       18.8999996    
   8.16632366       19.1700001    
   8.18299007       19.4400005    
   8.19965649       19.7099991    
   8.21632290       19.9799995    
   8.23298931       20.2600002    
   8.24965572       20.5300007    
   8.26632214       20.7999992    
   8.28298855       21.0799999    
   8.29965496       21.3500004    
   8.31632137       21.6200008    
   8.33298779       21.8999996    
   8.34965420       22.1700001    
   8.36632061       22.4500008    
   8.38298702       22.7199993    
   8.39965343       22.9899998    
   8.41631985       23.2700005    
   8.43298626       23.5400009    
   8.44965267       23.8199997    
   8.46631908       24.0900002    
   8.48298550       24.3700008    
   8.49965191       24.6399994    
   8.51631832       24.9200001    
   8.53298473       25.1900005    
   8.54965115       25.4599991    
   8.56631756       25.7399998    
   8.58298397       26.0100002    
   8.59965038       26.2900009    
   8.61631680       26.5599995    
   8.63298321       26.8299999    
   8.64964962       27.1100006    
   8.66631603       27.3799992    
   8.68298244       27.6499996    
   8.69964886       27.9200001    
   8.71631527       28.2000008    
   8.73298168       28.4699993    
   8.74964809       28.7399998    
   8.76631451       29.0100002    
   8.78298092       29.2800007    
   8.79964733       29.5499992    
   8.81631374       29.8199997    
   8.83298016       30.0900002    
   8.84964657       30.3600006    
   8.86631298       30.6299992    
   8.88297939       30.8999996    
   8.89964581       31.1700001    
   8.91631222       31.4400005    
   8.93297863       31.7099991    
   8.94964504       31.9699993    
   8.96631145       32.2400017    
   8.98297787       32.5099983    
   8.99964428       32.7700005    
   9.01631069       33.0400009    
   9.03297710       33.2999992    
   9.04964352       33.5699997    
   9.06630993       33.8300018    
   9.08297634       34.0900002    
   9.09964275       34.3600006    
   9.11630917       34.6199989    
   9.13297558       34.8800011    
   9.14964199       35.1399994    
   9.16630840       35.4000015    
   9.18297482       35.6599998    
   9.19964123       35.9199982    
   9.21630764       36.1800003    
   9.23297405       36.4399986    
   9.24964046       36.7000008    
   9.26630688       36.9500008    
   9.28297329       37.2099991    
   9.29963970       37.4599991    
   9.31630611       37.7200012    
   9.33297253       37.9700012    
   9.34963894       38.2299995    
   9.36630535       38.4799995    
   9.38297176       38.7299995    
   9.39963818       38.9799995    
   9.41630459       39.2299995    
   9.43297100       39.4799995    
   9.44963741       39.7299995    
   9.46630383       39.9799995    
   9.48297024       40.2299995    
   9.49963665       40.4700012    
   9.51630306       40.7200012    
   9.53296947       40.9599991    
   9.54963589       41.2099991    
   9.56630230       41.4500008    
   9.58296871       41.6899986    
   9.59963512       41.9399986    
   9.61630154       42.1800003    
   9.63296795       42.4199982    
   9.64963436       42.6599998    
   9.66630077       42.8899994    
   9.68296719       43.1300011    
   9.69963360       43.3699989    
   9.71630001       43.5999985    
   9.73296642       43.8400002    
   9.74963284       44.0699997    
   9.76629925       44.3100014    
   9.78296566       44.5400009    
   9.79963207       44.7700005    
   9.81629848       45.0000000    
   9.83296490       45.2299995    
   9.84963131       45.4599991    
   9.86629772       45.6800003    
   9.88296413       45.9099998    
   9.89963055       46.1399994    
   9.91629696       46.3600006    
   9.93296337       46.5800018    
   9.94962978       46.8100014    
   9.96629620       47.0299988    
   9.98296261       47.2500000    
   9.99962902       47.4700012    
   10.0162954       47.6899986    
   10.0329618       47.9000015    
   10.0496283       48.1199989    
   10.0662947       48.3400002    
   10.0829611       48.5499992    
   10.0996275       48.7599983    
   10.1162939       48.9799995    
   10.1329603       49.1899986    
   10.1496267       49.4000015    
   10.1662931       49.6100006    
   10.1829596       49.8199997    
   10.1996260       50.0200005    
   10.2162924       50.2299995    
   10.2329588       50.4300003    
   10.2496252       50.6399994    
   10.2662916       50.8400002    
   10.2829580       51.0400009    
   10.2996244       51.2400017    
   10.3162909       51.4399986    
   10.3329573       51.6399994    
   10.3496237       51.8400002    
   10.3662901       52.0299988    
   10.3829565       52.2299995    
   10.3996229       52.4199982    
   10.4162893       52.6100006    
   10.4329557       52.7999992    
   10.4496222       52.9900017    
   10.4662886       53.1800003    
   10.4829550       53.3699989    
   10.4996214       53.5600014    
   10.5162878       53.7400017    
   10.5329542       53.9300003    
   10.5496206       54.1100006    
   10.5662870       54.2900009    
   10.5829535       54.4700012    
   10.5996199       54.6500015    
   10.6162863       54.8300018    
   10.6329527       55.0099983    
   10.6496191       55.1800003    
   10.6662855       55.3600006    
   10.6829519       55.5299988    
   10.6996183       55.7000008    
   10.7162848       55.8699989    
   10.7329512       56.0400009    
   10.7496176       56.2099991    
   10.7662840       56.3800011    
   10.7829504       56.5499992    
   10.7996168       56.7099991    
   10.8162832       56.8699989    
   10.8329496       57.0400009    
   10.8496161       57.2000008    
   10.8662825       57.3600006    
   10.8829489       57.5099983    
   10.8996153       57.6699982    
   10.9162817       57.8300018    
   10.9329481       57.9799995    
   10.9496145       58.1300011    
   10.9662809       58.2900009    
   10.9829473       58.4399986    
   10.9996138       58.5900002    
   11.0162802       58.7299995    
   11.0329466       58.8800011    
   11.0496130       59.0299988    
   11.0662794       59.1699982    
   11.0829458       59.3100014    
   11.0996122       59.4500008    
   11.1162786       59.5900002    
   11.1329451       59.7299995    
   11.1496115       59.8699989    
   11.1662779       60.0000000    
   11.1829443       60.1399994    
   11.1996107       60.2700005    
   11.2162771       60.4000015    
   11.2329435       60.5299988    
   11.2496099       60.6599998    
   11.2662764       60.7900009    
   11.2829428       60.9199982    
   11.2996092       61.0400009    
   11.3162756       61.1699982    
   11.3329420       61.2900009    
   11.3496084       61.4099998    
   11.3662748       61.5299988    
   11.3829412       61.6500015    
   11.3996077       61.7599983    
   11.4162741       61.8800011    
   11.4329405       61.9900017    
   11.4496069       62.0999985    
   11.4662733       62.2200012    
   11.4829397       62.3199997    
   11.4996061       62.4300003    
   11.5162725       62.5400009    
   11.5329390       62.6500015    
   11.5496054       62.7500000    
   11.5662718       62.8499985    
   11.5829382       62.9500008    
   11.5996046       63.0499992    
   11.6162710       63.1500015    
   11.6329374       63.2500000    
   11.6496038       63.3400002    
   11.6662703       63.4399986    
   11.6829367       63.5299988    
   11.6996031       63.6199989    
   11.7162695       63.7099991    
   11.7329359       63.7999992    
   11.7496023       63.8899994    
   11.7662687       63.9700012    
   11.7829351       64.0599976    
   11.7996016       64.1399994    
   11.8162680       64.2200012    
   11.8329344       64.3000031    
   11.8496008       64.3799973    
   11.8662672       64.4599991    
   11.8829336       64.5299988    
   11.8996000       64.5999985    
   11.9162664       64.6800003    
   11.9329329       64.7500000    
   11.9495993       64.8199997    
   11.9662657       64.8899994    
   11.9829321       64.9499969    
   11.9995985       65.0199966    
   12.0162649       65.0800018    
   12.0329313       65.1399994    
   12.0495977       65.1999969    
   12.0662642       65.2600021    
   12.0829306       65.3199997    
   12.0995970       65.3700027    
   12.1162634       65.4300003    
   12.1329298       65.4800034    
   12.1495962       65.5400009    
   12.1662626       65.5899963    
   12.1829290       65.6299973    
   12.1995955       65.6800003    
   12.2162619       65.7300034    
   12.2329283       65.7699966    
   12.2495947       65.8099976    
   12.2662611       65.8600006    
   12.2829275       65.9000015    
   12.2995939       65.9300003    
   12.3162603       65.9700012    
   12.3329268       66.0100021    
   12.3495932       66.0400009    
   12.3662596       66.0699997    
   12.3829260       66.0999985    
   12.3995924       66.1299973    
   12.4162588       66.1600037    
   12.4329252       66.1900024    
   12.4495916       66.2099991    
   12.4662580       66.2399979    
   12.4829245       66.2600021    
   12.4995909       66.2799988    
   12.5162573       66.3000031    
   12.5329237       66.3199997    
   12.5495901       66.3300018    
   12.5662565       66.3499985    
   12.5829229       66.3600006    
   12.5995893       66.3700027    
   12.6162558       66.3799973    
   12.6329222       66.3899994    
   12.6495886       66.3899994    
   12.6662550       66.4000015    
   12.6829214       66.4000015    
   12.6995878       66.4100037    
   12.7162542       66.4100037    
   12.7329206       66.4100037    
   12.7495871       66.4000015    
   12.7662535       66.4000015    
   12.7829199       66.4000015    
   12.7995863       66.3899994    
   12.8162527       66.3799973    
   12.8329191       66.3700027    
   12.8495855       66.3600006    
   12.8662519       66.3499985    
   12.8829184       66.3300018    
   12.8995848       66.3199997    
   12.9162512       66.3000031    
   12.9329176       66.2799988    
   12.9495840       66.2600021    
   12.9662504       66.2399979    
   12.9829168       66.2200012    
   12.9995832       66.1900024    
   13.0162497       66.1699982    
   13.0329161       66.1399994    
   13.0495825       66.1100006    
   13.0662489       66.0800018    
   13.0829153       66.0500031    
   13.0995817       66.0100021    
   13.1162481       65.9800034    
   13.1329145       65.9400024    
   13.1495810       65.9000015    
   13.1662474       65.8600006    
   13.1829138       65.8199997    
   13.1995802       65.7799988    
   13.2162466       65.7399979    
   13.2329130       65.6900024    
   13.2495794       65.6399994    
   13.2662458       65.5899963    
   13.2829123       65.5400009    
   13.2995787       65.4899979    
   13.3162451       65.4400024    
   13.3329115       65.3799973    
   13.3495779       65.3300018    
   13.3662443       65.2699966    
   13.3829107       65.2099991    
   13.3995771       65.1500015    
   13.4162436       65.0899963    
   13.4329100       65.0299988    
   13.4495764       64.9599991    
   13.4662428       64.9000015    
   13.4829092       64.8300018    
   13.4995756       64.7600021    
   13.5162420       64.6900024    
   13.5329084       64.6200027    
   13.5495749       64.5400009    
   13.5662413       64.4700012    
   13.5829077       64.3899994    
   13.5995741       64.3099976    
   13.6162405       64.2300034    
   13.6329069       64.1500015    
   13.6495733       64.0699997    
   13.6662397       63.9900017    
   13.6829062       63.9000015    
   13.6995726       63.8199997    
   13.7162390       63.7299995    
   13.7329054       63.6399994    
   13.7495718       63.5499992    
   13.7662382       63.4500008    
   13.7829046       63.3600006    
   13.7995710       63.2700005    
   13.8162374       63.1699982    
   13.8329039       63.0699997    
   13.8495703       62.9700012    
   13.8662367       62.8699989    
   13.8829031       62.7700005    
   13.8995695       62.6599998    
   13.9162359       62.5600014    
   13.9329023       62.4500008    
   13.9495687       62.3400002    
   13.9662352       62.2299995    
   13.9829016       62.1199989    
   13.9995680       62.0099983    
   14.0162344       61.9000015    
   14.0329008       61.7799988    
   14.0495672       61.6699982    
   14.0662336       61.5499992    
   14.0829000       61.4300003    
   14.0995665       61.3100014    
   14.1162329       61.1899986    
   14.1328993       61.0600014    
   14.1495657       60.9399986    
   14.1662321       60.8100014    
   14.1828985       60.6899986    
   14.1995649       60.5600014    
   14.2162313       60.4300003    
   14.2328978       60.2999992    
   14.2495642       60.1599998    
   14.2662306       60.0299988    
   14.2828970       59.8899994    
   14.2995634       59.7500000    
   14.3162298       59.6199989    
   14.3328962       59.4799995    
   14.3495626       59.3400002    
   14.3662291       59.1899986    
   14.3828955       59.0499992    
   14.3995619       58.9099998    
   14.4162283       58.7599983    
   14.4328947       58.6100006    
   14.4495611       58.4599991    
   14.4662275       58.3100014    
   14.4828939       58.1599998    
   14.4995604       58.0099983    
   14.5162268       57.8499985    
   14.5328932       57.7000008    
   14.5495596       57.5400009    
   14.5662260       57.3800011    
   14.5828924       57.2299995    
   14.5995588       57.0600014    
   14.6162252       56.9000015    
   14.6328917       56.7400017    
   14.6495581       56.5800018    
   14.6662245       56.4099998    
   14.6828909       56.2400017    
   14.6995573       56.0699997    
   14.7162237       55.9099998    
   14.7328901       55.7299995    
   14.7495565       55.5600014    
   14.7662230       55.3899994    
   14.7828894       55.2200012    
   14.7995558       55.0400009    
   14.8162222       54.8600006    
   14.8328886       54.6899986    
   14.8495550       54.5099983    
   14.8662214       54.3300018    
   14.8828878       54.1399994    
   14.8995543       53.9599991    
   14.9162207       53.7799988    
   14.9328871       53.5900002    
   14.9495535       53.4099998    
   14.9662199       53.2200012    
   14.9828863       53.0299988    
   14.9995527       52.8400002    
   15.0162191       52.6500015    
   15.0328856       52.4599991    
   15.0495520       52.2599983    
   15.0662184       52.0699997    
   15.0828848       51.8699989    
   15.0995512       51.6800003    
   15.1162176       51.4799995    
   15.1328840       51.2799988    
   15.1495504       51.0800018    
   15.1662169       50.8800011    
   15.1828833       50.6800003    
   15.1995497       50.4700012    
   15.2162161       50.2700005    
   15.2328825       50.0600014    
   15.2495489       49.8499985    
   15.2662153       49.6500015    
   15.2828817       49.4399986    
   15.2995481       49.2299995    
   15.3162146       49.0200005    
   15.3328810       48.8100014    
   15.3495474       48.5900002    
   15.3662138       48.3800011    
   15.3828802       48.1599998    
   15.3995466       47.9500008    
   15.4162130       47.7299995    
   15.4328794       47.5099983    
   15.4495459       47.2900009    
   15.4662123       47.0699997    
   15.4828787       46.8499985    
   15.4995451       46.6300011    
   15.5162115       46.4000015    
   15.5328779       46.1800003    
   15.5495443       45.9599991    
   15.5662107       45.7299995    
   15.5828772       45.5000000    
   15.5995436       45.2700005    
   15.6162100       45.0400009    
   15.6328764       44.8100014    
   15.6495428       44.5800018    
   15.6662092       44.3499985    
   15.6828756       44.1199989    
   15.6995420       43.8899994    
   15.7162085       43.6500015    
   15.7328749       43.4199982    
   15.7495413       43.1800003    
   15.7662077       42.9399986    
   15.7828741       42.7000008    
   15.7995405       42.4599991    
   15.8162069       42.2200012    
   15.8328733       41.9799995    
   15.8495398       41.7400017    
   15.8662062       41.5000000    
   15.8828726       41.2599983    
   15.8995390       41.0099983    
   15.9162054       40.7700005    
   15.9328718       40.5200005    
   15.9495382       40.2799988    
   15.9662046       40.0299988    
   15.9828711       39.7799988    
   15.9995375       39.5299988    
   16.0162029       39.2799988    
   16.0328693       39.0299988    
   16.0495358       38.7799988    
   16.0662022       38.5299988    
   16.0828686       38.2799988    
   16.0995350       38.0299988    
   16.1162014       37.7700005    
   16.1328678       37.5200005    
   16.1495342       37.2599983    
   16.1662006       37.0099983    
   16.1828671       36.7500000    
   16.1995335       36.4900017    
   16.2161999       36.2400017    
   16.2328663       35.9799995    
   16.2495327       35.7200012    
   16.2661991       35.4599991    
   16.2828655       35.2000008    
   16.2995319       34.9399986    
   16.3161983       34.6800003    
   16.3328648       34.4099998    
   16.3495312       34.1500015    
   16.3661976       33.8899994    
   16.3828640       33.6199989    
   16.3995304       33.3600006    
   16.4161968       33.0999985    
   16.4328632       32.8300018    
   16.4495296       32.5600014    
   16.4661961       32.2999992    
   16.4828625       32.0299988    
   16.4995289       31.7700005    
   16.5161953       31.5000000    
   16.5328617       31.2299995    
   16.5495281       30.9599991    
   16.5661945       30.6900005    
   16.5828609       30.4200001    
   16.5995274       30.1499996    
   16.6161938       29.8799992    
   16.6328602       29.6100006    
   16.6495266       29.3400002    
   16.6661930       29.0699997    
   16.6828594       28.7999992    
   16.6995258       28.5300007    
   16.7161922       28.2600002    
   16.7328587       27.9899998    
   16.7495251       27.7099991    
   16.7661915       27.4400005    
   16.7828579       27.1700001    
   16.7995243       26.8899994    
   16.8161907       26.6200008    
   16.8328571       26.3500004    
   16.8495235       26.0699997    
   16.8661900       25.7999992    
   16.8828564       25.5300007    
   16.8995228       25.2500000    
   16.9161892       24.9799995    
   16.9328556       24.7099991    
   16.9495220       24.4300003    
   16.9661884       24.1599998    
   16.9828548       23.8799992    
   16.9995213       23.6100006    
   17.0161877       23.3299999    
   17.0328541       23.0599995    
   17.0495205       22.7900009    
   17.0661869       22.5100002    
   17.0828533       22.2399998    
   17.0995197       21.9599991    
   17.1161861       21.6900005    
   17.1328526       21.4200001    
   17.1495190       21.1399994    
   17.1661854       20.8700008    
   17.1828518       20.6000004    
   17.1995182       20.3199997    
   17.2161846       20.0499992    
   17.2328510       19.7800007    
   17.2495174       19.5100002    
   17.2661839       19.2299995    
   17.2828503       18.9599991    
   17.2995167       18.6900005    
   17.3161831       18.4200001    
   17.3328495       18.1499996    
   17.3495159       17.8799992    
   17.3661823       17.6100006    
   17.3828487       17.3400002    
   17.3995152       17.0799999    
   17.4161816       16.8099995    
   17.4328480       16.5400009    
   17.4495144       16.2700005    
   17.4661808       16.0100002    
   17.4828472       15.7399998    
   17.4995136       15.4799995    
   17.5161800       15.2200003    
   17.5328465       14.9499998    
   17.5495129       14.6899996    
   17.5661793       14.4300003    
   17.5828457       14.1700001    
   17.5995121       13.9099998    
   17.6161785       13.6499996    
   17.6328449       13.3900003    
   17.6495113       13.1400003    
   17.6661777       12.8800001    
   17.6828442       12.6300001    
   17.6995106       12.3800001    
   17.7161770       12.1199999    
   17.7328434       11.8699999    
   17.7495098       11.6199999    
   17.7661762       11.3800001    
   17.7828426       11.1300001    
   17.7995090       10.8800001    
   17.8161755       10.6400003    
   17.8328419       10.3999996    
   17.8495083       10.1599998    
   17.8661747       9.91800022    
   17.8828411       9.68099976    
   17.8995075       9.44499969    
   17.9161739       9.21100044    
   17.9328403       8.97799969    
   17.9495068       8.74800014    
   17.9661732       8.51900005    
   17.9828396       8.29300022    
   17.9995060       8.06799984    
   18.0161724       7.84600019    
   18.0328388       7.62500000    
   18.0495052       7.40700006    
   18.0661716       7.19099998    
   18.0828381       6.97700024    
   18.0995045       6.76599979    
   18.1161709       6.55700016    
   18.1328373       6.34999990    
   18.1495037       6.14599991    
   18.1661701       5.94399977    
   18.1828365       5.74499989    
   18.1995029       5.54899979    
   18.2161694       5.35599995    
   18.2328358       5.16499996    
   18.2495022       4.97700024    
   18.2661686       4.79199982    
   18.2828350       4.61000013    
   18.2995014       4.42999983    
   18.3161678       4.25400019    
   18.3328342       4.08099985    
   18.3495007       3.91100001    
   18.3661671       3.74399996    
   18.3828335       3.57999992    
   18.3994999       3.41899991    
   18.4161663       3.26099992    
   18.4328327       3.10700011    
   18.4494991       2.95499992    
   18.4661655       2.80699992    
   18.4828320       2.66199994    
   18.4994984       2.51999998    
   18.5161648       2.38199997    
   18.5328312       2.24699998    
   18.5494976       2.11500001    
   18.5661640       1.98599994    
   18.5828304       1.86000001    
   18.5994968       1.73800004    
   18.6161633       1.62000000    
   18.6328297       1.50500000    
   18.6494961       1.39300001    
   18.6661625       1.28499997    
   18.6828289       1.18099999    
   18.6994953       1.08200002    
   18.7161617      0.986400008    
   18.7328281      0.895900011    
   18.7494946      0.810800016    
   18.7661610      0.718200028    
   18.7828274      0.632200003    
   18.7994938      0.560199976    
   18.8161602      0.499700010    
   18.8328266      0.431300014    
   18.8494930      0.378600001    
   18.8661594      0.321700007    
   18.8828259      0.273600012    
   18.8994923      0.231399998    
   18.9161587      0.193299994    
   18.9328251      0.159799993    
   18.9494915      0.131400004    
   18.9661579      0.107900001    
   18.9828243       8.53200033E-02
   18.9994907       6.89200014E-02
   19.0161572       5.36499992E-02
   19.0328236       4.16500010E-02
   19.0494900       3.21599990E-02
   19.0661564       2.46300008E-02
   19.0828228       1.87400002E-02
   19.0994892       1.41899996E-02
   19.1161556       1.04900002E-02
   19.1328220       7.72800017E-03
   19.1494884       5.57600008E-03
   19.1661549       4.01799986E-03
   19.1828213       2.78400001E-03
   19.1994877       1.88899995E-03
   19.2161541       1.24999997E-03
   19.2328205       8.03200004E-04
   19.2494869       4.83999989E-04
   19.2661533       2.74699996E-04
   19.2828197       1.38599993E-04
   19.2994862       5.36100015E-05
   19.3161526       1.29500004E-05
   19.3328190       1.38799999E-06
   19.3494854       3.61300003E-08
   19.3661518       1.66899994E-10
   19.3828182       2.77099996E-26
   19.3994846       0.00000000    
   19.4161510       0.00000000    
   19.4328175       0.00000000    
   19.4494839       0.00000000    
   19.4661503       0.00000000    
   19.4828167       0.00000000    
   19.4994831       0.00000000    
   19.5161495       0.00000000    
   19.5328159       0.00000000    
   19.5494823       0.00000000    
   19.5661488       0.00000000    
   19.5828152       0.00000000    
   19.5994816       0.00000000    
   19.6161480       0.00000000    
   19.6328144       0.00000000    
   19.6494808       0.00000000    
   19.6661472       0.00000000    
   19.6828136       0.00000000    
   19.6994801       0.00000000    
   19.7161465       0.00000000    
   19.7328129       0.00000000    
   19.7494793       0.00000000    
   19.7661457       0.00000000    
   19.7828121       0.00000000    
   19.7994785       0.00000000    
   19.8161449       0.00000000    
   19.8328114       0.00000000    
   19.8494778       0.00000000    
   19.8661442       0.00000000    
   19.8828106       0.00000000    
   19.8994770       0.00000000    
   19.9161434       0.00000000    
   19.9328098       0.00000000    
   19.9494762       0.00000000    
   19.9661427       0.00000000    
   19.9828091       0.00000000    
   19.9994755       0.00000000    
   20.0161419       0.00000000    
   20.0328083       0.00000000    
   20.0494747       0.00000000    
   20.0661411       0.00000000    
   20.0828075       0.00000000    
   20.0994740       0.00000000    
   20.1161404       0.00000000    
   20.1328068       0.00000000    
   20.1494732       0.00000000    
   20.1661396       0.00000000    
   20.1828060       0.00000000    
   20.1994724       0.00000000    
   20.2161388       0.00000000    
   20.2328053       0.00000000    
   20.2494717       0.00000000    
   20.2661381       0.00000000    
   20.2828045       0.00000000    
   20.2994709       0.00000000    
   20.3161373       0.00000000    
   20.3328037       0.00000000    
   20.3494701       0.00000000    
   20.3661366       0.00000000    
   20.3828030       0.00000000    
   20.3994694       0.00000000    
   20.4161358       0.00000000    
   20.4328022       0.00000000    
   20.4494686       0.00000000    
   20.4661350       0.00000000    
   20.4828014       0.00000000    
   20.4994678       0.00000000    
   20.5161343       0.00000000    
   20.5328007       0.00000000    
   20.5494671       0.00000000    
   20.5661335       0.00000000    
   20.5827999       0.00000000    
   20.5994663       0.00000000    
   20.6161327       0.00000000    
   20.6327991       0.00000000    
   20.6494656       0.00000000    
   20.6661320       0.00000000    
   20.6827984       0.00000000    
   20.6994648       0.00000000    
   20.7161312       0.00000000    
   20.7327976       0.00000000    
   20.7494640       0.00000000    
   20.7661304       0.00000000    
   20.7827969       0.00000000    
   20.7994633       0.00000000    
   20.8161297       0.00000000    
   20.8327961       0.00000000    
   20.8494625       0.00000000    
   20.8661289       0.00000000    
   20.8827953       0.00000000    
   20.8994617       0.00000000    
   20.9161282       0.00000000    
   20.9327946       0.00000000    
   20.9494610       0.00000000    
   20.9661274       0.00000000    
   20.9827938       0.00000000    
   20.9994602       0.00000000    
   21.0161266       0.00000000    
   21.0327930       0.00000000    
   21.0494595       0.00000000    
   21.0661259       0.00000000    
   21.0827923       0.00000000    
   21.0994587       0.00000000    
   21.1161251       0.00000000    
   21.1327915       0.00000000    
   21.1494579       0.00000000    
   21.1661243       0.00000000    
   21.1827908       0.00000000    
   21.1994572       0.00000000    
   21.2161236       0.00000000    
   21.2327900       0.00000000    
   21.2494564       0.00000000    
   21.2661228       0.00000000    
   21.2827892       0.00000000    
   21.2994556       0.00000000    
   21.3161221       0.00000000    
   21.3327885       0.00000000    
   21.3494549       0.00000000    
   21.3661213       0.00000000    
   21.3827877       0.00000000    
   21.3994541       0.00000000    
   21.4161205       0.00000000    
   21.4327869       0.00000000    
   21.4494534       0.00000000    
   21.4661198       0.00000000    
   21.4827862       0.00000000    
   21.4994526       0.00000000    
   21.5161190       0.00000000    
   21.5327854       0.00000000    
   21.5494518       0.00000000    
   21.5661182       0.00000000    
   21.5827847       0.00000000    
   21.5994511       0.00000000    
   21.6161175       0.00000000    
   21.6327839       0.00000000    
   21.6494503       0.00000000    
   21.6661167       0.00000000    
   21.6827831       0.00000000    
   21.6994495       0.00000000    
   21.7161160       0.00000000    
   21.7327824       0.00000000    
   21.7494488       0.00000000    
   21.7661152       0.00000000    
   21.7827816       0.00000000    
   21.7994480       0.00000000    
   21.8161144       0.00000000    
   21.8327808       0.00000000    
   21.8494473       0.00000000    
   21.8661137       0.00000000    
   21.8827801       0.00000000    
   21.8994465       0.00000000    
   21.9161129       0.00000000    
   21.9327793       0.00000000    
   21.9494457       0.00000000    
   21.9661121       0.00000000    
   21.9827785       0.00000000    
   21.9994450       0.00000000    
   22.0161114       0.00000000    
   22.0327778       0.00000000    
   22.0494442       0.00000000    
   22.0661106       0.00000000    
   22.0827770       0.00000000    
   22.0994434       0.00000000    
   22.1161098       0.00000000    
   22.1327763       0.00000000    
   22.1494427       0.00000000    
   22.1661091       0.00000000    
   22.1827755       0.00000000    
   22.1994419       0.00000000    
   22.2161083       0.00000000    
   22.2327747       0.00000000    
   22.2494411       0.00000000    
   22.2661076       0.00000000    
   22.2827740       0.00000000    
   22.2994404       0.00000000    
   22.3161068       0.00000000    
   22.3327732       0.00000000    
   22.3494396       0.00000000    
   22.3661060       0.00000000    
   22.3827724       0.00000000    
   22.3994389       0.00000000    
   22.4161053       0.00000000    
   22.4327717       0.00000000    
   22.4494381       0.00000000    
   22.4661045       0.00000000    
   22.4827709       0.00000000    
   22.4994373       0.00000000    
   22.5161037       0.00000000    
   22.5327702       0.00000000    
   22.5494366       0.00000000    
   22.5661030       0.00000000    
   22.5827694       0.00000000    
   22.5994358       0.00000000    
   22.6161022       0.00000000    
   22.6327686       0.00000000    
   22.6494350       0.00000000    
   22.6661015       0.00000000    
   22.6827679       0.00000000    
   22.6994343       0.00000000    
   22.7161007       0.00000000    
   22.7327671       0.00000000    
   22.7494335       0.00000000    
   22.7660999       0.00000000    
   22.7827663       0.00000000    
   22.7994328       0.00000000    
   22.8160992       0.00000000    
   22.8327656       0.00000000    
   22.8494320       0.00000000    
   22.8660984       0.00000000    
   22.8827648       0.00000000    
   22.8994312       0.00000000    
   22.9160976       0.00000000    
   22.9327641       0.00000000    
   22.9494305       0.00000000    
   22.9660969       0.00000000    
   22.9827633       0.00000000    
   22.9994297       0.00000000    
   23.0160961       0.00000000    
   23.0327625       0.00000000    
   23.0494289       0.00000000    
   23.0660954       0.00000000    
   23.0827618       0.00000000    
   23.0994282       0.00000000    
   23.1160946       0.00000000    
   23.1327610       0.00000000    
   23.1494274       0.00000000    
   23.1660938       0.00000000    
   23.1827602       0.00000000    
   23.1994267       0.00000000    
   23.2160931       0.00000000    
   23.2327595       0.00000000    
   23.2494259       0.00000000    
   23.2660923       0.00000000    
   23.2827587       0.00000000    
   23.2994251       0.00000000    
   23.3160915       0.00000000    
   23.3327579       0.00000000    
   23.3494244       0.00000000    
   23.3660908       0.00000000    
   23.3827572       0.00000000    
   23.3994236       0.00000000    
   23.4160900       0.00000000    
   23.4327564       0.00000000    
   23.4494228       0.00000000    
   23.4660892       0.00000000    
   23.4827557       0.00000000    
   23.4994221       0.00000000    
   23.5160885       0.00000000    
   23.5327549       0.00000000    
   23.5494213       0.00000000    
   23.5660877       0.00000000    
   23.5827541       0.00000000    
   23.5994205       0.00000000    
   23.6160870       0.00000000    
   23.6327534       0.00000000    
   23.6494198       0.00000000    
   23.6660862       0.00000000    
   23.6827526       0.00000000    
   23.6994190       0.00000000    
   23.7160854       0.00000000    
   23.7327518       0.00000000    
   23.7494183       0.00000000    
   23.7660847       0.00000000    
   23.7827511       0.00000000    
   23.7994175       0.00000000    
   23.8160839       0.00000000    
   23.8327503       0.00000000    
   23.8494167       0.00000000    
   23.8660831       0.00000000    
   23.8827496       0.00000000    
   23.8994160       0.00000000    
   23.9160824       0.00000000    
   23.9327488       0.00000000    
   23.9494152       0.00000000    
   23.9660816       0.00000000    
   23.9827480       0.00000000    
