   0.00000000       0.00000000    
   1.66660007E-02   0.00000000    
   3.33320014E-02   0.00000000    
   4.99980003E-02   0.00000000    
   6.66640028E-02   0.00000000    
   8.33300054E-02   0.00000000    
   9.99960080E-02   0.00000000    
  0.116662011       0.00000000    
  0.133328006       0.00000000    
  0.149994001       0.00000000    
  0.166659996       0.00000000    
  0.183325991       0.00000000    
  0.199991986       0.00000000    
  0.216657981       0.00000000    
  0.233323976       0.00000000    
  0.249989972       0.00000000    
  0.266655982       0.00000000    
  0.283321977       0.00000000    
  0.299987972       0.00000000    
  0.316653967       0.00000000    
  0.333319962       0.00000000    
  0.349985957       0.00000000    
  0.366651952       0.00000000    
  0.383317947       0.00000000    
  0.399983943       0.00000000    
  0.416649938       0.00000000    
  0.433315933       0.00000000    
  0.449981928       0.00000000    
  0.466647923       0.00000000    
  0.483313918       0.00000000    
  0.499979913       0.00000000    
  0.516645908       0.00000000    
  0.533311903       0.00000000    
  0.549977899       0.00000000    
  0.566643894       0.00000000    
  0.583309889       0.00000000    
  0.599975884       0.00000000    
  0.616641879       0.00000000    
  0.633307874       0.00000000    
  0.649973869       0.00000000    
  0.666639864       0.00000000    
  0.683305860       0.00000000    
  0.699971855       0.00000000    
  0.716637850       0.00000000    
  0.733303845       0.00000000    
  0.749969840       0.00000000    
  0.766635835       0.00000000    
  0.783301830       0.00000000    
  0.799967825       0.00000000    
  0.816633821       0.00000000    
  0.833299816       0.00000000    
  0.849965811       0.00000000    
  0.866631806       0.00000000    
  0.883297801       0.00000000    
  0.899963796       0.00000000    
  0.916629791       0.00000000    
  0.933295786       0.00000000    
  0.949961782       0.00000000    
  0.966627777       0.00000000    
  0.983293772       0.00000000    
  0.999959767       0.00000000    
   1.01662576       0.00000000    
   1.03329182       0.00000000    
   1.04995787       0.00000000    
   1.06662393       0.00000000    
   1.08328998       0.00000000    
   1.09995604       0.00000000    
   1.11662209       0.00000000    
   1.13328815       0.00000000    
   1.14995420       0.00000000    
   1.16662025       0.00000000    
   1.18328631       0.00000000    
   1.19995236       0.00000000    
   1.21661842       0.00000000    
   1.23328447       0.00000000    
   1.24995053       0.00000000    
   1.26661658       0.00000000    
   1.28328264       0.00000000    
   1.29994869       0.00000000    
   1.31661475       0.00000000    
   1.33328080       0.00000000    
   1.34994686       0.00000000    
   1.36661291       0.00000000    
   1.38327897       0.00000000    
   1.39994502       0.00000000    
   1.41661108       0.00000000    
   1.43327713       0.00000000    
   1.44994318       0.00000000    
   1.46660924       0.00000000    
   1.48327529       0.00000000    
   1.49994135       0.00000000    
   1.51660740       0.00000000    
   1.53327346       0.00000000    
   1.54993951       0.00000000    
   1.56660557       0.00000000    
   1.58327162       0.00000000    
   1.59993768       0.00000000    
   1.61660373       0.00000000    
   1.63326979       0.00000000    
   1.64993584       0.00000000    
   1.66660190       0.00000000    
   1.68326795       0.00000000    
   1.69993401       0.00000000    
   1.71660006       0.00000000    
   1.73326612       0.00000000    
   1.74993217       0.00000000    
   1.76659822       0.00000000    
   1.78326428       0.00000000    
   1.79993033       0.00000000    
   1.81659639       0.00000000    
   1.83326244       0.00000000    
   1.84992850       0.00000000    
   1.86659455       0.00000000    
   1.88326061       0.00000000    
   1.89992666       0.00000000    
   1.91659272       0.00000000    
   1.93325877       0.00000000    
   1.94992483       0.00000000    
   1.96659088       0.00000000    
   1.98325694       0.00000000    
   1.99992299       0.00000000    
   2.01658893       0.00000000    
   2.03325486       0.00000000    
   2.04992080       0.00000000    
   2.06658673       0.00000000    
   2.08325267       0.00000000    
   2.09991860       0.00000000    
   2.11658454       0.00000000    
   2.13325047       0.00000000    
   2.14991641       0.00000000    
   2.16658235       0.00000000    
   2.18324828       0.00000000    
   2.19991422       0.00000000    
   2.21658015       0.00000000    
   2.23324609       0.00000000    
   2.24991202       0.00000000    
   2.26657796       0.00000000    
   2.28324389       0.00000000    
   2.29990983       0.00000000    
   2.31657577       0.00000000    
   2.33324170       0.00000000    
   2.34990764       0.00000000    
   2.36657357       0.00000000    
   2.38323951       0.00000000    
   2.39990544       0.00000000    
   2.41657138       0.00000000    
   2.43323731       0.00000000    
   2.44990325       0.00000000    
   2.46656919       0.00000000    
   2.48323512       0.00000000    
   2.49990106       0.00000000    
   2.51656699       0.00000000    
   2.53323293       0.00000000    
   2.54989886       0.00000000    
   2.56656480       0.00000000    
   2.58323073       0.00000000    
   2.59989667       0.00000000    
   2.61656260       0.00000000    
   2.63322854       0.00000000    
   2.64989448       0.00000000    
   2.66656041       0.00000000    
   2.68322635       0.00000000    
   2.69989228       0.00000000    
   2.71655822       0.00000000    
   2.73322415       0.00000000    
   2.74989009       0.00000000    
   2.76655602       0.00000000    
   2.78322196       0.00000000    
   2.79988790       0.00000000    
   2.81655383       0.00000000    
   2.83321977       0.00000000    
   2.84988570       0.00000000    
   2.86655164       0.00000000    
   2.88321757       0.00000000    
   2.89988351       0.00000000    
   2.91654944       0.00000000    
   2.93321538       0.00000000    
   2.94988132       0.00000000    
   2.96654725       0.00000000    
   2.98321319       0.00000000    
   2.99987912       0.00000000    
   3.01654506       0.00000000    
   3.03321099       0.00000000    
   3.04987693       0.00000000    
   3.06654286       0.00000000    
   3.08320880       0.00000000    
   3.09987473       0.00000000    
   3.11654067       0.00000000    
   3.13320661       0.00000000    
   3.14987254       0.00000000    
   3.16653848       0.00000000    
   3.18320441       0.00000000    
   3.19987035       0.00000000    
   3.21653628       0.00000000    
   3.23320222       0.00000000    
   3.24986815       0.00000000    
   3.26653409       0.00000000    
   3.28320003       0.00000000    
   3.29986596       0.00000000    
   3.31653190       0.00000000    
   3.33319783       0.00000000    
   3.34986377       0.00000000    
   3.36652970       0.00000000    
   3.38319564       0.00000000    
   3.39986157       0.00000000    
   3.41652751       0.00000000    
   3.43319345       0.00000000    
   3.44985938       0.00000000    
   3.46652532       0.00000000    
   3.48319125       0.00000000    
   3.49985719       0.00000000    
   3.51652312       0.00000000    
   3.53318906       0.00000000    
   3.54985499       0.00000000    
   3.56652093       0.00000000    
   3.58318686       0.00000000    
   3.59985280       0.00000000    
   3.61651874       0.00000000    
   3.63318467       0.00000000    
   3.64985061       0.00000000    
   3.66651654       0.00000000    
   3.68318248       0.00000000    
   3.69984841       0.00000000    
   3.71651435       0.00000000    
   3.73318028       0.00000000    
   3.74984622       0.00000000    
   3.76651216       0.00000000    
   3.78317809       0.00000000    
   3.79984403       0.00000000    
   3.81650996       0.00000000    
   3.83317590       0.00000000    
   3.84984183       0.00000000    
   3.86650777       0.00000000    
   3.88317370       0.00000000    
   3.89983964       0.00000000    
   3.91650558       0.00000000    
   3.93317151       0.00000000    
   3.94983745       0.00000000    
   3.96650338       0.00000000    
   3.98316932       0.00000000    
   3.99983525       0.00000000    
   4.01650143       0.00000000    
   4.03316736       0.00000000    
   4.04983330       0.00000000    
   4.06649923       0.00000000    
   4.08316517       0.00000000    
   4.09983110       0.00000000    
   4.11649704       0.00000000    
   4.13316298       0.00000000    
   4.14982891       0.00000000    
   4.16649485       0.00000000    
   4.18316078       0.00000000    
   4.19982672       0.00000000    
   4.21649265       0.00000000    
   4.23315859       0.00000000    
   4.24982452       0.00000000    
   4.26649046       0.00000000    
   4.28315639       0.00000000    
   4.29982233       0.00000000    
   4.31648827       0.00000000    
   4.33315420       0.00000000    
   4.34982014       0.00000000    
   4.36648607       0.00000000    
   4.38315201       0.00000000    
   4.39981794       0.00000000    
   4.41648388       0.00000000    
   4.43314981       0.00000000    
   4.44981575       0.00000000    
   4.46648169       0.00000000    
   4.48314762       0.00000000    
   4.49981356       0.00000000    
   4.51647949       0.00000000    
   4.53314543       0.00000000    
   4.54981136       0.00000000    
   4.56647730       0.00000000    
   4.58314323       0.00000000    
   4.59980917       0.00000000    
   4.61647511       0.00000000    
   4.63314104       0.00000000    
   4.64980698       0.00000000    
   4.66647291       0.00000000    
   4.68313885       0.00000000    
   4.69980478       0.00000000    
   4.71647072       0.00000000    
   4.73313665       0.00000000    
   4.74980259       0.00000000    
   4.76646852       0.00000000    
   4.78313446       0.00000000    
   4.79980040       0.00000000    
   4.81646633       0.00000000    
   4.83313227       0.00000000    
   4.84979820       0.00000000    
   4.86646414       0.00000000    
   4.88313007       0.00000000    
   4.89979601       0.00000000    
   4.91646194       0.00000000    
   4.93312788       0.00000000    
   4.94979382       0.00000000    
   4.96645975       0.00000000    
   4.98312569       0.00000000    
   4.99979162       0.00000000    
   5.01645756       0.00000000    
   5.03312349       0.00000000    
   5.04978943       0.00000000    
   5.06645536       0.00000000    
   5.08312130       0.00000000    
   5.09978724       0.00000000    
   5.11645317       0.00000000    
   5.13311911       0.00000000    
   5.14978504       0.00000000    
   5.16645098       0.00000000    
   5.18311691       0.00000000    
   5.19978285       0.00000000    
   5.21644878       0.00000000    
   5.23311472       0.00000000    
   5.24978065       0.00000000    
   5.26644659       0.00000000    
   5.28311253       0.00000000    
   5.29977846       0.00000000    
   5.31644440       0.00000000    
   5.33311033       0.00000000    
   5.34977627       0.00000000    
   5.36644220       0.00000000    
   5.38310814       0.00000000    
   5.39977407       0.00000000    
   5.41644001       0.00000000    
   5.43310595       0.00000000    
   5.44977188       0.00000000    
   5.46643782       0.00000000    
   5.48310375       0.00000000    
   5.49976969       0.00000000    
   5.51643562       0.00000000    
   5.53310156       0.00000000    
   5.54976749       0.00000000    
   5.56643343       0.00000000    
   5.58309937       0.00000000    
   5.59976530       0.00000000    
   5.61643124       0.00000000    
   5.63309717       0.00000000    
   5.64976311       0.00000000    
   5.66642904       0.00000000    
   5.68309498       0.00000000    
   5.69976091       0.00000000    
   5.71642685       0.00000000    
   5.73309278       0.00000000    
   5.74975872       0.00000000    
   5.76642466       0.00000000    
   5.78309059       0.00000000    
   5.79975653       0.00000000    
   5.81642246       0.00000000    
   5.83308840       0.00000000    
   5.84975433       0.00000000    
   5.86642027       0.00000000    
   5.88308620       0.00000000    
   5.89975214       0.00000000    
   5.91641808       0.00000000    
   5.93308401       0.00000000    
   5.94974995       0.00000000    
   5.96641588       0.00000000    
   5.98308182       0.00000000    
   5.99974775       0.00000000    
   6.01641369       0.00000000    
   6.03307962       0.00000000    
   6.04974556       0.00000000    
   6.06641150       0.00000000    
   6.08307743       5.02700023E-28
   6.09974337       4.40199996E-20
   6.11640930       1.24600002E-16
   6.13307524       7.35399968E-14
   6.14974117       1.27200004E-11
   6.16640711       1.28500000E-09
   6.18307304       1.07500000E-08
   6.19973898       4.12200016E-08
   6.21640491       1.03200001E-07
   6.23307085       2.07200003E-07
   6.24973679       3.84799989E-07
   6.26640272       6.88700027E-07
   6.28306866       1.18000003E-06
   6.29973459       1.92500011E-06
   6.31640053       2.87600005E-06
   6.33306646       4.20800006E-06
   6.34973240       5.84400004E-06
   6.36639833       8.11700011E-06
   6.38306427       1.07899996E-05
   6.39973021       1.41900000E-05
   6.41639614       1.84599994E-05
   6.43306208       2.37599997E-05
   6.44972801       3.03600009E-05
   6.46639395       3.76800017E-05
   6.48305988       4.69400002E-05
   6.49972582       5.79599982E-05
   6.51639175       7.07900035E-05
   6.53305769       8.51000004E-05
   6.54972363       1.02200000E-04
   6.56638956       1.21899997E-04
   6.58305550       1.44000005E-04
   6.59972143       1.68500002E-04
   6.61638737       1.96699999E-04
   6.63305330       2.30699996E-04
   6.64971924       2.59699998E-04
   6.66638517       3.01799999E-04
   6.68305111       3.35799996E-04
   6.69971704       3.76699987E-04
   6.71638298       4.25900012E-04
   6.73304892       4.85500001E-04
   6.74971485       5.36500011E-04
   6.76638079       5.91000018E-04
   6.78304672       6.49099995E-04
   6.79971266       7.10499997E-04
   6.81637859       7.75300025E-04
   6.83304453       8.43300018E-04
   6.84971046       9.14299977E-04
   6.86637640       9.88599961E-04
   6.88304234       1.06599997E-03
   6.89970827       1.14600000E-03
   6.91637421       1.23000005E-03
   6.93304014       1.31600001E-03
   6.94970608       1.40600000E-03
   6.96637201       1.49900001E-03
   6.98303795       1.59500004E-03
   6.99970388       1.69399998E-03
   7.01636982       1.79699995E-03
   7.03303576       1.90300005E-03
   7.04970169       2.01199995E-03
   7.06636763       2.12400011E-03
   7.08303356       2.24000006E-03
   7.09969950       2.35900003E-03
   7.11636543       2.48200004E-03
   7.13303137       2.60800007E-03
   7.14969730       2.73799989E-03
   7.16636324       2.87099998E-03
   7.18302917       3.00800009E-03
   7.19969511       3.14900000E-03
   7.21636105       3.29299993E-03
   7.23302698       3.44099989E-03
   7.24969292       3.59399989E-03
   7.26635885       3.74899991E-03
   7.28302479       3.90999997E-03
   7.29969072       4.07399982E-03
   7.31635666       4.24200017E-03
   7.33302259       4.41499986E-03
   7.34968853       4.59099980E-03
   7.36635447       4.77200001E-03
   7.38302040       4.95699979E-03
   7.39968634       5.14699984E-03
   7.41635227       5.34099992E-03
   7.43301821       5.53999981E-03
   7.44968414       5.74399997E-03
   7.46635008       5.95099991E-03
   7.48301601       6.16399990E-03
   7.49968195       6.38200017E-03
   7.51634789       6.60499977E-03
   7.53301382       6.83199987E-03
   7.54967976       7.06399977E-03
   7.56634569       7.30200019E-03
   7.58301163       7.54400017E-03
   7.59967756       7.79200019E-03
   7.61634350       8.04500002E-03
   7.63300943       8.30399990E-03
   7.64967537       8.56699981E-03
   7.66634130       8.83600023E-03
   7.68300724       9.11100022E-03
   7.69967318       9.39099956E-03
   7.71633911       9.67700034E-03
   7.73300505       9.96800046E-03
   7.74967098       1.02599999E-02
   7.76633692       1.05699999E-02
   7.78300285       1.08800000E-02
   7.79966879       1.11900000E-02
   7.81633472       1.15099996E-02
   7.83300066       1.18399998E-02
   7.84966660       1.21700000E-02
   7.86633253       1.25099998E-02
   7.88299847       1.28499996E-02
   7.89966440       1.31999999E-02
   7.91633034       1.35599999E-02
   7.93299627       1.39199998E-02
   7.94966221       1.42900003E-02
   7.96632814       1.46700004E-02
   7.98299408       1.50499996E-02
   7.99966002       1.54400002E-02
   8.01632595       1.58399995E-02
   8.03299236       1.62400007E-02
   8.04965878       1.66500006E-02
   8.06632519       1.70600004E-02
   8.08299160       1.74800009E-02
   8.09965801       1.79099999E-02
   8.11632442       1.83499996E-02
   8.13299084       1.87899992E-02
   8.14965725       1.92399994E-02
   8.16632366       1.96899995E-02
   8.18299007       2.01600008E-02
   8.19965649       2.06199996E-02
   8.21632290       2.10999995E-02
   8.23298931       2.15799995E-02
   8.24965572       2.20699999E-02
   8.26632214       2.25699991E-02
   8.28298855       2.30700001E-02
   8.29965496       2.35799998E-02
   8.31632137       2.41000000E-02
   8.33298779       2.46200003E-02
   8.34965420       2.51499992E-02
   8.36632061       2.56900005E-02
   8.38298702       2.62400005E-02
   8.39965343       2.67900005E-02
   8.41631985       2.73400005E-02
   8.43298626       2.79099997E-02
   8.44965267       2.84800008E-02
   8.46631908       2.90600006E-02
   8.48298550       2.96500009E-02
   8.49965191       3.02399993E-02
   8.51631832       3.08400001E-02
   8.53298473       3.14499997E-02
   8.54965115       3.20600010E-02
   8.56631756       3.26800011E-02
   8.58298397       3.33099999E-02
   8.59965038       3.39500010E-02
   8.61631680       3.45899984E-02
   8.63298321       3.52399983E-02
   8.64964962       3.58900018E-02
   8.66631603       3.65500003E-02
   8.68298244       3.72200012E-02
   8.69964886       3.79000008E-02
   8.71631527       3.85800004E-02
   8.73298168       3.92699987E-02
   8.74964809       3.99600007E-02
   8.76631451       4.06600013E-02
   8.78298092       4.13700007E-02
   8.79964733       4.20899987E-02
   8.81631374       4.28100005E-02
   8.83298016       4.35400009E-02
   8.84964657       4.42700014E-02
   8.86631298       4.50100005E-02
   8.88297939       4.57599983E-02
   8.89964581       4.65099998E-02
   8.91631222       4.72700000E-02
   8.93297863       4.80300002E-02
   8.94964504       4.88100015E-02
   8.96631145       4.95800003E-02
   8.98297787       5.03600016E-02
   8.99964428       5.11500016E-02
   9.01631069       5.19500002E-02
   9.03297710       5.27499989E-02
   9.04964352       5.35500012E-02
   9.06630993       5.43700010E-02
   9.08297634       5.51799983E-02
   9.09964275       5.60100004E-02
   9.11630917       5.68399988E-02
   9.13297558       5.76700009E-02
   9.14964199       5.85100017E-02
   9.16630840       5.93499988E-02
   9.18297482       6.01999983E-02
   9.19964123       6.10600002E-02
   9.21630764       6.19199984E-02
   9.23297405       6.27800003E-02
   9.24964046       6.36499971E-02
   9.26630688       6.45300001E-02
   9.28297329       6.53999969E-02
   9.29963970       6.62899986E-02
   9.31630611       6.71800002E-02
   9.33297253       6.80700019E-02
   9.34963894       6.89600036E-02
   9.36630535       6.98700026E-02
   9.38297176       7.07700029E-02
   9.39963818       7.16800019E-02
   9.41630459       7.25999996E-02
   9.43297100       7.35099986E-02
   9.44963741       7.44299963E-02
   9.46630383       7.53600001E-02
   9.48297024       7.62899965E-02
   9.49963665       7.72200003E-02
   9.51630306       7.81499967E-02
   9.53296947       7.90899992E-02
   9.54963589       8.00300017E-02
   9.56630230       8.09800029E-02
   9.58296871       8.19199979E-02
   9.59963512       8.28799978E-02
   9.61630154       8.38299990E-02
   9.63296795       8.47800002E-02
   9.64963436       8.57300013E-02
   9.66630077       8.66999999E-02
   9.68296719       8.76699984E-02
   9.69963360       8.86299983E-02
   9.71630001       8.95899981E-02
   9.73296642       9.05599967E-02
   9.74963284       9.15400013E-02
   9.76629925       9.25099999E-02
   9.78296566       9.34799984E-02
   9.79963207       9.44700018E-02
   9.81629848       9.54400003E-02
   9.83296490       9.64199975E-02
   9.84963131       9.73900035E-02
   9.86629772       9.83999968E-02
   9.88296413       9.93800014E-02
   9.89963055      0.100400001    
   9.91629696      0.101300001    
   9.93296337      0.102300003    
   9.94962978      0.103299998    
   9.96629620      0.104300000    
   9.98296261      0.105300002    
   9.99962902      0.106299996    
   10.0162954      0.107299998    
   10.0329618      0.108300000    
   10.0496283      0.109200001    
   10.0662947      0.110200003    
   10.0829611      0.111199997    
   10.0996275      0.112199999    
   10.1162939      0.113200001    
   10.1329603      0.114200003    
   10.1496267      0.115199998    
   10.1662931      0.116099998    
   10.1829596      0.117100000    
   10.1996260      0.118100002    
   10.2162924      0.119099997    
   10.2329588      0.120099999    
   10.2496252      0.120999999    
   10.2662916      0.122000001    
   10.2829580      0.123000003    
   10.2996244      0.123999998    
   10.3162909      0.124899998    
   10.3329573      0.125900000    
   10.3496237      0.126900002    
   10.3662901      0.127800003    
   10.3829565      0.128600001    
   10.3996229      0.129700005    
   10.4162893      0.130700007    
   10.4329557      0.131600007    
   10.4496222      0.132599995    
   10.4662886      0.133499995    
   10.4829550      0.134499997    
   10.4996214      0.135399997    
   10.5162878      0.136299998    
   10.5329542      0.137300000    
   10.5496206      0.138200000    
   10.5662870      0.139100000    
   10.5829535      0.140100002    
   10.5996199      0.141000003    
   10.6162863      0.141900003    
   10.6329527      0.142800003    
   10.6496191      0.143700004    
   10.6662855      0.144600004    
   10.6829519      0.145500004    
   10.6996183      0.146300003    
   10.7162848      0.147300005    
   10.7329512      0.148000002    
   10.7496176      0.149000004    
   10.7662840      0.149900004    
   10.7829504      0.150700003    
   10.7996168      0.151600003    
   10.8162832      0.152500004    
   10.8329496      0.153300002    
   10.8496161      0.154100001    
   10.8662825      0.155000001    
   10.8829489      0.155800000    
   10.8996153      0.156599998    
   10.9162817      0.157399997    
   10.9329481      0.158199996    
   10.9496145      0.159099996    
   10.9662809      0.159799993    
   10.9829473      0.160600007    
   10.9996138      0.161400005    
   11.0162802      0.162200004    
   11.0329466      0.163000003    
   11.0496130      0.163699999    
   11.0662794      0.164499998    
   11.0829458      0.165199995    
   11.0996122      0.165999994    
   11.1162786      0.166700006    
   11.1329451      0.167400002    
   11.1496115      0.168200001    
   11.1662779      0.168899998    
   11.1829443      0.169400007    
   11.1996107      0.170300007    
   11.2162771      0.170900002    
   11.2329435      0.171599999    
   11.2496099      0.172299996    
   11.2662764      0.172999993    
   11.2829428      0.173600003    
   11.2996092      0.174300000    
   11.3162756      0.174899995    
   11.3329420      0.175500005    
   11.3496084      0.176100001    
   11.3662748      0.176799998    
   11.3829412      0.177399993    
   11.3996077      0.177900001    
   11.4162741      0.178499997    
   11.4329405      0.179100007    
   11.4496069      0.179700002    
   11.4662733      0.180199996    
   11.4829397      0.180800006    
   11.4996061      0.181299999    
   11.5162725      0.181799993    
   11.5329390      0.182300001    
   11.5496054      0.182899997    
   11.5662718      0.183400005    
   11.5829382      0.183799997    
   11.5996046      0.184300005    
   11.6162710      0.184799999    
   11.6329374      0.185299993    
   11.6496038      0.185699999    
   11.6662703      0.186199993    
   11.6829367      0.186600000    
   11.6996031      0.187000006    
   11.7162695      0.187399998    
   11.7329359      0.187800005    
   11.7496023      0.188199997    
   11.7662687      0.188600004    
   11.7829351      0.188999996    
   11.7996016      0.189300001    
   11.8162680      0.189600006    
   11.8329344      0.189999998    
   11.8496008      0.190300003    
   11.8662672      0.190699995    
   11.8829336      0.190899998    
   11.8996000      0.191200003    
   11.9162664      0.191499993    
   11.9329329      0.191799998    
   11.9495993      0.192100003    
   11.9662657      0.192300007    
   11.9829321      0.192599997    
   11.9995985      0.192800000    
   12.0162649      0.192900002    
   12.0329313      0.193100005    
   12.0495977      0.193399996    
   12.0662642      0.193599999    
   12.0829306      0.193800002    
   12.0995970      0.193800002    
   12.1162634      0.194000006    
   12.1329298      0.194199994    
   12.1495962      0.194299996    
   12.1662626      0.194399998    
   12.1829290      0.194600001    
   12.1995955      0.194700003    
   12.2162619      0.194700003    
   12.2329283      0.194700003    
   12.2495947      0.194800004    
   12.2662611      0.194900006    
   12.2829275      0.194900006    
   12.2995939      0.194999993    
   12.3162603      0.194999993    
   12.3329268      0.194999993    
   12.3495932      0.194999993    
   12.3662596      0.194999993    
   12.3829260      0.194900006    
   12.3995924      0.194900006    
   12.4162588      0.194800004    
   12.4329252      0.194700003    
   12.4495916      0.194700003    
   12.4662580      0.194700003    
   12.4829245      0.194600001    
   12.4995909      0.194499999    
   12.5162573      0.194299996    
   12.5329237      0.194199994    
   12.5495901      0.194100007    
   12.5662565      0.193800002    
   12.5829229      0.193800002    
   12.5995893      0.193599999    
   12.6162558      0.193399996    
   12.6329222      0.193200007    
   12.6495886      0.192900002    
   12.6662550      0.192800000    
   12.6829214      0.192599997    
   12.6995878      0.192399994    
   12.7162542      0.192100003    
   12.7329206      0.191799998    
   12.7495871      0.191599995    
   12.7662535      0.191300005    
   12.7829199      0.191000000    
   12.7995863      0.190699995    
   12.8162527      0.190400004    
   12.8329191      0.190099999    
   12.8495855      0.189700007    
   12.8662519      0.189400002    
   12.8829184      0.188999996    
   12.8995848      0.188600004    
   12.9162512      0.188299999    
   12.9329176      0.187900007    
   12.9495840      0.187500000    
   12.9662504      0.187099993    
   12.9829168      0.186700001    
   12.9995832      0.186199993    
   13.0162497      0.185800001    
   13.0329161      0.185299993    
   13.0495825      0.184900001    
   13.0662489      0.184400007    
   13.0829153      0.183899999    
   13.0995817      0.183400005    
   13.1162481      0.182899997    
   13.1329145      0.182300001    
   13.1495810      0.181899995    
   13.1662474      0.181400001    
   13.1829138      0.180899993    
   13.1995802      0.180299997    
   13.2162466      0.179800004    
   13.2329130      0.179199994    
   13.2495794      0.178599998    
   13.2662458      0.178000003    
   13.2829123      0.177399993    
   13.2995787      0.176799998    
   13.3162451      0.176200002    
   13.3329115      0.175600007    
   13.3495779      0.174999997    
   13.3662443      0.174300000    
   13.3829107      0.173700005    
   13.3995771      0.173099995    
   13.4162436      0.172399998    
   13.4329100      0.171700001    
   13.4495764      0.171000004    
   13.4662428      0.170399994    
   13.4829092      0.169599995    
   13.4995756      0.169000000    
   13.5162420      0.168300003    
   13.5329084      0.167500004    
   13.5495749      0.166800007    
   13.5662413      0.166099995    
   13.5829077      0.165299997    
   13.5995741      0.164600000    
   13.6162405      0.163800001    
   13.6329069      0.163000003    
   13.6495733      0.162300006    
   13.6662397      0.161500007    
   13.6829062      0.160699993    
   13.6995726      0.159899995    
   13.7162390      0.159199998    
   13.7329054      0.158399999    
   13.7495718      0.157499999    
   13.7662382      0.156700000    
   13.7829046      0.155900002    
   13.7995710      0.155100003    
   13.8162374      0.154300004    
   13.8329039      0.153400004    
   13.8495703      0.152600005    
   13.8662367      0.151700005    
   13.8829031      0.150800005    
   13.8995695      0.150000006    
   13.9162359      0.149100006    
   13.9329023      0.148300007    
   13.9495687      0.147400007    
   13.9662352      0.146500006    
   13.9829016      0.145600006    
   13.9995680      0.144600004    
   14.0162344      0.143800005    
   14.0329008      0.142900005    
   14.0495672      0.142000005    
   14.0662336      0.141100004    
   14.0829000      0.140200004    
   14.0995665      0.139300004    
   14.1162329      0.138300002    
   14.1328993      0.137400001    
   14.1495657      0.136500001    
   14.1662321      0.135600001    
   14.1828985      0.134599999    
   14.1995649      0.133699998    
   14.2162313      0.132699996    
   14.2328978      0.131799996    
   14.2495642      0.130799994    
   14.2662306      0.129899994    
   14.2828970      0.128900006    
   14.2995634      0.128000006    
   14.3162298      0.127000004    
   14.3328962      0.126000002    
   14.3495626      0.125100002    
   14.3662291      0.124100000    
   14.3828955      0.123099998    
   14.3995619      0.122100003    
   14.4162283      0.121100001    
   14.4328947      0.120200001    
   14.4495611      0.119199999    
   14.4662275      0.118199997    
   14.4828939      0.117299996    
   14.4995604      0.116300002    
   14.5162268      0.115300000    
   14.5328932      0.114299998    
   14.5495596      0.113300003    
   14.5662260      0.112300001    
   14.5828924      0.111299999    
   14.5995588      0.110399999    
   14.6162252      0.109399997    
   14.6328917      0.108400002    
   14.6495581      0.107400000    
   14.6662245      0.106399998    
   14.6828909      0.105400003    
   14.6995573      0.104400001    
   14.7162237      0.103500001    
   14.7328901      0.102499999    
   14.7495565      0.101499997    
   14.7662230      0.100500003    
   14.7828894       9.94900018E-02
   14.7995558       9.85300019E-02
   14.8162222       9.75299999E-02
   14.8328886       9.65700001E-02
   14.8495550       9.55900028E-02
   14.8662214       9.45999995E-02
   14.8828878       9.36100036E-02
   14.8995543       9.26399976E-02
   14.9162207       9.16799977E-02
   14.9328871       9.06900018E-02
   14.9495535       8.97400007E-02
   14.9662199       8.87600034E-02
   14.9828863       8.78000036E-02
   14.9995527       8.68399963E-02
   15.0162191       8.58799964E-02
   15.0328856       8.49199966E-02
   15.0495520       8.39599967E-02
   15.0662184       8.30100030E-02
   15.0828848       8.20600018E-02
   15.0995512       8.11100006E-02
   15.1162176       8.01699981E-02
   15.1328840       7.92300031E-02
   15.1495504       7.82800019E-02
   15.1662169       7.73499981E-02
   15.1828833       7.64200017E-02
   15.1995497       7.54899979E-02
   15.2162161       7.45600015E-02
   15.2328825       7.36399963E-02
   15.2495489       7.27199987E-02
   15.2662153       7.18099996E-02
   15.2828817       7.09000006E-02
   15.2995481       7.00000003E-02
   15.3162146       6.91000000E-02
   15.3328810       6.81999996E-02
   15.3495474       6.72999993E-02
   15.3662138       6.64099976E-02
   15.3828802       6.55300021E-02
   15.3995466       6.46499991E-02
   15.4162130       6.37800023E-02
   15.4328794       6.29099980E-02
   15.4495459       6.20400012E-02
   15.4662123       6.11799993E-02
   15.4828787       6.03299998E-02
   15.4995451       5.94800003E-02
   15.5162115       5.86300008E-02
   15.5328779       5.77900000E-02
   15.5495443       5.69600016E-02
   15.5662107       5.61299995E-02
   15.5828772       5.53000011E-02
   15.5995436       5.44900000E-02
   15.6162100       5.36700003E-02
   15.6328764       5.28599992E-02
   15.6495428       5.20600006E-02
   15.6662092       5.12700006E-02
   15.6828756       5.04800007E-02
   15.6995420       4.96999994E-02
   15.7162085       4.89200018E-02
   15.7328749       4.81400006E-02
   15.7495413       4.73800004E-02
   15.7662077       4.66200002E-02
   15.7828741       4.58699986E-02
   15.7995405       4.51200008E-02
   15.8162069       4.43800017E-02
   15.8328733       4.36399989E-02
   15.8495398       4.29099984E-02
   15.8662062       4.21900004E-02
   15.8828726       4.14800011E-02
   15.8995390       4.07700017E-02
   15.9162054       4.00599986E-02
   15.9328718       3.93700004E-02
   15.9495382       3.86799984E-02
   15.9662046       3.79999988E-02
   15.9828711       3.73199992E-02
   15.9995375       3.66499983E-02
   16.0162029       3.59899998E-02
   16.0328693       3.53300013E-02
   16.0495358       3.46800014E-02
   16.0662022       3.40400003E-02
   16.0828686       3.33999991E-02
   16.0995350       3.27799991E-02
   16.1162014       3.21500003E-02
   16.1328678       3.15399989E-02
   16.1495342       3.09299994E-02
   16.1662006       3.03300004E-02
   16.1828671       2.97400001E-02
   16.1995335       2.91499998E-02
   16.2161999       2.85700001E-02
   16.2328663       2.79900003E-02
   16.2495327       2.74299998E-02
   16.2661991       2.68699992E-02
   16.2828655       2.63199992E-02
   16.2995319       2.57699993E-02
   16.3161983       2.52299998E-02
   16.3328648       2.47000009E-02
   16.3495312       2.41800006E-02
   16.3661976       2.36600004E-02
   16.3828640       2.31500007E-02
   16.3995304       2.26399992E-02
   16.4161968       2.21400000E-02
   16.4328632       2.16499995E-02
   16.4495296       2.11699996E-02
   16.4661961       2.06899997E-02
   16.4828625       2.02200003E-02
   16.4995289       1.97599996E-02
   16.5161953       1.93099994E-02
   16.5328617       1.88599993E-02
   16.5495281       1.84099991E-02
   16.5661945       1.79800000E-02
   16.5828609       1.75500009E-02
   16.5995274       1.71300005E-02
   16.6161938       1.67100001E-02
   16.6328602       1.63000003E-02
   16.6495266       1.59000009E-02
   16.6661930       1.54999997E-02
   16.6828594       1.51100000E-02
   16.6995258       1.47299999E-02
   16.7161922       1.43499998E-02
   16.7328587       1.39800003E-02
   16.7495251       1.36200003E-02
   16.7661915       1.32600004E-02
   16.7828579       1.29100000E-02
   16.7995243       1.25599997E-02
   16.8161907       1.22199999E-02
   16.8328571       1.18899997E-02
   16.8495235       1.15599995E-02
   16.8661900       1.12399999E-02
   16.8828564       1.09200003E-02
   16.8995228       1.06100002E-02
   16.9161892       1.03099998E-02
   16.9328556       1.00100003E-02
   16.9495220       9.72000044E-03
   16.9661884       9.43399966E-03
   16.9828548       9.15300008E-03
   16.9995213       8.87800008E-03
   17.0161877       8.60800035E-03
   17.0328541       8.34299996E-03
   17.0495205       8.08400009E-03
   17.0661869       7.83099979E-03
   17.0828533       7.58199999E-03
   17.0995197       7.33899977E-03
   17.1161861       7.10000005E-03
   17.1328526       6.86699990E-03
   17.1495190       6.63900003E-03
   17.1661854       6.41599996E-03
   17.1828518       6.19800016E-03
   17.1995182       5.98399993E-03
   17.2161846       5.77499997E-03
   17.2328510       5.57099981E-03
   17.2495174       5.37199993E-03
   17.2661839       5.17700007E-03
   17.2828503       4.98700002E-03
   17.2995167       4.80000023E-03
   17.3161831       4.61900001E-03
   17.3328495       4.44199983E-03
   17.3495159       4.26900014E-03
   17.3661823       4.10000002E-03
   17.3828487       3.93499993E-03
   17.3995152       3.77400010E-03
   17.4161816       3.61800008E-03
   17.4328480       3.46500007E-03
   17.4495144       3.31600010E-03
   17.4661808       3.17099993E-03
   17.4828472       3.03000002E-03
   17.4995136       2.89199990E-03
   17.5161800       2.75800005E-03
   17.5328465       2.62799999E-03
   17.5495129       2.50099995E-03
   17.5661793       2.37799995E-03
   17.5828457       2.25799996E-03
   17.5995121       2.14200001E-03
   17.6161785       2.02900008E-03
   17.6328449       1.91999995E-03
   17.6495113       1.81299995E-03
   17.6661777       1.71099999E-03
   17.6828442       1.61100004E-03
   17.6995106       1.51400000E-03
   17.7161770       1.42099999E-03
   17.7328434       1.33000000E-03
   17.7495098       1.24300004E-03
   17.7661762       1.15899998E-03
   17.7828426       1.07799994E-03
   17.7995090       1.00100006E-03
   17.8161755       9.25900007E-04
   17.8328419       8.54299986E-04
   17.8495083       7.85899989E-04
   17.8661747       7.20600015E-04
   17.8828411       6.58500008E-04
   17.8995075       5.99900028E-04
   17.9161739       5.44900016E-04
   17.9328403       4.93699976E-04
   17.9495068       4.34599991E-04
   17.9661732       3.83800012E-04
   17.9828396       3.41800012E-04
   17.9995060       3.06800008E-04
   18.0161724       2.65500013E-04
   18.0328388       2.34799998E-04
   18.0495052       2.00900002E-04
   18.0661716       1.72999993E-04
   18.0828381       1.49800006E-04
   18.0995045       1.27599997E-04
   18.1161709       1.06200001E-04
   18.1328373       8.76999984E-05
   18.1495037       7.26200014E-05
   18.1661701       6.02600012E-05
   18.1828365       4.83799995E-05
   18.1995029       3.95600000E-05
   18.2161694       3.12299999E-05
   18.2328358       2.45600004E-05
   18.2495022       1.91500003E-05
   18.2661686       1.47500004E-05
   18.2828350       1.12099997E-05
   18.2995014       8.41899964E-06
   18.3161678       6.24899985E-06
   18.3328342       4.41300017E-06
   18.3495007       3.10599989E-06
   18.3661671       2.03300010E-06
   18.3828335       1.26800001E-06
   18.3994999       7.56299983E-07
   18.4161663       4.29300002E-07
   18.4328327       2.29999998E-07
   18.4494991       1.14800002E-07
   18.4661655       4.84199987E-08
   18.4828320       1.43800003E-08
   18.4994984       1.85000004E-09
   18.5161648       3.43699999E-11
   18.5328312       1.87499999E-13
   18.5494976       3.61600006E-16
   18.5661640       1.54999998E-19
   18.5828304       2.42899995E-26
   18.5994968       0.00000000    
   18.6161633       0.00000000    
   18.6328297       0.00000000    
   18.6494961       0.00000000    
   18.6661625       0.00000000    
   18.6828289       0.00000000    
   18.6994953       0.00000000    
   18.7161617       0.00000000    
   18.7328281       0.00000000    
   18.7494946       0.00000000    
   18.7661610       0.00000000    
   18.7828274       0.00000000    
   18.7994938       0.00000000    
   18.8161602       0.00000000    
   18.8328266       0.00000000    
   18.8494930       0.00000000    
   18.8661594       0.00000000    
   18.8828259       0.00000000    
   18.8994923       0.00000000    
   18.9161587       0.00000000    
   18.9328251       0.00000000    
   18.9494915       0.00000000    
   18.9661579       0.00000000    
   18.9828243       0.00000000    
   18.9994907       0.00000000    
   19.0161572       0.00000000    
   19.0328236       0.00000000    
   19.0494900       0.00000000    
   19.0661564       0.00000000    
   19.0828228       0.00000000    
   19.0994892       0.00000000    
   19.1161556       0.00000000    
   19.1328220       0.00000000    
   19.1494884       0.00000000    
   19.1661549       0.00000000    
   19.1828213       0.00000000    
   19.1994877       0.00000000    
   19.2161541       0.00000000    
   19.2328205       0.00000000    
   19.2494869       0.00000000    
   19.2661533       0.00000000    
   19.2828197       0.00000000    
   19.2994862       0.00000000    
   19.3161526       0.00000000    
   19.3328190       0.00000000    
   19.3494854       0.00000000    
   19.3661518       0.00000000    
   19.3828182       0.00000000    
   19.3994846       0.00000000    
   19.4161510       0.00000000    
   19.4328175       0.00000000    
   19.4494839       0.00000000    
   19.4661503       0.00000000    
   19.4828167       0.00000000    
   19.4994831       0.00000000    
   19.5161495       0.00000000    
   19.5328159       0.00000000    
   19.5494823       0.00000000    
   19.5661488       0.00000000    
   19.5828152       0.00000000    
   19.5994816       0.00000000    
   19.6161480       0.00000000    
   19.6328144       0.00000000    
   19.6494808       0.00000000    
   19.6661472       0.00000000    
   19.6828136       0.00000000    
   19.6994801       0.00000000    
   19.7161465       0.00000000    
   19.7328129       0.00000000    
   19.7494793       0.00000000    
   19.7661457       0.00000000    
   19.7828121       0.00000000    
   19.7994785       0.00000000    
   19.8161449       0.00000000    
   19.8328114       0.00000000    
   19.8494778       0.00000000    
   19.8661442       0.00000000    
   19.8828106       0.00000000    
   19.8994770       0.00000000    
   19.9161434       0.00000000    
   19.9328098       0.00000000    
   19.9494762       0.00000000    
   19.9661427       0.00000000    
   19.9828091       0.00000000    
   19.9994755       0.00000000    
   20.0161419       0.00000000    
   20.0328083       0.00000000    
   20.0494747       0.00000000    
   20.0661411       0.00000000    
   20.0828075       0.00000000    
   20.0994740       0.00000000    
   20.1161404       0.00000000    
   20.1328068       0.00000000    
   20.1494732       0.00000000    
   20.1661396       0.00000000    
   20.1828060       0.00000000    
   20.1994724       0.00000000    
   20.2161388       0.00000000    
   20.2328053       0.00000000    
   20.2494717       0.00000000    
   20.2661381       0.00000000    
   20.2828045       0.00000000    
   20.2994709       0.00000000    
   20.3161373       0.00000000    
   20.3328037       0.00000000    
   20.3494701       0.00000000    
   20.3661366       0.00000000    
   20.3828030       0.00000000    
   20.3994694       0.00000000    
   20.4161358       0.00000000    
   20.4328022       0.00000000    
   20.4494686       0.00000000    
   20.4661350       0.00000000    
   20.4828014       0.00000000    
   20.4994678       0.00000000    
   20.5161343       0.00000000    
   20.5328007       0.00000000    
   20.5494671       0.00000000    
   20.5661335       0.00000000    
   20.5827999       0.00000000    
   20.5994663       0.00000000    
   20.6161327       0.00000000    
   20.6327991       0.00000000    
   20.6494656       0.00000000    
   20.6661320       0.00000000    
   20.6827984       0.00000000    
   20.6994648       0.00000000    
   20.7161312       0.00000000    
   20.7327976       0.00000000    
   20.7494640       0.00000000    
   20.7661304       0.00000000    
   20.7827969       0.00000000    
   20.7994633       0.00000000    
   20.8161297       0.00000000    
   20.8327961       0.00000000    
   20.8494625       0.00000000    
   20.8661289       0.00000000    
   20.8827953       0.00000000    
   20.8994617       0.00000000    
   20.9161282       0.00000000    
   20.9327946       0.00000000    
   20.9494610       0.00000000    
   20.9661274       0.00000000    
   20.9827938       0.00000000    
   20.9994602       0.00000000    
   21.0161266       0.00000000    
   21.0327930       0.00000000    
   21.0494595       0.00000000    
   21.0661259       0.00000000    
   21.0827923       0.00000000    
   21.0994587       0.00000000    
   21.1161251       0.00000000    
   21.1327915       0.00000000    
   21.1494579       0.00000000    
   21.1661243       0.00000000    
   21.1827908       0.00000000    
   21.1994572       0.00000000    
   21.2161236       0.00000000    
   21.2327900       0.00000000    
   21.2494564       0.00000000    
   21.2661228       0.00000000    
   21.2827892       0.00000000    
   21.2994556       0.00000000    
   21.3161221       0.00000000    
   21.3327885       0.00000000    
   21.3494549       0.00000000    
   21.3661213       0.00000000    
   21.3827877       0.00000000    
   21.3994541       0.00000000    
   21.4161205       0.00000000    
   21.4327869       0.00000000    
   21.4494534       0.00000000    
   21.4661198       0.00000000    
   21.4827862       0.00000000    
   21.4994526       0.00000000    
   21.5161190       0.00000000    
   21.5327854       0.00000000    
   21.5494518       0.00000000    
   21.5661182       0.00000000    
   21.5827847       0.00000000    
   21.5994511       0.00000000    
   21.6161175       0.00000000    
   21.6327839       0.00000000    
   21.6494503       0.00000000    
   21.6661167       0.00000000    
   21.6827831       0.00000000    
   21.6994495       0.00000000    
   21.7161160       0.00000000    
   21.7327824       0.00000000    
   21.7494488       0.00000000    
   21.7661152       0.00000000    
   21.7827816       0.00000000    
   21.7994480       0.00000000    
   21.8161144       0.00000000    
   21.8327808       0.00000000    
   21.8494473       0.00000000    
   21.8661137       0.00000000    
   21.8827801       0.00000000    
   21.8994465       0.00000000    
   21.9161129       0.00000000    
   21.9327793       0.00000000    
   21.9494457       0.00000000    
   21.9661121       0.00000000    
   21.9827785       0.00000000    
   21.9994450       0.00000000    
   22.0161114       0.00000000    
   22.0327778       0.00000000    
   22.0494442       0.00000000    
   22.0661106       0.00000000    
   22.0827770       0.00000000    
   22.0994434       0.00000000    
   22.1161098       0.00000000    
   22.1327763       0.00000000    
   22.1494427       0.00000000    
   22.1661091       0.00000000    
   22.1827755       0.00000000    
   22.1994419       0.00000000    
   22.2161083       0.00000000    
   22.2327747       0.00000000    
   22.2494411       0.00000000    
   22.2661076       0.00000000    
   22.2827740       0.00000000    
   22.2994404       0.00000000    
   22.3161068       0.00000000    
   22.3327732       0.00000000    
   22.3494396       0.00000000    
   22.3661060       0.00000000    
   22.3827724       0.00000000    
   22.3994389       0.00000000    
   22.4161053       0.00000000    
   22.4327717       0.00000000    
   22.4494381       0.00000000    
   22.4661045       0.00000000    
   22.4827709       0.00000000    
   22.4994373       0.00000000    
   22.5161037       0.00000000    
   22.5327702       0.00000000    
   22.5494366       0.00000000    
   22.5661030       0.00000000    
   22.5827694       0.00000000    
   22.5994358       0.00000000    
   22.6161022       0.00000000    
   22.6327686       0.00000000    
   22.6494350       0.00000000    
   22.6661015       0.00000000    
   22.6827679       0.00000000    
   22.6994343       0.00000000    
   22.7161007       0.00000000    
   22.7327671       0.00000000    
   22.7494335       0.00000000    
   22.7660999       0.00000000    
   22.7827663       0.00000000    
   22.7994328       0.00000000    
   22.8160992       0.00000000    
   22.8327656       0.00000000    
   22.8494320       0.00000000    
   22.8660984       0.00000000    
   22.8827648       0.00000000    
   22.8994312       0.00000000    
   22.9160976       0.00000000    
   22.9327641       0.00000000    
   22.9494305       0.00000000    
   22.9660969       0.00000000    
   22.9827633       0.00000000    
   22.9994297       0.00000000    
   23.0160961       0.00000000    
   23.0327625       0.00000000    
   23.0494289       0.00000000    
   23.0660954       0.00000000    
   23.0827618       0.00000000    
   23.0994282       0.00000000    
   23.1160946       0.00000000    
   23.1327610       0.00000000    
   23.1494274       0.00000000    
   23.1660938       0.00000000    
   23.1827602       0.00000000    
   23.1994267       0.00000000    
   23.2160931       0.00000000    
   23.2327595       0.00000000    
   23.2494259       0.00000000    
   23.2660923       0.00000000    
   23.2827587       0.00000000    
   23.2994251       0.00000000    
   23.3160915       0.00000000    
   23.3327579       0.00000000    
   23.3494244       0.00000000    
   23.3660908       0.00000000    
   23.3827572       0.00000000    
   23.3994236       0.00000000    
   23.4160900       0.00000000    
   23.4327564       0.00000000    
   23.4494228       0.00000000    
   23.4660892       0.00000000    
   23.4827557       0.00000000    
   23.4994221       0.00000000    
   23.5160885       0.00000000    
   23.5327549       0.00000000    
   23.5494213       0.00000000    
   23.5660877       0.00000000    
   23.5827541       0.00000000    
   23.5994205       0.00000000    
   23.6160870       0.00000000    
   23.6327534       0.00000000    
   23.6494198       0.00000000    
   23.6660862       0.00000000    
   23.6827526       0.00000000    
   23.6994190       0.00000000    
   23.7160854       0.00000000    
   23.7327518       0.00000000    
   23.7494183       0.00000000    
   23.7660847       0.00000000    
   23.7827511       0.00000000    
   23.7994175       0.00000000    
   23.8160839       0.00000000    
   23.8327503       0.00000000    
   23.8494167       0.00000000    
   23.8660831       0.00000000    
   23.8827496       0.00000000    
   23.8994160       0.00000000    
   23.9160824       0.00000000    
   23.9327488       0.00000000    
   23.9494152       0.00000000    
   23.9660816       0.00000000    
   23.9827480       0.00000000    
