   0.00000000       0.00000000    
   1.66660007E-02   0.00000000    
   3.33320014E-02   0.00000000    
   4.99980003E-02   0.00000000    
   6.66640028E-02   0.00000000    
   8.33300054E-02   0.00000000    
   9.99960080E-02   0.00000000    
  0.116662011       0.00000000    
  0.133328006       0.00000000    
  0.149994001       0.00000000    
  0.166659996       0.00000000    
  0.183325991       0.00000000    
  0.199991986       0.00000000    
  0.216657981       0.00000000    
  0.233323976       0.00000000    
  0.249989972       0.00000000    
  0.266655982       0.00000000    
  0.283321977       0.00000000    
  0.299987972       0.00000000    
  0.316653967       0.00000000    
  0.333319962       0.00000000    
  0.349985957       0.00000000    
  0.366651952       0.00000000    
  0.383317947       0.00000000    
  0.399983943       0.00000000    
  0.416649938       0.00000000    
  0.433315933       0.00000000    
  0.449981928       0.00000000    
  0.466647923       0.00000000    
  0.483313918       0.00000000    
  0.499979913       0.00000000    
  0.516645908       0.00000000    
  0.533311903       0.00000000    
  0.549977899       0.00000000    
  0.566643894       0.00000000    
  0.583309889       0.00000000    
  0.599975884       0.00000000    
  0.616641879       0.00000000    
  0.633307874       0.00000000    
  0.649973869       0.00000000    
  0.666639864       0.00000000    
  0.683305860       0.00000000    
  0.699971855       0.00000000    
  0.716637850       0.00000000    
  0.733303845       0.00000000    
  0.749969840       0.00000000    
  0.766635835       0.00000000    
  0.783301830       0.00000000    
  0.799967825       0.00000000    
  0.816633821       0.00000000    
  0.833299816       0.00000000    
  0.849965811       0.00000000    
  0.866631806       0.00000000    
  0.883297801       0.00000000    
  0.899963796       0.00000000    
  0.916629791       0.00000000    
  0.933295786       0.00000000    
  0.949961782       0.00000000    
  0.966627777       0.00000000    
  0.983293772       0.00000000    
  0.999959767       0.00000000    
   1.01662576       0.00000000    
   1.03329182       0.00000000    
   1.04995787       0.00000000    
   1.06662393       0.00000000    
   1.08328998       0.00000000    
   1.09995604       0.00000000    
   1.11662209       0.00000000    
   1.13328815       0.00000000    
   1.14995420       0.00000000    
   1.16662025       0.00000000    
   1.18328631       0.00000000    
   1.19995236       0.00000000    
   1.21661842       0.00000000    
   1.23328447       0.00000000    
   1.24995053       0.00000000    
   1.26661658       0.00000000    
   1.28328264       0.00000000    
   1.29994869       0.00000000    
   1.31661475       0.00000000    
   1.33328080       0.00000000    
   1.34994686       0.00000000    
   1.36661291       0.00000000    
   1.38327897       0.00000000    
   1.39994502       0.00000000    
   1.41661108       0.00000000    
   1.43327713       0.00000000    
   1.44994318       0.00000000    
   1.46660924       0.00000000    
   1.48327529       0.00000000    
   1.49994135       0.00000000    
   1.51660740       0.00000000    
   1.53327346       0.00000000    
   1.54993951       0.00000000    
   1.56660557       0.00000000    
   1.58327162       0.00000000    
   1.59993768       0.00000000    
   1.61660373       0.00000000    
   1.63326979       0.00000000    
   1.64993584       0.00000000    
   1.66660190       0.00000000    
   1.68326795       0.00000000    
   1.69993401       0.00000000    
   1.71660006       0.00000000    
   1.73326612       0.00000000    
   1.74993217       0.00000000    
   1.76659822       0.00000000    
   1.78326428       0.00000000    
   1.79993033       0.00000000    
   1.81659639       0.00000000    
   1.83326244       0.00000000    
   1.84992850       0.00000000    
   1.86659455       0.00000000    
   1.88326061       0.00000000    
   1.89992666       0.00000000    
   1.91659272       0.00000000    
   1.93325877       0.00000000    
   1.94992483       0.00000000    
   1.96659088       0.00000000    
   1.98325694       0.00000000    
   1.99992299       0.00000000    
   2.01658893       0.00000000    
   2.03325486       0.00000000    
   2.04992080       0.00000000    
   2.06658673       0.00000000    
   2.08325267       0.00000000    
   2.09991860       0.00000000    
   2.11658454       0.00000000    
   2.13325047       0.00000000    
   2.14991641       0.00000000    
   2.16658235       0.00000000    
   2.18324828       0.00000000    
   2.19991422       0.00000000    
   2.21658015       0.00000000    
   2.23324609       0.00000000    
   2.24991202       0.00000000    
   2.26657796       0.00000000    
   2.28324389       0.00000000    
   2.29990983       0.00000000    
   2.31657577       0.00000000    
   2.33324170       0.00000000    
   2.34990764       0.00000000    
   2.36657357       0.00000000    
   2.38323951       0.00000000    
   2.39990544       0.00000000    
   2.41657138       0.00000000    
   2.43323731       0.00000000    
   2.44990325       0.00000000    
   2.46656919       0.00000000    
   2.48323512       0.00000000    
   2.49990106       0.00000000    
   2.51656699       0.00000000    
   2.53323293       0.00000000    
   2.54989886       0.00000000    
   2.56656480       0.00000000    
   2.58323073       0.00000000    
   2.59989667       0.00000000    
   2.61656260       0.00000000    
   2.63322854       0.00000000    
   2.64989448       0.00000000    
   2.66656041       0.00000000    
   2.68322635       0.00000000    
   2.69989228       0.00000000    
   2.71655822       0.00000000    
   2.73322415       0.00000000    
   2.74989009       0.00000000    
   2.76655602       0.00000000    
   2.78322196       0.00000000    
   2.79988790       0.00000000    
   2.81655383       0.00000000    
   2.83321977       0.00000000    
   2.84988570       0.00000000    
   2.86655164       0.00000000    
   2.88321757       0.00000000    
   2.89988351       0.00000000    
   2.91654944       0.00000000    
   2.93321538       0.00000000    
   2.94988132       0.00000000    
   2.96654725       0.00000000    
   2.98321319       0.00000000    
   2.99987912       0.00000000    
   3.01654506       0.00000000    
   3.03321099       0.00000000    
   3.04987693       0.00000000    
   3.06654286       0.00000000    
   3.08320880       0.00000000    
   3.09987473       0.00000000    
   3.11654067       0.00000000    
   3.13320661       0.00000000    
   3.14987254       0.00000000    
   3.16653848       0.00000000    
   3.18320441       0.00000000    
   3.19987035       0.00000000    
   3.21653628       0.00000000    
   3.23320222       0.00000000    
   3.24986815       0.00000000    
   3.26653409       0.00000000    
   3.28320003       0.00000000    
   3.29986596       0.00000000    
   3.31653190       0.00000000    
   3.33319783       0.00000000    
   3.34986377       0.00000000    
   3.36652970       0.00000000    
   3.38319564       0.00000000    
   3.39986157       0.00000000    
   3.41652751       0.00000000    
   3.43319345       0.00000000    
   3.44985938       0.00000000    
   3.46652532       0.00000000    
   3.48319125       0.00000000    
   3.49985719       0.00000000    
   3.51652312       0.00000000    
   3.53318906       0.00000000    
   3.54985499       0.00000000    
   3.56652093       0.00000000    
   3.58318686       0.00000000    
   3.59985280       0.00000000    
   3.61651874       0.00000000    
   3.63318467       0.00000000    
   3.64985061       0.00000000    
   3.66651654       0.00000000    
   3.68318248       0.00000000    
   3.69984841       0.00000000    
   3.71651435       0.00000000    
   3.73318028       0.00000000    
   3.74984622       0.00000000    
   3.76651216       0.00000000    
   3.78317809       0.00000000    
   3.79984403       0.00000000    
   3.81650996       0.00000000    
   3.83317590       0.00000000    
   3.84984183       0.00000000    
   3.86650777       0.00000000    
   3.88317370       0.00000000    
   3.89983964       0.00000000    
   3.91650558       0.00000000    
   3.93317151       0.00000000    
   3.94983745       0.00000000    
   3.96650338       0.00000000    
   3.98316932       0.00000000    
   3.99983525       0.00000000    
   4.01650143       0.00000000    
   4.03316736       0.00000000    
   4.04983330       0.00000000    
   4.06649923       0.00000000    
   4.08316517       0.00000000    
   4.09983110       0.00000000    
   4.11649704       0.00000000    
   4.13316298       0.00000000    
   4.14982891       0.00000000    
   4.16649485       0.00000000    
   4.18316078       0.00000000    
   4.19982672       0.00000000    
   4.21649265       0.00000000    
   4.23315859       0.00000000    
   4.24982452       0.00000000    
   4.26649046       0.00000000    
   4.28315639       0.00000000    
   4.29982233       0.00000000    
   4.31648827       0.00000000    
   4.33315420       0.00000000    
   4.34982014       0.00000000    
   4.36648607       0.00000000    
   4.38315201       0.00000000    
   4.39981794       0.00000000    
   4.41648388       0.00000000    
   4.43314981       0.00000000    
   4.44981575       0.00000000    
   4.46648169       0.00000000    
   4.48314762       0.00000000    
   4.49981356       0.00000000    
   4.51647949       0.00000000    
   4.53314543       0.00000000    
   4.54981136       0.00000000    
   4.56647730       0.00000000    
   4.58314323       0.00000000    
   4.59980917       0.00000000    
   4.61647511       0.00000000    
   4.63314104       0.00000000    
   4.64980698       0.00000000    
   4.66647291       0.00000000    
   4.68313885       0.00000000    
   4.69980478       0.00000000    
   4.71647072       0.00000000    
   4.73313665       0.00000000    
   4.74980259       0.00000000    
   4.76646852       0.00000000    
   4.78313446       0.00000000    
   4.79980040       0.00000000    
   4.81646633       0.00000000    
   4.83313227       0.00000000    
   4.84979820       0.00000000    
   4.86646414       0.00000000    
   4.88313007       0.00000000    
   4.89979601       0.00000000    
   4.91646194       0.00000000    
   4.93312788       0.00000000    
   4.94979382       0.00000000    
   4.96645975       0.00000000    
   4.98312569       0.00000000    
   4.99979162       0.00000000    
   5.01645756       0.00000000    
   5.03312349       0.00000000    
   5.04978943       0.00000000    
   5.06645536       0.00000000    
   5.08312130       0.00000000    
   5.09978724       0.00000000    
   5.11645317       0.00000000    
   5.13311911       0.00000000    
   5.14978504       0.00000000    
   5.16645098       0.00000000    
   5.18311691       0.00000000    
   5.19978285       0.00000000    
   5.21644878       0.00000000    
   5.23311472       0.00000000    
   5.24978065       0.00000000    
   5.26644659       0.00000000    
   5.28311253       0.00000000    
   5.29977846       0.00000000    
   5.31644440       0.00000000    
   5.33311033       0.00000000    
   5.34977627       0.00000000    
   5.36644220       0.00000000    
   5.38310814       0.00000000    
   5.39977407       0.00000000    
   5.41644001       0.00000000    
   5.43310595       0.00000000    
   5.44977188       0.00000000    
   5.46643782       0.00000000    
   5.48310375       0.00000000    
   5.49976969       0.00000000    
   5.51643562       0.00000000    
   5.53310156       0.00000000    
   5.54976749       0.00000000    
   5.56643343       0.00000000    
   5.58309937       0.00000000    
   5.59976530       0.00000000    
   5.61643124       0.00000000    
   5.63309717       0.00000000    
   5.64976311       0.00000000    
   5.66642904       0.00000000    
   5.68309498       0.00000000    
   5.69976091       0.00000000    
   5.71642685       0.00000000    
   5.73309278       0.00000000    
   5.74975872       0.00000000    
   5.76642466       0.00000000    
   5.78309059       0.00000000    
   5.79975653       0.00000000    
   5.81642246       0.00000000    
   5.83308840       0.00000000    
   5.84975433       0.00000000    
   5.86642027       0.00000000    
   5.88308620       0.00000000    
   5.89975214       0.00000000    
   5.91641808       0.00000000    
   5.93308401       0.00000000    
   5.94974995       0.00000000    
   5.96641588       0.00000000    
   5.98308182       0.00000000    
   5.99974775       0.00000000    
   6.01641369       0.00000000    
   6.03307962       0.00000000    
   6.04974556       0.00000000    
   6.06641150       0.00000000    
   6.08307743       0.00000000    
   6.09974337       0.00000000    
   6.11640930       0.00000000    
   6.13307524       0.00000000    
   6.14974117       1.94200003E-11
   6.16640711       6.65600020E-09
   6.18307304       4.24999996E-07
   6.19973898       6.13400016E-06
   6.21640491       3.01300006E-05
   6.23307085       9.17299985E-05
   6.24973679       1.94900000E-04
   6.26640272       3.57999990E-04
   6.28306866       6.06200018E-04
   6.29973459       9.52899980E-04
   6.31640053       1.44799997E-03
   6.33306646       2.14100000E-03
   6.34973240       3.03800008E-03
   6.36639833       4.28099977E-03
   6.38306427       5.98199992E-03
   6.39973021       8.03000014E-03
   6.41639614       1.07800001E-02
   6.43306208       1.43999998E-02
   6.44972801       1.88200008E-02
   6.46639395       2.44600009E-02
   6.48305988       3.16100009E-02
   6.49972582       4.06900011E-02
   6.51639175       5.11600003E-02
   6.53305769       6.43600002E-02
   6.54972363       8.15099999E-02
   6.56638956       9.93999988E-02
   6.58305550      0.121600002    
   6.59972143      0.150099993    
   6.61638737      0.179499999    
   6.63305330      0.213799998    
   6.64971924      0.253399998    
   6.66638517      0.295599997    
   6.68305111      0.339300007    
   6.69971704      0.394400001    
   6.71638298      0.447899997    
   6.73304892      0.513499975    
   6.74971485      0.572000027    
   6.76638079      0.641099989    
   6.78304672      0.722700000    
   6.79971266      0.813799977    
   6.81637859      0.894400001    
   6.83304453      0.980199993    
   6.84971046       1.07000005    
   6.86637640       1.16400003    
   6.88304234       1.26300001    
   6.89970827       1.36399996    
   6.91637421       1.46899998    
   6.93304014       1.57700002    
   6.94970608       1.68900001    
   6.96637201       1.80299997    
   6.98303795       1.91999996    
   6.99970388       2.03999996    
   7.01636982       2.16300011    
   7.03303576       2.28900003    
   7.04970169       2.41799998    
   7.06636763       2.54999995    
   7.08303356       2.68400002    
   7.09969950       2.82100010    
   7.11636543       2.96099997    
   7.13303137       3.10400009    
   7.14969730       3.24900007    
   7.16636324       3.39700007    
   7.18302917       3.54800010    
   7.19969511       3.70099998    
   7.21636105       3.85700011    
   7.23302698       4.01599979    
   7.24969292       4.17700005    
   7.26635885       4.34100008    
   7.28302479       4.50699997    
   7.29969072       4.67600012    
   7.31635666       4.84700012    
   7.33302259       5.02099991    
   7.34968853       5.19700003    
   7.36635447       5.37500000    
   7.38302040       5.55600023    
   7.39968634       5.73899984    
   7.41635227       5.92399979    
   7.43301821       6.11199999    
   7.44968414       6.30100012    
   7.46635008       6.49200010    
   7.48301601       6.68599987    
   7.49968195       6.88199997    
   7.51634789       7.07900000    
   7.53301382       7.27799988    
   7.54967976       7.47900009    
   7.56634569       7.68200016    
   7.58301163       7.88600016    
   7.59967756       8.09300041    
   7.61634350       8.30099964    
   7.63300943       8.51000023    
   7.64967537       8.72000027    
   7.66634130       8.93299961    
   7.68300724       9.14700031    
   7.69967318       9.36200047    
   7.71633911       9.57900047    
   7.73300505       9.79699993    
   7.74967098       10.0200005    
   7.76633692       10.2399998    
   7.78300285       10.4600000    
   7.79966879       10.6800003    
   7.81633472       10.8999996    
   7.83300066       11.1300001    
   7.84966660       11.3500004    
   7.86633253       11.5799999    
   7.88299847       11.8100004    
   7.89966440       12.0400000    
   7.91633034       12.2700005    
   7.93299627       12.5000000    
   7.94966221       12.7299995    
   7.96632814       12.9600000    
   7.98299408       13.1899996    
   7.99966002       13.4300003    
   8.01632595       13.6599998    
   8.03299236       13.8900003    
   8.04965878       14.1300001    
   8.06632519       14.3599997    
   8.08299160       14.6000004    
   8.09965801       14.8400002    
   8.11632442       15.0699997    
   8.13299084       15.3100004    
   8.14965725       15.5500002    
   8.16632366       15.7900000    
   8.18299007       16.0300007    
   8.19965649       16.2700005    
   8.21632290       16.5100002    
   8.23298931       16.7500000    
   8.24965572       16.9899998    
   8.26632214       17.2299995    
   8.28298855       17.4699993    
   8.29965496       17.7099991    
   8.31632137       17.9500008    
   8.33298779       18.1900005    
   8.34965420       18.4300003    
   8.36632061       18.6700001    
   8.38298702       18.9099998    
   8.39965343       19.1499996    
   8.41631985       19.3899994    
   8.43298626       19.6399994    
   8.44965267       19.8799992    
   8.46631908       20.1200008    
   8.48298550       20.3600006    
   8.49965191       20.6000004    
   8.51631832       20.8400002    
   8.53298473       21.0799999    
   8.54965115       21.3199997    
   8.56631756       21.5599995    
   8.58298397       21.7999992    
   8.59965038       22.0400009    
   8.61631680       22.2900009    
   8.63298321       22.5300007    
   8.64964962       22.7700005    
   8.66631603       23.0100002    
   8.68298244       23.2399998    
   8.69964886       23.4799995    
   8.71631527       23.7199993    
   8.73298168       23.9599991    
   8.74964809       24.2000008    
   8.76631451       24.4400005    
   8.78298092       24.6700001    
   8.79964733       24.9099998    
   8.81631374       25.1499996    
   8.83298016       25.3799992    
   8.84964657       25.6200008    
   8.86631298       25.8600006    
   8.88297939       26.0900002    
   8.89964581       26.3299999    
   8.91631222       26.5599995    
   8.93297863       26.7900009    
   8.94964504       27.0300007    
   8.96631145       27.2600002    
   8.98297787       27.4899998    
   8.99964428       27.7199993    
   9.01631069       27.9500008    
   9.03297710       28.1900005    
   9.04964352       28.4099998    
   9.06630993       28.6399994    
   9.08297634       28.8700008    
   9.09964275       29.1000004    
   9.11630917       29.3299999    
   9.13297558       29.5599995    
   9.14964199       29.7800007    
   9.16630840       30.0100002    
   9.18297482       30.2399998    
   9.19964123       30.4599991    
   9.21630764       30.6800003    
   9.23297405       30.9099998    
   9.24964046       31.1299992    
   9.26630688       31.3500004    
   9.28297329       31.5699997    
   9.29963970       31.7900009    
   9.31630611       32.0099983    
   9.33297253       32.2299995    
   9.34963894       32.4500008    
   9.36630535       32.6699982    
   9.38297176       32.8899994    
   9.39963818       33.0999985    
   9.41630459       33.3199997    
   9.43297100       33.5299988    
   9.44963741       33.7500000    
   9.46630383       33.9599991    
   9.48297024       34.1699982    
   9.49963665       34.3800011    
   9.51630306       34.5900002    
   9.53296947       34.7999992    
   9.54963589       35.0099983    
   9.56630230       35.2200012    
   9.58296871       35.4300003    
   9.59963512       35.6300011    
   9.61630154       35.8400002    
   9.63296795       36.0400009    
   9.64963436       36.2500000    
   9.66630077       36.4500008    
   9.68296719       36.6500015    
   9.69963360       36.8499985    
   9.71630001       37.0499992    
   9.73296642       37.2500000    
   9.74963284       37.4500008    
   9.76629925       37.6500015    
   9.78296566       37.8400002    
   9.79963207       38.0400009    
   9.81629848       38.2299995    
   9.83296490       38.4300003    
   9.84963131       38.6199989    
   9.86629772       38.8100014    
   9.88296413       39.0000000    
   9.89963055       39.1899986    
   9.91629696       39.3800011    
   9.93296337       39.5699997    
   9.94962978       39.7500000    
   9.96629620       39.9399986    
   9.98296261       40.1199989    
   9.99962902       40.3100014    
   10.0162954       40.4900017    
   10.0329618       40.6699982    
   10.0496283       40.8499985    
   10.0662947       41.0299988    
   10.0829611       41.2099991    
   10.0996275       41.3899994    
   10.1162939       41.5600014    
   10.1329603       41.7400017    
   10.1496267       41.9099998    
   10.1662931       42.0800018    
   10.1829596       42.2500000    
   10.1996260       42.4300003    
   10.2162924       42.5999985    
   10.2329588       42.7599983    
   10.2496252       42.9300003    
   10.2662916       43.0999985    
   10.2829580       43.2599983    
   10.2996244       43.4300003    
   10.3162909       43.5900002    
   10.3329573       43.7500000    
   10.3496237       43.9099998    
   10.3662901       44.0699997    
   10.3829565       44.2299995    
   10.3996229       44.3899994    
   10.4162893       44.5400009    
   10.4329557       44.7000008    
   10.4496222       44.8499985    
   10.4662886       45.0000000    
   10.4829550       45.1500015    
   10.4996214       45.2999992    
   10.5162878       45.4500008    
   10.5329542       45.5999985    
   10.5496206       45.7500000    
   10.5662870       45.8899994    
   10.5829535       46.0400009    
   10.5996199       46.1800003    
   10.6162863       46.3199997    
   10.6329527       46.4599991    
   10.6496191       46.5999985    
   10.6662855       46.7400017    
   10.6829519       46.8699989    
   10.6996183       47.0099983    
   10.7162848       47.1399994    
   10.7329512       47.2799988    
   10.7496176       47.4099998    
   10.7662840       47.5400009    
   10.7829504       47.6699982    
   10.7996168       47.7999992    
   10.8162832       47.9199982    
   10.8329496       48.0499992    
   10.8496161       48.1699982    
   10.8662825       48.2999992    
   10.8829489       48.4199982    
   10.8996153       48.5400009    
   10.9162817       48.6599998    
   10.9329481       48.7700005    
   10.9496145       48.8899994    
   10.9662809       49.0099983    
   10.9829473       49.1199989    
   10.9996138       49.2299995    
   11.0162802       49.3400002    
   11.0329466       49.4500008    
   11.0496130       49.5600014    
   11.0662794       49.6699982    
   11.0829458       49.7799988    
   11.0996122       49.8800011    
   11.1162786       49.9799995    
   11.1329451       50.0900002    
   11.1496115       50.1899986    
   11.1662779       50.2900009    
   11.1829443       50.3800011    
   11.1996107       50.4799995    
   11.2162771       50.5800018    
   11.2329435       50.6699982    
   11.2496099       50.7599983    
   11.2662764       50.8499985    
   11.2829428       50.9399986    
   11.2996092       51.0299988    
   11.3162756       51.1199989    
   11.3329420       51.2099991    
   11.3496084       51.2900009    
   11.3662748       51.3699989    
   11.3829412       51.4599991    
   11.3996077       51.5400009    
   11.4162741       51.6199989    
   11.4329405       51.6899986    
   11.4496069       51.7700005    
   11.4662733       51.8499985    
   11.4829397       51.9199982    
   11.4996061       51.9900017    
   11.5162725       52.0600014    
   11.5329390       52.1300011    
   11.5496054       52.2000008    
   11.5662718       52.2700005    
   11.5829382       52.3300018    
   11.5996046       52.4000015    
   11.6162710       52.4599991    
   11.6329374       52.5200005    
   11.6496038       52.5800018    
   11.6662703       52.6399994    
   11.6829367       52.7000008    
   11.6996031       52.7500000    
   11.7162695       52.8100014    
   11.7329359       52.8600006    
   11.7496023       52.9099998    
   11.7662687       52.9599991    
   11.7829351       53.0099983    
   11.7996016       53.0600014    
   11.8162680       53.0999985    
   11.8329344       53.1500015    
   11.8496008       53.1899986    
   11.8662672       53.2299995    
   11.8829336       53.2700005    
   11.8996000       53.3100014    
   11.9162664       53.3499985    
   11.9329329       53.3800011    
   11.9495993       53.4199982    
   11.9662657       53.4500008    
   11.9829321       53.4799995    
   11.9995985       53.5099983    
   12.0162649       53.5400009    
   12.0329313       53.5699997    
   12.0495977       53.5999985    
   12.0662642       53.6199989    
   12.0829306       53.6500015    
   12.0995970       53.6699982    
   12.1162634       53.6899986    
   12.1329298       53.7099991    
   12.1495962       53.7200012    
   12.1662626       53.7400017    
   12.1829290       53.7599983    
   12.1995955       53.7700005    
   12.2162619       53.7799988    
   12.2329283       53.7900009    
   12.2495947       53.7999992    
   12.2662611       53.8100014    
   12.2829275       53.8100014    
   12.2995939       53.8199997    
   12.3162603       53.8199997    
   12.3329268       53.8199997    
   12.3495932       53.8199997    
   12.3662596       53.8199997    
   12.3829260       53.8199997    
   12.3995924       53.8199997    
   12.4162588       53.8100014    
   12.4329252       53.7999992    
   12.4495916       53.7999992    
   12.4662580       53.7900009    
   12.4829245       53.7799988    
   12.4995909       53.7700005    
   12.5162573       53.7500000    
   12.5329237       53.7400017    
   12.5495901       53.7200012    
   12.5662565       53.7000008    
   12.5829229       53.6800003    
   12.5995893       53.6599998    
   12.6162558       53.6399994    
   12.6329222       53.6199989    
   12.6495886       53.5900002    
   12.6662550       53.5600014    
   12.6829214       53.5400009    
   12.6995878       53.5099983    
   12.7162542       53.4700012    
   12.7329206       53.4399986    
   12.7495871       53.4099998    
   12.7662535       53.3800011    
   12.7829199       53.3400002    
   12.7995863       53.2999992    
   12.8162527       53.2599983    
   12.8329191       53.2200012    
   12.8495855       53.1800003    
   12.8662519       53.1399994    
   12.8829184       53.0900002    
   12.8995848       53.0400009    
   12.9162512       53.0000000    
   12.9329176       52.9500008    
   12.9495840       52.9000015    
   12.9662504       52.8499985    
   12.9829168       52.7900009    
   12.9995832       52.7400017    
   13.0162497       52.6800003    
   13.0329161       52.6199989    
   13.0495825       52.5699997    
   13.0662489       52.5099983    
   13.0829153       52.4399986    
   13.0995817       52.3800011    
   13.1162481       52.3199997    
   13.1329145       52.2500000    
   13.1495810       52.1800003    
   13.1662474       52.1199989    
   13.1829138       52.0400009    
   13.1995802       51.9700012    
   13.2162466       51.9000015    
   13.2329130       51.8300018    
   13.2495794       51.7500000    
   13.2662458       51.6699982    
   13.2829123       51.5999985    
   13.2995787       51.5200005    
   13.3162451       51.4399986    
   13.3329115       51.3499985    
   13.3495779       51.2700005    
   13.3662443       51.1899986    
   13.3829107       51.0999985    
   13.3995771       51.0099983    
   13.4162436       50.9199982    
   13.4329100       50.8300018    
   13.4495764       50.7400017    
   13.4662428       50.6500015    
   13.4829092       50.5499992    
   13.4995756       50.4599991    
   13.5162420       50.3600006    
   13.5329084       50.2599983    
   13.5495749       50.1599998    
   13.5662413       50.0600014    
   13.5829077       49.9599991    
   13.5995741       49.8499985    
   13.6162405       49.7500000    
   13.6329069       49.6399994    
   13.6495733       49.5400009    
   13.6662397       49.4300003    
   13.6829062       49.3199997    
   13.6995726       49.2000008    
   13.7162390       49.0900002    
   13.7329054       48.9799995    
   13.7495718       48.8600006    
   13.7662382       48.7400017    
   13.7829046       48.6300011    
   13.7995710       48.5099983    
   13.8162374       48.3899994    
   13.8329039       48.2599983    
   13.8495703       48.1399994    
   13.8662367       48.0200005    
   13.8829031       47.8899994    
   13.8995695       47.7700005    
   13.9162359       47.6399994    
   13.9329023       47.5099983    
   13.9495687       47.3800011    
   13.9662352       47.2400017    
   13.9829016       47.1100006    
   13.9995680       46.9799995    
   14.0162344       46.8400002    
   14.0329008       46.7000008    
   14.0495672       46.5699997    
   14.0662336       46.4300003    
   14.0829000       46.2900009    
   14.0995665       46.1399994    
   14.1162329       46.0000000    
   14.1328993       45.8600006    
   14.1495657       45.7099991    
   14.1662321       45.5600014    
   14.1828985       45.4199982    
   14.1995649       45.2700005    
   14.2162313       45.1199989    
   14.2328978       44.9700012    
   14.2495642       44.8100014    
   14.2662306       44.6599998    
   14.2828970       44.5000000    
   14.2995634       44.3499985    
   14.3162298       44.1899986    
   14.3328962       44.0299988    
   14.3495626       43.8699989    
   14.3662291       43.7099991    
   14.3828955       43.5499992    
   14.3995619       43.3899994    
   14.4162283       43.2200012    
   14.4328947       43.0600014    
   14.4495611       42.8899994    
   14.4662275       42.7200012    
   14.4828939       42.5499992    
   14.4995604       42.3800011    
   14.5162268       42.2099991    
   14.5328932       42.0400009    
   14.5495596       41.8699989    
   14.5662260       41.6899986    
   14.5828924       41.5200005    
   14.5995588       41.3400002    
   14.6162252       41.1599998    
   14.6328917       40.9900017    
   14.6495581       40.8100014    
   14.6662245       40.6300011    
   14.6828909       40.4399986    
   14.6995573       40.2599983    
   14.7162237       40.0800018    
   14.7328901       39.8899994    
   14.7495565       39.7099991    
   14.7662230       39.5200005    
   14.7828894       39.3300018    
   14.7995558       39.1399994    
   14.8162222       38.9599991    
   14.8328886       38.7599983    
   14.8495550       38.5699997    
   14.8662214       38.3800011    
   14.8828878       38.1899986    
   14.8995543       37.9900017    
   14.9162207       37.7999992    
   14.9328871       37.5999985    
   14.9495535       37.4000015    
   14.9662199       37.2000008    
   14.9828863       37.0000000    
   14.9995527       36.7999992    
   15.0162191       36.5999985    
   15.0328856       36.4000015    
   15.0495520       36.2000008    
   15.0662184       35.9900017    
   15.0828848       35.7900009    
   15.0995512       35.5800018    
   15.1162176       35.3800011    
   15.1328840       35.1699982    
   15.1495504       34.9599991    
   15.1662169       34.7500000    
   15.1828833       34.5400009    
   15.1995497       34.3300018    
   15.2162161       34.1199989    
   15.2328825       33.9099998    
   15.2495489       33.6899986    
   15.2662153       33.4799995    
   15.2828817       33.2700005    
   15.2995481       33.0499992    
   15.3162146       32.8300018    
   15.3328810       32.6199989    
   15.3495474       32.4000015    
   15.3662138       32.1800003    
   15.3828802       31.9599991    
   15.3995466       31.7399998    
   15.4162130       31.5200005    
   15.4328794       31.2999992    
   15.4495459       31.0799999    
   15.4662123       30.8500004    
   15.4828787       30.6299992    
   15.4995451       30.4099998    
   15.5162115       30.1800003    
   15.5328779       29.9599991    
   15.5495443       29.7299995    
   15.5662107       29.5000000    
   15.5828772       29.2800007    
   15.5995436       29.0499992    
   15.6162100       28.8199997    
   15.6328764       28.5900002    
   15.6495428       28.3600006    
   15.6662092       28.1299992    
   15.6828756       27.8999996    
   15.6995420       27.6700001    
   15.7162085       27.4400005    
   15.7328749       27.2000008    
   15.7495413       26.9699993    
   15.7662077       26.7399998    
   15.7828741       26.5000000    
   15.7995405       26.2700005    
   15.8162069       26.0300007    
   15.8328733       25.7999992    
   15.8495398       25.5599995    
   15.8662062       25.3299999    
   15.8828726       25.0900002    
   15.8995390       24.8500004    
   15.9162054       24.6200008    
   15.9328718       24.3799992    
   15.9495382       24.1399994    
   15.9662046       23.8999996    
   15.9828711       23.6599998    
   15.9995375       23.4300003    
   16.0162029       23.1900005    
   16.0328693       22.9500008    
   16.0495358       22.7099991    
   16.0662022       22.4699993    
   16.0828686       22.2299995    
   16.0995350       21.9899998    
   16.1162014       21.7500000    
   16.1328678       21.5100002    
   16.1495342       21.2700005    
   16.1662006       21.0200005    
   16.1828671       20.7800007    
   16.1995335       20.5400009    
   16.2161999       20.2999992    
   16.2328663       20.0599995    
   16.2495327       19.8199997    
   16.2661991       19.5799999    
   16.2828655       19.3400002    
   16.2995319       19.0900002    
   16.3161983       18.8500004    
   16.3328648       18.6100006    
   16.3495312       18.3700008    
   16.3661976       18.1299992    
   16.3828640       17.8899994    
   16.3995304       17.6499996    
   16.4161968       17.4099998    
   16.4328632       17.1700001    
   16.4495296       16.9300003    
   16.4661961       16.6900005    
   16.4828625       16.4500008    
   16.4995289       16.2099991    
   16.5161953       15.9700003    
   16.5328617       15.7299995    
   16.5495281       15.4899998    
   16.5661945       15.2500000    
   16.5828609       15.0200005    
   16.5995274       14.7799997    
   16.6161938       14.5400000    
   16.6328602       14.3100004    
   16.6495266       14.0699997    
   16.6661930       13.8400002    
   16.6828594       13.6000004    
   16.6995258       13.3699999    
   16.7161922       13.1400003    
   16.7328587       12.8999996    
   16.7495251       12.6700001    
   16.7661915       12.4399996    
   16.7828579       12.2100000    
   16.7995243       11.9799995    
   16.8161907       11.7500000    
   16.8328571       11.5299997    
   16.8495235       11.3000002    
   16.8661900       11.0699997    
   16.8828564       10.8500004    
   16.8995228       10.6300001    
   16.9161892       10.3999996    
   16.9328556       10.1800003    
   16.9495220       9.96300030    
   16.9661884       9.74499989    
   16.9828548       9.52700043    
   16.9995213       9.31099987    
   17.0161877       9.09599972    
   17.0328541       8.88300037    
   17.0495205       8.67099953    
   17.0661869       8.46000004    
   17.0828533       8.25100040    
   17.0995197       8.04399967    
   17.1161861       7.83799982    
   17.1328526       7.63399982    
   17.1495190       7.43200016    
   17.1661854       7.23099995    
   17.1828518       7.03200006    
   17.1995182       6.83599997    
   17.2161846       6.63999987    
   17.2328510       6.44700003    
   17.2495174       6.25600004    
   17.2661839       6.06799984    
   17.2828503       5.88100004    
   17.2995167       5.69600010    
   17.3161831       5.51399994    
   17.3328495       5.33400011    
   17.3495159       5.15600014    
   17.3661823       4.98000002    
   17.3828487       4.80700016    
   17.3995152       4.63600016    
   17.4161816       4.46799994    
   17.4328480       4.30200005    
   17.4495144       4.13899994    
   17.4661808       3.97900009    
   17.4828472       3.82100010    
   17.4995136       3.66499996    
   17.5161800       3.51200008    
   17.5328465       3.36199999    
   17.5495129       3.21499991    
   17.5661793       3.06999993    
   17.5828457       2.92799997    
   17.5995121       2.78900003    
   17.6161785       2.65300012    
   17.6328449       2.51900005    
   17.6495113       2.38800001    
   17.6661777       2.25999999    
   17.6828442       2.13499999    
   17.6995106       2.01200008    
   17.7161770       1.89300001    
   17.7328434       1.77600002    
   17.7495098       1.66299999    
   17.7661762       1.55200005    
   17.7828426       1.44500005    
   17.7995090       1.34000003    
   17.8161755       1.24000001    
   17.8328419       1.14300001    
   17.8495083       1.04900002    
   17.8661747      0.959999979    
   17.8828411      0.875400007    
   17.8995075      0.795000017    
   17.9161739      0.702600002    
   17.9328403      0.624100029    
   17.9495068      0.557699978    
   17.9661732      0.501399994    
   17.9828396      0.433600008    
   17.9995060      0.384400010    
   18.0161724      0.328700006    
   18.0328388      0.282099992    
   18.0495052      0.241999999    
   18.0661716      0.205899999    
   18.0828381      0.171200007    
   18.0995045      0.141200006    
   18.1161709      0.116300002    
   18.1328373       9.56899971E-02
   18.1495037       7.62899965E-02
   18.1661701       6.17600009E-02
   18.1828365       4.84800003E-02
   18.1995029       3.80299985E-02
   18.2161694       2.97100004E-02
   18.2328358       2.30100006E-02
   18.2495022       1.76100004E-02
   18.2661686       1.33800004E-02
   18.2828350       1.01199998E-02
   18.2995014       7.57199991E-03
   18.3161678       5.50499978E-03
   18.3328342       3.97500023E-03
   18.3495007       2.82899989E-03
   18.3661671       1.94600003E-03
   18.3828335       1.30899996E-03
   18.3994999       8.55099992E-04
   18.4161663       5.37700020E-04
   18.4328327       3.19799990E-04
   18.4494991       1.66700003E-04
   18.4661655       7.33900015E-05
   18.4828320       2.21699993E-05
   18.4994984       3.68900010E-06
   18.5161648       1.88200005E-07
   18.5328312       2.13400009E-09
   18.5494976       3.90000011E-12
   18.5661640       0.00000000    
   18.5828304       0.00000000    
   18.5994968       0.00000000    
   18.6161633       0.00000000    
   18.6328297       0.00000000    
   18.6494961       0.00000000    
   18.6661625       0.00000000    
   18.6828289       0.00000000    
   18.6994953       0.00000000    
   18.7161617       0.00000000    
   18.7328281       0.00000000    
   18.7494946       0.00000000    
   18.7661610       0.00000000    
   18.7828274       0.00000000    
   18.7994938       0.00000000    
   18.8161602       0.00000000    
   18.8328266       0.00000000    
   18.8494930       0.00000000    
   18.8661594       0.00000000    
   18.8828259       0.00000000    
   18.8994923       0.00000000    
   18.9161587       0.00000000    
   18.9328251       0.00000000    
   18.9494915       0.00000000    
   18.9661579       0.00000000    
   18.9828243       0.00000000    
   18.9994907       0.00000000    
   19.0161572       0.00000000    
   19.0328236       0.00000000    
   19.0494900       0.00000000    
   19.0661564       0.00000000    
   19.0828228       0.00000000    
   19.0994892       0.00000000    
   19.1161556       0.00000000    
   19.1328220       0.00000000    
   19.1494884       0.00000000    
   19.1661549       0.00000000    
   19.1828213       0.00000000    
   19.1994877       0.00000000    
   19.2161541       0.00000000    
   19.2328205       0.00000000    
   19.2494869       0.00000000    
   19.2661533       0.00000000    
   19.2828197       0.00000000    
   19.2994862       0.00000000    
   19.3161526       0.00000000    
   19.3328190       0.00000000    
   19.3494854       0.00000000    
   19.3661518       0.00000000    
   19.3828182       0.00000000    
   19.3994846       0.00000000    
   19.4161510       0.00000000    
   19.4328175       0.00000000    
   19.4494839       0.00000000    
   19.4661503       0.00000000    
   19.4828167       0.00000000    
   19.4994831       0.00000000    
   19.5161495       0.00000000    
   19.5328159       0.00000000    
   19.5494823       0.00000000    
   19.5661488       0.00000000    
   19.5828152       0.00000000    
   19.5994816       0.00000000    
   19.6161480       0.00000000    
   19.6328144       0.00000000    
   19.6494808       0.00000000    
   19.6661472       0.00000000    
   19.6828136       0.00000000    
   19.6994801       0.00000000    
   19.7161465       0.00000000    
   19.7328129       0.00000000    
   19.7494793       0.00000000    
   19.7661457       0.00000000    
   19.7828121       0.00000000    
   19.7994785       0.00000000    
   19.8161449       0.00000000    
   19.8328114       0.00000000    
   19.8494778       0.00000000    
   19.8661442       0.00000000    
   19.8828106       0.00000000    
   19.8994770       0.00000000    
   19.9161434       0.00000000    
   19.9328098       0.00000000    
   19.9494762       0.00000000    
   19.9661427       0.00000000    
   19.9828091       0.00000000    
   19.9994755       0.00000000    
   20.0161419       0.00000000    
   20.0328083       0.00000000    
   20.0494747       0.00000000    
   20.0661411       0.00000000    
   20.0828075       0.00000000    
   20.0994740       0.00000000    
   20.1161404       0.00000000    
   20.1328068       0.00000000    
   20.1494732       0.00000000    
   20.1661396       0.00000000    
   20.1828060       0.00000000    
   20.1994724       0.00000000    
   20.2161388       0.00000000    
   20.2328053       0.00000000    
   20.2494717       0.00000000    
   20.2661381       0.00000000    
   20.2828045       0.00000000    
   20.2994709       0.00000000    
   20.3161373       0.00000000    
   20.3328037       0.00000000    
   20.3494701       0.00000000    
   20.3661366       0.00000000    
   20.3828030       0.00000000    
   20.3994694       0.00000000    
   20.4161358       0.00000000    
   20.4328022       0.00000000    
   20.4494686       0.00000000    
   20.4661350       0.00000000    
   20.4828014       0.00000000    
   20.4994678       0.00000000    
   20.5161343       0.00000000    
   20.5328007       0.00000000    
   20.5494671       0.00000000    
   20.5661335       0.00000000    
   20.5827999       0.00000000    
   20.5994663       0.00000000    
   20.6161327       0.00000000    
   20.6327991       0.00000000    
   20.6494656       0.00000000    
   20.6661320       0.00000000    
   20.6827984       0.00000000    
   20.6994648       0.00000000    
   20.7161312       0.00000000    
   20.7327976       0.00000000    
   20.7494640       0.00000000    
   20.7661304       0.00000000    
   20.7827969       0.00000000    
   20.7994633       0.00000000    
   20.8161297       0.00000000    
   20.8327961       0.00000000    
   20.8494625       0.00000000    
   20.8661289       0.00000000    
   20.8827953       0.00000000    
   20.8994617       0.00000000    
   20.9161282       0.00000000    
   20.9327946       0.00000000    
   20.9494610       0.00000000    
   20.9661274       0.00000000    
   20.9827938       0.00000000    
   20.9994602       0.00000000    
   21.0161266       0.00000000    
   21.0327930       0.00000000    
   21.0494595       0.00000000    
   21.0661259       0.00000000    
   21.0827923       0.00000000    
   21.0994587       0.00000000    
   21.1161251       0.00000000    
   21.1327915       0.00000000    
   21.1494579       0.00000000    
   21.1661243       0.00000000    
   21.1827908       0.00000000    
   21.1994572       0.00000000    
   21.2161236       0.00000000    
   21.2327900       0.00000000    
   21.2494564       0.00000000    
   21.2661228       0.00000000    
   21.2827892       0.00000000    
   21.2994556       0.00000000    
   21.3161221       0.00000000    
   21.3327885       0.00000000    
   21.3494549       0.00000000    
   21.3661213       0.00000000    
   21.3827877       0.00000000    
   21.3994541       0.00000000    
   21.4161205       0.00000000    
   21.4327869       0.00000000    
   21.4494534       0.00000000    
   21.4661198       0.00000000    
   21.4827862       0.00000000    
   21.4994526       0.00000000    
   21.5161190       0.00000000    
   21.5327854       0.00000000    
   21.5494518       0.00000000    
   21.5661182       0.00000000    
   21.5827847       0.00000000    
   21.5994511       0.00000000    
   21.6161175       0.00000000    
   21.6327839       0.00000000    
   21.6494503       0.00000000    
   21.6661167       0.00000000    
   21.6827831       0.00000000    
   21.6994495       0.00000000    
   21.7161160       0.00000000    
   21.7327824       0.00000000    
   21.7494488       0.00000000    
   21.7661152       0.00000000    
   21.7827816       0.00000000    
   21.7994480       0.00000000    
   21.8161144       0.00000000    
   21.8327808       0.00000000    
   21.8494473       0.00000000    
   21.8661137       0.00000000    
   21.8827801       0.00000000    
   21.8994465       0.00000000    
   21.9161129       0.00000000    
   21.9327793       0.00000000    
   21.9494457       0.00000000    
   21.9661121       0.00000000    
   21.9827785       0.00000000    
   21.9994450       0.00000000    
   22.0161114       0.00000000    
   22.0327778       0.00000000    
   22.0494442       0.00000000    
   22.0661106       0.00000000    
   22.0827770       0.00000000    
   22.0994434       0.00000000    
   22.1161098       0.00000000    
   22.1327763       0.00000000    
   22.1494427       0.00000000    
   22.1661091       0.00000000    
   22.1827755       0.00000000    
   22.1994419       0.00000000    
   22.2161083       0.00000000    
   22.2327747       0.00000000    
   22.2494411       0.00000000    
   22.2661076       0.00000000    
   22.2827740       0.00000000    
   22.2994404       0.00000000    
   22.3161068       0.00000000    
   22.3327732       0.00000000    
   22.3494396       0.00000000    
   22.3661060       0.00000000    
   22.3827724       0.00000000    
   22.3994389       0.00000000    
   22.4161053       0.00000000    
   22.4327717       0.00000000    
   22.4494381       0.00000000    
   22.4661045       0.00000000    
   22.4827709       0.00000000    
   22.4994373       0.00000000    
   22.5161037       0.00000000    
   22.5327702       0.00000000    
   22.5494366       0.00000000    
   22.5661030       0.00000000    
   22.5827694       0.00000000    
   22.5994358       0.00000000    
   22.6161022       0.00000000    
   22.6327686       0.00000000    
   22.6494350       0.00000000    
   22.6661015       0.00000000    
   22.6827679       0.00000000    
   22.6994343       0.00000000    
   22.7161007       0.00000000    
   22.7327671       0.00000000    
   22.7494335       0.00000000    
   22.7660999       0.00000000    
   22.7827663       0.00000000    
   22.7994328       0.00000000    
   22.8160992       0.00000000    
   22.8327656       0.00000000    
   22.8494320       0.00000000    
   22.8660984       0.00000000    
   22.8827648       0.00000000    
   22.8994312       0.00000000    
   22.9160976       0.00000000    
   22.9327641       0.00000000    
   22.9494305       0.00000000    
   22.9660969       0.00000000    
   22.9827633       0.00000000    
   22.9994297       0.00000000    
   23.0160961       0.00000000    
   23.0327625       0.00000000    
   23.0494289       0.00000000    
   23.0660954       0.00000000    
   23.0827618       0.00000000    
   23.0994282       0.00000000    
   23.1160946       0.00000000    
   23.1327610       0.00000000    
   23.1494274       0.00000000    
   23.1660938       0.00000000    
   23.1827602       0.00000000    
   23.1994267       0.00000000    
   23.2160931       0.00000000    
   23.2327595       0.00000000    
   23.2494259       0.00000000    
   23.2660923       0.00000000    
   23.2827587       0.00000000    
   23.2994251       0.00000000    
   23.3160915       0.00000000    
   23.3327579       0.00000000    
   23.3494244       0.00000000    
   23.3660908       0.00000000    
   23.3827572       0.00000000    
   23.3994236       0.00000000    
   23.4160900       0.00000000    
   23.4327564       0.00000000    
   23.4494228       0.00000000    
   23.4660892       0.00000000    
   23.4827557       0.00000000    
   23.4994221       0.00000000    
   23.5160885       0.00000000    
   23.5327549       0.00000000    
   23.5494213       0.00000000    
   23.5660877       0.00000000    
   23.5827541       0.00000000    
   23.5994205       0.00000000    
   23.6160870       0.00000000    
   23.6327534       0.00000000    
   23.6494198       0.00000000    
   23.6660862       0.00000000    
   23.6827526       0.00000000    
   23.6994190       0.00000000    
   23.7160854       0.00000000    
   23.7327518       0.00000000    
   23.7494183       0.00000000    
   23.7660847       0.00000000    
   23.7827511       0.00000000    
   23.7994175       0.00000000    
   23.8160839       0.00000000    
   23.8327503       0.00000000    
   23.8494167       0.00000000    
   23.8660831       0.00000000    
   23.8827496       0.00000000    
   23.8994160       0.00000000    
   23.9160824       0.00000000    
   23.9327488       0.00000000    
   23.9494152       0.00000000    
   23.9660816       0.00000000    
   23.9827480       0.00000000    
