   0.00000000       0.00000000    
   1.66660007E-02   0.00000000    
   3.33320014E-02   0.00000000    
   4.99980003E-02   0.00000000    
   6.66640028E-02   0.00000000    
   8.33300054E-02   0.00000000    
   9.99960080E-02   0.00000000    
  0.116662011       0.00000000    
  0.133328006       0.00000000    
  0.149994001       0.00000000    
  0.166659996       0.00000000    
  0.183325991       0.00000000    
  0.199991986       0.00000000    
  0.216657981       0.00000000    
  0.233323976       0.00000000    
  0.249989972       0.00000000    
  0.266655982       0.00000000    
  0.283321977       0.00000000    
  0.299987972       0.00000000    
  0.316653967       0.00000000    
  0.333319962       0.00000000    
  0.349985957       0.00000000    
  0.366651952       0.00000000    
  0.383317947       0.00000000    
  0.399983943       0.00000000    
  0.416649938       0.00000000    
  0.433315933       0.00000000    
  0.449981928       0.00000000    
  0.466647923       0.00000000    
  0.483313918       0.00000000    
  0.499979913       0.00000000    
  0.516645908       0.00000000    
  0.533311903       0.00000000    
  0.549977899       0.00000000    
  0.566643894       0.00000000    
  0.583309889       0.00000000    
  0.599975884       0.00000000    
  0.616641879       0.00000000    
  0.633307874       0.00000000    
  0.649973869       0.00000000    
  0.666639864       0.00000000    
  0.683305860       0.00000000    
  0.699971855       0.00000000    
  0.716637850       0.00000000    
  0.733303845       0.00000000    
  0.749969840       0.00000000    
  0.766635835       0.00000000    
  0.783301830       0.00000000    
  0.799967825       0.00000000    
  0.816633821       0.00000000    
  0.833299816       0.00000000    
  0.849965811       0.00000000    
  0.866631806       0.00000000    
  0.883297801       0.00000000    
  0.899963796       0.00000000    
  0.916629791       0.00000000    
  0.933295786       0.00000000    
  0.949961782       0.00000000    
  0.966627777       0.00000000    
  0.983293772       0.00000000    
  0.999959767       0.00000000    
   1.01662576       0.00000000    
   1.03329182       0.00000000    
   1.04995787       0.00000000    
   1.06662393       0.00000000    
   1.08328998       0.00000000    
   1.09995604       0.00000000    
   1.11662209       0.00000000    
   1.13328815       0.00000000    
   1.14995420       0.00000000    
   1.16662025       0.00000000    
   1.18328631       0.00000000    
   1.19995236       0.00000000    
   1.21661842       0.00000000    
   1.23328447       0.00000000    
   1.24995053       0.00000000    
   1.26661658       0.00000000    
   1.28328264       0.00000000    
   1.29994869       0.00000000    
   1.31661475       0.00000000    
   1.33328080       0.00000000    
   1.34994686       0.00000000    
   1.36661291       0.00000000    
   1.38327897       0.00000000    
   1.39994502       0.00000000    
   1.41661108       0.00000000    
   1.43327713       0.00000000    
   1.44994318       0.00000000    
   1.46660924       0.00000000    
   1.48327529       0.00000000    
   1.49994135       0.00000000    
   1.51660740       0.00000000    
   1.53327346       0.00000000    
   1.54993951       0.00000000    
   1.56660557       0.00000000    
   1.58327162       0.00000000    
   1.59993768       0.00000000    
   1.61660373       0.00000000    
   1.63326979       0.00000000    
   1.64993584       0.00000000    
   1.66660190       0.00000000    
   1.68326795       0.00000000    
   1.69993401       0.00000000    
   1.71660006       0.00000000    
   1.73326612       0.00000000    
   1.74993217       0.00000000    
   1.76659822       0.00000000    
   1.78326428       0.00000000    
   1.79993033       0.00000000    
   1.81659639       0.00000000    
   1.83326244       0.00000000    
   1.84992850       0.00000000    
   1.86659455       0.00000000    
   1.88326061       0.00000000    
   1.89992666       0.00000000    
   1.91659272       0.00000000    
   1.93325877       0.00000000    
   1.94992483       0.00000000    
   1.96659088       0.00000000    
   1.98325694       0.00000000    
   1.99992299       0.00000000    
   2.01658893       0.00000000    
   2.03325486       0.00000000    
   2.04992080       0.00000000    
   2.06658673       0.00000000    
   2.08325267       0.00000000    
   2.09991860       0.00000000    
   2.11658454       0.00000000    
   2.13325047       0.00000000    
   2.14991641       0.00000000    
   2.16658235       0.00000000    
   2.18324828       0.00000000    
   2.19991422       0.00000000    
   2.21658015       0.00000000    
   2.23324609       0.00000000    
   2.24991202       0.00000000    
   2.26657796       0.00000000    
   2.28324389       0.00000000    
   2.29990983       0.00000000    
   2.31657577       0.00000000    
   2.33324170       0.00000000    
   2.34990764       0.00000000    
   2.36657357       0.00000000    
   2.38323951       0.00000000    
   2.39990544       0.00000000    
   2.41657138       0.00000000    
   2.43323731       0.00000000    
   2.44990325       0.00000000    
   2.46656919       0.00000000    
   2.48323512       0.00000000    
   2.49990106       0.00000000    
   2.51656699       0.00000000    
   2.53323293       0.00000000    
   2.54989886       0.00000000    
   2.56656480       0.00000000    
   2.58323073       0.00000000    
   2.59989667       0.00000000    
   2.61656260       0.00000000    
   2.63322854       0.00000000    
   2.64989448       0.00000000    
   2.66656041       0.00000000    
   2.68322635       0.00000000    
   2.69989228       0.00000000    
   2.71655822       0.00000000    
   2.73322415       0.00000000    
   2.74989009       0.00000000    
   2.76655602       0.00000000    
   2.78322196       0.00000000    
   2.79988790       0.00000000    
   2.81655383       0.00000000    
   2.83321977       0.00000000    
   2.84988570       0.00000000    
   2.86655164       0.00000000    
   2.88321757       0.00000000    
   2.89988351       0.00000000    
   2.91654944       0.00000000    
   2.93321538       0.00000000    
   2.94988132       0.00000000    
   2.96654725       0.00000000    
   2.98321319       0.00000000    
   2.99987912       0.00000000    
   3.01654506       0.00000000    
   3.03321099       0.00000000    
   3.04987693       0.00000000    
   3.06654286       0.00000000    
   3.08320880       0.00000000    
   3.09987473       0.00000000    
   3.11654067       0.00000000    
   3.13320661       0.00000000    
   3.14987254       0.00000000    
   3.16653848       0.00000000    
   3.18320441       0.00000000    
   3.19987035       0.00000000    
   3.21653628       0.00000000    
   3.23320222       0.00000000    
   3.24986815       0.00000000    
   3.26653409       0.00000000    
   3.28320003       0.00000000    
   3.29986596       0.00000000    
   3.31653190       0.00000000    
   3.33319783       0.00000000    
   3.34986377       0.00000000    
   3.36652970       0.00000000    
   3.38319564       0.00000000    
   3.39986157       0.00000000    
   3.41652751       0.00000000    
   3.43319345       0.00000000    
   3.44985938       0.00000000    
   3.46652532       0.00000000    
   3.48319125       0.00000000    
   3.49985719       0.00000000    
   3.51652312       0.00000000    
   3.53318906       0.00000000    
   3.54985499       0.00000000    
   3.56652093       0.00000000    
   3.58318686       0.00000000    
   3.59985280       0.00000000    
   3.61651874       0.00000000    
   3.63318467       0.00000000    
   3.64985061       0.00000000    
   3.66651654       0.00000000    
   3.68318248       0.00000000    
   3.69984841       0.00000000    
   3.71651435       0.00000000    
   3.73318028       0.00000000    
   3.74984622       0.00000000    
   3.76651216       0.00000000    
   3.78317809       0.00000000    
   3.79984403       0.00000000    
   3.81650996       0.00000000    
   3.83317590       0.00000000    
   3.84984183       0.00000000    
   3.86650777       0.00000000    
   3.88317370       0.00000000    
   3.89983964       0.00000000    
   3.91650558       0.00000000    
   3.93317151       0.00000000    
   3.94983745       0.00000000    
   3.96650338       0.00000000    
   3.98316932       0.00000000    
   3.99983525       0.00000000    
   4.01650143       0.00000000    
   4.03316736       0.00000000    
   4.04983330       0.00000000    
   4.06649923       0.00000000    
   4.08316517       0.00000000    
   4.09983110       0.00000000    
   4.11649704       0.00000000    
   4.13316298       0.00000000    
   4.14982891       0.00000000    
   4.16649485       0.00000000    
   4.18316078       0.00000000    
   4.19982672       0.00000000    
   4.21649265       0.00000000    
   4.23315859       0.00000000    
   4.24982452       0.00000000    
   4.26649046       0.00000000    
   4.28315639       0.00000000    
   4.29982233       0.00000000    
   4.31648827       0.00000000    
   4.33315420       0.00000000    
   4.34982014       0.00000000    
   4.36648607       0.00000000    
   4.38315201       0.00000000    
   4.39981794       0.00000000    
   4.41648388       0.00000000    
   4.43314981       0.00000000    
   4.44981575       0.00000000    
   4.46648169       0.00000000    
   4.48314762       0.00000000    
   4.49981356       0.00000000    
   4.51647949       0.00000000    
   4.53314543       0.00000000    
   4.54981136       0.00000000    
   4.56647730       0.00000000    
   4.58314323       0.00000000    
   4.59980917       0.00000000    
   4.61647511       0.00000000    
   4.63314104       0.00000000    
   4.64980698       0.00000000    
   4.66647291       0.00000000    
   4.68313885       0.00000000    
   4.69980478       0.00000000    
   4.71647072       0.00000000    
   4.73313665       0.00000000    
   4.74980259       0.00000000    
   4.76646852       0.00000000    
   4.78313446       0.00000000    
   4.79980040       0.00000000    
   4.81646633       0.00000000    
   4.83313227       0.00000000    
   4.84979820       0.00000000    
   4.86646414       0.00000000    
   4.88313007       0.00000000    
   4.89979601       0.00000000    
   4.91646194       0.00000000    
   4.93312788       0.00000000    
   4.94979382       0.00000000    
   4.96645975       0.00000000    
   4.98312569       0.00000000    
   4.99979162       0.00000000    
   5.01645756       0.00000000    
   5.03312349       0.00000000    
   5.04978943       0.00000000    
   5.06645536       0.00000000    
   5.08312130       0.00000000    
   5.09978724       0.00000000    
   5.11645317       0.00000000    
   5.13311911       0.00000000    
   5.14978504       0.00000000    
   5.16645098       0.00000000    
   5.18311691       0.00000000    
   5.19978285       0.00000000    
   5.21644878       0.00000000    
   5.23311472       0.00000000    
   5.24978065       0.00000000    
   5.26644659       0.00000000    
   5.28311253       0.00000000    
   5.29977846       0.00000000    
   5.31644440       0.00000000    
   5.33311033       0.00000000    
   5.34977627       0.00000000    
   5.36644220       0.00000000    
   5.38310814       0.00000000    
   5.39977407       0.00000000    
   5.41644001       0.00000000    
   5.43310595       0.00000000    
   5.44977188       0.00000000    
   5.46643782       0.00000000    
   5.48310375       0.00000000    
   5.49976969       0.00000000    
   5.51643562       0.00000000    
   5.53310156       0.00000000    
   5.54976749       0.00000000    
   5.56643343       0.00000000    
   5.58309937       0.00000000    
   5.59976530       0.00000000    
   5.61643124       0.00000000    
   5.63309717       0.00000000    
   5.64976311       0.00000000    
   5.66642904       0.00000000    
   5.68309498       0.00000000    
   5.69976091       0.00000000    
   5.71642685       0.00000000    
   5.73309278       0.00000000    
   5.74975872       0.00000000    
   5.76642466       0.00000000    
   5.78309059       0.00000000    
   5.79975653       0.00000000    
   5.81642246       0.00000000    
   5.83308840       0.00000000    
   5.84975433       0.00000000    
   5.86642027       0.00000000    
   5.88308620       0.00000000    
   5.89975214       0.00000000    
   5.91641808       0.00000000    
   5.93308401       0.00000000    
   5.94974995       0.00000000    
   5.96641588       0.00000000    
   5.98308182       0.00000000    
   5.99974775       0.00000000    
   6.01641369       0.00000000    
   6.03307962       0.00000000    
   6.04974556       0.00000000    
   6.06641150       0.00000000    
   6.08307743       4.87199994E-12
   6.09974337       2.64199995E-09
   6.11640930       2.23699999E-07
   6.13307524       4.11400015E-06
   6.14974117       2.53399994E-05
   6.16640711       7.84799995E-05
   6.18307304       1.80799994E-04
   6.19973898       3.33900010E-04
   6.21640491       5.64099988E-04
   6.23307085       9.02900007E-04
   6.24973679       1.38499995E-03
   6.26640272       2.04900000E-03
   6.28306866       2.95999995E-03
   6.29973459       4.20500012E-03
   6.31640053       5.88099984E-03
   6.33306646       7.93999992E-03
   6.34973240       1.06899999E-02
   6.36639833       1.43299997E-02
   6.38306427       1.87800005E-02
   6.39973021       2.44699996E-02
   6.41639614       3.17000002E-02
   6.43306208       4.08499986E-02
   6.44972801       5.23599982E-02
   6.46639395       6.50700033E-02
   6.48305988       8.22499990E-02
   6.49972582      0.100800000    
   6.51639175      0.125000000    
   6.53305769      0.151999995    
   6.54972363      0.182099998    
   6.56638956      0.217099994    
   6.58305550      0.257400006    
   6.59972143      0.304100007    
   6.61638737      0.347600013    
   6.63305330      0.401800007    
   6.64971924      0.462700009    
   6.66638517      0.523500025    
   6.68305111      0.584999979    
   6.69971704      0.657700002    
   6.71638298      0.743499994    
   6.73304892      0.832000017    
   6.74971485      0.915000021    
   6.76638079       1.00300002    
   6.78304672       1.09500003    
   6.79971266       1.19200003    
   6.81637859       1.29200006    
   6.83304453       1.39499998    
   6.84971046       1.50300002    
   6.86637640       1.61300004    
   6.88304234       1.72700000    
   6.89970827       1.84300005    
   6.91637421       1.96300006    
   6.93304014       2.08500004    
   6.94970608       2.21099997    
   6.96637201       2.33999991    
   6.98303795       2.47099996    
   6.99970388       2.60500002    
   7.01636982       2.74200010    
   7.03303576       2.88199997    
   7.04970169       3.02500010    
   7.06636763       3.17100000    
   7.08303356       3.31900001    
   7.09969950       3.47000003    
   7.11636543       3.62500000    
   7.13303137       3.78099990    
   7.14969730       3.94099998    
   7.16636324       4.10300016    
   7.18302917       4.26800013    
   7.19969511       4.43499994    
   7.21636105       4.60500002    
   7.23302698       4.77799988    
   7.24969292       4.95300007    
   7.26635885       5.13000011    
   7.28302479       5.30999994    
   7.29969072       5.49300003    
   7.31635666       5.67799997    
   7.33302259       5.86499977    
   7.34968853       6.05399990    
   7.36635447       6.24499989    
   7.38302040       6.43900013    
   7.39968634       6.63500023    
   7.41635227       6.83199978    
   7.43301821       7.03200006    
   7.44968414       7.23400021    
   7.46635008       7.43699980    
   7.48301601       7.64300013    
   7.49968195       7.84999990    
   7.51634789       8.05900002    
   7.53301382       8.27000046    
   7.54967976       8.48200035    
   7.56634569       8.69600010    
   7.58301163       8.91199970    
   7.59967756       9.12899971    
   7.61634350       9.34700012    
   7.63300943       9.56700039    
   7.64967537       9.78800011    
   7.66634130       10.0100002    
   7.68300724       10.2299995    
   7.69967318       10.4600000    
   7.71633911       10.6899996    
   7.73300505       10.9099998    
   7.74967098       11.1400003    
   7.76633692       11.3699999    
   7.78300285       11.6000004    
   7.79966879       11.8299999    
   7.81633472       12.0699997    
   7.83300066       12.3000002    
   7.84966660       12.5299997    
   7.86633253       12.7700005    
   7.88299847       13.0000000    
   7.89966440       13.2399998    
   7.91633034       13.4799995    
   7.93299627       13.7200003    
   7.94966221       13.9600000    
   7.96632814       14.1999998    
   7.98299408       14.4399996    
   7.99966002       14.6800003    
   8.01632595       14.9200001    
   8.03299236       15.1599998    
   8.04965878       15.3999996    
   8.06632519       15.6400003    
   8.08299160       15.8900003    
   8.09965801       16.1299992    
   8.11632442       16.3700008    
   8.13299084       16.6200008    
   8.14965725       16.8600006    
   8.16632366       17.1100006    
   8.18299007       17.3500004    
   8.19965649       17.6000004    
   8.21632290       17.8400002    
   8.23298931       18.0900002    
   8.24965572       18.3400002    
   8.26632214       18.5799999    
   8.28298855       18.8299999    
   8.29965496       19.0699997    
   8.31632137       19.3199997    
   8.33298779       19.5699997    
   8.34965420       19.8099995    
   8.36632061       20.0599995    
   8.38298702       20.3099995    
   8.39965343       20.5499992    
   8.41631985       20.7999992    
   8.43298626       21.0499992    
   8.44965267       21.2900009    
   8.46631908       21.5400009    
   8.48298550       21.7900009    
   8.49965191       22.0300007    
   8.51631832       22.2800007    
   8.53298473       22.5200005    
   8.54965115       22.7700005    
   8.56631756       23.0100002    
   8.58298397       23.2600002    
   8.59965038       23.5000000    
   8.61631680       23.7500000    
   8.63298321       23.9899998    
   8.64964962       24.2399998    
   8.66631603       24.4799995    
   8.68298244       24.7199993    
   8.69964886       24.9699993    
   8.71631527       25.2099991    
   8.73298168       25.4500008    
   8.74964809       25.7000008    
   8.76631451       25.9400005    
   8.78298092       26.1800003    
   8.79964733       26.4200001    
   8.81631374       26.6599998    
   8.83298016       26.8999996    
   8.84964657       27.1399994    
   8.86631298       27.3799992    
   8.88297939       27.6200008    
   8.89964581       27.8600006    
   8.91631222       28.0900002    
   8.93297863       28.3299999    
   8.94964504       28.5699997    
   8.96631145       28.7999992    
   8.98297787       29.0400009    
   8.99964428       29.2700005    
   9.01631069       29.5100002    
   9.03297710       29.7399998    
   9.04964352       29.9799995    
   9.06630993       30.2099991    
   9.08297634       30.4400005    
   9.09964275       30.6700001    
   9.11630917       30.8999996    
   9.13297558       31.1299992    
   9.14964199       31.3600006    
   9.16630840       31.5900002    
   9.18297482       31.8199997    
   9.19964123       32.0499992    
   9.21630764       32.2799988    
   9.23297405       32.5000000    
   9.24964046       32.7299995    
   9.26630688       32.9500008    
   9.28297329       33.1800003    
   9.29963970       33.4000015    
   9.31630611       33.6199989    
   9.33297253       33.8400002    
   9.34963894       34.0600014    
   9.36630535       34.2799988    
   9.38297176       34.5000000    
   9.39963818       34.7200012    
   9.41630459       34.9399986    
   9.43297100       35.1599998    
   9.44963741       35.3699989    
   9.46630383       35.5900002    
   9.48297024       35.7999992    
   9.49963665       36.0200005    
   9.51630306       36.2299995    
   9.53296947       36.4399986    
   9.54963589       36.6500015    
   9.56630230       36.8600006    
   9.58296871       37.0699997    
   9.59963512       37.2799988    
   9.61630154       37.4900017    
   9.63296795       37.6899986    
   9.64963436       37.9000015    
   9.66630077       38.0999985    
   9.68296719       38.3100014    
   9.69963360       38.5099983    
   9.71630001       38.7099991    
   9.73296642       38.9099998    
   9.74963284       39.1100006    
   9.76629925       39.3100014    
   9.78296566       39.5099983    
   9.79963207       39.7099991    
   9.81629848       39.9000015    
   9.83296490       40.0999985    
   9.84963131       40.2900009    
   9.86629772       40.4900017    
   9.88296413       40.6800003    
   9.89963055       40.8699989    
   9.91629696       41.0600014    
   9.93296337       41.2500000    
   9.94962978       41.4399986    
   9.96629620       41.6199989    
   9.98296261       41.8100014    
   9.99962902       42.0000000    
   10.0162954       42.1800003    
   10.0329618       42.3600006    
   10.0496283       42.5400009    
   10.0662947       42.7200012    
   10.0829611       42.9000015    
   10.0996275       43.0800018    
   10.1162939       43.2599983    
   10.1329603       43.4399986    
   10.1496267       43.6100006    
   10.1662931       43.7900009    
   10.1829596       43.9599991    
   10.1996260       44.1300011    
   10.2162924       44.2999992    
   10.2329588       44.4700012    
   10.2496252       44.6399994    
   10.2662916       44.8100014    
   10.2829580       44.9700012    
   10.2996244       45.1399994    
   10.3162909       45.2999992    
   10.3329573       45.4599991    
   10.3496237       45.6300011    
   10.3662901       45.7799988    
   10.3829565       45.9399986    
   10.3996229       46.0999985    
   10.4162893       46.2599983    
   10.4329557       46.4099998    
   10.4496222       46.5699997    
   10.4662886       46.7200012    
   10.4829550       46.8699989    
   10.4996214       47.0200005    
   10.5162878       47.1699982    
   10.5329542       47.3199997    
   10.5496206       47.4700012    
   10.5662870       47.6199989    
   10.5829535       47.7599983    
   10.5996199       47.9000015    
   10.6162863       48.0499992    
   10.6329527       48.1899986    
   10.6496191       48.3300018    
   10.6662855       48.4700012    
   10.6829519       48.5999985    
   10.6996183       48.7400017    
   10.7162848       48.8699989    
   10.7329512       49.0099983    
   10.7496176       49.1399994    
   10.7662840       49.2700005    
   10.7829504       49.4000015    
   10.7996168       49.5299988    
   10.8162832       49.6599998    
   10.8329496       49.7799988    
   10.8496161       49.9000015    
   10.8662825       50.0299988    
   10.8829489       50.1500015    
   10.8996153       50.2700005    
   10.9162817       50.3899994    
   10.9329481       50.5099983    
   10.9496145       50.6199989    
   10.9662809       50.7400017    
   10.9829473       50.8499985    
   10.9996138       50.9700012    
   11.0162802       51.0800018    
   11.0329466       51.1899986    
   11.0496130       51.2999992    
   11.0662794       51.4099998    
   11.0829458       51.5099983    
   11.0996122       51.6199989    
   11.1162786       51.7200012    
   11.1329451       51.8199997    
   11.1496115       51.9199982    
   11.1662779       52.0200005    
   11.1829443       52.1199989    
   11.1996107       52.2200012    
   11.2162771       52.3100014    
   11.2329435       52.4099998    
   11.2496099       52.5000000    
   11.2662764       52.5900002    
   11.2829428       52.6800003    
   11.2996092       52.7700005    
   11.3162756       52.8600006    
   11.3329420       52.9399986    
   11.3496084       53.0200005    
   11.3662748       53.1100006    
   11.3829412       53.1899986    
   11.3996077       53.2700005    
   11.4162741       53.3499985    
   11.4329405       53.4300003    
   11.4496069       53.5000000    
   11.4662733       53.5800018    
   11.4829397       53.6500015    
   11.4996061       53.7200012    
   11.5162725       53.7900009    
   11.5329390       53.8600006    
   11.5496054       53.9300003    
   11.5662718       54.0000000    
   11.5829382       54.0600014    
   11.5996046       54.1300011    
   11.6162710       54.1899986    
   11.6329374       54.2500000    
   11.6496038       54.3100014    
   11.6662703       54.3699989    
   11.6829367       54.4199982    
   11.6996031       54.4799995    
   11.7162695       54.5299988    
   11.7329359       54.5800018    
   11.7496023       54.6300011    
   11.7662687       54.6800003    
   11.7829351       54.7299995    
   11.7996016       54.7799988    
   11.8162680       54.8199997    
   11.8329344       54.8699989    
   11.8496008       54.9099998    
   11.8662672       54.9500008    
   11.8829336       54.9900017    
   11.8996000       55.0299988    
   11.9162664       55.0699997    
   11.9329329       55.0999985    
   11.9495993       55.1300011    
   11.9662657       55.1699982    
   11.9829321       55.2000008    
   11.9995985       55.2299995    
   12.0162649       55.2599983    
   12.0329313       55.2799988    
   12.0495977       55.3100014    
   12.0662642       55.3300018    
   12.0829306       55.3499985    
   12.0995970       55.3699989    
   12.1162634       55.3899994    
   12.1329298       55.4099998    
   12.1495962       55.4300003    
   12.1662626       55.4399986    
   12.1829290       55.4599991    
   12.1995955       55.4700012    
   12.2162619       55.4799995    
   12.2329283       55.4900017    
   12.2495947       55.5000000    
   12.2662611       55.5000000    
   12.2829275       55.5099983    
   12.2995939       55.5099983    
   12.3162603       55.5099983    
   12.3329268       55.5099983    
   12.3495932       55.5099983    
   12.3662596       55.5099983    
   12.3829260       55.5099983    
   12.3995924       55.5000000    
   12.4162588       55.5000000    
   12.4329252       55.4900017    
   12.4495916       55.4799995    
   12.4662580       55.4700012    
   12.4829245       55.4599991    
   12.4995909       55.4399986    
   12.5162573       55.4300003    
   12.5329237       55.4099998    
   12.5495901       55.3899994    
   12.5662565       55.3699989    
   12.5829229       55.3499985    
   12.5995893       55.3300018    
   12.6162558       55.3100014    
   12.6329222       55.2799988    
   12.6495886       55.2599983    
   12.6662550       55.2299995    
   12.6829214       55.2000008    
   12.6995878       55.1699982    
   12.7162542       55.1300011    
   12.7329206       55.0999985    
   12.7495871       55.0699997    
   12.7662535       55.0299988    
   12.7829199       54.9900017    
   12.7995863       54.9500008    
   12.8162527       54.9099998    
   12.8329191       54.8699989    
   12.8495855       54.8300018    
   12.8662519       54.7799988    
   12.8829184       54.7299995    
   12.8995848       54.6899986    
   12.9162512       54.6399994    
   12.9329176       54.5900002    
   12.9495840       54.5299988    
   12.9662504       54.4799995    
   12.9829168       54.4199982    
   12.9995832       54.3699989    
   13.0162497       54.3100014    
   13.0329161       54.2500000    
   13.0495825       54.1899986    
   13.0662489       54.1300011    
   13.0829153       54.0600014    
   13.0995817       54.0000000    
   13.1162481       53.9300003    
   13.1329145       53.8699989    
   13.1495810       53.7999992    
   13.1662474       53.7299995    
   13.1829138       53.6500015    
   13.1995802       53.5800018    
   13.2162466       53.5099983    
   13.2329130       53.4300003    
   13.2495794       53.3499985    
   13.2662458       53.2700005    
   13.2829123       53.1899986    
   13.2995787       53.1100006    
   13.3162451       53.0299988    
   13.3329115       52.9399986    
   13.3495779       52.8600006    
   13.3662443       52.7700005    
   13.3829107       52.6800003    
   13.3995771       52.5900002    
   13.4162436       52.5000000    
   13.4329100       52.4099998    
   13.4495764       52.3199997    
   13.4662428       52.2200012    
   13.4829092       52.1199989    
   13.4995756       52.0200005    
   13.5162420       51.9300003    
   13.5329084       51.8300018    
   13.5495749       51.7200012    
   13.5662413       51.6199989    
   13.5829077       51.5099983    
   13.5995741       51.4099998    
   13.6162405       51.2999992    
   13.6329069       51.1899986    
   13.6495733       51.0800018    
   13.6662397       50.9700012    
   13.6829062       50.8600006    
   13.6995726       50.7400017    
   13.7162390       50.6300011    
   13.7329054       50.5099983    
   13.7495718       50.3899994    
   13.7662382       50.2700005    
   13.7829046       50.1500015    
   13.7995710       50.0299988    
   13.8162374       49.9099998    
   13.8329039       49.7799988    
   13.8495703       49.6599998    
   13.8662367       49.5299988    
   13.8829031       49.4000015    
   13.8995695       49.2700005    
   13.9162359       49.1399994    
   13.9329023       49.0099983    
   13.9495687       48.8800011    
   13.9662352       48.7400017    
   13.9829016       48.6100006    
   13.9995680       48.4700012    
   14.0162344       48.3300018    
   14.0329008       48.1899986    
   14.0495672       48.0499992    
   14.0662336       47.9099998    
   14.0829000       47.7700005    
   14.0995665       47.6199989    
   14.1162329       47.4700012    
   14.1328993       47.3300018    
   14.1495657       47.1800003    
   14.1662321       47.0299988    
   14.1828985       46.8800011    
   14.1995649       46.7299995    
   14.2162313       46.5699997    
   14.2328978       46.4199982    
   14.2495642       46.2599983    
   14.2662306       46.1100006    
   14.2828970       45.9500008    
   14.2995634       45.7900009    
   14.3162298       45.6300011    
   14.3328962       45.4700012    
   14.3495626       45.3100014    
   14.3662291       45.1399994    
   14.3828955       44.9799995    
   14.3995619       44.8100014    
   14.4162283       44.6399994    
   14.4328947       44.4799995    
   14.4495611       44.3100014    
   14.4662275       44.1399994    
   14.4828939       43.9599991    
   14.4995604       43.7900009    
   14.5162268       43.6199989    
   14.5328932       43.4399986    
   14.5495596       43.2700005    
   14.5662260       43.0900002    
   14.5828924       42.9099998    
   14.5995588       42.7299995    
   14.6162252       42.5499992    
   14.6328917       42.3699989    
   14.6495581       42.1899986    
   14.6662245       42.0000000    
   14.6828909       41.8199997    
   14.6995573       41.6300011    
   14.7162237       41.4399986    
   14.7328901       41.2599983    
   14.7495565       41.0699997    
   14.7662230       40.8800011    
   14.7828894       40.6899986    
   14.7995558       40.4900017    
   14.8162222       40.2999992    
   14.8328886       40.1100006    
   14.8495550       39.9099998    
   14.8662214       39.7200012    
   14.8828878       39.5200005    
   14.8995543       39.3199997    
   14.9162207       39.1199989    
   14.9328871       38.9199982    
   14.9495535       38.7200012    
   14.9662199       38.5200005    
   14.9828863       38.3199997    
   14.9995527       38.1100006    
   15.0162191       37.9099998    
   15.0328856       37.7000008    
   15.0495520       37.4900017    
   15.0662184       37.2900009    
   15.0828848       37.0800018    
   15.0995512       36.8699989    
   15.1162176       36.6599998    
   15.1328840       36.4500008    
   15.1495504       36.2400017    
   15.1662169       36.0200005    
   15.1828833       35.8100014    
   15.1995497       35.5999985    
   15.2162161       35.3800011    
   15.2328825       35.1599998    
   15.2495489       34.9500008    
   15.2662153       34.7299995    
   15.2828817       34.5099983    
   15.2995481       34.2900009    
   15.3162146       34.0699997    
   15.3328810       33.8499985    
   15.3495474       33.6300011    
   15.3662138       33.4099998    
   15.3828802       33.1800003    
   15.3995466       32.9599991    
   15.4162130       32.7400017    
   15.4328794       32.5099983    
   15.4495459       32.2799988    
   15.4662123       32.0600014    
   15.4828787       31.8299999    
   15.4995451       31.6000004    
   15.5162115       31.3700008    
   15.5328779       31.1399994    
   15.5495443       30.9099998    
   15.5662107       30.6800003    
   15.5828772       30.4500008    
   15.5995436       30.2199993    
   15.6162100       29.9799995    
   15.6328764       29.7500000    
   15.6495428       29.5200005    
   15.6662092       29.2800007    
   15.6828756       29.0499992    
   15.6995420       28.8099995    
   15.7162085       28.5799999    
   15.7328749       28.3400002    
   15.7495413       28.1000004    
   15.7662077       27.8700008    
   15.7828741       27.6299992    
   15.7995405       27.3899994    
   15.8162069       27.1499996    
   15.8328733       26.9099998    
   15.8495398       26.6700001    
   15.8662062       26.4300003    
   15.8828726       26.1900005    
   15.8995390       25.9500008    
   15.9162054       25.7000008    
   15.9328718       25.4599991    
   15.9495382       25.2199993    
   15.9662046       24.9799995    
   15.9828711       24.7299995    
   15.9995375       24.4899998    
   16.0162029       24.2500000    
   16.0328693       24.0000000    
   16.0495358       23.7600002    
   16.0662022       23.5100002    
   16.0828686       23.2700005    
   16.0995350       23.0200005    
   16.1162014       22.7800007    
   16.1328678       22.5300007    
   16.1495342       22.2900009    
   16.1662006       22.0400009    
   16.1828671       21.7900009    
   16.1995335       21.5499992    
   16.2161999       21.2999992    
   16.2328663       21.0599995    
   16.2495327       20.8099995    
   16.2661991       20.5599995    
   16.2828655       20.3199997    
   16.2995319       20.0699997    
   16.3161983       19.8199997    
   16.3328648       19.5799999    
   16.3495312       19.3299999    
   16.3661976       19.0799999    
   16.3828640       18.8400002    
   16.3995304       18.5900002    
   16.4161968       18.3500004    
   16.4328632       18.1000004    
   16.4495296       17.8500004    
   16.4661961       17.6100006    
   16.4828625       17.3600006    
   16.4995289       17.1200008    
   16.5161953       16.8700008    
   16.5328617       16.6299992    
   16.5495281       16.3799992    
   16.5661945       16.1399994    
   16.5828609       15.8999996    
   16.5995274       15.6499996    
   16.6161938       15.4099998    
   16.6328602       15.1700001    
   16.6495266       14.9300003    
   16.6661930       14.6899996    
   16.6828594       14.4399996    
   16.6995258       14.1999998    
   16.7161922       13.9700003    
   16.7328587       13.7299995    
   16.7495251       13.4899998    
   16.7661915       13.2500000    
   16.7828579       13.0100002    
   16.7995243       12.7799997    
   16.8161907       12.5400000    
   16.8328571       12.3100004    
   16.8495235       12.0699997    
   16.8661900       11.8400002    
   16.8828564       11.6099997    
   16.8995228       11.3800001    
   16.9161892       11.1499996    
   16.9328556       10.9200001    
   16.9495220       10.6899996    
   16.9661884       10.4700003    
   16.9828548       10.2399998    
   16.9995213       10.0200005    
   17.0161877       9.79699993    
   17.0328541       9.57499981    
   17.0495205       9.35599995    
   17.0661869       9.13700008    
   17.0828533       8.92000008    
   17.0995197       8.70499992    
   17.1161861       8.48999977    
   17.1328526       8.27799988    
   17.1495190       8.06700039    
   17.1661854       7.85799980    
   17.1828518       7.65100002    
   17.1995182       7.44600010    
   17.2161846       7.24200010    
   17.2328510       7.03999996    
   17.2495174       6.84000015    
   17.2661839       6.64300013    
   17.2828503       6.44700003    
   17.2995167       6.25299978    
   17.3161831       6.06099987    
   17.3328495       5.87200022    
   17.3495159       5.68499994    
   17.3661823       5.50000000    
   17.3828487       5.31799984    
   17.3995152       5.13700008    
   17.4161816       4.96000004    
   17.4328480       4.78499985    
   17.4495144       4.61199999    
   17.4661808       4.44199991    
   17.4828472       4.27400017    
   17.4995136       4.10900021    
   17.5161800       3.94700003    
   17.5328465       3.78800011    
   17.5495129       3.63100004    
   17.5661793       3.47700000    
   17.5828457       3.32500005    
   17.5995121       3.17700005    
   17.6161785       3.03099990    
   17.6328449       2.88800001    
   17.6495113       2.74799991    
   17.6661777       2.61100006    
   17.6828442       2.47600007    
   17.6995106       2.34500003    
   17.7161770       2.21600008    
   17.7328434       2.09100008    
   17.7495098       1.96800005    
   17.7661762       1.84800005    
   17.7828426       1.73099995    
   17.7995090       1.61699998    
   17.8161755       1.50699997    
   17.8328419       1.39999998    
   17.8495083       1.29600000    
   17.8661747       1.19599998    
   17.8828411       1.09899998    
   17.8995075       1.00699997    
   17.9161739      0.918600023    
   17.9328403      0.835399985    
   17.9495068      0.747500002    
   17.9661732      0.660899997    
   17.9828396      0.587700009    
   17.9995060      0.525900006    
   18.0161724      0.466899991    
   18.0328388      0.403899997    
   18.0495052      0.350100011    
   18.0661716      0.305599988    
   18.0828381      0.258800000    
   18.0995045      0.218400002    
   18.1161709      0.183300003    
   18.1328373      0.152899995    
   18.1495037      0.127000004    
   18.1661701      0.101700000    
   18.1828365       8.28400031E-02
   18.1995029       6.57000020E-02
   18.2161694       5.28899990E-02
   18.2328358       4.12000008E-02
   18.2495022       3.19899991E-02
   18.2661686       2.47000009E-02
   18.2828350       1.89599991E-02
   18.2995014       1.44699998E-02
   18.3161678       1.09200003E-02
   18.3328342       8.03500041E-03
   18.3495007       5.96500002E-03
   18.3661671       4.25799983E-03
   18.3828335       3.00900009E-03
   18.3994999       2.10499996E-03
   18.4161663       1.42400002E-03
   18.4328327       9.31199989E-04
   18.4494991       5.78499981E-04
   18.4661655       3.41700012E-04
   18.4828320       1.85199999E-04
   18.4994984       8.22200018E-05
   18.5161648       2.65700000E-05
   18.5328312       4.48899982E-06
   18.5494976       2.67800004E-07
   18.5661640       3.82200005E-09
   18.5828304       8.05300011E-12
   18.5994968       0.00000000    
   18.6161633       0.00000000    
   18.6328297       0.00000000    
   18.6494961       0.00000000    
   18.6661625       0.00000000    
   18.6828289       0.00000000    
   18.6994953       0.00000000    
   18.7161617       0.00000000    
   18.7328281       0.00000000    
   18.7494946       0.00000000    
   18.7661610       0.00000000    
   18.7828274       0.00000000    
   18.7994938       0.00000000    
   18.8161602       0.00000000    
   18.8328266       0.00000000    
   18.8494930       0.00000000    
   18.8661594       0.00000000    
   18.8828259       0.00000000    
   18.8994923       0.00000000    
   18.9161587       0.00000000    
   18.9328251       0.00000000    
   18.9494915       0.00000000    
   18.9661579       0.00000000    
   18.9828243       0.00000000    
   18.9994907       0.00000000    
   19.0161572       0.00000000    
   19.0328236       0.00000000    
   19.0494900       0.00000000    
   19.0661564       0.00000000    
   19.0828228       0.00000000    
   19.0994892       0.00000000    
   19.1161556       0.00000000    
   19.1328220       0.00000000    
   19.1494884       0.00000000    
   19.1661549       0.00000000    
   19.1828213       0.00000000    
   19.1994877       0.00000000    
   19.2161541       0.00000000    
   19.2328205       0.00000000    
   19.2494869       0.00000000    
   19.2661533       0.00000000    
   19.2828197       0.00000000    
   19.2994862       0.00000000    
   19.3161526       0.00000000    
   19.3328190       0.00000000    
   19.3494854       0.00000000    
   19.3661518       0.00000000    
   19.3828182       0.00000000    
   19.3994846       0.00000000    
   19.4161510       0.00000000    
   19.4328175       0.00000000    
   19.4494839       0.00000000    
   19.4661503       0.00000000    
   19.4828167       0.00000000    
   19.4994831       0.00000000    
   19.5161495       0.00000000    
   19.5328159       0.00000000    
   19.5494823       0.00000000    
   19.5661488       0.00000000    
   19.5828152       0.00000000    
   19.5994816       0.00000000    
   19.6161480       0.00000000    
   19.6328144       0.00000000    
   19.6494808       0.00000000    
   19.6661472       0.00000000    
   19.6828136       0.00000000    
   19.6994801       0.00000000    
   19.7161465       0.00000000    
   19.7328129       0.00000000    
   19.7494793       0.00000000    
   19.7661457       0.00000000    
   19.7828121       0.00000000    
   19.7994785       0.00000000    
   19.8161449       0.00000000    
   19.8328114       0.00000000    
   19.8494778       0.00000000    
   19.8661442       0.00000000    
   19.8828106       0.00000000    
   19.8994770       0.00000000    
   19.9161434       0.00000000    
   19.9328098       0.00000000    
   19.9494762       0.00000000    
   19.9661427       0.00000000    
   19.9828091       0.00000000    
   19.9994755       0.00000000    
   20.0161419       0.00000000    
   20.0328083       0.00000000    
   20.0494747       0.00000000    
   20.0661411       0.00000000    
   20.0828075       0.00000000    
   20.0994740       0.00000000    
   20.1161404       0.00000000    
   20.1328068       0.00000000    
   20.1494732       0.00000000    
   20.1661396       0.00000000    
   20.1828060       0.00000000    
   20.1994724       0.00000000    
   20.2161388       0.00000000    
   20.2328053       0.00000000    
   20.2494717       0.00000000    
   20.2661381       0.00000000    
   20.2828045       0.00000000    
   20.2994709       0.00000000    
   20.3161373       0.00000000    
   20.3328037       0.00000000    
   20.3494701       0.00000000    
   20.3661366       0.00000000    
   20.3828030       0.00000000    
   20.3994694       0.00000000    
   20.4161358       0.00000000    
   20.4328022       0.00000000    
   20.4494686       0.00000000    
   20.4661350       0.00000000    
   20.4828014       0.00000000    
   20.4994678       0.00000000    
   20.5161343       0.00000000    
   20.5328007       0.00000000    
   20.5494671       0.00000000    
   20.5661335       0.00000000    
   20.5827999       0.00000000    
   20.5994663       0.00000000    
   20.6161327       0.00000000    
   20.6327991       0.00000000    
   20.6494656       0.00000000    
   20.6661320       0.00000000    
   20.6827984       0.00000000    
   20.6994648       0.00000000    
   20.7161312       0.00000000    
   20.7327976       0.00000000    
   20.7494640       0.00000000    
   20.7661304       0.00000000    
   20.7827969       0.00000000    
   20.7994633       0.00000000    
   20.8161297       0.00000000    
   20.8327961       0.00000000    
   20.8494625       0.00000000    
   20.8661289       0.00000000    
   20.8827953       0.00000000    
   20.8994617       0.00000000    
   20.9161282       0.00000000    
   20.9327946       0.00000000    
   20.9494610       0.00000000    
   20.9661274       0.00000000    
   20.9827938       0.00000000    
   20.9994602       0.00000000    
   21.0161266       0.00000000    
   21.0327930       0.00000000    
   21.0494595       0.00000000    
   21.0661259       0.00000000    
   21.0827923       0.00000000    
   21.0994587       0.00000000    
   21.1161251       0.00000000    
   21.1327915       0.00000000    
   21.1494579       0.00000000    
   21.1661243       0.00000000    
   21.1827908       0.00000000    
   21.1994572       0.00000000    
   21.2161236       0.00000000    
   21.2327900       0.00000000    
   21.2494564       0.00000000    
   21.2661228       0.00000000    
   21.2827892       0.00000000    
   21.2994556       0.00000000    
   21.3161221       0.00000000    
   21.3327885       0.00000000    
   21.3494549       0.00000000    
   21.3661213       0.00000000    
   21.3827877       0.00000000    
   21.3994541       0.00000000    
   21.4161205       0.00000000    
   21.4327869       0.00000000    
   21.4494534       0.00000000    
   21.4661198       0.00000000    
   21.4827862       0.00000000    
   21.4994526       0.00000000    
   21.5161190       0.00000000    
   21.5327854       0.00000000    
   21.5494518       0.00000000    
   21.5661182       0.00000000    
   21.5827847       0.00000000    
   21.5994511       0.00000000    
   21.6161175       0.00000000    
   21.6327839       0.00000000    
   21.6494503       0.00000000    
   21.6661167       0.00000000    
   21.6827831       0.00000000    
   21.6994495       0.00000000    
   21.7161160       0.00000000    
   21.7327824       0.00000000    
   21.7494488       0.00000000    
   21.7661152       0.00000000    
   21.7827816       0.00000000    
   21.7994480       0.00000000    
   21.8161144       0.00000000    
   21.8327808       0.00000000    
   21.8494473       0.00000000    
   21.8661137       0.00000000    
   21.8827801       0.00000000    
   21.8994465       0.00000000    
   21.9161129       0.00000000    
   21.9327793       0.00000000    
   21.9494457       0.00000000    
   21.9661121       0.00000000    
   21.9827785       0.00000000    
   21.9994450       0.00000000    
   22.0161114       0.00000000    
   22.0327778       0.00000000    
   22.0494442       0.00000000    
   22.0661106       0.00000000    
   22.0827770       0.00000000    
   22.0994434       0.00000000    
   22.1161098       0.00000000    
   22.1327763       0.00000000    
   22.1494427       0.00000000    
   22.1661091       0.00000000    
   22.1827755       0.00000000    
   22.1994419       0.00000000    
   22.2161083       0.00000000    
   22.2327747       0.00000000    
   22.2494411       0.00000000    
   22.2661076       0.00000000    
   22.2827740       0.00000000    
   22.2994404       0.00000000    
   22.3161068       0.00000000    
   22.3327732       0.00000000    
   22.3494396       0.00000000    
   22.3661060       0.00000000    
   22.3827724       0.00000000    
   22.3994389       0.00000000    
   22.4161053       0.00000000    
   22.4327717       0.00000000    
   22.4494381       0.00000000    
   22.4661045       0.00000000    
   22.4827709       0.00000000    
   22.4994373       0.00000000    
   22.5161037       0.00000000    
   22.5327702       0.00000000    
   22.5494366       0.00000000    
   22.5661030       0.00000000    
   22.5827694       0.00000000    
   22.5994358       0.00000000    
   22.6161022       0.00000000    
   22.6327686       0.00000000    
   22.6494350       0.00000000    
   22.6661015       0.00000000    
   22.6827679       0.00000000    
   22.6994343       0.00000000    
   22.7161007       0.00000000    
   22.7327671       0.00000000    
   22.7494335       0.00000000    
   22.7660999       0.00000000    
   22.7827663       0.00000000    
   22.7994328       0.00000000    
   22.8160992       0.00000000    
   22.8327656       0.00000000    
   22.8494320       0.00000000    
   22.8660984       0.00000000    
   22.8827648       0.00000000    
   22.8994312       0.00000000    
   22.9160976       0.00000000    
   22.9327641       0.00000000    
   22.9494305       0.00000000    
   22.9660969       0.00000000    
   22.9827633       0.00000000    
   22.9994297       0.00000000    
   23.0160961       0.00000000    
   23.0327625       0.00000000    
   23.0494289       0.00000000    
   23.0660954       0.00000000    
   23.0827618       0.00000000    
   23.0994282       0.00000000    
   23.1160946       0.00000000    
   23.1327610       0.00000000    
   23.1494274       0.00000000    
   23.1660938       0.00000000    
   23.1827602       0.00000000    
   23.1994267       0.00000000    
   23.2160931       0.00000000    
   23.2327595       0.00000000    
   23.2494259       0.00000000    
   23.2660923       0.00000000    
   23.2827587       0.00000000    
   23.2994251       0.00000000    
   23.3160915       0.00000000    
   23.3327579       0.00000000    
   23.3494244       0.00000000    
   23.3660908       0.00000000    
   23.3827572       0.00000000    
   23.3994236       0.00000000    
   23.4160900       0.00000000    
   23.4327564       0.00000000    
   23.4494228       0.00000000    
   23.4660892       0.00000000    
   23.4827557       0.00000000    
   23.4994221       0.00000000    
   23.5160885       0.00000000    
   23.5327549       0.00000000    
   23.5494213       0.00000000    
   23.5660877       0.00000000    
   23.5827541       0.00000000    
   23.5994205       0.00000000    
   23.6160870       0.00000000    
   23.6327534       0.00000000    
   23.6494198       0.00000000    
   23.6660862       0.00000000    
   23.6827526       0.00000000    
   23.6994190       0.00000000    
   23.7160854       0.00000000    
   23.7327518       0.00000000    
   23.7494183       0.00000000    
   23.7660847       0.00000000    
   23.7827511       0.00000000    
   23.7994175       0.00000000    
   23.8160839       0.00000000    
   23.8327503       0.00000000    
   23.8494167       0.00000000    
   23.8660831       0.00000000    
   23.8827496       0.00000000    
   23.8994160       0.00000000    
   23.9160824       0.00000000    
   23.9327488       0.00000000    
   23.9494152       0.00000000    
   23.9660816       0.00000000    
   23.9827480       0.00000000    
