   0.00000000       0.00000000    
   1.66660007E-02   0.00000000    
   3.33320014E-02   0.00000000    
   4.99980003E-02   0.00000000    
   6.66640028E-02   0.00000000    
   8.33300054E-02   0.00000000    
   9.99960080E-02   0.00000000    
  0.116662011       0.00000000    
  0.133328006       0.00000000    
  0.149994001       0.00000000    
  0.166659996       0.00000000    
  0.183325991       0.00000000    
  0.199991986       0.00000000    
  0.216657981       0.00000000    
  0.233323976       0.00000000    
  0.249989972       0.00000000    
  0.266655982       0.00000000    
  0.283321977       0.00000000    
  0.299987972       0.00000000    
  0.316653967       0.00000000    
  0.333319962       0.00000000    
  0.349985957       0.00000000    
  0.366651952       0.00000000    
  0.383317947       0.00000000    
  0.399983943       0.00000000    
  0.416649938       0.00000000    
  0.433315933       0.00000000    
  0.449981928       0.00000000    
  0.466647923       0.00000000    
  0.483313918       0.00000000    
  0.499979913       0.00000000    
  0.516645908       0.00000000    
  0.533311903       0.00000000    
  0.549977899       0.00000000    
  0.566643894       0.00000000    
  0.583309889       0.00000000    
  0.599975884       0.00000000    
  0.616641879       0.00000000    
  0.633307874       0.00000000    
  0.649973869       0.00000000    
  0.666639864       0.00000000    
  0.683305860       0.00000000    
  0.699971855       0.00000000    
  0.716637850       0.00000000    
  0.733303845       0.00000000    
  0.749969840       0.00000000    
  0.766635835       0.00000000    
  0.783301830       0.00000000    
  0.799967825       0.00000000    
  0.816633821       0.00000000    
  0.833299816       0.00000000    
  0.849965811       0.00000000    
  0.866631806       0.00000000    
  0.883297801       0.00000000    
  0.899963796       0.00000000    
  0.916629791       0.00000000    
  0.933295786       0.00000000    
  0.949961782       0.00000000    
  0.966627777       0.00000000    
  0.983293772       0.00000000    
  0.999959767       0.00000000    
   1.01662576       0.00000000    
   1.03329182       0.00000000    
   1.04995787       0.00000000    
   1.06662393       0.00000000    
   1.08328998       0.00000000    
   1.09995604       0.00000000    
   1.11662209       0.00000000    
   1.13328815       0.00000000    
   1.14995420       0.00000000    
   1.16662025       0.00000000    
   1.18328631       0.00000000    
   1.19995236       0.00000000    
   1.21661842       0.00000000    
   1.23328447       0.00000000    
   1.24995053       0.00000000    
   1.26661658       0.00000000    
   1.28328264       0.00000000    
   1.29994869       0.00000000    
   1.31661475       0.00000000    
   1.33328080       0.00000000    
   1.34994686       0.00000000    
   1.36661291       0.00000000    
   1.38327897       0.00000000    
   1.39994502       0.00000000    
   1.41661108       0.00000000    
   1.43327713       0.00000000    
   1.44994318       0.00000000    
   1.46660924       0.00000000    
   1.48327529       0.00000000    
   1.49994135       0.00000000    
   1.51660740       0.00000000    
   1.53327346       0.00000000    
   1.54993951       0.00000000    
   1.56660557       0.00000000    
   1.58327162       0.00000000    
   1.59993768       0.00000000    
   1.61660373       0.00000000    
   1.63326979       0.00000000    
   1.64993584       0.00000000    
   1.66660190       0.00000000    
   1.68326795       0.00000000    
   1.69993401       0.00000000    
   1.71660006       0.00000000    
   1.73326612       0.00000000    
   1.74993217       0.00000000    
   1.76659822       0.00000000    
   1.78326428       0.00000000    
   1.79993033       0.00000000    
   1.81659639       0.00000000    
   1.83326244       0.00000000    
   1.84992850       0.00000000    
   1.86659455       0.00000000    
   1.88326061       0.00000000    
   1.89992666       0.00000000    
   1.91659272       0.00000000    
   1.93325877       0.00000000    
   1.94992483       0.00000000    
   1.96659088       0.00000000    
   1.98325694       0.00000000    
   1.99992299       0.00000000    
   2.01658893       0.00000000    
   2.03325486       0.00000000    
   2.04992080       0.00000000    
   2.06658673       0.00000000    
   2.08325267       0.00000000    
   2.09991860       0.00000000    
   2.11658454       0.00000000    
   2.13325047       0.00000000    
   2.14991641       0.00000000    
   2.16658235       0.00000000    
   2.18324828       0.00000000    
   2.19991422       0.00000000    
   2.21658015       0.00000000    
   2.23324609       0.00000000    
   2.24991202       0.00000000    
   2.26657796       0.00000000    
   2.28324389       0.00000000    
   2.29990983       0.00000000    
   2.31657577       0.00000000    
   2.33324170       0.00000000    
   2.34990764       0.00000000    
   2.36657357       0.00000000    
   2.38323951       0.00000000    
   2.39990544       0.00000000    
   2.41657138       0.00000000    
   2.43323731       0.00000000    
   2.44990325       0.00000000    
   2.46656919       0.00000000    
   2.48323512       0.00000000    
   2.49990106       0.00000000    
   2.51656699       0.00000000    
   2.53323293       0.00000000    
   2.54989886       0.00000000    
   2.56656480       0.00000000    
   2.58323073       0.00000000    
   2.59989667       0.00000000    
   2.61656260       0.00000000    
   2.63322854       0.00000000    
   2.64989448       0.00000000    
   2.66656041       0.00000000    
   2.68322635       0.00000000    
   2.69989228       0.00000000    
   2.71655822       0.00000000    
   2.73322415       0.00000000    
   2.74989009       0.00000000    
   2.76655602       0.00000000    
   2.78322196       0.00000000    
   2.79988790       0.00000000    
   2.81655383       0.00000000    
   2.83321977       0.00000000    
   2.84988570       0.00000000    
   2.86655164       0.00000000    
   2.88321757       0.00000000    
   2.89988351       0.00000000    
   2.91654944       0.00000000    
   2.93321538       0.00000000    
   2.94988132       0.00000000    
   2.96654725       0.00000000    
   2.98321319       0.00000000    
   2.99987912       0.00000000    
   3.01654506       0.00000000    
   3.03321099       0.00000000    
   3.04987693       0.00000000    
   3.06654286       0.00000000    
   3.08320880       0.00000000    
   3.09987473       0.00000000    
   3.11654067       0.00000000    
   3.13320661       0.00000000    
   3.14987254       0.00000000    
   3.16653848       0.00000000    
   3.18320441       0.00000000    
   3.19987035       0.00000000    
   3.21653628       0.00000000    
   3.23320222       0.00000000    
   3.24986815       0.00000000    
   3.26653409       0.00000000    
   3.28320003       0.00000000    
   3.29986596       0.00000000    
   3.31653190       0.00000000    
   3.33319783       0.00000000    
   3.34986377       0.00000000    
   3.36652970       0.00000000    
   3.38319564       0.00000000    
   3.39986157       0.00000000    
   3.41652751       0.00000000    
   3.43319345       0.00000000    
   3.44985938       0.00000000    
   3.46652532       0.00000000    
   3.48319125       0.00000000    
   3.49985719       0.00000000    
   3.51652312       0.00000000    
   3.53318906       0.00000000    
   3.54985499       0.00000000    
   3.56652093       0.00000000    
   3.58318686       0.00000000    
   3.59985280       0.00000000    
   3.61651874       0.00000000    
   3.63318467       0.00000000    
   3.64985061       0.00000000    
   3.66651654       0.00000000    
   3.68318248       0.00000000    
   3.69984841       0.00000000    
   3.71651435       0.00000000    
   3.73318028       0.00000000    
   3.74984622       0.00000000    
   3.76651216       0.00000000    
   3.78317809       0.00000000    
   3.79984403       0.00000000    
   3.81650996       0.00000000    
   3.83317590       0.00000000    
   3.84984183       0.00000000    
   3.86650777       0.00000000    
   3.88317370       0.00000000    
   3.89983964       0.00000000    
   3.91650558       0.00000000    
   3.93317151       0.00000000    
   3.94983745       0.00000000    
   3.96650338       0.00000000    
   3.98316932       0.00000000    
   3.99983525       0.00000000    
   4.01650143       0.00000000    
   4.03316736       0.00000000    
   4.04983330       0.00000000    
   4.06649923       0.00000000    
   4.08316517       0.00000000    
   4.09983110       0.00000000    
   4.11649704       0.00000000    
   4.13316298       0.00000000    
   4.14982891       0.00000000    
   4.16649485       0.00000000    
   4.18316078       0.00000000    
   4.19982672       0.00000000    
   4.21649265       0.00000000    
   4.23315859       0.00000000    
   4.24982452       0.00000000    
   4.26649046       0.00000000    
   4.28315639       0.00000000    
   4.29982233       0.00000000    
   4.31648827       0.00000000    
   4.33315420       0.00000000    
   4.34982014       0.00000000    
   4.36648607       0.00000000    
   4.38315201       0.00000000    
   4.39981794       0.00000000    
   4.41648388       0.00000000    
   4.43314981       0.00000000    
   4.44981575       0.00000000    
   4.46648169       0.00000000    
   4.48314762       0.00000000    
   4.49981356       0.00000000    
   4.51647949       0.00000000    
   4.53314543       0.00000000    
   4.54981136       0.00000000    
   4.56647730       0.00000000    
   4.58314323       0.00000000    
   4.59980917       0.00000000    
   4.61647511       0.00000000    
   4.63314104       0.00000000    
   4.64980698       0.00000000    
   4.66647291       0.00000000    
   4.68313885       0.00000000    
   4.69980478       0.00000000    
   4.71647072       0.00000000    
   4.73313665       0.00000000    
   4.74980259       0.00000000    
   4.76646852       0.00000000    
   4.78313446       0.00000000    
   4.79980040       0.00000000    
   4.81646633       0.00000000    
   4.83313227       0.00000000    
   4.84979820       0.00000000    
   4.86646414       0.00000000    
   4.88313007       0.00000000    
   4.89979601       0.00000000    
   4.91646194       0.00000000    
   4.93312788       0.00000000    
   4.94979382       0.00000000    
   4.96645975       0.00000000    
   4.98312569       0.00000000    
   4.99979162       0.00000000    
   5.01645756       0.00000000    
   5.03312349       0.00000000    
   5.04978943       0.00000000    
   5.06645536       0.00000000    
   5.08312130       0.00000000    
   5.09978724       0.00000000    
   5.11645317       0.00000000    
   5.13311911       0.00000000    
   5.14978504       0.00000000    
   5.16645098       0.00000000    
   5.18311691       0.00000000    
   5.19978285       0.00000000    
   5.21644878       0.00000000    
   5.23311472       0.00000000    
   5.24978065       0.00000000    
   5.26644659       0.00000000    
   5.28311253       0.00000000    
   5.29977846       0.00000000    
   5.31644440       0.00000000    
   5.33311033       0.00000000    
   5.34977627       0.00000000    
   5.36644220       0.00000000    
   5.38310814       0.00000000    
   5.39977407       0.00000000    
   5.41644001       0.00000000    
   5.43310595       0.00000000    
   5.44977188       0.00000000    
   5.46643782       0.00000000    
   5.48310375       0.00000000    
   5.49976969       0.00000000    
   5.51643562       0.00000000    
   5.53310156       0.00000000    
   5.54976749       0.00000000    
   5.56643343       0.00000000    
   5.58309937       0.00000000    
   5.59976530       0.00000000    
   5.61643124       0.00000000    
   5.63309717       0.00000000    
   5.64976311       0.00000000    
   5.66642904       0.00000000    
   5.68309498       0.00000000    
   5.69976091       0.00000000    
   5.71642685       0.00000000    
   5.73309278       0.00000000    
   5.74975872       0.00000000    
   5.76642466       0.00000000    
   5.78309059       0.00000000    
   5.79975653       0.00000000    
   5.81642246       0.00000000    
   5.83308840       0.00000000    
   5.84975433       0.00000000    
   5.86642027       0.00000000    
   5.88308620       0.00000000    
   5.89975214       0.00000000    
   5.91641808       0.00000000    
   5.93308401       0.00000000    
   5.94974995       0.00000000    
   5.96641588       0.00000000    
   5.98308182       0.00000000    
   5.99974775       0.00000000    
   6.01641369       0.00000000    
   6.03307962       0.00000000    
   6.04974556       0.00000000    
   6.06641150       0.00000000    
   6.08307743       0.00000000    
   6.09974337       0.00000000    
   6.11640930       0.00000000    
   6.13307524       0.00000000    
   6.14974117       0.00000000    
   6.16640711       0.00000000    
   6.18307304       0.00000000    
   6.19973898       0.00000000    
   6.21640491       0.00000000    
   6.23307085       0.00000000    
   6.24973679       0.00000000    
   6.26640272       0.00000000    
   6.28306866       3.55200005E-24
   6.29973459       4.16000013E-19
   6.31640053       6.98800011E-16
   6.33306646       2.65799996E-13
   6.34973240       4.29500012E-11
   6.36639833       2.21800001E-09
   6.38306427       1.44000003E-08
   6.39973021       4.80900013E-08
   6.41639614       1.12999999E-07
   6.43306208       2.23000001E-07
   6.44972801       4.08599988E-07
   6.46639395       7.19500008E-07
   6.48305988       1.21500000E-06
   6.49972582       1.96199994E-06
   6.51639175       2.90300000E-06
   6.53305769       4.23099982E-06
   6.54972363       5.81399991E-06
   6.56638956       7.88099987E-06
   6.58305550       1.06099997E-05
   6.59972143       1.39800004E-05
   6.61638737       1.80700008E-05
   6.63305330       2.28000008E-05
   6.64971924       2.87099992E-05
   6.66638517       3.60999984E-05
   6.68305111       4.46699996E-05
   6.69971704       5.47499985E-05
   6.71638298       6.62899984E-05
   6.73304892       8.13500010E-05
   6.74971485       9.66899970E-05
   6.76638079       1.14499999E-04
   6.78304672       1.35199996E-04
   6.79971266       1.59000003E-04
   6.81637859       1.86899997E-04
   6.83304453       2.10900005E-04
   6.84971046       2.44099996E-04
   6.86637640       2.76600011E-04
   6.88304234       3.16399994E-04
   6.89970827       3.51299997E-04
   6.91637421       3.93199996E-04
   6.93304014       4.43600002E-04
   6.94970608       5.02099982E-04
   6.96637201       5.52300015E-04
   6.98303795       6.06300018E-04
   6.99970388       6.63499988E-04
   7.01636982       7.24199985E-04
   7.03303576       7.87800003E-04
   7.04970169       8.54599988E-04
   7.06636763       9.24299995E-04
   7.08303356       9.96800023E-04
   7.09969950       1.07200001E-03
   7.11636543       1.15100003E-03
   7.13303137       1.23299996E-03
   7.14969730       1.31700002E-03
   7.16636324       1.40399998E-03
   7.18302917       1.49499997E-03
   7.19969511       1.58799998E-03
   7.21636105       1.68400002E-03
   7.23302698       1.78399996E-03
   7.24969292       1.88600004E-03
   7.26635885       1.99200003E-03
   7.28302479       2.10099993E-03
   7.29969072       2.21300009E-03
   7.31635666       2.32800003E-03
   7.33302259       2.44600000E-03
   7.34968853       2.56800000E-03
   7.36635447       2.69200001E-03
   7.38302040       2.82100006E-03
   7.39968634       2.95199989E-03
   7.41635227       3.08699999E-03
   7.43301821       3.22599988E-03
   7.44968414       3.36800003E-03
   7.46635008       3.51399998E-03
   7.48301601       3.66299995E-03
   7.49968195       3.81599995E-03
   7.51634789       3.97300022E-03
   7.53301382       4.13399981E-03
   7.54967976       4.29800013E-03
   7.56634569       4.46600001E-03
   7.58301163       4.63799993E-03
   7.59967756       4.81500011E-03
   7.61634350       4.99500008E-03
   7.63300943       5.17900009E-03
   7.64967537       5.36700012E-03
   7.66634130       5.55999996E-03
   7.68300724       5.75699983E-03
   7.69967318       5.95899997E-03
   7.71633911       6.16399990E-03
   7.73300505       6.37499988E-03
   7.74967098       6.58900011E-03
   7.76633692       6.80800015E-03
   7.78300285       7.03100022E-03
   7.79966879       7.25999987E-03
   7.81633472       7.49300001E-03
   7.83300066       7.73000019E-03
   7.84966660       7.97200017E-03
   7.86633253       8.22000019E-03
   7.88299847       8.47200025E-03
   7.89966440       8.72899964E-03
   7.91633034       8.99100024E-03
   7.93299627       9.25800018E-03
   7.94966221       9.53000039E-03
   7.96632814       9.80800018E-03
   7.98299408       1.00900000E-02
   7.99966002       1.03799999E-02
   8.01632595       1.06699998E-02
   8.03299236       1.09700002E-02
   8.04965878       1.12699997E-02
   8.06632519       1.15799997E-02
   8.08299160       1.19000003E-02
   8.09965801       1.22199999E-02
   8.11632442       1.25399996E-02
   8.13299084       1.28699997E-02
   8.14965725       1.32099995E-02
   8.16632366       1.35500003E-02
   8.18299007       1.38999997E-02
   8.19965649       1.42500000E-02
   8.21632290       1.46100000E-02
   8.23298931       1.49800004E-02
   8.24965572       1.53500000E-02
   8.26632214       1.57200005E-02
   8.28298855       1.61099993E-02
   8.29965496       1.64899994E-02
   8.31632137       1.68900006E-02
   8.33298779       1.72899999E-02
   8.34965420       1.76899992E-02
   8.36632061       1.81000009E-02
   8.38298702       1.85199995E-02
   8.39965343       1.89500004E-02
   8.41631985       1.93799995E-02
   8.43298626       1.98100004E-02
   8.44965267       2.02500001E-02
   8.46631908       2.07000002E-02
   8.48298550       2.11599991E-02
   8.49965191       2.16099992E-02
   8.51631832       2.20800005E-02
   8.53298473       2.25499999E-02
   8.54965115       2.30299998E-02
   8.56631756       2.35200003E-02
   8.58298397       2.40000002E-02
   8.59965038       2.44999994E-02
   8.61631680       2.50000004E-02
   8.63298321       2.55100001E-02
   8.64964962       2.60300003E-02
   8.66631603       2.65500005E-02
   8.68298244       2.70700008E-02
   8.69964886       2.76100002E-02
   8.71631527       2.81399991E-02
   8.73298168       2.86899991E-02
   8.74964809       2.92399991E-02
   8.76631451       2.97999997E-02
   8.78298092       3.03600002E-02
   8.79964733       3.09299994E-02
   8.81631374       3.15000005E-02
   8.83298016       3.20799984E-02
   8.84964657       3.26699987E-02
   8.86631298       3.32599990E-02
   8.88297939       3.38600017E-02
   8.89964581       3.44600007E-02
   8.91631222       3.50699984E-02
   8.93297863       3.56899984E-02
   8.94964504       3.63099985E-02
   8.96631145       3.69400010E-02
   8.98297787       3.75699997E-02
   8.99964428       3.82100008E-02
   9.01631069       3.88499983E-02
   9.03297710       3.95000018E-02
   9.04964352       4.01500016E-02
   9.06630993       4.08100002E-02
   9.08297634       4.14800011E-02
   9.09964275       4.21499982E-02
   9.11630917       4.28199992E-02
   9.13297558       4.35100012E-02
   9.14964199       4.41900007E-02
   9.16630840       4.48799990E-02
   9.18297482       4.55799997E-02
   9.19964123       4.62800004E-02
   9.21630764       4.69899997E-02
   9.23297405       4.76999991E-02
   9.24964046       4.84099984E-02
   9.26630688       4.91399989E-02
   9.28297329       4.98600006E-02
   9.29963970       5.05900010E-02
   9.31630611       5.13300002E-02
   9.33297253       5.20699993E-02
   9.34963894       5.28099984E-02
   9.36630535       5.35599999E-02
   9.38297176       5.43100014E-02
   9.39963818       5.50700016E-02
   9.41630459       5.58300018E-02
   9.43297100       5.65899983E-02
   9.44963741       5.73600009E-02
   9.46630383       5.81399985E-02
   9.48297024       5.89199997E-02
   9.49963665       5.97000010E-02
   9.51630306       6.04799986E-02
   9.53296947       6.12699986E-02
   9.54963589       6.20599985E-02
   9.56630230       6.28599972E-02
   9.58296871       6.36499971E-02
   9.59963512       6.44600019E-02
   9.61630154       6.52600005E-02
   9.63296795       6.60699978E-02
   9.64963436       6.68800026E-02
   9.66630077       6.76999986E-02
   9.68296719       6.85100034E-02
   9.69963360       6.93299994E-02
   9.71630001       7.01500028E-02
   9.73296642       7.09799975E-02
   9.74963284       7.18099996E-02
   9.76629925       7.26400018E-02
   9.78296566       7.34699965E-02
   9.79963207       7.42999986E-02
   9.81629848       7.51399994E-02
   9.83296490       7.59800002E-02
   9.84963131       7.68200010E-02
   9.86629772       7.76700005E-02
   9.88296413       7.85100013E-02
   9.89963055       7.93500021E-02
   9.91629696       8.02000016E-02
   9.93296337       8.10500011E-02
   9.94962978       8.19000006E-02
   9.96629620       8.27599987E-02
   9.98296261       8.36099982E-02
   9.99962902       8.44599977E-02
   10.0162954       8.53099972E-02
   10.0329618       8.61700028E-02
   10.0496283       8.70200023E-02
   10.0662947       8.78800005E-02
   10.0829611       8.87300000E-02
   10.0996275       8.95899981E-02
   10.1162939       9.04499963E-02
   10.1329603       9.13100019E-02
   10.1496267       9.21700001E-02
   10.1662931       9.30299982E-02
   10.1829596       9.38799977E-02
   10.1996260       9.47500020E-02
   10.2162924       9.56000015E-02
   10.2329588       9.64500010E-02
   10.2496252       9.73199978E-02
   10.2662916       9.81699973E-02
   10.2829580       9.90199968E-02
   10.2996244       9.98800024E-02
   10.3162909      0.100699998    
   10.3329573      0.101599999    
   10.3496237      0.102399997    
   10.3662901      0.103299998    
   10.3829565      0.104099996    
   10.3996229      0.104999997    
   10.4162893      0.105800003    
   10.4329557      0.106700003    
   10.4496222      0.107500002    
   10.4662886      0.108300000    
   10.4829550      0.109200001    
   10.4996214      0.109999999    
   10.5162878      0.110900000    
   10.5329542      0.111699998    
   10.5496206      0.112499997    
   10.5662870      0.113300003    
   10.5829535      0.114200003    
   10.5996199      0.115000002    
   10.6162863      0.115800001    
   10.6329527      0.116599999    
   10.6496191      0.117399998    
   10.6662855      0.118199997    
   10.6829519      0.119000003    
   10.6996183      0.119800001    
   10.7162848      0.120600000    
   10.7329512      0.121399999    
   10.7496176      0.122199997    
   10.7662840      0.123000003    
   10.7829504      0.123800002    
   10.7996168      0.124499999    
   10.8162832      0.125300005    
   10.8329496      0.126100004    
   10.8496161      0.126800001    
   10.8662825      0.127599999    
   10.8829489      0.128399998    
   10.8996153      0.129099995    
   10.9162817      0.129899994    
   10.9329481      0.130600005    
   10.9496145      0.131300002    
   10.9662809      0.132100001    
   10.9829473      0.132799998    
   10.9996138      0.133499995    
   11.0162802      0.134200007    
   11.0329466      0.134900004    
   11.0496130      0.135600001    
   11.0662794      0.136299998    
   11.0829458      0.136899993    
   11.0996122      0.137700006    
   11.1162786      0.138400003    
   11.1329451      0.138999999    
   11.1496115      0.139699996    
   11.1662779      0.140300006    
   11.1829443      0.141000003    
   11.1996107      0.141700000    
   11.2162771      0.142299995    
   11.2329435      0.142800003    
   11.2496099      0.143600002    
   11.2662764      0.144199997    
   11.2829428      0.144800007    
   11.2996092      0.145400003    
   11.3162756      0.145999998    
   11.3329420      0.146599993    
   11.3496084      0.147200003    
   11.3662748      0.147799999    
   11.3829412      0.148300007    
   11.3996077      0.148900002    
   11.4162741      0.149399996    
   11.4329405      0.150000006    
   11.4496069      0.150500000    
   11.4662733      0.151099995    
   11.4829397      0.151600003    
   11.4996061      0.152099997    
   11.5162725      0.152600005    
   11.5329390      0.153099999    
   11.5496054      0.153600007    
   11.5662718      0.154100001    
   11.5829382      0.154599994    
   11.5996046      0.154799998    
   11.6162710      0.155499995    
   11.6329374      0.155900002    
   11.6496038      0.156399995    
   11.6662703      0.156800002    
   11.6829367      0.157199994    
   11.6996031      0.157700002    
   11.7162695      0.158099994    
   11.7329359      0.158500001    
   11.7496023      0.158899993    
   11.7662687      0.159199998    
   11.7829351      0.159600005    
   11.7996016      0.159999996    
   11.8162680      0.160300002    
   11.8329344      0.160699993    
   11.8496008      0.160899997    
   11.8662672      0.161300004    
   11.8829336      0.161599994    
   11.8996000      0.161899999    
   11.9162664      0.162200004    
   11.9329329      0.162499994    
   11.9495993      0.162799999    
   11.9662657      0.163100004    
   11.9829321      0.163299993    
   11.9995985      0.163599998    
   12.0162649      0.163800001    
   12.0329313      0.164100006    
   12.0495977      0.164299995    
   12.0662642      0.164499998    
   12.0829306      0.164700001    
   12.0995970      0.164900005    
   12.1162634      0.165099993    
   12.1329298      0.165299997    
   12.1495962      0.165399998    
   12.1662626      0.165600002    
   12.1829290      0.165600002    
   12.1995955      0.165800005    
   12.2162619      0.165999994    
   12.2329283      0.166099995    
   12.2495947      0.166199997    
   12.2662611      0.166299999    
   12.2829275      0.166400000    
   12.2995939      0.166400000    
   12.3162603      0.166500002    
   12.3329268      0.166500002    
   12.3495932      0.166600004    
   12.3662596      0.166600004    
   12.3829260      0.166600004    
   12.3995924      0.166700006    
   12.4162588      0.166700006    
   12.4329252      0.166700006    
   12.4495916      0.166600004    
   12.4662580      0.166600004    
   12.4829245      0.166600004    
   12.4995909      0.166500002    
   12.5162573      0.166500002    
   12.5329237      0.166400000    
   12.5495901      0.166299999    
   12.5662565      0.166199997    
   12.5829229      0.166099995    
   12.5995893      0.165999994    
   12.6162558      0.165900007    
   12.6329222      0.165800005    
   12.6495886      0.165600002    
   12.6662550      0.165500000    
   12.6829214      0.165399998    
   12.6995878      0.165199995    
   12.7162542      0.165000007    
   12.7329206      0.164800003    
   12.7495871      0.164600000    
   12.7662535      0.164399996    
   12.7829199      0.164199993    
   12.7995863      0.164000005    
   12.8162527      0.163800001    
   12.8329191      0.163499996    
   12.8495855      0.163299993    
   12.8662519      0.163000003    
   12.8829184      0.162699997    
   12.8995848      0.162499994    
   12.9162512      0.162200004    
   12.9329176      0.161899999    
   12.9495840      0.161599994    
   12.9662504      0.161100000    
   12.9829168      0.160899997    
   12.9995832      0.160600007    
   13.0162497      0.160200000    
   13.0329161      0.159899995    
   13.0495825      0.159400001    
   13.0662489      0.159099996    
   13.0829153      0.158700004    
   13.0995817      0.158399999    
   13.1162481      0.158000007    
   13.1329145      0.157499999    
   13.1495810      0.157100007    
   13.1662474      0.156700000    
   13.1829138      0.156299993    
   13.1995802      0.155800000    
   13.2162466      0.155399993    
   13.2329130      0.154899999    
   13.2495794      0.154400006    
   13.2662458      0.153999999    
   13.2829123      0.153500006    
   13.2995787      0.152999997    
   13.3162451      0.152500004    
   13.3329115      0.151899993    
   13.3495779      0.151500002    
   13.3662443      0.150900006    
   13.3829107      0.150299996    
   13.3995771      0.149900004    
   13.4162436      0.149299994    
   13.4329100      0.148699999    
   13.4495764      0.148200005    
   13.4662428      0.147599995    
   13.4829092      0.147000000    
   13.4995756      0.146400005    
   13.5162420      0.145899996    
   13.5329084      0.145199999    
   13.5495749      0.144600004    
   13.5662413      0.143999994    
   13.5829077      0.143399999    
   13.5995741      0.142800003    
   13.6162405      0.142100006    
   13.6329069      0.141399994    
   13.6495733      0.140799999    
   13.6662397      0.140200004    
   13.6829062      0.139500007    
   13.6995726      0.138899997    
   13.7162390      0.138200000    
   13.7329054      0.137500003    
   13.7495718      0.136800006    
   13.7662382      0.136099994    
   13.7829046      0.135399997    
   13.7995710      0.134700000    
   13.8162374      0.134000003    
   13.8329039      0.133300006    
   13.8495703      0.132599995    
   13.8662367      0.131899998    
   13.8829031      0.131099999    
   13.8995695      0.130400002    
   13.9162359      0.129700005    
   13.9329023      0.128900006    
   13.9495687      0.128199995    
   13.9662352      0.127399996    
   13.9829016      0.126599997    
   13.9995680      0.125900000    
   14.0162344      0.125100002    
   14.0329008      0.124300003    
   14.0495672      0.123499997    
   14.0662336      0.122800000    
   14.0829000      0.122000001    
   14.0995665      0.121200003    
   14.1162329      0.120399997    
   14.1328993      0.119599998    
   14.1495657      0.118799999    
   14.1662321      0.118000001    
   14.1828985      0.117200002    
   14.1995649      0.116400003    
   14.2162313      0.115599997    
   14.2328978      0.114799999    
   14.2495642      0.113899998    
   14.2662306      0.113100000    
   14.2828970      0.112300001    
   14.2995634      0.111500002    
   14.3162298      0.110600002    
   14.3328962      0.109800003    
   14.3495626      0.108900003    
   14.3662291      0.108099997    
   14.3828955      0.107299998    
   14.3995619      0.106399998    
   14.4162283      0.105599999    
   14.4328947      0.104800001    
   14.4495611      0.103900000    
   14.4662275      0.103100002    
   14.4828939      0.102200001    
   14.4995604      0.101400003    
   14.5162268      0.100500003    
   14.5328932       9.96500030E-02
   14.5495596       9.87700000E-02
   14.5662260       9.79399979E-02
   14.5828924       9.70600024E-02
   14.5995588       9.62300003E-02
   14.6162252       9.53700021E-02
   14.6328917       9.44899991E-02
   14.6495581       9.36599970E-02
   14.6662245       9.27999988E-02
   14.6828909       9.19400007E-02
   14.6995573       9.10800025E-02
   14.7162237       9.02300030E-02
   14.7328901       8.93699974E-02
   14.7495565       8.85099992E-02
   14.7662230       8.76500010E-02
   14.7828894       8.68000016E-02
   14.7995558       8.59400034E-02
   14.8162222       8.50899965E-02
   14.8328886       8.42299983E-02
   14.8495550       8.33799988E-02
   14.8662214       8.25299993E-02
   14.8828878       8.16799998E-02
   14.8995543       8.08300003E-02
   14.9162207       7.99800009E-02
   14.9328871       7.91300014E-02
   14.9495535       7.82900006E-02
   14.9662199       7.74400011E-02
   14.9828863       7.66000003E-02
   14.9995527       7.57599995E-02
   15.0162191       7.49199986E-02
   15.0328856       7.40799978E-02
   15.0495520       7.32500032E-02
   15.0662184       7.24200010E-02
   15.0828848       7.15899989E-02
   15.0995512       7.07599968E-02
   15.1162176       6.99400008E-02
   15.1328840       6.91199973E-02
   15.1495504       6.83000013E-02
   15.1662169       6.74799979E-02
   15.1828833       6.66700006E-02
   15.1995497       6.58600032E-02
   15.2162161       6.50499985E-02
   15.2328825       6.42400011E-02
   15.2495489       6.34400025E-02
   15.2662153       6.26399964E-02
   15.2828817       6.18500002E-02
   15.2995481       6.10600002E-02
   15.3162146       6.02700002E-02
   15.3328810       5.94899990E-02
   15.3495474       5.87100014E-02
   15.3662138       5.79300001E-02
   15.3828802       5.71600012E-02
   15.3995466       5.63899986E-02
   15.4162130       5.56299984E-02
   15.4328794       5.48699982E-02
   15.4495459       5.41100018E-02
   15.4662123       5.33600003E-02
   15.4828787       5.26099987E-02
   15.4995451       5.18699996E-02
   15.5162115       5.11300005E-02
   15.5328779       5.04000001E-02
   15.5495443       4.96699996E-02
   15.5662107       4.89500016E-02
   15.5828772       4.82299998E-02
   15.5995436       4.75100018E-02
   15.6162100       4.67999987E-02
   15.6328764       4.61000018E-02
   15.6495428       4.54000011E-02
   15.6662092       4.47000004E-02
   15.6828756       4.40099984E-02
   15.6995420       4.33299989E-02
   15.7162085       4.26499993E-02
   15.7328749       4.19699997E-02
   15.7495413       4.12999988E-02
   15.7662077       4.06400003E-02
   15.7828741       3.99800017E-02
   15.7995405       3.93299982E-02
   15.8162069       3.86799984E-02
   15.8328733       3.80400009E-02
   15.8495398       3.73999998E-02
   15.8662062       3.67700011E-02
   15.8828726       3.61500010E-02
   15.8995390       3.55300009E-02
   15.9162054       3.49100009E-02
   15.9328718       3.43099982E-02
   15.9495382       3.37000005E-02
   15.9662046       3.31100002E-02
   15.9828711       3.25199999E-02
   15.9995375       3.19299996E-02
   16.0162029       3.13500017E-02
   16.0328693       3.07800006E-02
   16.0495358       3.02099995E-02
   16.0662022       2.96500009E-02
   16.0828686       2.91000009E-02
   16.0995350       2.85500009E-02
   16.1162014       2.80000009E-02
   16.1328678       2.74700001E-02
   16.1495342       2.69399993E-02
   16.1662006       2.64100004E-02
   16.1828671       2.58900002E-02
   16.1995335       2.53800005E-02
   16.2161999       2.48700008E-02
   16.2328663       2.43699998E-02
   16.2495327       2.38799993E-02
   16.2661991       2.33900007E-02
   16.2828655       2.29100008E-02
   16.2995319       2.24300008E-02
   16.3161983       2.19599996E-02
   16.3328648       2.15000007E-02
   16.3495312       2.10400000E-02
   16.3661976       2.05799993E-02
   16.3828640       2.01399997E-02
   16.3995304       1.97000001E-02
   16.4161968       1.92600004E-02
   16.4328632       1.88400000E-02
   16.4495296       1.84099991E-02
   16.4661961       1.79999992E-02
   16.4828625       1.75899994E-02
   16.4995289       1.71799995E-02
   16.5161953       1.67900007E-02
   16.5328617       1.63899995E-02
   16.5495281       1.60099994E-02
   16.5661945       1.56299993E-02
   16.5828609       1.52500002E-02
   16.5995274       1.48799997E-02
   16.6161938       1.45199997E-02
   16.6328602       1.41599998E-02
   16.6495266       1.38100004E-02
   16.6661930       1.34600000E-02
   16.6828594       1.31200003E-02
   16.6995258       1.27900001E-02
   16.7161922       1.24599999E-02
   16.7328587       1.21299997E-02
   16.7495251       1.18199997E-02
   16.7661915       1.15000000E-02
   16.7828579       1.11900000E-02
   16.7995243       1.08899996E-02
   16.8161907       1.05999997E-02
   16.8328571       1.03000002E-02
   16.8495235       1.00199999E-02
   16.8661900       9.73699987E-03
   16.8828564       9.46099963E-03
   16.8995228       9.18999966E-03
   16.9161892       8.92399997E-03
   16.9328556       8.66399985E-03
   16.9495220       8.40799976E-03
   16.9661884       8.15699995E-03
   16.9828548       7.91100040E-03
   16.9995213       7.67000020E-03
   17.0161877       7.43300002E-03
   17.0328541       7.20199989E-03
   17.0495205       6.97499979E-03
   17.0661869       6.75200019E-03
   17.0828533       6.53399993E-03
   17.0995197       6.32099994E-03
   17.1161861       6.11199997E-03
   17.1328526       5.90799982E-03
   17.1495190       5.70699992E-03
   17.1661854       5.51200006E-03
   17.1828518       5.32000000E-03
   17.1995182       5.13199996E-03
   17.2161846       4.94900020E-03
   17.2328510       4.77000000E-03
   17.2495174       4.59499983E-03
   17.2661839       4.42400016E-03
   17.2828503       4.25599981E-03
   17.2995167       4.09300020E-03
   17.3161831       3.93299991E-03
   17.3328495       3.77799990E-03
   17.3495159       3.62599990E-03
   17.3661823       3.47699993E-03
   17.3828487       3.33199999E-03
   17.3995152       3.19100008E-03
   17.4161816       3.05299996E-03
   17.4328480       2.91900011E-03
   17.4495144       2.78800004E-03
   17.4661808       2.66100001E-03
   17.4828472       2.53699999E-03
   17.4995136       2.41600000E-03
   17.5161800       2.29900004E-03
   17.5328465       2.18500011E-03
   17.5495129       2.07299995E-03
   17.5661793       1.96600007E-03
   17.5828457       1.86099997E-03
   17.5995121       1.75900001E-03
   17.6161785       1.65999995E-03
   17.6328449       1.56500004E-03
   17.6495113       1.47200003E-03
   17.6661777       1.38300005E-03
   17.6828442       1.29599997E-03
   17.6995106       1.21200003E-03
   17.7161770       1.13100000E-03
   17.7328434       1.05399999E-03
   17.7495098       9.78800002E-04
   17.7661762       9.06899979E-04
   17.7828426       8.37899977E-04
   17.7995090       7.71899999E-04
   17.8161755       7.08999985E-04
   17.8328419       6.49199996E-04
   17.8495083       5.92699973E-04
   17.8661747       5.39599976E-04
   17.8828411       4.88199992E-04
   17.8995075       4.30399989E-04
   17.9161739       3.82300001E-04
   17.9328403       3.42199986E-04
   17.9495068       3.08699993E-04
   17.9661732       2.67199997E-04
   17.9828396       2.37800006E-04
   17.9995060       2.04099997E-04
   18.0161724       1.76700007E-04
   18.0328388       1.54699999E-04
   18.0495052       1.31199995E-04
   18.0661716       1.11100002E-04
   18.0828381       9.28899972E-05
   18.0995045       7.64799988E-05
   18.1161709       6.34600001E-05
   18.1328373       5.27900011E-05
   18.1495037       4.22800003E-05
   18.1661701       3.42899984E-05
   18.1828365       2.74100003E-05
   18.1995029       2.15100008E-05
   18.2161694       1.67599992E-05
   18.2328358       1.29099999E-05
   18.2495022       9.83300015E-06
   18.2661686       7.39500001E-06
   18.2828350       5.43599981E-06
   18.2995014       3.84399982E-06
   18.3161678       2.69399993E-06
   18.3328342       1.73700005E-06
   18.3495007       1.07400001E-06
   18.3661671       6.42299995E-07
   18.3828335       3.62000009E-07
   18.3994999       1.95200002E-07
   18.4161663       9.72500018E-08
   18.4328327       3.74900004E-08
   18.4494991       9.86100002E-09
   18.4661655       1.16700005E-09
   18.4828320       1.20300003E-11
   18.4994984       7.96099975E-14
   18.5161648       1.36099997E-16
   18.5328312       5.69300013E-20
   18.5494976       8.93599986E-27
   18.5661640       0.00000000    
   18.5828304       0.00000000    
   18.5994968       0.00000000    
   18.6161633       0.00000000    
   18.6328297       0.00000000    
   18.6494961       0.00000000    
   18.6661625       0.00000000    
   18.6828289       0.00000000    
   18.6994953       0.00000000    
   18.7161617       0.00000000    
   18.7328281       0.00000000    
   18.7494946       0.00000000    
   18.7661610       0.00000000    
   18.7828274       0.00000000    
   18.7994938       0.00000000    
   18.8161602       0.00000000    
   18.8328266       0.00000000    
   18.8494930       0.00000000    
   18.8661594       0.00000000    
   18.8828259       0.00000000    
   18.8994923       0.00000000    
   18.9161587       0.00000000    
   18.9328251       0.00000000    
   18.9494915       0.00000000    
   18.9661579       0.00000000    
   18.9828243       0.00000000    
   18.9994907       0.00000000    
   19.0161572       0.00000000    
   19.0328236       0.00000000    
   19.0494900       0.00000000    
   19.0661564       0.00000000    
   19.0828228       0.00000000    
   19.0994892       0.00000000    
   19.1161556       0.00000000    
   19.1328220       0.00000000    
   19.1494884       0.00000000    
   19.1661549       0.00000000    
   19.1828213       0.00000000    
   19.1994877       0.00000000    
   19.2161541       0.00000000    
   19.2328205       0.00000000    
   19.2494869       0.00000000    
   19.2661533       0.00000000    
   19.2828197       0.00000000    
   19.2994862       0.00000000    
   19.3161526       0.00000000    
   19.3328190       0.00000000    
   19.3494854       0.00000000    
   19.3661518       0.00000000    
   19.3828182       0.00000000    
   19.3994846       0.00000000    
   19.4161510       0.00000000    
   19.4328175       0.00000000    
   19.4494839       0.00000000    
   19.4661503       0.00000000    
   19.4828167       0.00000000    
   19.4994831       0.00000000    
   19.5161495       0.00000000    
   19.5328159       0.00000000    
   19.5494823       0.00000000    
   19.5661488       0.00000000    
   19.5828152       0.00000000    
   19.5994816       0.00000000    
   19.6161480       0.00000000    
   19.6328144       0.00000000    
   19.6494808       0.00000000    
   19.6661472       0.00000000    
   19.6828136       0.00000000    
   19.6994801       0.00000000    
   19.7161465       0.00000000    
   19.7328129       0.00000000    
   19.7494793       0.00000000    
   19.7661457       0.00000000    
   19.7828121       0.00000000    
   19.7994785       0.00000000    
   19.8161449       0.00000000    
   19.8328114       0.00000000    
   19.8494778       0.00000000    
   19.8661442       0.00000000    
   19.8828106       0.00000000    
   19.8994770       0.00000000    
   19.9161434       0.00000000    
   19.9328098       0.00000000    
   19.9494762       0.00000000    
   19.9661427       0.00000000    
   19.9828091       0.00000000    
   19.9994755       0.00000000    
   20.0161419       0.00000000    
   20.0328083       0.00000000    
   20.0494747       0.00000000    
   20.0661411       0.00000000    
   20.0828075       0.00000000    
   20.0994740       0.00000000    
   20.1161404       0.00000000    
   20.1328068       0.00000000    
   20.1494732       0.00000000    
   20.1661396       0.00000000    
   20.1828060       0.00000000    
   20.1994724       0.00000000    
   20.2161388       0.00000000    
   20.2328053       0.00000000    
   20.2494717       0.00000000    
   20.2661381       0.00000000    
   20.2828045       0.00000000    
   20.2994709       0.00000000    
   20.3161373       0.00000000    
   20.3328037       0.00000000    
   20.3494701       0.00000000    
   20.3661366       0.00000000    
   20.3828030       0.00000000    
   20.3994694       0.00000000    
   20.4161358       0.00000000    
   20.4328022       0.00000000    
   20.4494686       0.00000000    
   20.4661350       0.00000000    
   20.4828014       0.00000000    
   20.4994678       0.00000000    
   20.5161343       0.00000000    
   20.5328007       0.00000000    
   20.5494671       0.00000000    
   20.5661335       0.00000000    
   20.5827999       0.00000000    
   20.5994663       0.00000000    
   20.6161327       0.00000000    
   20.6327991       0.00000000    
   20.6494656       0.00000000    
   20.6661320       0.00000000    
   20.6827984       0.00000000    
   20.6994648       0.00000000    
   20.7161312       0.00000000    
   20.7327976       0.00000000    
   20.7494640       0.00000000    
   20.7661304       0.00000000    
   20.7827969       0.00000000    
   20.7994633       0.00000000    
   20.8161297       0.00000000    
   20.8327961       0.00000000    
   20.8494625       0.00000000    
   20.8661289       0.00000000    
   20.8827953       0.00000000    
   20.8994617       0.00000000    
   20.9161282       0.00000000    
   20.9327946       0.00000000    
   20.9494610       0.00000000    
   20.9661274       0.00000000    
   20.9827938       0.00000000    
   20.9994602       0.00000000    
   21.0161266       0.00000000    
   21.0327930       0.00000000    
   21.0494595       0.00000000    
   21.0661259       0.00000000    
   21.0827923       0.00000000    
   21.0994587       0.00000000    
   21.1161251       0.00000000    
   21.1327915       0.00000000    
   21.1494579       0.00000000    
   21.1661243       0.00000000    
   21.1827908       0.00000000    
   21.1994572       0.00000000    
   21.2161236       0.00000000    
   21.2327900       0.00000000    
   21.2494564       0.00000000    
   21.2661228       0.00000000    
   21.2827892       0.00000000    
   21.2994556       0.00000000    
   21.3161221       0.00000000    
   21.3327885       0.00000000    
   21.3494549       0.00000000    
   21.3661213       0.00000000    
   21.3827877       0.00000000    
   21.3994541       0.00000000    
   21.4161205       0.00000000    
   21.4327869       0.00000000    
   21.4494534       0.00000000    
   21.4661198       0.00000000    
   21.4827862       0.00000000    
   21.4994526       0.00000000    
   21.5161190       0.00000000    
   21.5327854       0.00000000    
   21.5494518       0.00000000    
   21.5661182       0.00000000    
   21.5827847       0.00000000    
   21.5994511       0.00000000    
   21.6161175       0.00000000    
   21.6327839       0.00000000    
   21.6494503       0.00000000    
   21.6661167       0.00000000    
   21.6827831       0.00000000    
   21.6994495       0.00000000    
   21.7161160       0.00000000    
   21.7327824       0.00000000    
   21.7494488       0.00000000    
   21.7661152       0.00000000    
   21.7827816       0.00000000    
   21.7994480       0.00000000    
   21.8161144       0.00000000    
   21.8327808       0.00000000    
   21.8494473       0.00000000    
   21.8661137       0.00000000    
   21.8827801       0.00000000    
   21.8994465       0.00000000    
   21.9161129       0.00000000    
   21.9327793       0.00000000    
   21.9494457       0.00000000    
   21.9661121       0.00000000    
   21.9827785       0.00000000    
   21.9994450       0.00000000    
   22.0161114       0.00000000    
   22.0327778       0.00000000    
   22.0494442       0.00000000    
   22.0661106       0.00000000    
   22.0827770       0.00000000    
   22.0994434       0.00000000    
   22.1161098       0.00000000    
   22.1327763       0.00000000    
   22.1494427       0.00000000    
   22.1661091       0.00000000    
   22.1827755       0.00000000    
   22.1994419       0.00000000    
   22.2161083       0.00000000    
   22.2327747       0.00000000    
   22.2494411       0.00000000    
   22.2661076       0.00000000    
   22.2827740       0.00000000    
   22.2994404       0.00000000    
   22.3161068       0.00000000    
   22.3327732       0.00000000    
   22.3494396       0.00000000    
   22.3661060       0.00000000    
   22.3827724       0.00000000    
   22.3994389       0.00000000    
   22.4161053       0.00000000    
   22.4327717       0.00000000    
   22.4494381       0.00000000    
   22.4661045       0.00000000    
   22.4827709       0.00000000    
   22.4994373       0.00000000    
   22.5161037       0.00000000    
   22.5327702       0.00000000    
   22.5494366       0.00000000    
   22.5661030       0.00000000    
   22.5827694       0.00000000    
   22.5994358       0.00000000    
   22.6161022       0.00000000    
   22.6327686       0.00000000    
   22.6494350       0.00000000    
   22.6661015       0.00000000    
   22.6827679       0.00000000    
   22.6994343       0.00000000    
   22.7161007       0.00000000    
   22.7327671       0.00000000    
   22.7494335       0.00000000    
   22.7660999       0.00000000    
   22.7827663       0.00000000    
   22.7994328       0.00000000    
   22.8160992       0.00000000    
   22.8327656       0.00000000    
   22.8494320       0.00000000    
   22.8660984       0.00000000    
   22.8827648       0.00000000    
   22.8994312       0.00000000    
   22.9160976       0.00000000    
   22.9327641       0.00000000    
   22.9494305       0.00000000    
   22.9660969       0.00000000    
   22.9827633       0.00000000    
   22.9994297       0.00000000    
   23.0160961       0.00000000    
   23.0327625       0.00000000    
   23.0494289       0.00000000    
   23.0660954       0.00000000    
   23.0827618       0.00000000    
   23.0994282       0.00000000    
   23.1160946       0.00000000    
   23.1327610       0.00000000    
   23.1494274       0.00000000    
   23.1660938       0.00000000    
   23.1827602       0.00000000    
   23.1994267       0.00000000    
   23.2160931       0.00000000    
   23.2327595       0.00000000    
   23.2494259       0.00000000    
   23.2660923       0.00000000    
   23.2827587       0.00000000    
   23.2994251       0.00000000    
   23.3160915       0.00000000    
   23.3327579       0.00000000    
   23.3494244       0.00000000    
   23.3660908       0.00000000    
   23.3827572       0.00000000    
   23.3994236       0.00000000    
   23.4160900       0.00000000    
   23.4327564       0.00000000    
   23.4494228       0.00000000    
   23.4660892       0.00000000    
   23.4827557       0.00000000    
   23.4994221       0.00000000    
   23.5160885       0.00000000    
   23.5327549       0.00000000    
   23.5494213       0.00000000    
   23.5660877       0.00000000    
   23.5827541       0.00000000    
   23.5994205       0.00000000    
   23.6160870       0.00000000    
   23.6327534       0.00000000    
   23.6494198       0.00000000    
   23.6660862       0.00000000    
   23.6827526       0.00000000    
   23.6994190       0.00000000    
   23.7160854       0.00000000    
   23.7327518       0.00000000    
   23.7494183       0.00000000    
   23.7660847       0.00000000    
   23.7827511       0.00000000    
   23.7994175       0.00000000    
   23.8160839       0.00000000    
   23.8327503       0.00000000    
   23.8494167       0.00000000    
   23.8660831       0.00000000    
   23.8827496       0.00000000    
   23.8994160       0.00000000    
   23.9160824       0.00000000    
   23.9327488       0.00000000    
   23.9494152       0.00000000    
   23.9660816       0.00000000    
   23.9827480       0.00000000    
