   0.00000000       0.00000000    
   1.66660007E-02   0.00000000    
   3.33320014E-02   0.00000000    
   4.99980003E-02   0.00000000    
   6.66640028E-02   0.00000000    
   8.33300054E-02   0.00000000    
   9.99960080E-02   0.00000000    
  0.116662011       0.00000000    
  0.133328006       0.00000000    
  0.149994001       0.00000000    
  0.166659996       0.00000000    
  0.183325991       0.00000000    
  0.199991986       0.00000000    
  0.216657981       0.00000000    
  0.233323976       0.00000000    
  0.249989972       0.00000000    
  0.266655982       0.00000000    
  0.283321977       0.00000000    
  0.299987972       0.00000000    
  0.316653967       0.00000000    
  0.333319962       0.00000000    
  0.349985957       0.00000000    
  0.366651952       0.00000000    
  0.383317947       0.00000000    
  0.399983943       0.00000000    
  0.416649938       0.00000000    
  0.433315933       0.00000000    
  0.449981928       0.00000000    
  0.466647923       0.00000000    
  0.483313918       0.00000000    
  0.499979913       0.00000000    
  0.516645908       0.00000000    
  0.533311903       0.00000000    
  0.549977899       0.00000000    
  0.566643894       0.00000000    
  0.583309889       0.00000000    
  0.599975884       0.00000000    
  0.616641879       0.00000000    
  0.633307874       0.00000000    
  0.649973869       0.00000000    
  0.666639864       0.00000000    
  0.683305860       0.00000000    
  0.699971855       0.00000000    
  0.716637850       0.00000000    
  0.733303845       0.00000000    
  0.749969840       0.00000000    
  0.766635835       0.00000000    
  0.783301830       0.00000000    
  0.799967825       0.00000000    
  0.816633821       0.00000000    
  0.833299816       0.00000000    
  0.849965811       0.00000000    
  0.866631806       0.00000000    
  0.883297801       0.00000000    
  0.899963796       0.00000000    
  0.916629791       0.00000000    
  0.933295786       0.00000000    
  0.949961782       0.00000000    
  0.966627777       0.00000000    
  0.983293772       0.00000000    
  0.999959767       0.00000000    
   1.01662576       0.00000000    
   1.03329182       0.00000000    
   1.04995787       0.00000000    
   1.06662393       0.00000000    
   1.08328998       0.00000000    
   1.09995604       0.00000000    
   1.11662209       0.00000000    
   1.13328815       0.00000000    
   1.14995420       0.00000000    
   1.16662025       0.00000000    
   1.18328631       0.00000000    
   1.19995236       0.00000000    
   1.21661842       0.00000000    
   1.23328447       0.00000000    
   1.24995053       0.00000000    
   1.26661658       0.00000000    
   1.28328264       0.00000000    
   1.29994869       0.00000000    
   1.31661475       0.00000000    
   1.33328080       0.00000000    
   1.34994686       0.00000000    
   1.36661291       0.00000000    
   1.38327897       0.00000000    
   1.39994502       0.00000000    
   1.41661108       0.00000000    
   1.43327713       0.00000000    
   1.44994318       0.00000000    
   1.46660924       0.00000000    
   1.48327529       0.00000000    
   1.49994135       0.00000000    
   1.51660740       0.00000000    
   1.53327346       0.00000000    
   1.54993951       0.00000000    
   1.56660557       0.00000000    
   1.58327162       0.00000000    
   1.59993768       0.00000000    
   1.61660373       0.00000000    
   1.63326979       0.00000000    
   1.64993584       0.00000000    
   1.66660190       0.00000000    
   1.68326795       0.00000000    
   1.69993401       0.00000000    
   1.71660006       0.00000000    
   1.73326612       0.00000000    
   1.74993217       0.00000000    
   1.76659822       0.00000000    
   1.78326428       0.00000000    
   1.79993033       0.00000000    
   1.81659639       0.00000000    
   1.83326244       0.00000000    
   1.84992850       0.00000000    
   1.86659455       0.00000000    
   1.88326061       0.00000000    
   1.89992666       0.00000000    
   1.91659272       0.00000000    
   1.93325877       0.00000000    
   1.94992483       0.00000000    
   1.96659088       0.00000000    
   1.98325694       0.00000000    
   1.99992299       0.00000000    
   2.01658893       0.00000000    
   2.03325486       0.00000000    
   2.04992080       0.00000000    
   2.06658673       0.00000000    
   2.08325267       0.00000000    
   2.09991860       0.00000000    
   2.11658454       0.00000000    
   2.13325047       0.00000000    
   2.14991641       0.00000000    
   2.16658235       0.00000000    
   2.18324828       0.00000000    
   2.19991422       0.00000000    
   2.21658015       0.00000000    
   2.23324609       0.00000000    
   2.24991202       0.00000000    
   2.26657796       0.00000000    
   2.28324389       0.00000000    
   2.29990983       0.00000000    
   2.31657577       0.00000000    
   2.33324170       0.00000000    
   2.34990764       0.00000000    
   2.36657357       0.00000000    
   2.38323951       0.00000000    
   2.39990544       0.00000000    
   2.41657138       0.00000000    
   2.43323731       0.00000000    
   2.44990325       0.00000000    
   2.46656919       0.00000000    
   2.48323512       0.00000000    
   2.49990106       0.00000000    
   2.51656699       0.00000000    
   2.53323293       0.00000000    
   2.54989886       0.00000000    
   2.56656480       0.00000000    
   2.58323073       0.00000000    
   2.59989667       0.00000000    
   2.61656260       0.00000000    
   2.63322854       0.00000000    
   2.64989448       0.00000000    
   2.66656041       0.00000000    
   2.68322635       0.00000000    
   2.69989228       0.00000000    
   2.71655822       0.00000000    
   2.73322415       0.00000000    
   2.74989009       0.00000000    
   2.76655602       0.00000000    
   2.78322196       0.00000000    
   2.79988790       0.00000000    
   2.81655383       0.00000000    
   2.83321977       0.00000000    
   2.84988570       0.00000000    
   2.86655164       0.00000000    
   2.88321757       0.00000000    
   2.89988351       0.00000000    
   2.91654944       0.00000000    
   2.93321538       0.00000000    
   2.94988132       0.00000000    
   2.96654725       0.00000000    
   2.98321319       0.00000000    
   2.99987912       0.00000000    
   3.01654506       0.00000000    
   3.03321099       0.00000000    
   3.04987693       0.00000000    
   3.06654286       0.00000000    
   3.08320880       0.00000000    
   3.09987473       0.00000000    
   3.11654067       0.00000000    
   3.13320661       0.00000000    
   3.14987254       0.00000000    
   3.16653848       0.00000000    
   3.18320441       0.00000000    
   3.19987035       0.00000000    
   3.21653628       0.00000000    
   3.23320222       0.00000000    
   3.24986815       0.00000000    
   3.26653409       0.00000000    
   3.28320003       0.00000000    
   3.29986596       0.00000000    
   3.31653190       0.00000000    
   3.33319783       0.00000000    
   3.34986377       0.00000000    
   3.36652970       0.00000000    
   3.38319564       0.00000000    
   3.39986157       0.00000000    
   3.41652751       0.00000000    
   3.43319345       0.00000000    
   3.44985938       0.00000000    
   3.46652532       0.00000000    
   3.48319125       0.00000000    
   3.49985719       0.00000000    
   3.51652312       0.00000000    
   3.53318906       0.00000000    
   3.54985499       0.00000000    
   3.56652093       0.00000000    
   3.58318686       0.00000000    
   3.59985280       0.00000000    
   3.61651874       0.00000000    
   3.63318467       0.00000000    
   3.64985061       0.00000000    
   3.66651654       0.00000000    
   3.68318248       0.00000000    
   3.69984841       0.00000000    
   3.71651435       0.00000000    
   3.73318028       0.00000000    
   3.74984622       0.00000000    
   3.76651216       0.00000000    
   3.78317809       0.00000000    
   3.79984403       0.00000000    
   3.81650996       0.00000000    
   3.83317590       0.00000000    
   3.84984183       0.00000000    
   3.86650777       0.00000000    
   3.88317370       0.00000000    
   3.89983964       0.00000000    
   3.91650558       0.00000000    
   3.93317151       0.00000000    
   3.94983745       0.00000000    
   3.96650338       0.00000000    
   3.98316932       0.00000000    
   3.99983525       0.00000000    
   4.01650143       0.00000000    
   4.03316736       0.00000000    
   4.04983330       0.00000000    
   4.06649923       0.00000000    
   4.08316517       0.00000000    
   4.09983110       0.00000000    
   4.11649704       0.00000000    
   4.13316298       0.00000000    
   4.14982891       0.00000000    
   4.16649485       0.00000000    
   4.18316078       0.00000000    
   4.19982672       0.00000000    
   4.21649265       0.00000000    
   4.23315859       0.00000000    
   4.24982452       0.00000000    
   4.26649046       0.00000000    
   4.28315639       0.00000000    
   4.29982233       0.00000000    
   4.31648827       0.00000000    
   4.33315420       0.00000000    
   4.34982014       0.00000000    
   4.36648607       0.00000000    
   4.38315201       0.00000000    
   4.39981794       0.00000000    
   4.41648388       0.00000000    
   4.43314981       0.00000000    
   4.44981575       0.00000000    
   4.46648169       0.00000000    
   4.48314762       0.00000000    
   4.49981356       0.00000000    
   4.51647949       0.00000000    
   4.53314543       0.00000000    
   4.54981136       0.00000000    
   4.56647730       0.00000000    
   4.58314323       0.00000000    
   4.59980917       0.00000000    
   4.61647511       0.00000000    
   4.63314104       0.00000000    
   4.64980698       0.00000000    
   4.66647291       0.00000000    
   4.68313885       0.00000000    
   4.69980478       0.00000000    
   4.71647072       0.00000000    
   4.73313665       0.00000000    
   4.74980259       0.00000000    
   4.76646852       0.00000000    
   4.78313446       0.00000000    
   4.79980040       0.00000000    
   4.81646633       0.00000000    
   4.83313227       0.00000000    
   4.84979820       0.00000000    
   4.86646414       0.00000000    
   4.88313007       0.00000000    
   4.89979601       0.00000000    
   4.91646194       0.00000000    
   4.93312788       0.00000000    
   4.94979382       0.00000000    
   4.96645975       0.00000000    
   4.98312569       0.00000000    
   4.99979162       0.00000000    
   5.01645756       0.00000000    
   5.03312349       0.00000000    
   5.04978943       0.00000000    
   5.06645536       0.00000000    
   5.08312130       0.00000000    
   5.09978724       0.00000000    
   5.11645317       0.00000000    
   5.13311911       0.00000000    
   5.14978504       0.00000000    
   5.16645098       0.00000000    
   5.18311691       0.00000000    
   5.19978285       0.00000000    
   5.21644878       0.00000000    
   5.23311472       0.00000000    
   5.24978065       0.00000000    
   5.26644659       0.00000000    
   5.28311253       0.00000000    
   5.29977846       0.00000000    
   5.31644440       0.00000000    
   5.33311033       0.00000000    
   5.34977627       0.00000000    
   5.36644220       0.00000000    
   5.38310814       0.00000000    
   5.39977407       0.00000000    
   5.41644001       0.00000000    
   5.43310595       0.00000000    
   5.44977188       0.00000000    
   5.46643782       0.00000000    
   5.48310375       0.00000000    
   5.49976969       0.00000000    
   5.51643562       0.00000000    
   5.53310156       0.00000000    
   5.54976749       0.00000000    
   5.56643343       0.00000000    
   5.58309937       0.00000000    
   5.59976530       0.00000000    
   5.61643124       0.00000000    
   5.63309717       0.00000000    
   5.64976311       0.00000000    
   5.66642904       0.00000000    
   5.68309498       0.00000000    
   5.69976091       0.00000000    
   5.71642685       0.00000000    
   5.73309278       0.00000000    
   5.74975872       0.00000000    
   5.76642466       0.00000000    
   5.78309059       0.00000000    
   5.79975653       0.00000000    
   5.81642246       0.00000000    
   5.83308840       0.00000000    
   5.84975433       0.00000000    
   5.86642027       0.00000000    
   5.88308620       0.00000000    
   5.89975214       0.00000000    
   5.91641808       0.00000000    
   5.93308401       0.00000000    
   5.94974995       0.00000000    
   5.96641588       0.00000000    
   5.98308182       0.00000000    
   5.99974775       0.00000000    
   6.01641369       0.00000000    
   6.03307962       0.00000000    
   6.04974556       0.00000000    
   6.06641150       0.00000000    
   6.08307743       0.00000000    
   6.09974337       0.00000000    
   6.11640930       0.00000000    
   6.13307524       0.00000000    
   6.14974117       0.00000000    
   6.16640711       0.00000000    
   6.18307304       0.00000000    
   6.19973898       0.00000000    
   6.21640491       0.00000000    
   6.23307085       0.00000000    
   6.24973679       0.00000000    
   6.26640272       0.00000000    
   6.28306866       0.00000000    
   6.29973459       0.00000000    
   6.31640053       0.00000000    
   6.33306646       0.00000000    
   6.34973240       0.00000000    
   6.36639833       0.00000000    
   6.38306427       0.00000000    
   6.39973021       0.00000000    
   6.41639614       1.65800002E-12
   6.43306208       1.04999998E-09
   6.44972801       9.07799986E-08
   6.46639395       2.14700003E-06
   6.48305988       1.56000006E-05
   6.49972582       5.55299994E-05
   6.51639175       1.33099995E-04
   6.53305769       2.63599999E-04
   6.54972363       4.51700005E-04
   6.56638956       7.22399971E-04
   6.58305550       1.10899995E-03
   6.59972143       1.65400002E-03
   6.61638737       2.35700002E-03
   6.63305330       3.33700003E-03
   6.64971924       4.68100002E-03
   6.66638517       6.29799999E-03
   6.68305111       8.46500043E-03
   6.69971704       1.13100000E-02
   6.71638298       1.47599997E-02
   6.73304892       1.91600006E-02
   6.74971485       2.47200001E-02
   6.76638079       3.17500010E-02
   6.78304672       4.06400003E-02
   6.79971266       5.04200011E-02
   6.81637859       6.34400025E-02
   6.83304453       7.82999992E-02
   6.84971046       9.70899984E-02
   6.86637640      0.117399998    
   6.88304234      0.141700000    
   6.89970827      0.170100003    
   6.91637421      0.202199996    
   6.93304014      0.237499997    
   6.94970608      0.277200013    
   6.96637201      0.323000014    
   6.98303795      0.377799988    
   6.99970388      0.422100008    
   7.01636982      0.490000010    
   7.03303576      0.541899979    
   7.04970169      0.602900028    
   7.06636763      0.674499989    
   7.08303356      0.758199990    
   7.09969950      0.843299985    
   7.11636543      0.923099995    
   7.13303137       1.00699997    
   7.14969730       1.09599996    
   7.16636324       1.18799996    
   7.18302917       1.28400004    
   7.19969511       1.38199997    
   7.21636105       1.48399997    
   7.23302698       1.58899999    
   7.24969292       1.69700003    
   7.26635885       1.80799997    
   7.28302479       1.92200005    
   7.29969072       2.03800011    
   7.31635666       2.15700006    
   7.33302259       2.27800012    
   7.34968853       2.40199995    
   7.36635447       2.52900004    
   7.38302040       2.65799999    
   7.39968634       2.78999996    
   7.41635227       2.92499995    
   7.43301821       3.06200004    
   7.44968414       3.20099998    
   7.46635008       3.34299994    
   7.48301601       3.48699999    
   7.49968195       3.63400006    
   7.51634789       3.78299999    
   7.53301382       3.93499994    
   7.54967976       4.08900023    
   7.56634569       4.24599981    
   7.58301163       4.40500021    
   7.59967756       4.56599998    
   7.61634350       4.72900009    
   7.63300943       4.89499998    
   7.64967537       5.06300020    
   7.66634130       5.23299980    
   7.68300724       5.40500021    
   7.69967318       5.57900000    
   7.71633911       5.75500011    
   7.73300505       5.93400002    
   7.74967098       6.11399984    
   7.76633692       6.29600000    
   7.78300285       6.48000002    
   7.79966879       6.66599989    
   7.81633472       6.85300016    
   7.83300066       7.04199982    
   7.84966660       7.23299980    
   7.86633253       7.42600012    
   7.88299847       7.62099981    
   7.89966440       7.81599998    
   7.91633034       8.01399994    
   7.93299627       8.21199989    
   7.94966221       8.41199970    
   7.96632814       8.61400032    
   7.98299408       8.81700039    
   7.99966002       9.02099991    
   8.01632595       9.22599983    
   8.03299236       9.43299961    
   8.04965878       9.64099979    
   8.06632519       9.85000038    
   8.08299160       10.0600004    
   8.09965801       10.2700005    
   8.11632442       10.4799995    
   8.13299084       10.6999998    
   8.14965725       10.9099998    
   8.16632366       11.1300001    
   8.18299007       11.3400002    
   8.19965649       11.5600004    
   8.21632290       11.7700005    
   8.23298931       11.9899998    
   8.24965572       12.2100000    
   8.26632214       12.4300003    
   8.28298855       12.6499996    
   8.29965496       12.8699999    
   8.31632137       13.0900002    
   8.33298779       13.3199997    
   8.34965420       13.5400000    
   8.36632061       13.7600002    
   8.38298702       13.9899998    
   8.39965343       14.2100000    
   8.41631985       14.4300003    
   8.43298626       14.6599998    
   8.44965267       14.8800001    
   8.46631908       15.1099997    
   8.48298550       15.3400002    
   8.49965191       15.5600004    
   8.51631832       15.7900000    
   8.53298473       16.0200005    
   8.54965115       16.2399998    
   8.56631756       16.4699993    
   8.58298397       16.7000008    
   8.59965038       16.9200001    
   8.61631680       17.1499996    
   8.63298321       17.3799992    
   8.64964962       17.6100006    
   8.66631603       17.8400002    
   8.68298244       18.0599995    
   8.69964886       18.2900009    
   8.71631527       18.5200005    
   8.73298168       18.7500000    
   8.74964809       18.9699993    
   8.76631451       19.2000008    
   8.78298092       19.4300003    
   8.79964733       19.6599998    
   8.81631374       19.8899994    
   8.83298016       20.1100006    
   8.84964657       20.3400002    
   8.86631298       20.5699997    
   8.88297939       20.7900009    
   8.89964581       21.0200005    
   8.91631222       21.2500000    
   8.93297863       21.4699993    
   8.94964504       21.7000008    
   8.96631145       21.9300003    
   8.98297787       22.1499996    
   8.99964428       22.3799992    
   9.01631069       22.6000004    
   9.03297710       22.8299999    
   9.04964352       23.0499992    
   9.06630993       23.2700005    
   9.08297634       23.5000000    
   9.09964275       23.7199993    
   9.11630917       23.9400005    
   9.13297558       24.1700001    
   9.14964199       24.3899994    
   9.16630840       24.6100006    
   9.18297482       24.8299999    
   9.19964123       25.0499992    
   9.21630764       25.2700005    
   9.23297405       25.4899998    
   9.24964046       25.7099991    
   9.26630688       25.9300003    
   9.28297329       26.1499996    
   9.29963970       26.3700008    
   9.31630611       26.5799999    
   9.33297253       26.7999992    
   9.34963894       27.0200005    
   9.36630535       27.2299995    
   9.38297176       27.4500008    
   9.39963818       27.6599998    
   9.41630459       27.8700008    
   9.43297100       28.0900002    
   9.44963741       28.2999992    
   9.46630383       28.5100002    
   9.48297024       28.7199993    
   9.49963665       28.9300003    
   9.51630306       29.1399994    
   9.53296947       29.3500004    
   9.54963589       29.5599995    
   9.56630230       29.7700005    
   9.58296871       29.9699993    
   9.59963512       30.1800003    
   9.61630154       30.3899994    
   9.63296795       30.5900002    
   9.64963436       30.7900009    
   9.66630077       31.0000000    
   9.68296719       31.2000008    
   9.69963360       31.3999996    
   9.71630001       31.6000004    
   9.73296642       31.7999992    
   9.74963284       32.0000000    
   9.76629925       32.2000008    
   9.78296566       32.4000015    
   9.79963207       32.5999985    
   9.81629848       32.7900009    
   9.83296490       32.9900017    
   9.84963131       33.1800003    
   9.86629772       33.3800011    
   9.88296413       33.5699997    
   9.89963055       33.7599983    
   9.91629696       33.9500008    
   9.93296337       34.1399994    
   9.94962978       34.3300018    
   9.96629620       34.5200005    
   9.98296261       34.7099991    
   9.99962902       34.8899994    
   10.0162954       35.0800018    
   10.0329618       35.2599983    
   10.0496283       35.4500008    
   10.0662947       35.6300011    
   10.0829611       35.8100014    
   10.0996275       35.9900017    
   10.1162939       36.1699982    
   10.1329603       36.3499985    
   10.1496267       36.5299988    
   10.1662931       36.7099991    
   10.1829596       36.8800011    
   10.1996260       37.0600014    
   10.2162924       37.2299995    
   10.2329588       37.4099998    
   10.2496252       37.5800018    
   10.2662916       37.7500000    
   10.2829580       37.9199982    
   10.2996244       38.0900002    
   10.3162909       38.2599983    
   10.3329573       38.4199982    
   10.3496237       38.5900002    
   10.3662901       38.7500000    
   10.3829565       38.9199982    
   10.3996229       39.0800018    
   10.4162893       39.2400017    
   10.4329557       39.4000015    
   10.4496222       39.5600014    
   10.4662886       39.7200012    
   10.4829550       39.8800011    
   10.4996214       40.0299988    
   10.5162878       40.1899986    
   10.5329542       40.3400002    
   10.5496206       40.5000000    
   10.5662870       40.6500015    
   10.5829535       40.7999992    
   10.5996199       40.9500008    
   10.6162863       41.0999985    
   10.6329527       41.2400017    
   10.6496191       41.3899994    
   10.6662855       41.5400009    
   10.6829519       41.6800003    
   10.6996183       41.8199997    
   10.7162848       41.9599991    
   10.7329512       42.1100006    
   10.7496176       42.2400017    
   10.7662840       42.3800011    
   10.7829504       42.5200005    
   10.7996168       42.6599998    
   10.8162832       42.7900009    
   10.8329496       42.9199982    
   10.8496161       43.0600014    
   10.8662825       43.1899986    
   10.8829489       43.3199997    
   10.8996153       43.4500008    
   10.9162817       43.5699997    
   10.9329481       43.7000008    
   10.9496145       43.8199997    
   10.9662809       43.9500008    
   10.9829473       44.0699997    
   10.9996138       44.1899986    
   11.0162802       44.3100014    
   11.0329466       44.4300003    
   11.0496130       44.5499992    
   11.0662794       44.6699982    
   11.0829458       44.7799988    
   11.0996122       44.9000015    
   11.1162786       45.0099983    
   11.1329451       45.1199989    
   11.1496115       45.2299995    
   11.1662779       45.3400002    
   11.1829443       45.4500008    
   11.1996107       45.5499992    
   11.2162771       45.6599998    
   11.2329435       45.7599983    
   11.2496099       45.8600006    
   11.2662764       45.9700012    
   11.2829428       46.0699997    
   11.2996092       46.1599998    
   11.3162756       46.2599983    
   11.3329420       46.3600006    
   11.3496084       46.4500008    
   11.3662748       46.5499992    
   11.3829412       46.6399994    
   11.3996077       46.7299995    
   11.4162741       46.8199997    
   11.4329405       46.9099998    
   11.4496069       47.0000000    
   11.4662733       47.0800018    
   11.4829397       47.1699982    
   11.4996061       47.2500000    
   11.5162725       47.3300018    
   11.5329390       47.4099998    
   11.5496054       47.4900017    
   11.5662718       47.5699997    
   11.5829382       47.6500015    
   11.5996046       47.7200012    
   11.6162710       47.7999992    
   11.6329374       47.8699989    
   11.6496038       47.9399986    
   11.6662703       48.0099983    
   11.6829367       48.0800018    
   11.6996031       48.1500015    
   11.7162695       48.2099991    
   11.7329359       48.2799988    
   11.7496023       48.3400002    
   11.7662687       48.4000015    
   11.7829351       48.4599991    
   11.7996016       48.5200005    
   11.8162680       48.5800018    
   11.8329344       48.6399994    
   11.8496008       48.6899986    
   11.8662672       48.7500000    
   11.8829336       48.7999992    
   11.8996000       48.8499985    
   11.9162664       48.9000015    
   11.9329329       48.9500008    
   11.9495993       49.0000000    
   11.9662657       49.0400009    
   11.9829321       49.0900002    
   11.9995985       49.1300011    
   12.0162649       49.1699982    
   12.0329313       49.2099991    
   12.0495977       49.2500000    
   12.0662642       49.2900009    
   12.0829306       49.3300018    
   12.0995970       49.3600006    
   12.1162634       49.4000015    
   12.1329298       49.4300003    
   12.1495962       49.4599991    
   12.1662626       49.4900017    
   12.1829290       49.5200005    
   12.1995955       49.5400009    
   12.2162619       49.5699997    
   12.2329283       49.5900002    
   12.2495947       49.6100006    
   12.2662611       49.6399994    
   12.2829275       49.6599998    
   12.2995939       49.6699982    
   12.3162603       49.6899986    
   12.3329268       49.7099991    
   12.3495932       49.7200012    
   12.3662596       49.7299995    
   12.3829260       49.7400017    
   12.3995924       49.7599983    
   12.4162588       49.7599983    
   12.4329252       49.7700005    
   12.4495916       49.7799988    
   12.4662580       49.7799988    
   12.4829245       49.7900009    
   12.4995909       49.7900009    
   12.5162573       49.7900009    
   12.5329237       49.7900009    
   12.5495901       49.7799988    
   12.5662565       49.7799988    
   12.5829229       49.7799988    
   12.5995893       49.7700005    
   12.6162558       49.7599983    
   12.6329222       49.7500000    
   12.6495886       49.7400017    
   12.6662550       49.7299995    
   12.6829214       49.7200012    
   12.6995878       49.7000008    
   12.7162542       49.6899986    
   12.7329206       49.6699982    
   12.7495871       49.6500015    
   12.7662535       49.6300011    
   12.7829199       49.6100006    
   12.7995863       49.5800018    
   12.8162527       49.5600014    
   12.8329191       49.5299988    
   12.8495855       49.5099983    
   12.8662519       49.4799995    
   12.8829184       49.4500008    
   12.8995848       49.4199982    
   12.9162512       49.3800011    
   12.9329176       49.3499985    
   12.9495840       49.3199997    
   12.9662504       49.2799988    
   12.9829168       49.2400017    
   12.9995832       49.2000008    
   13.0162497       49.1599998    
   13.0329161       49.1199989    
   13.0495825       49.0699997    
   13.0662489       49.0299988    
   13.0829153       48.9799995    
   13.0995817       48.9399986    
   13.1162481       48.8899994    
   13.1329145       48.8400002    
   13.1495810       48.7900009    
   13.1662474       48.7299995    
   13.1829138       48.6800003    
   13.1995802       48.6199989    
   13.2162466       48.5600014    
   13.2329130       48.5099983    
   13.2495794       48.4500008    
   13.2662458       48.3899994    
   13.2829123       48.3199997    
   13.2995787       48.2599983    
   13.3162451       48.1899986    
   13.3329115       48.1300011    
   13.3495779       48.0600014    
   13.3662443       47.9900017    
   13.3829107       47.9199982    
   13.3995771       47.8499985    
   13.4162436       47.7700005    
   13.4329100       47.7000008    
   13.4495764       47.6199989    
   13.4662428       47.5499992    
   13.4829092       47.4700012    
   13.4995756       47.3899994    
   13.5162420       47.3100014    
   13.5329084       47.2299995    
   13.5495749       47.1399994    
   13.5662413       47.0600014    
   13.5829077       46.9700012    
   13.5995741       46.8800011    
   13.6162405       46.7900009    
   13.6329069       46.7000008    
   13.6495733       46.6100006    
   13.6662397       46.5200005    
   13.6829062       46.4300003    
   13.6995726       46.3300018    
   13.7162390       46.2299995    
   13.7329054       46.1300011    
   13.7495718       46.0400009    
   13.7662382       45.9399986    
   13.7829046       45.8300018    
   13.7995710       45.7299995    
   13.8162374       45.6300011    
   13.8329039       45.5200005    
   13.8495703       45.4099998    
   13.8662367       45.3100014    
   13.8829031       45.2000008    
   13.8995695       45.0900002    
   13.9162359       44.9700012    
   13.9329023       44.8600006    
   13.9495687       44.7500000    
   13.9662352       44.6300011    
   13.9829016       44.5099983    
   13.9995680       44.3899994    
   14.0162344       44.2700005    
   14.0329008       44.1599998    
   14.0495672       44.0299988    
   14.0662336       43.9099998    
   14.0829000       43.7900009    
   14.0995665       43.6599998    
   14.1162329       43.5299988    
   14.1328993       43.4099998    
   14.1495657       43.2799988    
   14.1662321       43.1500015    
   14.1828985       43.0200005    
   14.1995649       42.8800011    
   14.2162313       42.7500000    
   14.2328978       42.6100006    
   14.2495642       42.4799995    
   14.2662306       42.3400002    
   14.2828970       42.2000008    
   14.2995634       42.0600014    
   14.3162298       41.9199982    
   14.3328962       41.7799988    
   14.3495626       41.6399994    
   14.3662291       41.4900017    
   14.3828955       41.3499985    
   14.3995619       41.2000008    
   14.4162283       41.0499992    
   14.4328947       40.9000015    
   14.4495611       40.7500000    
   14.4662275       40.5999985    
   14.4828939       40.4500008    
   14.4995604       40.2999992    
   14.5162268       40.1399994    
   14.5328932       39.9900017    
   14.5495596       39.8300018    
   14.5662260       39.6699982    
   14.5828924       39.5099983    
   14.5995588       39.3499985    
   14.6162252       39.1899986    
   14.6328917       39.0299988    
   14.6495581       38.8699989    
   14.6662245       38.7000008    
   14.6828909       38.5400009    
   14.6995573       38.3699989    
   14.7162237       38.2000008    
   14.7328901       38.0400009    
   14.7495565       37.8699989    
   14.7662230       37.7000008    
   14.7828894       37.5299988    
   14.7995558       37.3499985    
   14.8162222       37.1800003    
   14.8328886       37.0000000    
   14.8495550       36.8300018    
   14.8662214       36.6500015    
   14.8828878       36.4799995    
   14.8995543       36.2999992    
   14.9162207       36.1199989    
   14.9328871       35.9399986    
   14.9495535       35.7599983    
   14.9662199       35.5699997    
   14.9828863       35.3899994    
   14.9995527       35.2099991    
   15.0162191       35.0200005    
   15.0328856       34.8400002    
   15.0495520       34.6500015    
   15.0662184       34.4599991    
   15.0828848       34.2700005    
   15.0995512       34.0800018    
   15.1162176       33.8899994    
   15.1328840       33.7000008    
   15.1495504       33.5099983    
   15.1662169       33.3199997    
   15.1828833       33.1199989    
   15.1995497       32.9300003    
   15.2162161       32.7299995    
   15.2328825       32.5400009    
   15.2495489       32.3400002    
   15.2662153       32.1399994    
   15.2828817       31.9400005    
   15.2995481       31.7399998    
   15.3162146       31.5400009    
   15.3328810       31.3400002    
   15.3495474       31.1399994    
   15.3662138       30.9400005    
   15.3828802       30.7299995    
   15.3995466       30.5300007    
   15.4162130       30.3199997    
   15.4328794       30.1200008    
   15.4495459       29.9099998    
   15.4662123       29.7000008    
   15.4828787       29.5000000    
   15.4995451       29.2900009    
   15.5162115       29.0799999    
   15.5328779       28.8700008    
   15.5495443       28.6599998    
   15.5662107       28.4500008    
   15.5828772       28.2299995    
   15.5995436       28.0200005    
   15.6162100       27.8099995    
   15.6328764       27.5900002    
   15.6495428       27.3799992    
   15.6662092       27.1599998    
   15.6828756       26.9500008    
   15.6995420       26.7299995    
   15.7162085       26.5200005    
   15.7328749       26.2999992    
   15.7495413       26.0799999    
   15.7662077       25.8600006    
   15.7828741       25.6399994    
   15.7995405       25.4200001    
   15.8162069       25.2000008    
   15.8328733       24.9799995    
   15.8495398       24.7600002    
   15.8662062       24.5400009    
   15.8828726       24.3199997    
   15.8995390       24.1000004    
   15.9162054       23.8799992    
   15.9328718       23.6499996    
   15.9495382       23.4300003    
   15.9662046       23.2099991    
   15.9828711       22.9799995    
   15.9995375       22.7600002    
   16.0162029       22.5300007    
   16.0328693       22.3099995    
   16.0495358       22.0799999    
   16.0662022       21.8600006    
   16.0828686       21.6299992    
   16.0995350       21.4099998    
   16.1162014       21.1800003    
   16.1328678       20.9500008    
   16.1495342       20.7299995    
   16.1662006       20.5000000    
   16.1828671       20.2700005    
   16.1995335       20.0400009    
   16.2161999       19.8199997    
   16.2328663       19.5900002    
   16.2495327       19.3600006    
   16.2661991       19.1299992    
   16.2828655       18.9099998    
   16.2995319       18.6800003    
   16.3161983       18.4500008    
   16.3328648       18.2199993    
   16.3495312       17.9899998    
   16.3661976       17.7700005    
   16.3828640       17.5400009    
   16.3995304       17.3099995    
   16.4161968       17.0799999    
   16.4328632       16.8500004    
   16.4495296       16.6299992    
   16.4661961       16.3999996    
   16.4828625       16.1700001    
   16.4995289       15.9499998    
   16.5161953       15.7200003    
   16.5328617       15.4899998    
   16.5495281       15.2700005    
   16.5661945       15.0400000    
   16.5828609       14.8199997    
   16.5995274       14.5900002    
   16.6161938       14.3699999    
   16.6328602       14.1400003    
   16.6495266       13.9200001    
   16.6661930       13.6899996    
   16.6828594       13.4700003    
   16.6995258       13.2500000    
   16.7161922       13.0299997    
   16.7328587       12.8100004    
   16.7495251       12.5799999    
   16.7661915       12.3599997    
   16.7828579       12.1499996    
   16.7995243       11.9300003    
   16.8161907       11.7100000    
   16.8328571       11.4899998    
   16.8495235       11.2799997    
   16.8661900       11.0600004    
   16.8828564       10.8500004    
   16.8995228       10.6300001    
   16.9161892       10.4200001    
   16.9328556       10.2100000    
   16.9495220       9.99600029    
   16.9661884       9.78600025    
   16.9828548       9.57800007    
   16.9995213       9.36999989    
   17.0161877       9.16399956    
   17.0328541       8.95899963    
   17.0495205       8.75500011    
   17.0661869       8.55300045    
   17.0828533       8.35099983    
   17.0995197       8.15200043    
   17.1161861       7.95400000    
   17.1328526       7.75699997    
   17.1495190       7.56099987    
   17.1661854       7.36700010    
   17.1828518       7.17500019    
   17.1995182       6.98500013    
   17.2161846       6.79600000    
   17.2328510       6.60900021    
   17.2495174       6.42399979    
   17.2661839       6.23999977    
   17.2828503       6.05900002    
   17.2995167       5.87900019    
   17.3161831       5.70200014    
   17.3328495       5.52600002    
   17.3495159       5.35200024    
   17.3661823       5.18100023    
   17.3828487       5.01100016    
   17.3995152       4.84399986    
   17.4161816       4.67899990    
   17.4328480       4.51700020    
   17.4495144       4.35599995    
   17.4661808       4.19799995    
   17.4828472       4.04199982    
   17.4995136       3.88899994    
   17.5161800       3.73799992    
   17.5328465       3.58899999    
   17.5495129       3.44300008    
   17.5661793       3.29900002    
   17.5828457       3.15799999    
   17.5995121       3.01999998    
   17.6161785       2.88400006    
   17.6328449       2.75000000    
   17.6495113       2.61899996    
   17.6661777       2.49000001    
   17.6828442       2.36500001    
   17.6995106       2.24099994    
   17.7161770       2.11999989    
   17.7328434       2.00200009    
   17.7495098       1.88699996    
   17.7661762       1.77400005    
   17.7828426       1.66400003    
   17.7995090       1.55700004    
   17.8161755       1.45299995    
   17.8328419       1.35200000    
   17.8495083       1.25399995    
   17.8661747       1.15999997    
   17.8828411       1.06900001    
   17.8995075      0.981500030    
   17.9161739      0.898500025    
   17.9328403      0.820200026    
   17.9495068      0.731500030    
   17.9661732      0.651600003    
   17.9828396      0.583500028    
   17.9995060      0.525399983    
   18.0161724      0.464899987    
   18.0328388      0.407400012    
   18.0495052      0.355500013    
   18.0661716      0.311800003    
   18.0828381      0.266000003    
   18.0995045      0.226300001    
   18.1161709      0.191599995    
   18.1328373      0.160999998    
   18.1495037      0.134499997    
   18.1661701      0.111900002    
   18.1828365       9.05399993E-02
   18.1995029       7.37000033E-02
   18.2161694       5.91300018E-02
   18.2328358       4.74900007E-02
   18.2495022       3.73300016E-02
   18.2661686       2.92799994E-02
   18.2828350       2.28400007E-02
   18.2995014       1.76599994E-02
   18.3161678       1.35399997E-02
   18.3328342       1.03200004E-02
   18.3495007       7.81400036E-03
   18.3661671       5.74300019E-03
   18.3828335       4.22200002E-03
   18.3994999       3.00800009E-03
   18.4161663       2.14200001E-03
   18.4328327       1.46599999E-03
   18.4494991       9.75499977E-04
   18.4661655       6.28600013E-04
   18.4828320       3.86600004E-04
   18.4994984       2.20600006E-04
   18.5161648       1.05400002E-04
   18.5328312       3.99099990E-05
   18.5494976       9.34800028E-06
   18.5661640       9.87399972E-07
   18.5828304       2.65499995E-08
   18.5994968       1.76199999E-10
   18.6161633       1.62299997E-13
   18.6328297       0.00000000    
   18.6494961       0.00000000    
   18.6661625       0.00000000    
   18.6828289       0.00000000    
   18.6994953       0.00000000    
   18.7161617       0.00000000    
   18.7328281       0.00000000    
   18.7494946       0.00000000    
   18.7661610       0.00000000    
   18.7828274       0.00000000    
   18.7994938       0.00000000    
   18.8161602       0.00000000    
   18.8328266       0.00000000    
   18.8494930       0.00000000    
   18.8661594       0.00000000    
   18.8828259       0.00000000    
   18.8994923       0.00000000    
   18.9161587       0.00000000    
   18.9328251       0.00000000    
   18.9494915       0.00000000    
   18.9661579       0.00000000    
   18.9828243       0.00000000    
   18.9994907       0.00000000    
   19.0161572       0.00000000    
   19.0328236       0.00000000    
   19.0494900       0.00000000    
   19.0661564       0.00000000    
   19.0828228       0.00000000    
   19.0994892       0.00000000    
   19.1161556       0.00000000    
   19.1328220       0.00000000    
   19.1494884       0.00000000    
   19.1661549       0.00000000    
   19.1828213       0.00000000    
   19.1994877       0.00000000    
   19.2161541       0.00000000    
   19.2328205       0.00000000    
   19.2494869       0.00000000    
   19.2661533       0.00000000    
   19.2828197       0.00000000    
   19.2994862       0.00000000    
   19.3161526       0.00000000    
   19.3328190       0.00000000    
   19.3494854       0.00000000    
   19.3661518       0.00000000    
   19.3828182       0.00000000    
   19.3994846       0.00000000    
   19.4161510       0.00000000    
   19.4328175       0.00000000    
   19.4494839       0.00000000    
   19.4661503       0.00000000    
   19.4828167       0.00000000    
   19.4994831       0.00000000    
   19.5161495       0.00000000    
   19.5328159       0.00000000    
   19.5494823       0.00000000    
   19.5661488       0.00000000    
   19.5828152       0.00000000    
   19.5994816       0.00000000    
   19.6161480       0.00000000    
   19.6328144       0.00000000    
   19.6494808       0.00000000    
   19.6661472       0.00000000    
   19.6828136       0.00000000    
   19.6994801       0.00000000    
   19.7161465       0.00000000    
   19.7328129       0.00000000    
   19.7494793       0.00000000    
   19.7661457       0.00000000    
   19.7828121       0.00000000    
   19.7994785       0.00000000    
   19.8161449       0.00000000    
   19.8328114       0.00000000    
   19.8494778       0.00000000    
   19.8661442       0.00000000    
   19.8828106       0.00000000    
   19.8994770       0.00000000    
   19.9161434       0.00000000    
   19.9328098       0.00000000    
   19.9494762       0.00000000    
   19.9661427       0.00000000    
   19.9828091       0.00000000    
   19.9994755       0.00000000    
   20.0161419       0.00000000    
   20.0328083       0.00000000    
   20.0494747       0.00000000    
   20.0661411       0.00000000    
   20.0828075       0.00000000    
   20.0994740       0.00000000    
   20.1161404       0.00000000    
   20.1328068       0.00000000    
   20.1494732       0.00000000    
   20.1661396       0.00000000    
   20.1828060       0.00000000    
   20.1994724       0.00000000    
   20.2161388       0.00000000    
   20.2328053       0.00000000    
   20.2494717       0.00000000    
   20.2661381       0.00000000    
   20.2828045       0.00000000    
   20.2994709       0.00000000    
   20.3161373       0.00000000    
   20.3328037       0.00000000    
   20.3494701       0.00000000    
   20.3661366       0.00000000    
   20.3828030       0.00000000    
   20.3994694       0.00000000    
   20.4161358       0.00000000    
   20.4328022       0.00000000    
   20.4494686       0.00000000    
   20.4661350       0.00000000    
   20.4828014       0.00000000    
   20.4994678       0.00000000    
   20.5161343       0.00000000    
   20.5328007       0.00000000    
   20.5494671       0.00000000    
   20.5661335       0.00000000    
   20.5827999       0.00000000    
   20.5994663       0.00000000    
   20.6161327       0.00000000    
   20.6327991       0.00000000    
   20.6494656       0.00000000    
   20.6661320       0.00000000    
   20.6827984       0.00000000    
   20.6994648       0.00000000    
   20.7161312       0.00000000    
   20.7327976       0.00000000    
   20.7494640       0.00000000    
   20.7661304       0.00000000    
   20.7827969       0.00000000    
   20.7994633       0.00000000    
   20.8161297       0.00000000    
   20.8327961       0.00000000    
   20.8494625       0.00000000    
   20.8661289       0.00000000    
   20.8827953       0.00000000    
   20.8994617       0.00000000    
   20.9161282       0.00000000    
   20.9327946       0.00000000    
   20.9494610       0.00000000    
   20.9661274       0.00000000    
   20.9827938       0.00000000    
   20.9994602       0.00000000    
   21.0161266       0.00000000    
   21.0327930       0.00000000    
   21.0494595       0.00000000    
   21.0661259       0.00000000    
   21.0827923       0.00000000    
   21.0994587       0.00000000    
   21.1161251       0.00000000    
   21.1327915       0.00000000    
   21.1494579       0.00000000    
   21.1661243       0.00000000    
   21.1827908       0.00000000    
   21.1994572       0.00000000    
   21.2161236       0.00000000    
   21.2327900       0.00000000    
   21.2494564       0.00000000    
   21.2661228       0.00000000    
   21.2827892       0.00000000    
   21.2994556       0.00000000    
   21.3161221       0.00000000    
   21.3327885       0.00000000    
   21.3494549       0.00000000    
   21.3661213       0.00000000    
   21.3827877       0.00000000    
   21.3994541       0.00000000    
   21.4161205       0.00000000    
   21.4327869       0.00000000    
   21.4494534       0.00000000    
   21.4661198       0.00000000    
   21.4827862       0.00000000    
   21.4994526       0.00000000    
   21.5161190       0.00000000    
   21.5327854       0.00000000    
   21.5494518       0.00000000    
   21.5661182       0.00000000    
   21.5827847       0.00000000    
   21.5994511       0.00000000    
   21.6161175       0.00000000    
   21.6327839       0.00000000    
   21.6494503       0.00000000    
   21.6661167       0.00000000    
   21.6827831       0.00000000    
   21.6994495       0.00000000    
   21.7161160       0.00000000    
   21.7327824       0.00000000    
   21.7494488       0.00000000    
   21.7661152       0.00000000    
   21.7827816       0.00000000    
   21.7994480       0.00000000    
   21.8161144       0.00000000    
   21.8327808       0.00000000    
   21.8494473       0.00000000    
   21.8661137       0.00000000    
   21.8827801       0.00000000    
   21.8994465       0.00000000    
   21.9161129       0.00000000    
   21.9327793       0.00000000    
   21.9494457       0.00000000    
   21.9661121       0.00000000    
   21.9827785       0.00000000    
   21.9994450       0.00000000    
   22.0161114       0.00000000    
   22.0327778       0.00000000    
   22.0494442       0.00000000    
   22.0661106       0.00000000    
   22.0827770       0.00000000    
   22.0994434       0.00000000    
   22.1161098       0.00000000    
   22.1327763       0.00000000    
   22.1494427       0.00000000    
   22.1661091       0.00000000    
   22.1827755       0.00000000    
   22.1994419       0.00000000    
   22.2161083       0.00000000    
   22.2327747       0.00000000    
   22.2494411       0.00000000    
   22.2661076       0.00000000    
   22.2827740       0.00000000    
   22.2994404       0.00000000    
   22.3161068       0.00000000    
   22.3327732       0.00000000    
   22.3494396       0.00000000    
   22.3661060       0.00000000    
   22.3827724       0.00000000    
   22.3994389       0.00000000    
   22.4161053       0.00000000    
   22.4327717       0.00000000    
   22.4494381       0.00000000    
   22.4661045       0.00000000    
   22.4827709       0.00000000    
   22.4994373       0.00000000    
   22.5161037       0.00000000    
   22.5327702       0.00000000    
   22.5494366       0.00000000    
   22.5661030       0.00000000    
   22.5827694       0.00000000    
   22.5994358       0.00000000    
   22.6161022       0.00000000    
   22.6327686       0.00000000    
   22.6494350       0.00000000    
   22.6661015       0.00000000    
   22.6827679       0.00000000    
   22.6994343       0.00000000    
   22.7161007       0.00000000    
   22.7327671       0.00000000    
   22.7494335       0.00000000    
   22.7660999       0.00000000    
   22.7827663       0.00000000    
   22.7994328       0.00000000    
   22.8160992       0.00000000    
   22.8327656       0.00000000    
   22.8494320       0.00000000    
   22.8660984       0.00000000    
   22.8827648       0.00000000    
   22.8994312       0.00000000    
   22.9160976       0.00000000    
   22.9327641       0.00000000    
   22.9494305       0.00000000    
   22.9660969       0.00000000    
   22.9827633       0.00000000    
   22.9994297       0.00000000    
   23.0160961       0.00000000    
   23.0327625       0.00000000    
   23.0494289       0.00000000    
   23.0660954       0.00000000    
   23.0827618       0.00000000    
   23.0994282       0.00000000    
   23.1160946       0.00000000    
   23.1327610       0.00000000    
   23.1494274       0.00000000    
   23.1660938       0.00000000    
   23.1827602       0.00000000    
   23.1994267       0.00000000    
   23.2160931       0.00000000    
   23.2327595       0.00000000    
   23.2494259       0.00000000    
   23.2660923       0.00000000    
   23.2827587       0.00000000    
   23.2994251       0.00000000    
   23.3160915       0.00000000    
   23.3327579       0.00000000    
   23.3494244       0.00000000    
   23.3660908       0.00000000    
   23.3827572       0.00000000    
   23.3994236       0.00000000    
   23.4160900       0.00000000    
   23.4327564       0.00000000    
   23.4494228       0.00000000    
   23.4660892       0.00000000    
   23.4827557       0.00000000    
   23.4994221       0.00000000    
   23.5160885       0.00000000    
   23.5327549       0.00000000    
   23.5494213       0.00000000    
   23.5660877       0.00000000    
   23.5827541       0.00000000    
   23.5994205       0.00000000    
   23.6160870       0.00000000    
   23.6327534       0.00000000    
   23.6494198       0.00000000    
   23.6660862       0.00000000    
   23.6827526       0.00000000    
   23.6994190       0.00000000    
   23.7160854       0.00000000    
   23.7327518       0.00000000    
   23.7494183       0.00000000    
   23.7660847       0.00000000    
   23.7827511       0.00000000    
   23.7994175       0.00000000    
   23.8160839       0.00000000    
   23.8327503       0.00000000    
   23.8494167       0.00000000    
   23.8660831       0.00000000    
   23.8827496       0.00000000    
   23.8994160       0.00000000    
   23.9160824       0.00000000    
   23.9327488       0.00000000    
   23.9494152       0.00000000    
   23.9660816       0.00000000    
   23.9827480       0.00000000    
