   0.00000000       0.00000000    
   1.66660007E-02   0.00000000    
   3.33320014E-02   0.00000000    
   4.99980003E-02   0.00000000    
   6.66640028E-02   0.00000000    
   8.33300054E-02   0.00000000    
   9.99960080E-02   0.00000000    
  0.116662011       0.00000000    
  0.133328006       0.00000000    
  0.149994001       0.00000000    
  0.166659996       0.00000000    
  0.183325991       0.00000000    
  0.199991986       0.00000000    
  0.216657981       0.00000000    
  0.233323976       0.00000000    
  0.249989972       0.00000000    
  0.266655982       0.00000000    
  0.283321977       0.00000000    
  0.299987972       0.00000000    
  0.316653967       0.00000000    
  0.333319962       0.00000000    
  0.349985957       0.00000000    
  0.366651952       0.00000000    
  0.383317947       0.00000000    
  0.399983943       0.00000000    
  0.416649938       0.00000000    
  0.433315933       0.00000000    
  0.449981928       0.00000000    
  0.466647923       0.00000000    
  0.483313918       0.00000000    
  0.499979913       0.00000000    
  0.516645908       0.00000000    
  0.533311903       0.00000000    
  0.549977899       0.00000000    
  0.566643894       0.00000000    
  0.583309889       0.00000000    
  0.599975884       0.00000000    
  0.616641879       0.00000000    
  0.633307874       0.00000000    
  0.649973869       0.00000000    
  0.666639864       0.00000000    
  0.683305860       0.00000000    
  0.699971855       0.00000000    
  0.716637850       0.00000000    
  0.733303845       0.00000000    
  0.749969840       0.00000000    
  0.766635835       0.00000000    
  0.783301830       0.00000000    
  0.799967825       0.00000000    
  0.816633821       0.00000000    
  0.833299816       0.00000000    
  0.849965811       0.00000000    
  0.866631806       0.00000000    
  0.883297801       0.00000000    
  0.899963796       0.00000000    
  0.916629791       0.00000000    
  0.933295786       0.00000000    
  0.949961782       0.00000000    
  0.966627777       0.00000000    
  0.983293772       0.00000000    
  0.999959767       0.00000000    
   1.01662576       0.00000000    
   1.03329182       0.00000000    
   1.04995787       0.00000000    
   1.06662393       0.00000000    
   1.08328998       0.00000000    
   1.09995604       0.00000000    
   1.11662209       0.00000000    
   1.13328815       0.00000000    
   1.14995420       0.00000000    
   1.16662025       0.00000000    
   1.18328631       0.00000000    
   1.19995236       0.00000000    
   1.21661842       0.00000000    
   1.23328447       0.00000000    
   1.24995053       0.00000000    
   1.26661658       0.00000000    
   1.28328264       0.00000000    
   1.29994869       0.00000000    
   1.31661475       0.00000000    
   1.33328080       0.00000000    
   1.34994686       0.00000000    
   1.36661291       0.00000000    
   1.38327897       0.00000000    
   1.39994502       0.00000000    
   1.41661108       0.00000000    
   1.43327713       0.00000000    
   1.44994318       0.00000000    
   1.46660924       0.00000000    
   1.48327529       0.00000000    
   1.49994135       0.00000000    
   1.51660740       0.00000000    
   1.53327346       0.00000000    
   1.54993951       0.00000000    
   1.56660557       0.00000000    
   1.58327162       0.00000000    
   1.59993768       0.00000000    
   1.61660373       0.00000000    
   1.63326979       0.00000000    
   1.64993584       0.00000000    
   1.66660190       0.00000000    
   1.68326795       0.00000000    
   1.69993401       0.00000000    
   1.71660006       0.00000000    
   1.73326612       0.00000000    
   1.74993217       0.00000000    
   1.76659822       0.00000000    
   1.78326428       0.00000000    
   1.79993033       0.00000000    
   1.81659639       0.00000000    
   1.83326244       0.00000000    
   1.84992850       0.00000000    
   1.86659455       0.00000000    
   1.88326061       0.00000000    
   1.89992666       0.00000000    
   1.91659272       0.00000000    
   1.93325877       0.00000000    
   1.94992483       0.00000000    
   1.96659088       0.00000000    
   1.98325694       0.00000000    
   1.99992299       0.00000000    
   2.01658893       0.00000000    
   2.03325486       0.00000000    
   2.04992080       0.00000000    
   2.06658673       0.00000000    
   2.08325267       0.00000000    
   2.09991860       0.00000000    
   2.11658454       0.00000000    
   2.13325047       0.00000000    
   2.14991641       0.00000000    
   2.16658235       0.00000000    
   2.18324828       0.00000000    
   2.19991422       0.00000000    
   2.21658015       0.00000000    
   2.23324609       0.00000000    
   2.24991202       0.00000000    
   2.26657796       0.00000000    
   2.28324389       0.00000000    
   2.29990983       0.00000000    
   2.31657577       0.00000000    
   2.33324170       0.00000000    
   2.34990764       0.00000000    
   2.36657357       0.00000000    
   2.38323951       0.00000000    
   2.39990544       0.00000000    
   2.41657138       0.00000000    
   2.43323731       0.00000000    
   2.44990325       0.00000000    
   2.46656919       0.00000000    
   2.48323512       0.00000000    
   2.49990106       0.00000000    
   2.51656699       0.00000000    
   2.53323293       0.00000000    
   2.54989886       0.00000000    
   2.56656480       0.00000000    
   2.58323073       0.00000000    
   2.59989667       0.00000000    
   2.61656260       0.00000000    
   2.63322854       0.00000000    
   2.64989448       0.00000000    
   2.66656041       0.00000000    
   2.68322635       0.00000000    
   2.69989228       0.00000000    
   2.71655822       0.00000000    
   2.73322415       0.00000000    
   2.74989009       0.00000000    
   2.76655602       0.00000000    
   2.78322196       0.00000000    
   2.79988790       0.00000000    
   2.81655383       0.00000000    
   2.83321977       0.00000000    
   2.84988570       0.00000000    
   2.86655164       0.00000000    
   2.88321757       0.00000000    
   2.89988351       0.00000000    
   2.91654944       0.00000000    
   2.93321538       0.00000000    
   2.94988132       0.00000000    
   2.96654725       0.00000000    
   2.98321319       0.00000000    
   2.99987912       0.00000000    
   3.01654506       0.00000000    
   3.03321099       0.00000000    
   3.04987693       0.00000000    
   3.06654286       0.00000000    
   3.08320880       0.00000000    
   3.09987473       0.00000000    
   3.11654067       0.00000000    
   3.13320661       0.00000000    
   3.14987254       0.00000000    
   3.16653848       0.00000000    
   3.18320441       0.00000000    
   3.19987035       0.00000000    
   3.21653628       0.00000000    
   3.23320222       0.00000000    
   3.24986815       0.00000000    
   3.26653409       0.00000000    
   3.28320003       0.00000000    
   3.29986596       0.00000000    
   3.31653190       0.00000000    
   3.33319783       0.00000000    
   3.34986377       0.00000000    
   3.36652970       0.00000000    
   3.38319564       0.00000000    
   3.39986157       0.00000000    
   3.41652751       0.00000000    
   3.43319345       0.00000000    
   3.44985938       0.00000000    
   3.46652532       0.00000000    
   3.48319125       0.00000000    
   3.49985719       0.00000000    
   3.51652312       0.00000000    
   3.53318906       0.00000000    
   3.54985499       0.00000000    
   3.56652093       0.00000000    
   3.58318686       0.00000000    
   3.59985280       0.00000000    
   3.61651874       0.00000000    
   3.63318467       0.00000000    
   3.64985061       0.00000000    
   3.66651654       0.00000000    
   3.68318248       0.00000000    
   3.69984841       0.00000000    
   3.71651435       0.00000000    
   3.73318028       0.00000000    
   3.74984622       0.00000000    
   3.76651216       0.00000000    
   3.78317809       0.00000000    
   3.79984403       0.00000000    
   3.81650996       0.00000000    
   3.83317590       0.00000000    
   3.84984183       0.00000000    
   3.86650777       0.00000000    
   3.88317370       0.00000000    
   3.89983964       0.00000000    
   3.91650558       0.00000000    
   3.93317151       0.00000000    
   3.94983745       0.00000000    
   3.96650338       0.00000000    
   3.98316932       0.00000000    
   3.99983525       0.00000000    
   4.01650143       0.00000000    
   4.03316736       0.00000000    
   4.04983330       0.00000000    
   4.06649923       0.00000000    
   4.08316517       0.00000000    
   4.09983110       0.00000000    
   4.11649704       0.00000000    
   4.13316298       0.00000000    
   4.14982891       0.00000000    
   4.16649485       0.00000000    
   4.18316078       0.00000000    
   4.19982672       0.00000000    
   4.21649265       0.00000000    
   4.23315859       0.00000000    
   4.24982452       0.00000000    
   4.26649046       0.00000000    
   4.28315639       0.00000000    
   4.29982233       0.00000000    
   4.31648827       0.00000000    
   4.33315420       0.00000000    
   4.34982014       0.00000000    
   4.36648607       0.00000000    
   4.38315201       0.00000000    
   4.39981794       0.00000000    
   4.41648388       0.00000000    
   4.43314981       0.00000000    
   4.44981575       0.00000000    
   4.46648169       0.00000000    
   4.48314762       0.00000000    
   4.49981356       0.00000000    
   4.51647949       0.00000000    
   4.53314543       0.00000000    
   4.54981136       0.00000000    
   4.56647730       0.00000000    
   4.58314323       0.00000000    
   4.59980917       0.00000000    
   4.61647511       0.00000000    
   4.63314104       0.00000000    
   4.64980698       0.00000000    
   4.66647291       0.00000000    
   4.68313885       0.00000000    
   4.69980478       0.00000000    
   4.71647072       0.00000000    
   4.73313665       0.00000000    
   4.74980259       0.00000000    
   4.76646852       0.00000000    
   4.78313446       0.00000000    
   4.79980040       0.00000000    
   4.81646633       0.00000000    
   4.83313227       0.00000000    
   4.84979820       0.00000000    
   4.86646414       0.00000000    
   4.88313007       0.00000000    
   4.89979601       0.00000000    
   4.91646194       0.00000000    
   4.93312788       0.00000000    
   4.94979382       0.00000000    
   4.96645975       0.00000000    
   4.98312569       0.00000000    
   4.99979162       0.00000000    
   5.01645756       0.00000000    
   5.03312349       0.00000000    
   5.04978943       0.00000000    
   5.06645536       0.00000000    
   5.08312130       0.00000000    
   5.09978724       0.00000000    
   5.11645317       0.00000000    
   5.13311911       0.00000000    
   5.14978504       0.00000000    
   5.16645098       0.00000000    
   5.18311691       0.00000000    
   5.19978285       0.00000000    
   5.21644878       0.00000000    
   5.23311472       0.00000000    
   5.24978065       0.00000000    
   5.26644659       0.00000000    
   5.28311253       0.00000000    
   5.29977846       0.00000000    
   5.31644440       0.00000000    
   5.33311033       0.00000000    
   5.34977627       0.00000000    
   5.36644220       0.00000000    
   5.38310814       0.00000000    
   5.39977407       0.00000000    
   5.41644001       0.00000000    
   5.43310595       0.00000000    
   5.44977188       0.00000000    
   5.46643782       0.00000000    
   5.48310375       0.00000000    
   5.49976969       0.00000000    
   5.51643562       0.00000000    
   5.53310156       0.00000000    
   5.54976749       0.00000000    
   5.56643343       0.00000000    
   5.58309937       0.00000000    
   5.59976530       0.00000000    
   5.61643124       0.00000000    
   5.63309717       0.00000000    
   5.64976311       0.00000000    
   5.66642904       0.00000000    
   5.68309498       0.00000000    
   5.69976091       0.00000000    
   5.71642685       0.00000000    
   5.73309278       0.00000000    
   5.74975872       0.00000000    
   5.76642466       0.00000000    
   5.78309059       0.00000000    
   5.79975653       0.00000000    
   5.81642246       0.00000000    
   5.83308840       0.00000000    
   5.84975433       0.00000000    
   5.86642027       0.00000000    
   5.88308620       0.00000000    
   5.89975214       0.00000000    
   5.91641808       0.00000000    
   5.93308401       0.00000000    
   5.94974995       0.00000000    
   5.96641588       0.00000000    
   5.98308182       0.00000000    
   5.99974775       0.00000000    
   6.01641369       0.00000000    
   6.03307962       0.00000000    
   6.04974556       0.00000000    
   6.06641150       0.00000000    
   6.08307743       0.00000000    
   6.09974337       0.00000000    
   6.11640930       0.00000000    
   6.13307524       0.00000000    
   6.14974117       0.00000000    
   6.16640711       0.00000000    
   6.18307304       0.00000000    
   6.19973898       0.00000000    
   6.21640491       0.00000000    
   6.23307085       0.00000000    
   6.24973679       0.00000000    
   6.26640272       0.00000000    
   6.28306866       0.00000000    
   6.29973459       0.00000000    
   6.31640053       0.00000000    
   6.33306646       0.00000000    
   6.34973240       0.00000000    
   6.36639833       0.00000000    
   6.38306427       0.00000000    
   6.39973021       0.00000000    
   6.41639614       0.00000000    
   6.43306208       0.00000000    
   6.44972801       0.00000000    
   6.46639395       0.00000000    
   6.48305988       0.00000000    
   6.49972582       0.00000000    
   6.51639175       0.00000000    
   6.53305769       0.00000000    
   6.54972363       0.00000000    
   6.56638956       0.00000000    
   6.58305550       0.00000000    
   6.59972143       8.27300002E-27
   6.61638737       4.74700002E-11
   6.63305330       1.02000000E-08
   6.64971924       5.12899987E-07
   6.66638517       6.58899990E-06
   6.68305111       3.12000011E-05
   6.69971704       9.23600019E-05
   6.71638298       1.93700005E-04
   6.73304892       3.50699993E-04
   6.74971485       5.82600012E-04
   6.76638079       9.15099983E-04
   6.78304672       1.37900002E-03
   6.79971266       2.02100002E-03
   6.81637859       2.90500000E-03
   6.83304453       4.11200011E-03
   6.84971046       5.58299990E-03
   6.86637640       7.63399992E-03
   6.88304234       1.01399999E-02
   6.89970827       1.33300005E-02
   6.91637421       1.74100008E-02
   6.93304014       2.25699991E-02
   6.94970608       2.90399995E-02
   6.96637201       3.71499993E-02
   6.98303795       4.73899990E-02
   6.99970388       5.90800010E-02
   7.01636982       7.37999976E-02
   7.03303576       9.09100026E-02
   7.04970169      0.112400003    
   7.06636763      0.135399997    
   7.08303356      0.162200004    
   7.09969950      0.193399996    
   7.11636543      0.228699997    
   7.13303137      0.268799990    
   7.14969730      0.315100014    
   7.16636324      0.361999989    
   7.18302917      0.412800014    
   7.19969511      0.477299988    
   7.21636105      0.532700002    
   7.23302698      0.592800021    
   7.24969292      0.663900018    
   7.26635885      0.746200025    
   7.28302479      0.833899975    
   7.29969072      0.913999975    
   7.31635666      0.998899996    
   7.33302259       1.08800006    
   7.34968853       1.18099999    
   7.36635447       1.27699995    
   7.38302040       1.37699997    
   7.39968634       1.48000002    
   7.41635227       1.58599997    
   7.43301821       1.69500005    
   7.44968414       1.80799997    
   7.46635008       1.92200005    
   7.48301601       2.03999996    
   7.49968195       2.16000009    
   7.51634789       2.28399992    
   7.53301382       2.40899992    
   7.54967976       2.53800011    
   7.56634569       2.66899991    
   7.58301163       2.80299997    
   7.59967756       2.93899989    
   7.61634350       3.07800007    
   7.63300943       3.21900010    
   7.64967537       3.36299992    
   7.66634130       3.50999999    
   7.68300724       3.65899992    
   7.69967318       3.81100011    
   7.71633911       3.96499991    
   7.73300505       4.12200022    
   7.74967098       4.28100014    
   7.76633692       4.44199991    
   7.78300285       4.60599995    
   7.79966879       4.77299976    
   7.81633472       4.94099998    
   7.83300066       5.11199999    
   7.84966660       5.28499985    
   7.86633253       5.46000004    
   7.88299847       5.63700008    
   7.89966440       5.81699991    
   7.91633034       5.99800014    
   7.93299627       6.18200016    
   7.94966221       6.36700010    
   7.96632814       6.55499983    
   7.98299408       6.74399996    
   7.99966002       6.93499994    
   8.01632595       7.12799978    
   8.03299236       7.32299995    
   8.04965878       7.51900005    
   8.06632519       7.71700001    
   8.08299160       7.91599989    
   8.09965801       8.11699963    
   8.11632442       8.31999969    
   8.13299084       8.52400017    
   8.14965725       8.72900009    
   8.16632366       8.93599987    
   8.18299007       9.14400005    
   8.19965649       9.35400009    
   8.21632290       9.56400013    
   8.23298931       9.77600002    
   8.24965572       9.98900032    
   8.26632214       10.1999998    
   8.28298855       10.4200001    
   8.29965496       10.6400003    
   8.31632137       10.8500004    
   8.33298779       11.0699997    
   8.34965420       11.2900000    
   8.36632061       11.5100002    
   8.38298702       11.7299995    
   8.39965343       11.9499998    
   8.41631985       12.1800003    
   8.43298626       12.3999996    
   8.44965267       12.6199999    
   8.46631908       12.8500004    
   8.48298550       13.0699997    
   8.49965191       13.3000002    
   8.51631832       13.5299997    
   8.53298473       13.7500000    
   8.54965115       13.9799995    
   8.56631756       14.2100000    
   8.58298397       14.4399996    
   8.59965038       14.6700001    
   8.61631680       14.8999996    
   8.63298321       15.1300001    
   8.64964962       15.3599997    
   8.66631603       15.5900002    
   8.68298244       15.8199997    
   8.69964886       16.0499992    
   8.71631527       16.2800007    
   8.73298168       16.5100002    
   8.74964809       16.7399998    
   8.76631451       16.9799995    
   8.78298092       17.2099991    
   8.79964733       17.4400005    
   8.81631374       17.6700001    
   8.83298016       17.9099998    
   8.84964657       18.1399994    
   8.86631298       18.3700008    
   8.88297939       18.6000004    
   8.89964581       18.8400002    
   8.91631222       19.0699997    
   8.93297863       19.2999992    
   8.94964504       19.5300007    
   8.96631145       19.7700005    
   8.98297787       20.0000000    
   8.99964428       20.2299995    
   9.01631069       20.4599991    
   9.03297710       20.7000008    
   9.04964352       20.9300003    
   9.06630993       21.1599998    
   9.08297634       21.3899994    
   9.09964275       21.6200008    
   9.11630917       21.8600006    
   9.13297558       22.0900002    
   9.14964199       22.3199997    
   9.16630840       22.5499992    
   9.18297482       22.7800007    
   9.19964123       23.0100002    
   9.21630764       23.2399998    
   9.23297405       23.4699993    
   9.24964046       23.7000008    
   9.26630688       23.9200001    
   9.28297329       24.1499996    
   9.29963970       24.3799992    
   9.31630611       24.6100006    
   9.33297253       24.8400002    
   9.34963894       25.0599995    
   9.36630535       25.2900009    
   9.38297176       25.5100002    
   9.39963818       25.7399998    
   9.41630459       25.9599991    
   9.43297100       26.1900005    
   9.44963741       26.4099998    
   9.46630383       26.6299992    
   9.48297024       26.8600006    
   9.49963665       27.0799999    
   9.51630306       27.2999992    
   9.53296947       27.5200005    
   9.54963589       27.7399998    
   9.56630230       27.9599991    
   9.58296871       28.1800003    
   9.59963512       28.3999996    
   9.61630154       28.6200008    
   9.63296795       28.8400002    
   9.64963436       29.0499992    
   9.66630077       29.2700005    
   9.68296719       29.4899998    
   9.69963360       29.7000008    
   9.71630001       29.9099998    
   9.73296642       30.1299992    
   9.74963284       30.3400002    
   9.76629925       30.5499992    
   9.78296566       30.7600002    
   9.79963207       30.9699993    
   9.81629848       31.1800003    
   9.83296490       31.3899994    
   9.84963131       31.6000004    
   9.86629772       31.8099995    
   9.88296413       32.0200005    
   9.89963055       32.2200012    
   9.91629696       32.4300003    
   9.93296337       32.6300011    
   9.94962978       32.8400002    
   9.96629620       33.0400009    
   9.98296261       33.2400017    
   9.99962902       33.4399986    
   10.0162954       33.6399994    
   10.0329618       33.8400002    
   10.0496283       34.0400009    
   10.0662947       34.2400017    
   10.0829611       34.4399986    
   10.0996275       34.6300011    
   10.1162939       34.8300018    
   10.1329603       35.0200005    
   10.1496267       35.2099991    
   10.1662931       35.4099998    
   10.1829596       35.5999985    
   10.1996260       35.7900009    
   10.2162924       35.9799995    
   10.2329588       36.1699982    
   10.2496252       36.3600006    
   10.2662916       36.5400009    
   10.2829580       36.7299995    
   10.2996244       36.9099998    
   10.3162909       37.0999985    
   10.3329573       37.2799988    
   10.3496237       37.4599991    
   10.3662901       37.6399994    
   10.3829565       37.8199997    
   10.3996229       38.0000000    
   10.4162893       38.1800003    
   10.4329557       38.3600006    
   10.4496222       38.5299988    
   10.4662886       38.7099991    
   10.4829550       38.8800011    
   10.4996214       39.0600014    
   10.5162878       39.2299995    
   10.5329542       39.4000015    
   10.5496206       39.5699997    
   10.5662870       39.7400017    
   10.5829535       39.9099998    
   10.5996199       40.0699997    
   10.6162863       40.2400017    
   10.6329527       40.4000015    
   10.6496191       40.5699997    
   10.6662855       40.7299995    
   10.6829519       40.8899994    
   10.6996183       41.0499992    
   10.7162848       41.2099991    
   10.7329512       41.3699989    
   10.7496176       41.5200005    
   10.7662840       41.6800003    
   10.7829504       41.8300018    
   10.7996168       41.9900017    
   10.8162832       42.1399994    
   10.8329496       42.2900009    
   10.8496161       42.4399986    
   10.8662825       42.5900002    
   10.8829489       42.7299995    
   10.8996153       42.8800011    
   10.9162817       43.0299988    
   10.9329481       43.1699982    
   10.9496145       43.3100014    
   10.9662809       43.4599991    
   10.9829473       43.5999985    
   10.9996138       43.7400017    
   11.0162802       43.8699989    
   11.0329466       44.0099983    
   11.0496130       44.1500015    
   11.0662794       44.2799988    
   11.0829458       44.4099998    
   11.0996122       44.5499992    
   11.1162786       44.6800003    
   11.1329451       44.8100014    
   11.1496115       44.9399986    
   11.1662779       45.0600014    
   11.1829443       45.1899986    
   11.1996107       45.3100014    
   11.2162771       45.4399986    
   11.2329435       45.5600014    
   11.2496099       45.6800003    
   11.2662764       45.7999992    
   11.2829428       45.9199982    
   11.2996092       46.0400009    
   11.3162756       46.1500015    
   11.3329420       46.2700005    
   11.3496084       46.3800011    
   11.3662748       46.4900017    
   11.3829412       46.5999985    
   11.3996077       46.7099991    
   11.4162741       46.8199997    
   11.4329405       46.9300003    
   11.4496069       47.0400009    
   11.4662733       47.1399994    
   11.4829397       47.2400017    
   11.4996061       47.3499985    
   11.5162725       47.4500008    
   11.5329390       47.5499992    
   11.5496054       47.6399994    
   11.5662718       47.7400017    
   11.5829382       47.8400002    
   11.5996046       47.9300003    
   11.6162710       48.0200005    
   11.6329374       48.1100006    
   11.6496038       48.2000008    
   11.6662703       48.2900009    
   11.6829367       48.3800011    
   11.6996031       48.4700012    
   11.7162695       48.5499992    
   11.7329359       48.6399994    
   11.7496023       48.7200012    
   11.7662687       48.7999992    
   11.7829351       48.8800011    
   11.7996016       48.9599991    
   11.8162680       49.0299988    
   11.8329344       49.1100006    
   11.8496008       49.1800003    
   11.8662672       49.2599983    
   11.8829336       49.3300018    
   11.8996000       49.4000015    
   11.9162664       49.4700012    
   11.9329329       49.5299988    
   11.9495993       49.5999985    
   11.9662657       49.6699982    
   11.9829321       49.7299995    
   11.9995985       49.7900009    
   12.0162649       49.8499985    
   12.0329313       49.9099998    
   12.0495977       49.9700012    
   12.0662642       50.0299988    
   12.0829306       50.0800018    
   12.0995970       50.1300011    
   12.1162634       50.1899986    
   12.1329298       50.2400017    
   12.1495962       50.2900009    
   12.1662626       50.3400002    
   12.1829290       50.3800011    
   12.1995955       50.4300003    
   12.2162619       50.4700012    
   12.2329283       50.5200005    
   12.2495947       50.5600014    
   12.2662611       50.5999985    
   12.2829275       50.6399994    
   12.2995939       50.6699982    
   12.3162603       50.7099991    
   12.3329268       50.7400017    
   12.3495932       50.7799988    
   12.3662596       50.8100014    
   12.3829260       50.8400002    
   12.3995924       50.8699989    
   12.4162588       50.8899994    
   12.4329252       50.9199982    
   12.4495916       50.9500008    
   12.4662580       50.9700012    
   12.4829245       50.9900017    
   12.4995909       51.0099983    
   12.5162573       51.0299988    
   12.5329237       51.0499992    
   12.5495901       51.0600014    
   12.5662565       51.0800018    
   12.5829229       51.0900002    
   12.5995893       51.1100006    
   12.6162558       51.1199989    
   12.6329222       51.1300011    
   12.6495886       51.1300011    
   12.6662550       51.1399994    
   12.6829214       51.1399994    
   12.6995878       51.1500015    
   12.7162542       51.1500015    
   12.7329206       51.1500015    
   12.7495871       51.1500015    
   12.7662535       51.1500015    
   12.7829199       51.1500015    
   12.7995863       51.1399994    
   12.8162527       51.1399994    
   12.8329191       51.1300011    
   12.8495855       51.1199989    
   12.8662519       51.1100006    
   12.8829184       51.0999985    
   12.8995848       51.0800018    
   12.9162512       51.0699997    
   12.9329176       51.0499992    
   12.9495840       51.0400009    
   12.9662504       51.0200005    
   12.9829168       51.0000000    
   12.9995832       50.9799995    
   13.0162497       50.9500008    
   13.0329161       50.9300003    
   13.0495825       50.9000015    
   13.0662489       50.8800011    
   13.0829153       50.8499985    
   13.0995817       50.8199997    
   13.1162481       50.7900009    
   13.1329145       50.7500000    
   13.1495810       50.7200012    
   13.1662474       50.6899986    
   13.1829138       50.6500015    
   13.1995802       50.6100006    
   13.2162466       50.5699997    
   13.2329130       50.5299988    
   13.2495794       50.4900017    
   13.2662458       50.4399986    
   13.2829123       50.4000015    
   13.2995787       50.3499985    
   13.3162451       50.3100014    
   13.3329115       50.2599983    
   13.3495779       50.2099991    
   13.3662443       50.1500015    
   13.3829107       50.0999985    
   13.3995771       50.0499992    
   13.4162436       49.9900017    
   13.4329100       49.9300003    
   13.4495764       49.8699989    
   13.4662428       49.8100014    
   13.4829092       49.7500000    
   13.4995756       49.6899986    
   13.5162420       49.6199989    
   13.5329084       49.5600014    
   13.5495749       49.4900017    
   13.5662413       49.4199982    
   13.5829077       49.3499985    
   13.5995741       49.2799988    
   13.6162405       49.2099991    
   13.6329069       49.1399994    
   13.6495733       49.0600014    
   13.6662397       48.9799995    
   13.6829062       48.9099998    
   13.6995726       48.8300018    
   13.7162390       48.7500000    
   13.7329054       48.6599998    
   13.7495718       48.5800018    
   13.7662382       48.5000000    
   13.7829046       48.4099998    
   13.7995710       48.3199997    
   13.8162374       48.2400017    
   13.8329039       48.1500015    
   13.8495703       48.0600014    
   13.8662367       47.9599991    
   13.8829031       47.8699989    
   13.8995695       47.7700005    
   13.9162359       47.6800003    
   13.9329023       47.5800018    
   13.9495687       47.4799995    
   13.9662352       47.3800011    
   13.9829016       47.2799988    
   13.9995680       47.1800003    
   14.0162344       47.0699997    
   14.0329008       46.9700012    
   14.0495672       46.8600006    
   14.0662336       46.7500000    
   14.0829000       46.6399994    
   14.0995665       46.5299988    
   14.1162329       46.4199982    
   14.1328993       46.3100014    
   14.1495657       46.1899986    
   14.1662321       46.0800018    
   14.1828985       45.9599991    
   14.1995649       45.8400002    
   14.2162313       45.7200012    
   14.2328978       45.5999985    
   14.2495642       45.4799995    
   14.2662306       45.3600006    
   14.2828970       45.2299995    
   14.2995634       45.1100006    
   14.3162298       44.9799995    
   14.3328962       44.8499985    
   14.3495626       44.7200012    
   14.3662291       44.5900002    
   14.3828955       44.4599991    
   14.3995619       44.3300018    
   14.4162283       44.1899986    
   14.4328947       44.0600014    
   14.4495611       43.9199982    
   14.4662275       43.7799988    
   14.4828939       43.6399994    
   14.4995604       43.5099983    
   14.5162268       43.3600006    
   14.5328932       43.2200012    
   14.5495596       43.0800018    
   14.5662260       42.9300003    
   14.5828924       42.7900009    
   14.5995588       42.6399994    
   14.6162252       42.4900017    
   14.6328917       42.3400002    
   14.6495581       42.1899986    
   14.6662245       42.0400009    
   14.6828909       41.8899994    
   14.6995573       41.7299995    
   14.7162237       41.5800018    
   14.7328901       41.4199982    
   14.7495565       41.2599983    
   14.7662230       41.0999985    
   14.7828894       40.9500008    
   14.7995558       40.7799988    
   14.8162222       40.6199989    
   14.8328886       40.4599991    
   14.8495550       40.2900009    
   14.8662214       40.1300011    
   14.8828878       39.9599991    
   14.8995543       39.7999992    
   14.9162207       39.6300011    
   14.9328871       39.4599991    
   14.9495535       39.2900009    
   14.9662199       39.1199989    
   14.9828863       38.9399986    
   14.9995527       38.7700005    
   15.0162191       38.5999985    
   15.0328856       38.4199982    
   15.0495520       38.2400017    
   15.0662184       38.0699997    
   15.0828848       37.8899994    
   15.0995512       37.7099991    
   15.1162176       37.5299988    
   15.1328840       37.3400002    
   15.1495504       37.1599998    
   15.1662169       36.9799995    
   15.1828833       36.7900009    
   15.1995497       36.6100006    
   15.2162161       36.4199982    
   15.2328825       36.2299995    
   15.2495489       36.0499992    
   15.2662153       35.8600006    
   15.2828817       35.6699982    
   15.2995481       35.4700012    
   15.3162146       35.2799988    
   15.3328810       35.0900002    
   15.3495474       34.8899994    
   15.3662138       34.7000008    
   15.3828802       34.5000000    
   15.3995466       34.3100014    
   15.4162130       34.1100006    
   15.4328794       33.9099998    
   15.4495459       33.7099991    
   15.4662123       33.5099983    
   15.4828787       33.3100014    
   15.4995451       33.1100006    
   15.5162115       32.9099998    
   15.5328779       32.7000008    
   15.5495443       32.5000000    
   15.5662107       32.2900009    
   15.5828772       32.0900002    
   15.5995436       31.8799992    
   15.6162100       31.6700001    
   15.6328764       31.4699993    
   15.6495428       31.2600002    
   15.6662092       31.0499992    
   15.6828756       30.8400002    
   15.6995420       30.6299992    
   15.7162085       30.4099998    
   15.7328749       30.2000008    
   15.7495413       29.9899998    
   15.7662077       29.7700005    
   15.7828741       29.5599995    
   15.7995405       29.3400002    
   15.8162069       29.1299992    
   15.8328733       28.9099998    
   15.8495398       28.6900005    
   15.8662062       28.4799995    
   15.8828726       28.2600002    
   15.8995390       28.0400009    
   15.9162054       27.8199997    
   15.9328718       27.6000004    
   15.9495382       27.3799992    
   15.9662046       27.1599998    
   15.9828711       26.9300003    
   15.9995375       26.7099991    
   16.0162029       26.4899998    
   16.0328693       26.2600002    
   16.0495358       26.0400009    
   16.0662022       25.8199997    
   16.0828686       25.5900002    
   16.0995350       25.3700008    
   16.1162014       25.1399994    
   16.1328678       24.9099998    
   16.1495342       24.6900005    
   16.1662006       24.4599991    
   16.1828671       24.2299995    
   16.1995335       24.0000000    
   16.2161999       23.7700005    
   16.2328663       23.5499992    
   16.2495327       23.3199997    
   16.2661991       23.0900002    
   16.2828655       22.8600006    
   16.2995319       22.6299992    
   16.3161983       22.3999996    
   16.3328648       22.1700001    
   16.3495312       21.9300003    
   16.3661976       21.7000008    
   16.3828640       21.4699993    
   16.3995304       21.2399998    
   16.4161968       21.0100002    
   16.4328632       20.7800007    
   16.4495296       20.5400009    
   16.4661961       20.3099995    
   16.4828625       20.0799999    
   16.4995289       19.8500004    
   16.5161953       19.6100006    
   16.5328617       19.3799992    
   16.5495281       19.1499996    
   16.5661945       18.9200001    
   16.5828609       18.6800003    
   16.5995274       18.4500008    
   16.6161938       18.2199993    
   16.6328602       17.9799995    
   16.6495266       17.7500000    
   16.6661930       17.5200005    
   16.6828594       17.2900009    
   16.6995258       17.0499992    
   16.7161922       16.8199997    
   16.7328587       16.5900002    
   16.7495251       16.3600006    
   16.7661915       16.1299992    
   16.7828579       15.8999996    
   16.7995243       15.6599998    
   16.8161907       15.4300003    
   16.8328571       15.1999998    
   16.8495235       14.9700003    
   16.8661900       14.7399998    
   16.8828564       14.5100002    
   16.8995228       14.2900000    
   16.9161892       14.0600004    
   16.9328556       13.8299999    
   16.9495220       13.6000004    
   16.9661884       13.3800001    
   16.9828548       13.1499996    
   16.9995213       12.9200001    
   17.0161877       12.6999998    
   17.0328541       12.4700003    
   17.0495205       12.2500000    
   17.0661869       12.0299997    
   17.0828533       11.8100004    
   17.0995197       11.5799999    
   17.1161861       11.3599997    
   17.1328526       11.1400003    
   17.1495190       10.9300003    
   17.1661854       10.7100000    
   17.1828518       10.4899998    
   17.1995182       10.2799997    
   17.2161846       10.0600004    
   17.2328510       9.84799957    
   17.2495174       9.63500023    
   17.2661839       9.42399979    
   17.2828503       9.21399975    
   17.2995167       9.00599957    
   17.3161831       8.79899979    
   17.3328495       8.59200001    
   17.3495159       8.38799953    
   17.3661823       8.18500042    
   17.3828487       7.98299980    
   17.3995152       7.78299999    
   17.4161816       7.58500004    
   17.4328480       7.38800001    
   17.4495144       7.19199991    
   17.4661808       6.99900007    
   17.4828472       6.80700016    
   17.4995136       6.61800003    
   17.5161800       6.42899990    
   17.5328465       6.24300003    
   17.5495129       6.05900002    
   17.5661793       5.87699986    
   17.5828457       5.69700003    
   17.5995121       5.51900005    
   17.6161785       5.34299994    
   17.6328449       5.16900015    
   17.6495113       4.99700022    
   17.6661777       4.82800007    
   17.6828442       4.66099977    
   17.6995106       4.49599981    
   17.7161770       4.33400011    
   17.7328434       4.17399979    
   17.7495098       4.01599979    
   17.7661762       3.86199999    
   17.7828426       3.70900011    
   17.7995090       3.55900002    
   17.8161755       3.41100001    
   17.8328419       3.26600003    
   17.8495083       3.12400007    
   17.8661747       2.98399997    
   17.8828411       2.84699988    
   17.8995075       2.71199989    
   17.9161739       2.57999992    
   17.9328403       2.45099998    
   17.9495068       2.32399988    
   17.9661732       2.20099998    
   17.9828396       2.07900000    
   17.9995060       1.96099997    
   18.0161724       1.84500003    
   18.0328388       1.73199999    
   18.0495052       1.62199998    
   18.0661716       1.51499999    
   18.0828381       1.40999997    
   18.0995045       1.30999994    
   18.1161709       1.21200001    
   18.1328373       1.11800003    
   18.1495037       1.02800000    
   18.1661701      0.941200018    
   18.1828365      0.859499991    
   18.1995029      0.776099980    
   18.2161694      0.688799977    
   18.2328358      0.614400029    
   18.2495022      0.551199973    
   18.2661686      0.497299999    
   18.2828350      0.429500014    
   18.2995014      0.382900000    
   18.3161678      0.327600002    
   18.3328342      0.281699985    
   18.3495007      0.241999999    
   18.3661671      0.206799999    
   18.3828335      0.173199996    
   18.3994999      0.143399999    
   18.4161663      0.118400000    
   18.4328327       9.77500007E-02
   18.4494991       7.89399967E-02
   18.4661655       6.36899993E-02
   18.4828320       5.05499989E-02
   18.4994984       4.06300016E-02
   18.5161648       3.17000002E-02
   18.5328312       2.46300008E-02
   18.5494976       1.90399997E-02
   18.5661640       1.46399997E-02
   18.5828304       1.11900000E-02
   18.5994968       8.29000026E-03
   18.6161633       6.18800009E-03
   18.6328297       4.50500008E-03
   18.6494961       3.25600011E-03
   18.6661625       2.27500009E-03
   18.6828289       1.56100001E-03
   18.6994953       1.04500004E-03
   18.7161617       6.75500021E-04
   18.7328281       4.15199989E-04
   18.7494946       2.37100001E-04
   18.7661610       1.19700002E-04
   18.7828274       4.57800015E-05
   18.7994938       1.16000001E-05
   18.8161602       1.29700004E-06
   18.8328266       4.55200002E-08
   18.8494930       3.08099990E-10
   18.8661594       2.75500000E-13
   18.8828259       0.00000000    
   18.8994923       0.00000000    
   18.9161587       0.00000000    
   18.9328251       0.00000000    
   18.9494915       0.00000000    
   18.9661579       0.00000000    
   18.9828243       0.00000000    
   18.9994907       0.00000000    
   19.0161572       0.00000000    
   19.0328236       0.00000000    
   19.0494900       0.00000000    
   19.0661564       0.00000000    
   19.0828228       0.00000000    
   19.0994892       0.00000000    
   19.1161556       0.00000000    
   19.1328220       0.00000000    
   19.1494884       0.00000000    
   19.1661549       0.00000000    
   19.1828213       0.00000000    
   19.1994877       0.00000000    
   19.2161541       0.00000000    
   19.2328205       0.00000000    
   19.2494869       0.00000000    
   19.2661533       0.00000000    
   19.2828197       0.00000000    
   19.2994862       0.00000000    
   19.3161526       0.00000000    
   19.3328190       0.00000000    
   19.3494854       0.00000000    
   19.3661518       0.00000000    
   19.3828182       0.00000000    
   19.3994846       0.00000000    
   19.4161510       0.00000000    
   19.4328175       0.00000000    
   19.4494839       0.00000000    
   19.4661503       0.00000000    
   19.4828167       0.00000000    
   19.4994831       0.00000000    
   19.5161495       0.00000000    
   19.5328159       0.00000000    
   19.5494823       0.00000000    
   19.5661488       0.00000000    
   19.5828152       0.00000000    
   19.5994816       0.00000000    
   19.6161480       0.00000000    
   19.6328144       0.00000000    
   19.6494808       0.00000000    
   19.6661472       0.00000000    
   19.6828136       0.00000000    
   19.6994801       0.00000000    
   19.7161465       0.00000000    
   19.7328129       0.00000000    
   19.7494793       0.00000000    
   19.7661457       0.00000000    
   19.7828121       0.00000000    
   19.7994785       0.00000000    
   19.8161449       0.00000000    
   19.8328114       0.00000000    
   19.8494778       0.00000000    
   19.8661442       0.00000000    
   19.8828106       0.00000000    
   19.8994770       0.00000000    
   19.9161434       0.00000000    
   19.9328098       0.00000000    
   19.9494762       0.00000000    
   19.9661427       0.00000000    
   19.9828091       0.00000000    
   19.9994755       0.00000000    
   20.0161419       0.00000000    
   20.0328083       0.00000000    
   20.0494747       0.00000000    
   20.0661411       0.00000000    
   20.0828075       0.00000000    
   20.0994740       0.00000000    
   20.1161404       0.00000000    
   20.1328068       0.00000000    
   20.1494732       0.00000000    
   20.1661396       0.00000000    
   20.1828060       0.00000000    
   20.1994724       0.00000000    
   20.2161388       0.00000000    
   20.2328053       0.00000000    
   20.2494717       0.00000000    
   20.2661381       0.00000000    
   20.2828045       0.00000000    
   20.2994709       0.00000000    
   20.3161373       0.00000000    
   20.3328037       0.00000000    
   20.3494701       0.00000000    
   20.3661366       0.00000000    
   20.3828030       0.00000000    
   20.3994694       0.00000000    
   20.4161358       0.00000000    
   20.4328022       0.00000000    
   20.4494686       0.00000000    
   20.4661350       0.00000000    
   20.4828014       0.00000000    
   20.4994678       0.00000000    
   20.5161343       0.00000000    
   20.5328007       0.00000000    
   20.5494671       0.00000000    
   20.5661335       0.00000000    
   20.5827999       0.00000000    
   20.5994663       0.00000000    
   20.6161327       0.00000000    
   20.6327991       0.00000000    
   20.6494656       0.00000000    
   20.6661320       0.00000000    
   20.6827984       0.00000000    
   20.6994648       0.00000000    
   20.7161312       0.00000000    
   20.7327976       0.00000000    
   20.7494640       0.00000000    
   20.7661304       0.00000000    
   20.7827969       0.00000000    
   20.7994633       0.00000000    
   20.8161297       0.00000000    
   20.8327961       0.00000000    
   20.8494625       0.00000000    
   20.8661289       0.00000000    
   20.8827953       0.00000000    
   20.8994617       0.00000000    
   20.9161282       0.00000000    
   20.9327946       0.00000000    
   20.9494610       0.00000000    
   20.9661274       0.00000000    
   20.9827938       0.00000000    
   20.9994602       0.00000000    
   21.0161266       0.00000000    
   21.0327930       0.00000000    
   21.0494595       0.00000000    
   21.0661259       0.00000000    
   21.0827923       0.00000000    
   21.0994587       0.00000000    
   21.1161251       0.00000000    
   21.1327915       0.00000000    
   21.1494579       0.00000000    
   21.1661243       0.00000000    
   21.1827908       0.00000000    
   21.1994572       0.00000000    
   21.2161236       0.00000000    
   21.2327900       0.00000000    
   21.2494564       0.00000000    
   21.2661228       0.00000000    
   21.2827892       0.00000000    
   21.2994556       0.00000000    
   21.3161221       0.00000000    
   21.3327885       0.00000000    
   21.3494549       0.00000000    
   21.3661213       0.00000000    
   21.3827877       0.00000000    
   21.3994541       0.00000000    
   21.4161205       0.00000000    
   21.4327869       0.00000000    
   21.4494534       0.00000000    
   21.4661198       0.00000000    
   21.4827862       0.00000000    
   21.4994526       0.00000000    
   21.5161190       0.00000000    
   21.5327854       0.00000000    
   21.5494518       0.00000000    
   21.5661182       0.00000000    
   21.5827847       0.00000000    
   21.5994511       0.00000000    
   21.6161175       0.00000000    
   21.6327839       0.00000000    
   21.6494503       0.00000000    
   21.6661167       0.00000000    
   21.6827831       0.00000000    
   21.6994495       0.00000000    
   21.7161160       0.00000000    
   21.7327824       0.00000000    
   21.7494488       0.00000000    
   21.7661152       0.00000000    
   21.7827816       0.00000000    
   21.7994480       0.00000000    
   21.8161144       0.00000000    
   21.8327808       0.00000000    
   21.8494473       0.00000000    
   21.8661137       0.00000000    
   21.8827801       0.00000000    
   21.8994465       0.00000000    
   21.9161129       0.00000000    
   21.9327793       0.00000000    
   21.9494457       0.00000000    
   21.9661121       0.00000000    
   21.9827785       0.00000000    
   21.9994450       0.00000000    
   22.0161114       0.00000000    
   22.0327778       0.00000000    
   22.0494442       0.00000000    
   22.0661106       0.00000000    
   22.0827770       0.00000000    
   22.0994434       0.00000000    
   22.1161098       0.00000000    
   22.1327763       0.00000000    
   22.1494427       0.00000000    
   22.1661091       0.00000000    
   22.1827755       0.00000000    
   22.1994419       0.00000000    
   22.2161083       0.00000000    
   22.2327747       0.00000000    
   22.2494411       0.00000000    
   22.2661076       0.00000000    
   22.2827740       0.00000000    
   22.2994404       0.00000000    
   22.3161068       0.00000000    
   22.3327732       0.00000000    
   22.3494396       0.00000000    
   22.3661060       0.00000000    
   22.3827724       0.00000000    
   22.3994389       0.00000000    
   22.4161053       0.00000000    
   22.4327717       0.00000000    
   22.4494381       0.00000000    
   22.4661045       0.00000000    
   22.4827709       0.00000000    
   22.4994373       0.00000000    
   22.5161037       0.00000000    
   22.5327702       0.00000000    
   22.5494366       0.00000000    
   22.5661030       0.00000000    
   22.5827694       0.00000000    
   22.5994358       0.00000000    
   22.6161022       0.00000000    
   22.6327686       0.00000000    
   22.6494350       0.00000000    
   22.6661015       0.00000000    
   22.6827679       0.00000000    
   22.6994343       0.00000000    
   22.7161007       0.00000000    
   22.7327671       0.00000000    
   22.7494335       0.00000000    
   22.7660999       0.00000000    
   22.7827663       0.00000000    
   22.7994328       0.00000000    
   22.8160992       0.00000000    
   22.8327656       0.00000000    
   22.8494320       0.00000000    
   22.8660984       0.00000000    
   22.8827648       0.00000000    
   22.8994312       0.00000000    
   22.9160976       0.00000000    
   22.9327641       0.00000000    
   22.9494305       0.00000000    
   22.9660969       0.00000000    
   22.9827633       0.00000000    
   22.9994297       0.00000000    
   23.0160961       0.00000000    
   23.0327625       0.00000000    
   23.0494289       0.00000000    
   23.0660954       0.00000000    
   23.0827618       0.00000000    
   23.0994282       0.00000000    
   23.1160946       0.00000000    
   23.1327610       0.00000000    
   23.1494274       0.00000000    
   23.1660938       0.00000000    
   23.1827602       0.00000000    
   23.1994267       0.00000000    
   23.2160931       0.00000000    
   23.2327595       0.00000000    
   23.2494259       0.00000000    
   23.2660923       0.00000000    
   23.2827587       0.00000000    
   23.2994251       0.00000000    
   23.3160915       0.00000000    
   23.3327579       0.00000000    
   23.3494244       0.00000000    
   23.3660908       0.00000000    
   23.3827572       0.00000000    
   23.3994236       0.00000000    
   23.4160900       0.00000000    
   23.4327564       0.00000000    
   23.4494228       0.00000000    
   23.4660892       0.00000000    
   23.4827557       0.00000000    
   23.4994221       0.00000000    
   23.5160885       0.00000000    
   23.5327549       0.00000000    
   23.5494213       0.00000000    
   23.5660877       0.00000000    
   23.5827541       0.00000000    
   23.5994205       0.00000000    
   23.6160870       0.00000000    
   23.6327534       0.00000000    
   23.6494198       0.00000000    
   23.6660862       0.00000000    
   23.6827526       0.00000000    
   23.6994190       0.00000000    
   23.7160854       0.00000000    
   23.7327518       0.00000000    
   23.7494183       0.00000000    
   23.7660847       0.00000000    
   23.7827511       0.00000000    
   23.7994175       0.00000000    
   23.8160839       0.00000000    
   23.8327503       0.00000000    
   23.8494167       0.00000000    
   23.8660831       0.00000000    
   23.8827496       0.00000000    
   23.8994160       0.00000000    
   23.9160824       0.00000000    
   23.9327488       0.00000000    
   23.9494152       0.00000000    
   23.9660816       0.00000000    
   23.9827480       0.00000000    
