   0.00000000       0.00000000    
   1.66660007E-02   0.00000000    
   3.33320014E-02   0.00000000    
   4.99980003E-02   0.00000000    
   6.66640028E-02   0.00000000    
   8.33300054E-02   0.00000000    
   9.99960080E-02   0.00000000    
  0.116662011       0.00000000    
  0.133328006       0.00000000    
  0.149994001       0.00000000    
  0.166659996       0.00000000    
  0.183325991       0.00000000    
  0.199991986       0.00000000    
  0.216657981       0.00000000    
  0.233323976       0.00000000    
  0.249989972       0.00000000    
  0.266655982       0.00000000    
  0.283321977       0.00000000    
  0.299987972       0.00000000    
  0.316653967       0.00000000    
  0.333319962       0.00000000    
  0.349985957       0.00000000    
  0.366651952       0.00000000    
  0.383317947       0.00000000    
  0.399983943       0.00000000    
  0.416649938       0.00000000    
  0.433315933       0.00000000    
  0.449981928       0.00000000    
  0.466647923       0.00000000    
  0.483313918       0.00000000    
  0.499979913       0.00000000    
  0.516645908       0.00000000    
  0.533311903       0.00000000    
  0.549977899       0.00000000    
  0.566643894       0.00000000    
  0.583309889       0.00000000    
  0.599975884       0.00000000    
  0.616641879       0.00000000    
  0.633307874       0.00000000    
  0.649973869       0.00000000    
  0.666639864       0.00000000    
  0.683305860       0.00000000    
  0.699971855       0.00000000    
  0.716637850       0.00000000    
  0.733303845       0.00000000    
  0.749969840       0.00000000    
  0.766635835       0.00000000    
  0.783301830       0.00000000    
  0.799967825       0.00000000    
  0.816633821       0.00000000    
  0.833299816       0.00000000    
  0.849965811       0.00000000    
  0.866631806       0.00000000    
  0.883297801       0.00000000    
  0.899963796       0.00000000    
  0.916629791       0.00000000    
  0.933295786       0.00000000    
  0.949961782       0.00000000    
  0.966627777       0.00000000    
  0.983293772       0.00000000    
  0.999959767       0.00000000    
   1.01662576       0.00000000    
   1.03329182       0.00000000    
   1.04995787       0.00000000    
   1.06662393       0.00000000    
   1.08328998       0.00000000    
   1.09995604       0.00000000    
   1.11662209       0.00000000    
   1.13328815       0.00000000    
   1.14995420       0.00000000    
   1.16662025       0.00000000    
   1.18328631       0.00000000    
   1.19995236       0.00000000    
   1.21661842       0.00000000    
   1.23328447       0.00000000    
   1.24995053       0.00000000    
   1.26661658       0.00000000    
   1.28328264       0.00000000    
   1.29994869       0.00000000    
   1.31661475       0.00000000    
   1.33328080       0.00000000    
   1.34994686       0.00000000    
   1.36661291       0.00000000    
   1.38327897       0.00000000    
   1.39994502       0.00000000    
   1.41661108       0.00000000    
   1.43327713       0.00000000    
   1.44994318       0.00000000    
   1.46660924       0.00000000    
   1.48327529       0.00000000    
   1.49994135       0.00000000    
   1.51660740       0.00000000    
   1.53327346       0.00000000    
   1.54993951       0.00000000    
   1.56660557       0.00000000    
   1.58327162       0.00000000    
   1.59993768       0.00000000    
   1.61660373       0.00000000    
   1.63326979       0.00000000    
   1.64993584       0.00000000    
   1.66660190       0.00000000    
   1.68326795       0.00000000    
   1.69993401       0.00000000    
   1.71660006       0.00000000    
   1.73326612       0.00000000    
   1.74993217       0.00000000    
   1.76659822       0.00000000    
   1.78326428       0.00000000    
   1.79993033       0.00000000    
   1.81659639       0.00000000    
   1.83326244       0.00000000    
   1.84992850       0.00000000    
   1.86659455       0.00000000    
   1.88326061       0.00000000    
   1.89992666       0.00000000    
   1.91659272       0.00000000    
   1.93325877       0.00000000    
   1.94992483       0.00000000    
   1.96659088       0.00000000    
   1.98325694       0.00000000    
   1.99992299       0.00000000    
   2.01658893       0.00000000    
   2.03325486       0.00000000    
   2.04992080       0.00000000    
   2.06658673       0.00000000    
   2.08325267       0.00000000    
   2.09991860       0.00000000    
   2.11658454       0.00000000    
   2.13325047       0.00000000    
   2.14991641       0.00000000    
   2.16658235       0.00000000    
   2.18324828       0.00000000    
   2.19991422       0.00000000    
   2.21658015       0.00000000    
   2.23324609       0.00000000    
   2.24991202       0.00000000    
   2.26657796       0.00000000    
   2.28324389       0.00000000    
   2.29990983       0.00000000    
   2.31657577       0.00000000    
   2.33324170       0.00000000    
   2.34990764       0.00000000    
   2.36657357       0.00000000    
   2.38323951       0.00000000    
   2.39990544       0.00000000    
   2.41657138       0.00000000    
   2.43323731       0.00000000    
   2.44990325       0.00000000    
   2.46656919       0.00000000    
   2.48323512       0.00000000    
   2.49990106       0.00000000    
   2.51656699       0.00000000    
   2.53323293       0.00000000    
   2.54989886       0.00000000    
   2.56656480       0.00000000    
   2.58323073       0.00000000    
   2.59989667       0.00000000    
   2.61656260       0.00000000    
   2.63322854       0.00000000    
   2.64989448       0.00000000    
   2.66656041       0.00000000    
   2.68322635       0.00000000    
   2.69989228       0.00000000    
   2.71655822       0.00000000    
   2.73322415       0.00000000    
   2.74989009       0.00000000    
   2.76655602       0.00000000    
   2.78322196       0.00000000    
   2.79988790       0.00000000    
   2.81655383       0.00000000    
   2.83321977       0.00000000    
   2.84988570       0.00000000    
   2.86655164       0.00000000    
   2.88321757       0.00000000    
   2.89988351       0.00000000    
   2.91654944       0.00000000    
   2.93321538       0.00000000    
   2.94988132       0.00000000    
   2.96654725       0.00000000    
   2.98321319       0.00000000    
   2.99987912       0.00000000    
   3.01654506       0.00000000    
   3.03321099       0.00000000    
   3.04987693       0.00000000    
   3.06654286       0.00000000    
   3.08320880       0.00000000    
   3.09987473       0.00000000    
   3.11654067       0.00000000    
   3.13320661       0.00000000    
   3.14987254       0.00000000    
   3.16653848       0.00000000    
   3.18320441       0.00000000    
   3.19987035       0.00000000    
   3.21653628       0.00000000    
   3.23320222       0.00000000    
   3.24986815       0.00000000    
   3.26653409       0.00000000    
   3.28320003       0.00000000    
   3.29986596       0.00000000    
   3.31653190       0.00000000    
   3.33319783       0.00000000    
   3.34986377       0.00000000    
   3.36652970       0.00000000    
   3.38319564       0.00000000    
   3.39986157       0.00000000    
   3.41652751       0.00000000    
   3.43319345       0.00000000    
   3.44985938       0.00000000    
   3.46652532       0.00000000    
   3.48319125       0.00000000    
   3.49985719       0.00000000    
   3.51652312       0.00000000    
   3.53318906       0.00000000    
   3.54985499       0.00000000    
   3.56652093       0.00000000    
   3.58318686       0.00000000    
   3.59985280       0.00000000    
   3.61651874       0.00000000    
   3.63318467       0.00000000    
   3.64985061       0.00000000    
   3.66651654       0.00000000    
   3.68318248       0.00000000    
   3.69984841       0.00000000    
   3.71651435       0.00000000    
   3.73318028       0.00000000    
   3.74984622       0.00000000    
   3.76651216       0.00000000    
   3.78317809       0.00000000    
   3.79984403       0.00000000    
   3.81650996       0.00000000    
   3.83317590       0.00000000    
   3.84984183       0.00000000    
   3.86650777       0.00000000    
   3.88317370       0.00000000    
   3.89983964       0.00000000    
   3.91650558       0.00000000    
   3.93317151       0.00000000    
   3.94983745       0.00000000    
   3.96650338       0.00000000    
   3.98316932       0.00000000    
   3.99983525       0.00000000    
   4.01650143       0.00000000    
   4.03316736       0.00000000    
   4.04983330       0.00000000    
   4.06649923       0.00000000    
   4.08316517       0.00000000    
   4.09983110       0.00000000    
   4.11649704       0.00000000    
   4.13316298       0.00000000    
   4.14982891       0.00000000    
   4.16649485       0.00000000    
   4.18316078       0.00000000    
   4.19982672       0.00000000    
   4.21649265       0.00000000    
   4.23315859       0.00000000    
   4.24982452       0.00000000    
   4.26649046       0.00000000    
   4.28315639       0.00000000    
   4.29982233       0.00000000    
   4.31648827       0.00000000    
   4.33315420       0.00000000    
   4.34982014       0.00000000    
   4.36648607       0.00000000    
   4.38315201       0.00000000    
   4.39981794       0.00000000    
   4.41648388       0.00000000    
   4.43314981       0.00000000    
   4.44981575       0.00000000    
   4.46648169       0.00000000    
   4.48314762       0.00000000    
   4.49981356       0.00000000    
   4.51647949       0.00000000    
   4.53314543       0.00000000    
   4.54981136       0.00000000    
   4.56647730       0.00000000    
   4.58314323       0.00000000    
   4.59980917       0.00000000    
   4.61647511       0.00000000    
   4.63314104       0.00000000    
   4.64980698       0.00000000    
   4.66647291       0.00000000    
   4.68313885       0.00000000    
   4.69980478       0.00000000    
   4.71647072       0.00000000    
   4.73313665       0.00000000    
   4.74980259       0.00000000    
   4.76646852       0.00000000    
   4.78313446       0.00000000    
   4.79980040       0.00000000    
   4.81646633       0.00000000    
   4.83313227       0.00000000    
   4.84979820       0.00000000    
   4.86646414       0.00000000    
   4.88313007       0.00000000    
   4.89979601       0.00000000    
   4.91646194       0.00000000    
   4.93312788       0.00000000    
   4.94979382       0.00000000    
   4.96645975       0.00000000    
   4.98312569       0.00000000    
   4.99979162       0.00000000    
   5.01645756       0.00000000    
   5.03312349       0.00000000    
   5.04978943       0.00000000    
   5.06645536       0.00000000    
   5.08312130       0.00000000    
   5.09978724       0.00000000    
   5.11645317       0.00000000    
   5.13311911       0.00000000    
   5.14978504       0.00000000    
   5.16645098       0.00000000    
   5.18311691       0.00000000    
   5.19978285       0.00000000    
   5.21644878       0.00000000    
   5.23311472       0.00000000    
   5.24978065       0.00000000    
   5.26644659       0.00000000    
   5.28311253       0.00000000    
   5.29977846       0.00000000    
   5.31644440       0.00000000    
   5.33311033       0.00000000    
   5.34977627       0.00000000    
   5.36644220       0.00000000    
   5.38310814       0.00000000    
   5.39977407       0.00000000    
   5.41644001       0.00000000    
   5.43310595       0.00000000    
   5.44977188       0.00000000    
   5.46643782       0.00000000    
   5.48310375       0.00000000    
   5.49976969       0.00000000    
   5.51643562       0.00000000    
   5.53310156       0.00000000    
   5.54976749       0.00000000    
   5.56643343       0.00000000    
   5.58309937       0.00000000    
   5.59976530       0.00000000    
   5.61643124       0.00000000    
   5.63309717       0.00000000    
   5.64976311       0.00000000    
   5.66642904       0.00000000    
   5.68309498       0.00000000    
   5.69976091       0.00000000    
   5.71642685       0.00000000    
   5.73309278       0.00000000    
   5.74975872       0.00000000    
   5.76642466       9.35699967E-25
   5.78309059       2.72100008E-18
   5.79975653       3.76900015E-15
   5.81642246       1.13499997E-12
   5.83308840       8.63600025E-11
   5.84975433       3.04899994E-09
   5.86642027       1.90900007E-08
   5.88308620       5.81399995E-08
   5.89975214       1.30199993E-07
   5.91641808       2.53600007E-07
   5.93308401       4.65400007E-07
   5.94974995       8.12599978E-07
   5.96641588       1.34300001E-06
   5.98308182       2.12300006E-06
   5.99974775       3.21299990E-06
   6.01641369       4.61899981E-06
   6.03307962       6.44800002E-06
   6.04974556       8.75499973E-06
   6.06641150       1.18300004E-05
   6.08307743       1.56999995E-05
   6.09974337       2.04000007E-05
   6.11640930       2.62899994E-05
   6.13307524       3.28800015E-05
   6.14974117       4.13700000E-05
   6.16640711       5.21100010E-05
   6.18307304       6.33500022E-05
   6.19973898       7.81600029E-05
   6.21640491       9.46000000E-05
   6.23307085       1.13000002E-04
   6.24973679       1.34400005E-04
   6.26640272       1.59000003E-04
   6.28306866       1.87600002E-04
   6.29973459       2.16700006E-04
   6.31640053       2.48400000E-04
   6.33306646       2.91700009E-04
   6.34973240       3.24699999E-04
   6.36639833       3.64700012E-04
   6.38306427       4.13100002E-04
   6.39973021       4.71800013E-04
   6.41639614       5.25499985E-04
   6.43306208       5.81000000E-04
   6.44972801       6.39999984E-04
   6.46639395       7.02799996E-04
   6.48305988       7.68899976E-04
   6.49972582       8.38499982E-04
   6.51639175       9.11600015E-04
   6.53305769       9.87799955E-04
   6.54972363       1.06699998E-03
   6.56638956       1.15000003E-03
   6.58305550       1.23599998E-03
   6.59972143       1.32599997E-03
   6.61638737       1.41899998E-03
   6.63305330       1.51500001E-03
   6.64971924       1.61499996E-03
   6.66638517       1.71800004E-03
   6.68305111       1.82500004E-03
   6.69971704       1.93499995E-03
   6.71638298       2.05000001E-03
   6.73304892       2.16699997E-03
   6.74971485       2.28799996E-03
   6.76638079       2.41299998E-03
   6.78304672       2.54200003E-03
   6.79971266       2.67500011E-03
   6.81637859       2.81199999E-03
   6.83304453       2.95299990E-03
   6.84971046       3.09800007E-03
   6.86637640       3.24700004E-03
   6.88304234       3.40000005E-03
   6.89970827       3.55900009E-03
   6.91637421       3.72099993E-03
   6.93304014       3.88700003E-03
   6.94970608       4.05899994E-03
   6.96637201       4.23499988E-03
   6.98303795       4.41499986E-03
   6.99970388       4.60099988E-03
   7.01636982       4.79200017E-03
   7.03303576       4.98700002E-03
   7.04970169       5.18799992E-03
   7.06636763       5.39400009E-03
   7.08303356       5.60500007E-03
   7.09969950       5.82200009E-03
   7.11636543       6.04300015E-03
   7.13303137       6.27100002E-03
   7.14969730       6.50400016E-03
   7.16636324       6.74299989E-03
   7.18302917       6.98800012E-03
   7.19969511       7.23800017E-03
   7.21636105       7.49500003E-03
   7.23302698       7.75700016E-03
   7.24969292       8.02600011E-03
   7.26635885       8.30200035E-03
   7.28302479       8.58299993E-03
   7.29969072       8.87100026E-03
   7.31635666       9.16500017E-03
   7.33302259       9.46599990E-03
   7.34968853       9.77300014E-03
   7.36635447       1.00900000E-02
   7.38302040       1.04099996E-02
   7.39968634       1.07399998E-02
   7.41635227       1.10700000E-02
   7.43301821       1.14200003E-02
   7.44968414       1.17600001E-02
   7.46635008       1.21200001E-02
   7.48301601       1.24899996E-02
   7.49968195       1.28600001E-02
   7.51634789       1.32400002E-02
   7.53301382       1.36200003E-02
   7.54967976       1.40199997E-02
   7.56634569       1.44199999E-02
   7.58301163       1.48299998E-02
   7.59967756       1.52500002E-02
   7.61634350       1.56699996E-02
   7.63300943       1.61099993E-02
   7.64967537       1.65500008E-02
   7.66634130       1.70000009E-02
   7.68300724       1.74599998E-02
   7.69967318       1.79200005E-02
   7.71633911       1.84000004E-02
   7.73300505       1.88800003E-02
   7.74967098       1.93700008E-02
   7.76633692       1.98700000E-02
   7.78300285       2.03799997E-02
   7.79966879       2.08999999E-02
   7.81633472       2.14200001E-02
   7.83300066       2.19599996E-02
   7.84966660       2.25000009E-02
   7.86633253       2.30500009E-02
   7.88299847       2.36099996E-02
   7.89966440       2.41800006E-02
   7.91633034       2.47600004E-02
   7.93299627       2.53500007E-02
   7.94966221       2.59499997E-02
   7.96632814       2.65500005E-02
   7.98299408       2.71700006E-02
   7.99966002       2.77900007E-02
   8.01632595       2.84299999E-02
   8.03299236       2.90699992E-02
   8.04965878       2.97200009E-02
   8.06632519       3.03799994E-02
   8.08299160       3.10500003E-02
   8.09965801       3.17299999E-02
   8.11632442       3.24199982E-02
   8.13299084       3.31199989E-02
   8.14965725       3.38199995E-02
   8.16632366       3.45400013E-02
   8.18299007       3.52700017E-02
   8.19965649       3.59999985E-02
   8.21632290       3.67500000E-02
   8.23298931       3.75000015E-02
   8.24965572       3.82600017E-02
   8.26632214       3.90399992E-02
   8.28298855       3.98200005E-02
   8.29965496       4.06100005E-02
   8.31632137       4.14099991E-02
   8.33298779       4.22200002E-02
   8.34965420       4.30399999E-02
   8.36632061       4.38699983E-02
   8.38298702       4.47099991E-02
   8.39965343       4.55599986E-02
   8.41631985       4.64200005E-02
   8.43298626       4.72799987E-02
   8.44965267       4.81600016E-02
   8.46631908       4.90400009E-02
   8.48298550       4.99400012E-02
   8.49965191       5.08400016E-02
   8.51631832       5.17599992E-02
   8.53298473       5.26800007E-02
   8.54965115       5.36100008E-02
   8.56631756       5.45499995E-02
   8.58298397       5.55000007E-02
   8.59965038       5.64600006E-02
   8.61631680       5.74299991E-02
   8.63298321       5.84000014E-02
   8.64964962       5.93900010E-02
   8.66631603       6.03800006E-02
   8.68298244       6.13900013E-02
   8.69964886       6.23999983E-02
   8.71631527       6.34199977E-02
   8.73298168       6.44500032E-02
   8.74964809       6.54899999E-02
   8.76631451       6.65299967E-02
   8.78298092       6.75899982E-02
   8.79964733       6.86499998E-02
   8.81631374       6.97200000E-02
   8.83298016       7.07999989E-02
   8.84964657       7.18899965E-02
   8.86631298       7.29900002E-02
   8.88297939       7.41000026E-02
   8.89964581       7.52099976E-02
   8.91631222       7.63299987E-02
   8.93297863       7.74599984E-02
   8.94964504       7.85899982E-02
   8.96631145       7.97400028E-02
   8.98297787       8.08800012E-02
   8.99964428       8.20500031E-02
   9.01631069       8.32199976E-02
   9.03297710       8.43800008E-02
   9.04964352       8.55799988E-02
   9.06630993       8.67699981E-02
   9.08297634       8.79700035E-02
   9.09964275       8.91700014E-02
   9.11630917       9.03699994E-02
   9.13297558       9.15800035E-02
   9.14964199       9.28300023E-02
   9.16630840       9.40499976E-02
   9.18297482       9.52899978E-02
   9.19964123       9.65399966E-02
   9.21630764       9.77799967E-02
   9.23297405       9.90500003E-02
   9.24964046      0.100299999    
   9.26630688      0.101599999    
   9.28297329      0.102899998    
   9.29963970      0.104099996    
   9.31630611      0.105400003    
   9.33297253      0.106700003    
   9.34963894      0.108000003    
   9.36630535      0.109300002    
   9.38297176      0.110600002    
   9.39963818      0.112000003    
   9.41630459      0.113300003    
   9.43297100      0.114600003    
   9.44963741      0.115900002    
   9.46630383      0.117299996    
   9.48297024      0.118600003    
   9.49963665      0.119999997    
   9.51630306      0.121299997    
   9.53296947      0.122599997    
   9.54963589      0.123999998    
   9.56630230      0.125400007    
   9.58296871      0.126800001    
   9.59963512      0.128099993    
   9.61630154      0.129500002    
   9.63296795      0.130899996    
   9.64963436      0.132300004    
   9.66630077      0.133599997    
   9.68296719      0.135000005    
   9.69963360      0.136399999    
   9.71630001      0.137700006    
   9.73296642      0.139200002    
   9.74963284      0.140599996    
   9.76629925      0.142000005    
   9.78296566      0.143399999    
   9.79963207      0.144800007    
   9.81629848      0.146300003    
   9.83296490      0.147699997    
   9.84963131      0.149100006    
   9.86629772      0.150500000    
   9.88296413      0.151899993    
   9.89963055      0.153200001    
   9.91629696      0.154799998    
   9.93296337      0.156200007    
   9.94962978      0.157600001    
   9.96629620      0.158899993    
   9.98296261      0.160400003    
   9.99962902      0.161799997    
   10.0162954      0.163299993    
   10.0329618      0.164700001    
   10.0496283      0.166199997    
   10.0662947      0.167600006    
   10.0829611      0.169000000    
   10.0996275      0.170399994    
   10.1162939      0.171800002    
   10.1329603      0.173299998    
   10.1496267      0.174700007    
   10.1662931      0.176100001    
   10.1829596      0.177599996    
   10.1996260      0.179000005    
   10.2162924      0.180399999    
   10.2329588      0.181700006    
   10.2496252      0.183200002    
   10.2662916      0.184699997    
   10.2829580      0.186100006    
   10.2996244      0.187500000    
   10.3162909      0.188899994    
   10.3329573      0.190300003    
   10.3496237      0.191599995    
   10.3662901      0.193100005    
   10.3829565      0.194499999    
   10.3996229      0.195899993    
   10.4162893      0.197300002    
   10.4329557      0.198699996    
   10.4496222      0.200100005    
   10.4662886      0.201499999    
   10.4829550      0.202600002    
   10.4996214      0.204200000    
   10.5162878      0.205599993    
   10.5329542      0.207000002    
   10.5496206      0.208399996    
   10.5662870      0.209700003    
   10.5829535      0.211099997    
   10.5996199      0.212400004    
   10.6162863      0.213799998    
   10.6329527      0.215100005    
   10.6496191      0.216499999    
   10.6662855      0.217800006    
   10.6829519      0.219099998    
   10.6996183      0.220500007    
   10.7162848      0.221799999    
   10.7329512      0.223100007    
   10.7496176      0.224399999    
   10.7662840      0.225700006    
   10.7829504      0.226999998    
   10.7996168      0.228300005    
   10.8162832      0.229599997    
   10.8329496      0.230900005    
   10.8496161      0.232099995    
   10.8662825      0.233400002    
   10.8829489      0.234599993    
   10.8996153      0.235900000    
   10.9162817      0.237100005    
   10.9329481      0.238399997    
   10.9496145      0.239600003    
   10.9662809      0.240799993    
   10.9829473      0.241999999    
   10.9996138      0.243100002    
   11.0162802      0.244399995    
   11.0329466      0.245600000    
   11.0496130      0.246700004    
   11.0662794      0.247999996    
   11.0829458      0.249100000    
   11.0996122      0.250299990    
   11.1162786      0.251500010    
   11.1329451      0.252600014    
   11.1496115      0.253699988    
   11.1662779      0.254799992    
   11.1829443      0.256000012    
   11.1996107      0.257099986    
   11.2162771      0.258100003    
   11.2329435      0.259200007    
   11.2496099      0.260300010    
   11.2662764      0.261400014    
   11.2829428      0.262400001    
   11.2996092      0.263500005    
   11.3162756      0.264499992    
   11.3329420      0.265500009    
   11.3496084      0.266499996    
   11.3662748      0.267500013    
   11.3829412      0.268500000    
   11.3996077      0.269499987    
   11.4162741      0.270500004    
   11.4329405      0.271400005    
   11.4496069      0.272399992    
   11.4662733      0.273299992    
   11.4829397      0.274300009    
   11.4996061      0.275200009    
   11.5162725      0.276100010    
   11.5329390      0.277000010    
   11.5496054      0.277900010    
   11.5662718      0.278600007    
   11.5829382      0.279599994    
   11.5996046      0.280400008    
   11.6162710      0.281300008    
   11.6329374      0.282099992    
   11.6496038      0.282900006    
   11.6662703      0.283600003    
   11.6829367      0.284500003    
   11.6996031      0.285200000    
   11.7162695      0.286000013    
   11.7329359      0.286799997    
   11.7496023      0.287499994    
   11.7662687      0.288199991    
   11.7829351      0.288899988    
   11.7996016      0.289600015    
   11.8162680      0.290300012    
   11.8329344      0.291000009    
   11.8496008      0.291599989    
   11.8662672      0.292299986    
   11.8829336      0.292600006    
   11.8996000      0.293500006    
   11.9162664      0.294099987    
   11.9329329      0.294699997    
   11.9495993      0.295300007    
   11.9662657      0.295899987    
   11.9829321      0.296400011    
   11.9995985      0.296999991    
   12.0162649      0.297500014    
   12.0329313      0.298000008    
   12.0495977      0.298500001    
   12.0662642      0.298799992    
   12.0829306      0.299499989    
   12.0995970      0.299800009    
   12.1162634      0.300199986    
   12.1329298      0.300799996    
   12.1495962      0.301200002    
   12.1662626      0.301400006    
   12.1829290      0.301800013    
   12.1995955      0.302300006    
   12.2162619      0.302700013    
   12.2329283      0.303000003    
   12.2495947      0.303400010    
   12.2662611      0.303700000    
   12.2829275      0.303999990    
   12.2995939      0.304300010    
   12.3162603      0.304500014    
   12.3329268      0.304800004    
   12.3495932      0.305000007    
   12.3662596      0.305299997    
   12.3829260      0.305500001    
   12.3995924      0.305700004    
   12.4162588      0.305799991    
   12.4329252      0.305999994    
   12.4495916      0.306199998    
   12.4662580      0.306300014    
   12.4829245      0.306400001    
   12.4995909      0.306499988    
   12.5162573      0.306600004    
   12.5329237      0.306699991    
   12.5495901      0.306800008    
   12.5662565      0.306800008    
   12.5829229      0.306899995    
   12.5995893      0.306899995    
   12.6162558      0.306899995    
   12.6329222      0.306899995    
   12.6495886      0.306800008    
   12.6662550      0.306800008    
   12.6829214      0.306699991    
   12.6995878      0.306699991    
   12.7162542      0.306600004    
   12.7329206      0.306499988    
   12.7495871      0.306400001    
   12.7662535      0.306300014    
   12.7829199      0.306100011    
   12.7995863      0.305999994    
   12.8162527      0.305799991    
   12.8329191      0.305599988    
   12.8495855      0.305400014    
   12.8662519      0.305200011    
   12.8829184      0.304899991    
   12.8995848      0.304699987    
   12.9162512      0.304399997    
   12.9329176      0.304199994    
   12.9495840      0.303900003    
   12.9662504      0.303600013    
   12.9829168      0.303299993    
   12.9995832      0.302899987    
   13.0162497      0.302599996    
   13.0329161      0.302199990    
   13.0495825      0.301600009    
   13.0662489      0.301400006    
   13.0829153      0.301099986    
   13.0995817      0.300599992    
   13.1162481      0.300000012    
   13.1329145      0.299800009    
   13.1495810      0.299299985    
   13.1662474      0.298700005    
   13.1829138      0.298299998    
   13.1995802      0.297800004    
   13.2162466      0.297300011    
   13.2329130      0.296799988    
   13.2495794      0.296200007    
   13.2662458      0.295700014    
   13.2829123      0.295100003    
   13.2995787      0.294499993    
   13.3162451      0.293900013    
   13.3329115      0.293300003    
   13.3495779      0.292600006    
   13.3662443      0.291999996    
   13.3829107      0.291399986    
   13.3995771      0.290800005    
   13.4162436      0.290100008    
   13.4329100      0.289400011    
   13.4495764      0.288500011    
   13.4662428      0.287900001    
   13.4829092      0.287099987    
   13.4995756      0.286399990    
   13.5162420      0.285800010    
   13.5329084      0.284900010    
   13.5495749      0.284200013    
   13.5662413      0.283399999    
   13.5829077      0.282599986    
   13.5995741      0.281800002    
   13.6162405      0.280999988    
   13.6329069      0.280099988    
   13.6495733      0.279300004    
   13.6662397      0.278400004    
   13.6829062      0.277599990    
   13.6995726      0.276699990    
   13.7162390      0.275799990    
   13.7329054      0.274899989    
   13.7495718      0.273900002    
   13.7662382      0.272700012    
   13.7829046      0.272100002    
   13.7995710      0.270900011    
   13.8162374      0.270200014    
   13.8329039      0.268999994    
   13.8495703      0.268200010    
   13.8662367      0.267100006    
   13.8829031      0.266200006    
   13.8995695      0.265199989    
   13.9162359      0.264099985    
   13.9329023      0.263099998    
   13.9495687      0.262100011    
   13.9662352      0.261000007    
   13.9829016      0.259900004    
   13.9995680      0.258899987    
   14.0162344      0.257800013    
   14.0329008      0.256500006    
   14.0495672      0.255600005    
   14.0662336      0.254500002    
   14.0829000      0.253300011    
   14.0995665      0.252200007    
   14.1162329      0.251100004    
   14.1328993      0.249899998    
   14.1495657      0.248799995    
   14.1662321      0.247600004    
   14.1828985      0.246399999    
   14.1995649      0.245199993    
   14.2162313      0.243799999    
   14.2328978      0.242799997    
   14.2495642      0.241600007    
   14.2662306      0.240300000    
   14.2828970      0.239099994    
   14.2995634      0.238000005    
   14.3162298      0.236699998    
   14.3328962      0.235499993    
   14.3495626      0.234200001    
   14.3662291      0.232999995    
   14.3828955      0.231700003    
   14.3995619      0.230399996    
   14.4162283      0.229200006    
   14.4328947      0.227899998    
   14.4495611      0.226600006    
   14.4662275      0.225199997    
   14.4828939      0.223700002    
   14.4995604      0.222700000    
   14.5162268      0.221300006    
   14.5328932      0.219999999    
   14.5495596      0.218700007    
   14.5662260      0.217399999    
   14.5828924      0.216000006    
   14.5995588      0.214699998    
   14.6162252      0.213300005    
   14.6328917      0.211999997    
   14.6495581      0.210600004    
   14.6662245      0.209299996    
   14.6828909      0.207699999    
   14.6995573      0.206499994    
   14.7162237      0.205200002    
   14.7328901      0.203799993    
   14.7495565      0.202399999    
   14.7662230      0.201000005    
   14.7828894      0.199599996    
   14.7995558      0.198300004    
   14.8162222      0.196899995    
   14.8328886      0.195299998    
   14.8495550      0.194100007    
   14.8662214      0.192699999    
   14.8828878      0.191300005    
   14.8995543      0.189799994    
   14.9162207      0.188400000    
   14.9328871      0.187000006    
   14.9495535      0.185599998    
   14.9662199      0.184200004    
   14.9828863      0.182799995    
   14.9995527      0.181400001    
   15.0162191      0.179900005    
   15.0328856      0.178499997    
   15.0495520      0.177000001    
   15.0662184      0.175699994    
   15.0828848      0.174199998    
   15.0995512      0.172800004    
   15.1162176      0.171399996    
   15.1328840      0.170000002    
   15.1495504      0.168500006    
   15.1662169      0.167099997    
   15.1828833      0.165700004    
   15.1995497      0.164299995    
   15.2162161      0.162799999    
   15.2328825      0.161400005    
   15.2495489      0.159999996    
   15.2662153      0.158600003    
   15.2828817      0.157100007    
   15.2995481      0.155699998    
   15.3162146      0.154300004    
   15.3328810      0.152899995    
   15.3495474      0.151500002    
   15.3662138      0.150000006    
   15.3828802      0.148599997    
   15.3995466      0.147200003    
   15.4162130      0.145799994    
   15.4328794      0.144400001    
   15.4495459      0.143000007    
   15.4662123      0.141599998    
   15.4828787      0.140200004    
   15.4995451      0.138799995    
   15.5162115      0.137400001    
   15.5328779      0.136000007    
   15.5495443      0.134599999    
   15.5662107      0.133200005    
   15.5828772      0.131799996    
   15.5995436      0.130500004    
   15.6162100      0.129099995    
   15.6328764      0.127700001    
   15.6495428      0.126300007    
   15.6662092      0.125000000    
   15.6828756      0.123599999    
   15.6995420      0.122199997    
   15.7162085      0.120899998    
   15.7328749      0.119499996    
   15.7495413      0.118199997    
   15.7662077      0.116899997    
   15.7828741      0.115500003    
   15.7995405      0.114200003    
   15.8162069      0.112899996    
   15.8328733      0.111599997    
   15.8495398      0.110200003    
   15.8662062      0.108900003    
   15.8828726      0.107600003    
   15.8995390      0.106299996    
   15.9162054      0.104999997    
   15.9328718      0.103799999    
   15.9495382      0.102499999    
   15.9662046      0.101199999    
   15.9828711       9.99300033E-02
   15.9995375       9.86599997E-02
   16.0162029       9.74100009E-02
   16.0328693       9.61700007E-02
   16.0495358       9.49100032E-02
   16.0662022       9.36900005E-02
   16.0828686       9.24599990E-02
   16.0995350       9.12400037E-02
   16.1162014       8.99899974E-02
   16.1328678       8.87999982E-02
   16.1495342       8.76099989E-02
   16.1662006       8.64100009E-02
   16.1828671       8.52300003E-02
   16.1995335       8.40499997E-02
   16.2161999       8.28699991E-02
   16.2328663       8.16999972E-02
   16.2495327       8.05500001E-02
   16.2661991       7.94100016E-02
   16.2828655       7.82599971E-02
   16.2995319       7.71299973E-02
   16.3161983       7.59999976E-02
   16.3328648       7.48799965E-02
   16.3495312       7.37700015E-02
   16.3661976       7.26699978E-02
   16.3828640       7.15800002E-02
   16.3995304       7.04900026E-02
   16.4161968       6.94100037E-02
   16.4328632       6.83500022E-02
   16.4495296       6.72800019E-02
   16.4661961       6.62299991E-02
   16.4828625       6.51900023E-02
   16.4995289       6.41499981E-02
   16.5161953       6.31299987E-02
   16.5328617       6.21099994E-02
   16.5495281       6.10999987E-02
   16.5661945       6.01000004E-02
   16.5828609       5.91100007E-02
   16.5995274       5.81299998E-02
   16.6161938       5.71499988E-02
   16.6328602       5.61899990E-02
   16.6495266       5.52299991E-02
   16.6661930       5.42900003E-02
   16.6828594       5.33500016E-02
   16.6995258       5.24200015E-02
   16.7161922       5.15000001E-02
   16.7328587       5.05900010E-02
   16.7495251       4.96900007E-02
   16.7661915       4.87999991E-02
   16.7828579       4.79199998E-02
   16.7995243       4.70499992E-02
   16.8161907       4.61799987E-02
   16.8328571       4.53299992E-02
   16.8495235       4.44799997E-02
   16.8661900       4.36500013E-02
   16.8828564       4.28199992E-02
   16.8995228       4.19999994E-02
   16.9161892       4.12000008E-02
   16.9328556       4.03999984E-02
   16.9495220       3.96099985E-02
   16.9661884       3.88300009E-02
   16.9828548       3.80599983E-02
   16.9995213       3.73000018E-02
   17.0161877       3.65500003E-02
   17.0328541       3.58100012E-02
   17.0495205       3.50699984E-02
   17.0661869       3.43500003E-02
   17.0828533       3.36400010E-02
   17.0995197       3.29300016E-02
   17.1161861       3.22399996E-02
   17.1328526       3.15500014E-02
   17.1495190       3.08800004E-02
   17.1661854       3.02099995E-02
   17.1828518       2.95499992E-02
   17.1995182       2.88999993E-02
   17.2161846       2.82600001E-02
   17.2328510       2.76299994E-02
   17.2495174       2.70099994E-02
   17.2661839       2.63999999E-02
   17.2828503       2.58000009E-02
   17.2995167       2.52000000E-02
   17.3161831       2.46200003E-02
   17.3328495       2.40400005E-02
   17.3495159       2.34699994E-02
   17.3661823       2.29100008E-02
   17.3828487       2.23699994E-02
   17.3995152       2.18300000E-02
   17.4161816       2.12900005E-02
   17.4328480       2.07700003E-02
   17.4495144       2.02600006E-02
   17.4661808       1.97500009E-02
   17.4828472       1.92499999E-02
   17.4995136       1.87599994E-02
   17.5161800       1.82799995E-02
   17.5328465       1.78100001E-02
   17.5495129       1.73499994E-02
   17.5661793       1.68900006E-02
   17.5828457       1.64400004E-02
   17.5995121       1.60000008E-02
   17.6161785       1.55699998E-02
   17.6328449       1.51500003E-02
   17.6495113       1.47299999E-02
   17.6661777       1.43299997E-02
   17.6828442       1.39300004E-02
   17.6995106       1.35300001E-02
   17.7161770       1.31500000E-02
   17.7328434       1.27699999E-02
   17.7495098       1.24000004E-02
   17.7661762       1.20400004E-02
   17.7828426       1.16900001E-02
   17.7995090       1.13399997E-02
   17.8161755       1.09999999E-02
   17.8328419       1.06600001E-02
   17.8495083       1.03399996E-02
   17.8661747       1.00199999E-02
   17.8828411       9.70599987E-03
   17.8995075       9.39999986E-03
   17.9161739       9.10000037E-03
   17.9328403       8.80800001E-03
   17.9495068       8.52200016E-03
   17.9661732       8.24199989E-03
   17.9828396       7.96800014E-03
   17.9995060       7.70100020E-03
   18.0161724       7.43999984E-03
   18.0328388       7.18499999E-03
   18.0495052       6.93600019E-03
   18.0661716       6.69299997E-03
   18.0828381       6.45500002E-03
   18.0995045       6.22300012E-03
   18.1161709       5.99699980E-03
   18.1328373       5.77699998E-03
   18.1495037       5.56199998E-03
   18.1661701       5.35199977E-03
   18.1828365       5.14699984E-03
   18.1995029       4.94799996E-03
   18.2161694       4.75300010E-03
   18.2328358       4.56399983E-03
   18.2495022       4.37999982E-03
   18.2661686       4.19999985E-03
   18.2828350       4.02500015E-03
   18.2995014       3.85500002E-03
   18.3161678       3.68899992E-03
   18.3328342       3.52800009E-03
   18.3495007       3.37100006E-03
   18.3661671       3.21900006E-03
   18.3828335       3.07000009E-03
   18.3994999       2.92599993E-03
   18.4161663       2.78600003E-03
   18.4328327       2.65099993E-03
   18.4494991       2.51900009E-03
   18.4661655       2.39000004E-03
   18.4828320       2.26600002E-03
   18.4994984       2.14600004E-03
   18.5161648       2.02900008E-03
   18.5328312       1.91600004E-03
   18.5494976       1.80600001E-03
   18.5661640       1.70000002E-03
   18.5828304       1.59799994E-03
   18.5994968       1.49900001E-03
   18.6161633       1.40299997E-03
   18.6328297       1.31099997E-03
   18.6494961       1.22199999E-03
   18.6661625       1.13600004E-03
   18.6828289       1.05399999E-03
   18.6994953       9.75099974E-04
   18.7161617       8.99599981E-04
   18.7328281       8.27200012E-04
   18.7494946       7.58300012E-04
   18.7661610       6.92699978E-04
   18.7828274       6.30600029E-04
   18.7994938       5.72099991E-04
   18.8161602       5.17599983E-04
   18.8328266       4.62199998E-04
   18.8494930       4.05300001E-04
   18.8661594       3.58199992E-04
   18.8828259       3.19399987E-04
   18.8994923       2.84500013E-04
   18.9161587       2.44099996E-04
   18.9328251       2.10900005E-04
   18.9494915       1.84499993E-04
   18.9661579       1.56099995E-04
   18.9828243       1.31800000E-04
   18.9994907       1.10800000E-04
   19.0161572       9.28800000E-05
   19.0328236       7.53600034E-05
   19.0494900       6.18799968E-05
   19.0661564       5.01899995E-05
   19.0828228       4.03900012E-05
   19.0994892       3.18999992E-05
   19.1161556       2.50899993E-05
   19.1328220       1.95400007E-05
   19.1494884       1.49799998E-05
   19.1661549       1.13200003E-05
   19.1828213       8.46900002E-06
   19.1994877       6.27000009E-06
   19.2161541       4.41600014E-06
   19.2328205       3.10599989E-06
   19.2494869       2.03200011E-06
   19.2661533       1.26600003E-06
   19.2828197       7.52599988E-07
   19.2994862       4.28800007E-07
   19.3161526       2.35800002E-07
   19.3328190       1.21599996E-07
   19.3494854       5.39699982E-08
   19.3661518       1.59599995E-08
   19.3828182       2.53800003E-09
   19.3994846       5.61399989E-11
   19.4161510       6.38600013E-13
   19.4328175       2.00099993E-15
   19.4494839       1.33099999E-18
   19.4661503       5.67900025E-38
   19.4828167       0.00000000    
   19.4994831       0.00000000    
   19.5161495       0.00000000    
   19.5328159       0.00000000    
   19.5494823       0.00000000    
   19.5661488       0.00000000    
   19.5828152       0.00000000    
   19.5994816       0.00000000    
   19.6161480       0.00000000    
   19.6328144       0.00000000    
   19.6494808       0.00000000    
   19.6661472       0.00000000    
   19.6828136       0.00000000    
   19.6994801       0.00000000    
   19.7161465       0.00000000    
   19.7328129       0.00000000    
   19.7494793       0.00000000    
   19.7661457       0.00000000    
   19.7828121       0.00000000    
   19.7994785       0.00000000    
   19.8161449       0.00000000    
   19.8328114       0.00000000    
   19.8494778       0.00000000    
   19.8661442       0.00000000    
   19.8828106       0.00000000    
   19.8994770       0.00000000    
   19.9161434       0.00000000    
   19.9328098       0.00000000    
   19.9494762       0.00000000    
   19.9661427       0.00000000    
   19.9828091       0.00000000    
   19.9994755       0.00000000    
   20.0161419       0.00000000    
   20.0328083       0.00000000    
   20.0494747       0.00000000    
   20.0661411       0.00000000    
   20.0828075       0.00000000    
   20.0994740       0.00000000    
   20.1161404       0.00000000    
   20.1328068       0.00000000    
   20.1494732       0.00000000    
   20.1661396       0.00000000    
   20.1828060       0.00000000    
   20.1994724       0.00000000    
   20.2161388       0.00000000    
   20.2328053       0.00000000    
   20.2494717       0.00000000    
   20.2661381       0.00000000    
   20.2828045       0.00000000    
   20.2994709       0.00000000    
   20.3161373       0.00000000    
   20.3328037       0.00000000    
   20.3494701       0.00000000    
   20.3661366       0.00000000    
   20.3828030       0.00000000    
   20.3994694       0.00000000    
   20.4161358       0.00000000    
   20.4328022       0.00000000    
   20.4494686       0.00000000    
   20.4661350       0.00000000    
   20.4828014       0.00000000    
   20.4994678       0.00000000    
   20.5161343       0.00000000    
   20.5328007       0.00000000    
   20.5494671       0.00000000    
   20.5661335       0.00000000    
   20.5827999       0.00000000    
   20.5994663       0.00000000    
   20.6161327       0.00000000    
   20.6327991       0.00000000    
   20.6494656       0.00000000    
   20.6661320       0.00000000    
   20.6827984       0.00000000    
   20.6994648       0.00000000    
   20.7161312       0.00000000    
   20.7327976       0.00000000    
   20.7494640       0.00000000    
   20.7661304       0.00000000    
   20.7827969       0.00000000    
   20.7994633       0.00000000    
   20.8161297       0.00000000    
   20.8327961       0.00000000    
   20.8494625       0.00000000    
   20.8661289       0.00000000    
   20.8827953       0.00000000    
   20.8994617       0.00000000    
   20.9161282       0.00000000    
   20.9327946       0.00000000    
   20.9494610       0.00000000    
   20.9661274       0.00000000    
   20.9827938       0.00000000    
   20.9994602       0.00000000    
   21.0161266       0.00000000    
   21.0327930       0.00000000    
   21.0494595       0.00000000    
   21.0661259       0.00000000    
   21.0827923       0.00000000    
   21.0994587       0.00000000    
   21.1161251       0.00000000    
   21.1327915       0.00000000    
   21.1494579       0.00000000    
   21.1661243       0.00000000    
   21.1827908       0.00000000    
   21.1994572       0.00000000    
   21.2161236       0.00000000    
   21.2327900       0.00000000    
   21.2494564       0.00000000    
   21.2661228       0.00000000    
   21.2827892       0.00000000    
   21.2994556       0.00000000    
   21.3161221       0.00000000    
   21.3327885       0.00000000    
   21.3494549       0.00000000    
   21.3661213       0.00000000    
   21.3827877       0.00000000    
   21.3994541       0.00000000    
   21.4161205       0.00000000    
   21.4327869       0.00000000    
   21.4494534       0.00000000    
   21.4661198       0.00000000    
   21.4827862       0.00000000    
   21.4994526       0.00000000    
   21.5161190       0.00000000    
   21.5327854       0.00000000    
   21.5494518       0.00000000    
   21.5661182       0.00000000    
   21.5827847       0.00000000    
   21.5994511       0.00000000    
   21.6161175       0.00000000    
   21.6327839       0.00000000    
   21.6494503       0.00000000    
   21.6661167       0.00000000    
   21.6827831       0.00000000    
   21.6994495       0.00000000    
   21.7161160       0.00000000    
   21.7327824       0.00000000    
   21.7494488       0.00000000    
   21.7661152       0.00000000    
   21.7827816       0.00000000    
   21.7994480       0.00000000    
   21.8161144       0.00000000    
   21.8327808       0.00000000    
   21.8494473       0.00000000    
   21.8661137       0.00000000    
   21.8827801       0.00000000    
   21.8994465       0.00000000    
   21.9161129       0.00000000    
   21.9327793       0.00000000    
   21.9494457       0.00000000    
   21.9661121       0.00000000    
   21.9827785       0.00000000    
   21.9994450       0.00000000    
   22.0161114       0.00000000    
   22.0327778       0.00000000    
   22.0494442       0.00000000    
   22.0661106       0.00000000    
   22.0827770       0.00000000    
   22.0994434       0.00000000    
   22.1161098       0.00000000    
   22.1327763       0.00000000    
   22.1494427       0.00000000    
   22.1661091       0.00000000    
   22.1827755       0.00000000    
   22.1994419       0.00000000    
   22.2161083       0.00000000    
   22.2327747       0.00000000    
   22.2494411       0.00000000    
   22.2661076       0.00000000    
   22.2827740       0.00000000    
   22.2994404       0.00000000    
   22.3161068       0.00000000    
   22.3327732       0.00000000    
   22.3494396       0.00000000    
   22.3661060       0.00000000    
   22.3827724       0.00000000    
   22.3994389       0.00000000    
   22.4161053       0.00000000    
   22.4327717       0.00000000    
   22.4494381       0.00000000    
   22.4661045       0.00000000    
   22.4827709       0.00000000    
   22.4994373       0.00000000    
   22.5161037       0.00000000    
   22.5327702       0.00000000    
   22.5494366       0.00000000    
   22.5661030       0.00000000    
   22.5827694       0.00000000    
   22.5994358       0.00000000    
   22.6161022       0.00000000    
   22.6327686       0.00000000    
   22.6494350       0.00000000    
   22.6661015       0.00000000    
   22.6827679       0.00000000    
   22.6994343       0.00000000    
   22.7161007       0.00000000    
   22.7327671       0.00000000    
   22.7494335       0.00000000    
   22.7660999       0.00000000    
   22.7827663       0.00000000    
   22.7994328       0.00000000    
   22.8160992       0.00000000    
   22.8327656       0.00000000    
   22.8494320       0.00000000    
   22.8660984       0.00000000    
   22.8827648       0.00000000    
   22.8994312       0.00000000    
   22.9160976       0.00000000    
   22.9327641       0.00000000    
   22.9494305       0.00000000    
   22.9660969       0.00000000    
   22.9827633       0.00000000    
   22.9994297       0.00000000    
   23.0160961       0.00000000    
   23.0327625       0.00000000    
   23.0494289       0.00000000    
   23.0660954       0.00000000    
   23.0827618       0.00000000    
   23.0994282       0.00000000    
   23.1160946       0.00000000    
   23.1327610       0.00000000    
   23.1494274       0.00000000    
   23.1660938       0.00000000    
   23.1827602       0.00000000    
   23.1994267       0.00000000    
   23.2160931       0.00000000    
   23.2327595       0.00000000    
   23.2494259       0.00000000    
   23.2660923       0.00000000    
   23.2827587       0.00000000    
   23.2994251       0.00000000    
   23.3160915       0.00000000    
   23.3327579       0.00000000    
   23.3494244       0.00000000    
   23.3660908       0.00000000    
   23.3827572       0.00000000    
   23.3994236       0.00000000    
   23.4160900       0.00000000    
   23.4327564       0.00000000    
   23.4494228       0.00000000    
   23.4660892       0.00000000    
   23.4827557       0.00000000    
   23.4994221       0.00000000    
   23.5160885       0.00000000    
   23.5327549       0.00000000    
   23.5494213       0.00000000    
   23.5660877       0.00000000    
   23.5827541       0.00000000    
   23.5994205       0.00000000    
   23.6160870       0.00000000    
   23.6327534       0.00000000    
   23.6494198       0.00000000    
   23.6660862       0.00000000    
   23.6827526       0.00000000    
   23.6994190       0.00000000    
   23.7160854       0.00000000    
   23.7327518       0.00000000    
   23.7494183       0.00000000    
   23.7660847       0.00000000    
   23.7827511       0.00000000    
   23.7994175       0.00000000    
   23.8160839       0.00000000    
   23.8327503       0.00000000    
   23.8494167       0.00000000    
   23.8660831       0.00000000    
   23.8827496       0.00000000    
   23.8994160       0.00000000    
   23.9160824       0.00000000    
   23.9327488       0.00000000    
   23.9494152       0.00000000    
   23.9660816       0.00000000    
   23.9827480       0.00000000    
