   0.00000000       0.00000000    
   1.66660007E-02   0.00000000    
   3.33320014E-02   0.00000000    
   4.99980003E-02   0.00000000    
   6.66640028E-02   0.00000000    
   8.33300054E-02   0.00000000    
   9.99960080E-02   0.00000000    
  0.116662011       0.00000000    
  0.133328006       0.00000000    
  0.149994001       0.00000000    
  0.166659996       0.00000000    
  0.183325991       0.00000000    
  0.199991986       0.00000000    
  0.216657981       0.00000000    
  0.233323976       0.00000000    
  0.249989972       0.00000000    
  0.266655982       0.00000000    
  0.283321977       0.00000000    
  0.299987972       0.00000000    
  0.316653967       0.00000000    
  0.333319962       0.00000000    
  0.349985957       0.00000000    
  0.366651952       0.00000000    
  0.383317947       0.00000000    
  0.399983943       0.00000000    
  0.416649938       0.00000000    
  0.433315933       0.00000000    
  0.449981928       0.00000000    
  0.466647923       0.00000000    
  0.483313918       0.00000000    
  0.499979913       0.00000000    
  0.516645908       0.00000000    
  0.533311903       0.00000000    
  0.549977899       0.00000000    
  0.566643894       0.00000000    
  0.583309889       0.00000000    
  0.599975884       0.00000000    
  0.616641879       0.00000000    
  0.633307874       0.00000000    
  0.649973869       0.00000000    
  0.666639864       0.00000000    
  0.683305860       0.00000000    
  0.699971855       0.00000000    
  0.716637850       0.00000000    
  0.733303845       0.00000000    
  0.749969840       0.00000000    
  0.766635835       0.00000000    
  0.783301830       0.00000000    
  0.799967825       0.00000000    
  0.816633821       0.00000000    
  0.833299816       0.00000000    
  0.849965811       0.00000000    
  0.866631806       0.00000000    
  0.883297801       0.00000000    
  0.899963796       0.00000000    
  0.916629791       0.00000000    
  0.933295786       0.00000000    
  0.949961782       0.00000000    
  0.966627777       0.00000000    
  0.983293772       0.00000000    
  0.999959767       0.00000000    
   1.01662576       0.00000000    
   1.03329182       0.00000000    
   1.04995787       0.00000000    
   1.06662393       0.00000000    
   1.08328998       0.00000000    
   1.09995604       0.00000000    
   1.11662209       0.00000000    
   1.13328815       0.00000000    
   1.14995420       0.00000000    
   1.16662025       0.00000000    
   1.18328631       0.00000000    
   1.19995236       0.00000000    
   1.21661842       0.00000000    
   1.23328447       0.00000000    
   1.24995053       0.00000000    
   1.26661658       0.00000000    
   1.28328264       0.00000000    
   1.29994869       0.00000000    
   1.31661475       0.00000000    
   1.33328080       0.00000000    
   1.34994686       0.00000000    
   1.36661291       0.00000000    
   1.38327897       0.00000000    
   1.39994502       0.00000000    
   1.41661108       0.00000000    
   1.43327713       0.00000000    
   1.44994318       0.00000000    
   1.46660924       0.00000000    
   1.48327529       0.00000000    
   1.49994135       0.00000000    
   1.51660740       0.00000000    
   1.53327346       0.00000000    
   1.54993951       0.00000000    
   1.56660557       0.00000000    
   1.58327162       0.00000000    
   1.59993768       0.00000000    
   1.61660373       0.00000000    
   1.63326979       0.00000000    
   1.64993584       0.00000000    
   1.66660190       0.00000000    
   1.68326795       0.00000000    
   1.69993401       0.00000000    
   1.71660006       0.00000000    
   1.73326612       0.00000000    
   1.74993217       0.00000000    
   1.76659822       0.00000000    
   1.78326428       0.00000000    
   1.79993033       0.00000000    
   1.81659639       0.00000000    
   1.83326244       0.00000000    
   1.84992850       0.00000000    
   1.86659455       0.00000000    
   1.88326061       0.00000000    
   1.89992666       0.00000000    
   1.91659272       0.00000000    
   1.93325877       0.00000000    
   1.94992483       0.00000000    
   1.96659088       0.00000000    
   1.98325694       0.00000000    
   1.99992299       0.00000000    
   2.01658893       0.00000000    
   2.03325486       0.00000000    
   2.04992080       0.00000000    
   2.06658673       0.00000000    
   2.08325267       0.00000000    
   2.09991860       0.00000000    
   2.11658454       0.00000000    
   2.13325047       0.00000000    
   2.14991641       0.00000000    
   2.16658235       0.00000000    
   2.18324828       0.00000000    
   2.19991422       0.00000000    
   2.21658015       0.00000000    
   2.23324609       0.00000000    
   2.24991202       0.00000000    
   2.26657796       0.00000000    
   2.28324389       0.00000000    
   2.29990983       0.00000000    
   2.31657577       0.00000000    
   2.33324170       0.00000000    
   2.34990764       0.00000000    
   2.36657357       0.00000000    
   2.38323951       0.00000000    
   2.39990544       0.00000000    
   2.41657138       0.00000000    
   2.43323731       0.00000000    
   2.44990325       0.00000000    
   2.46656919       0.00000000    
   2.48323512       0.00000000    
   2.49990106       0.00000000    
   2.51656699       0.00000000    
   2.53323293       0.00000000    
   2.54989886       0.00000000    
   2.56656480       0.00000000    
   2.58323073       0.00000000    
   2.59989667       0.00000000    
   2.61656260       0.00000000    
   2.63322854       0.00000000    
   2.64989448       0.00000000    
   2.66656041       0.00000000    
   2.68322635       0.00000000    
   2.69989228       0.00000000    
   2.71655822       0.00000000    
   2.73322415       0.00000000    
   2.74989009       0.00000000    
   2.76655602       0.00000000    
   2.78322196       0.00000000    
   2.79988790       0.00000000    
   2.81655383       0.00000000    
   2.83321977       0.00000000    
   2.84988570       0.00000000    
   2.86655164       0.00000000    
   2.88321757       0.00000000    
   2.89988351       0.00000000    
   2.91654944       0.00000000    
   2.93321538       0.00000000    
   2.94988132       0.00000000    
   2.96654725       0.00000000    
   2.98321319       0.00000000    
   2.99987912       0.00000000    
   3.01654506       0.00000000    
   3.03321099       0.00000000    
   3.04987693       0.00000000    
   3.06654286       0.00000000    
   3.08320880       0.00000000    
   3.09987473       0.00000000    
   3.11654067       0.00000000    
   3.13320661       0.00000000    
   3.14987254       0.00000000    
   3.16653848       0.00000000    
   3.18320441       0.00000000    
   3.19987035       0.00000000    
   3.21653628       0.00000000    
   3.23320222       0.00000000    
   3.24986815       0.00000000    
   3.26653409       0.00000000    
   3.28320003       0.00000000    
   3.29986596       0.00000000    
   3.31653190       0.00000000    
   3.33319783       0.00000000    
   3.34986377       0.00000000    
   3.36652970       0.00000000    
   3.38319564       0.00000000    
   3.39986157       0.00000000    
   3.41652751       0.00000000    
   3.43319345       0.00000000    
   3.44985938       0.00000000    
   3.46652532       0.00000000    
   3.48319125       0.00000000    
   3.49985719       0.00000000    
   3.51652312       0.00000000    
   3.53318906       0.00000000    
   3.54985499       0.00000000    
   3.56652093       0.00000000    
   3.58318686       0.00000000    
   3.59985280       0.00000000    
   3.61651874       0.00000000    
   3.63318467       0.00000000    
   3.64985061       0.00000000    
   3.66651654       0.00000000    
   3.68318248       0.00000000    
   3.69984841       0.00000000    
   3.71651435       0.00000000    
   3.73318028       0.00000000    
   3.74984622       0.00000000    
   3.76651216       0.00000000    
   3.78317809       0.00000000    
   3.79984403       0.00000000    
   3.81650996       0.00000000    
   3.83317590       0.00000000    
   3.84984183       0.00000000    
   3.86650777       0.00000000    
   3.88317370       0.00000000    
   3.89983964       0.00000000    
   3.91650558       0.00000000    
   3.93317151       0.00000000    
   3.94983745       0.00000000    
   3.96650338       0.00000000    
   3.98316932       0.00000000    
   3.99983525       0.00000000    
   4.01650143       0.00000000    
   4.03316736       0.00000000    
   4.04983330       0.00000000    
   4.06649923       0.00000000    
   4.08316517       0.00000000    
   4.09983110       0.00000000    
   4.11649704       0.00000000    
   4.13316298       0.00000000    
   4.14982891       0.00000000    
   4.16649485       0.00000000    
   4.18316078       0.00000000    
   4.19982672       0.00000000    
   4.21649265       0.00000000    
   4.23315859       0.00000000    
   4.24982452       0.00000000    
   4.26649046       0.00000000    
   4.28315639       0.00000000    
   4.29982233       0.00000000    
   4.31648827       0.00000000    
   4.33315420       0.00000000    
   4.34982014       0.00000000    
   4.36648607       0.00000000    
   4.38315201       0.00000000    
   4.39981794       0.00000000    
   4.41648388       0.00000000    
   4.43314981       0.00000000    
   4.44981575       0.00000000    
   4.46648169       0.00000000    
   4.48314762       0.00000000    
   4.49981356       0.00000000    
   4.51647949       0.00000000    
   4.53314543       0.00000000    
   4.54981136       0.00000000    
   4.56647730       0.00000000    
   4.58314323       0.00000000    
   4.59980917       0.00000000    
   4.61647511       0.00000000    
   4.63314104       0.00000000    
   4.64980698       0.00000000    
   4.66647291       0.00000000    
   4.68313885       0.00000000    
   4.69980478       0.00000000    
   4.71647072       0.00000000    
   4.73313665       0.00000000    
   4.74980259       0.00000000    
   4.76646852       0.00000000    
   4.78313446       0.00000000    
   4.79980040       0.00000000    
   4.81646633       0.00000000    
   4.83313227       0.00000000    
   4.84979820       0.00000000    
   4.86646414       0.00000000    
   4.88313007       0.00000000    
   4.89979601       0.00000000    
   4.91646194       0.00000000    
   4.93312788       0.00000000    
   4.94979382       0.00000000    
   4.96645975       0.00000000    
   4.98312569       0.00000000    
   4.99979162       0.00000000    
   5.01645756       0.00000000    
   5.03312349       0.00000000    
   5.04978943       0.00000000    
   5.06645536       0.00000000    
   5.08312130       0.00000000    
   5.09978724       0.00000000    
   5.11645317       0.00000000    
   5.13311911       0.00000000    
   5.14978504       0.00000000    
   5.16645098       0.00000000    
   5.18311691       0.00000000    
   5.19978285       0.00000000    
   5.21644878       0.00000000    
   5.23311472       0.00000000    
   5.24978065       0.00000000    
   5.26644659       0.00000000    
   5.28311253       0.00000000    
   5.29977846       0.00000000    
   5.31644440       0.00000000    
   5.33311033       0.00000000    
   5.34977627       0.00000000    
   5.36644220       0.00000000    
   5.38310814       0.00000000    
   5.39977407       0.00000000    
   5.41644001       0.00000000    
   5.43310595       0.00000000    
   5.44977188       0.00000000    
   5.46643782       0.00000000    
   5.48310375       0.00000000    
   5.49976969       0.00000000    
   5.51643562       0.00000000    
   5.53310156       0.00000000    
   5.54976749       0.00000000    
   5.56643343       0.00000000    
   5.58309937       0.00000000    
   5.59976530       0.00000000    
   5.61643124       0.00000000    
   5.63309717       0.00000000    
   5.64976311       3.03099989E-26
   5.66642904       2.13900005E-20
   5.68309498       5.50699993E-17
   5.69976091       3.84000015E-14
   5.71642685       9.38599979E-12
   5.73309278       9.33599975E-10
   5.74975872       8.50099990E-09
   5.76642466       3.41999993E-08
   5.78309059       8.38800034E-08
   5.79975653       1.68000000E-07
   5.81642246       3.09200004E-07
   5.83308840       5.47299976E-07
   5.84975433       9.31399995E-07
   5.86642027       1.46200000E-06
   5.88308620       2.23100005E-06
   5.89975214       3.22699998E-06
   5.91641808       4.52299992E-06
   5.93308401       6.12499980E-06
   5.94974995       8.20599962E-06
   5.96641588       1.08699996E-05
   5.98308182       1.41500004E-05
   5.99974775       1.80600000E-05
   6.01641369       2.28800000E-05
   6.03307962       2.89000000E-05
   6.04974556       3.62799983E-05
   6.06641150       4.42400014E-05
   6.08307743       5.41900008E-05
   6.09974337       6.62699968E-05
   6.11640930       7.92299979E-05
   6.13307524       9.44200001E-05
   6.14974117       1.11900001E-04
   6.16640711       1.32100002E-04
   6.18307304       1.55700007E-04
   6.19973898       1.79299997E-04
   6.21640491       2.05599994E-04
   6.23307085       2.41700007E-04
   6.24973679       2.68300006E-04
   6.26640272       3.00299987E-04
   6.28306866       3.38899990E-04
   6.29973459       3.85899999E-04
   6.31640053       4.32500005E-04
   6.33306646       4.77199996E-04
   6.34973240       5.25199983E-04
   6.36639833       5.76200022E-04
   6.38306427       6.30000024E-04
   6.39973021       6.86599989E-04
   6.41639614       7.45799975E-04
   6.43306208       8.07799981E-04
   6.44972801       8.72400007E-04
   6.46639395       9.39799997E-04
   6.48305988       1.01000001E-03
   6.49972582       1.08299998E-03
   6.51639175       1.15799997E-03
   6.53305769       1.23599998E-03
   6.54972363       1.31700002E-03
   6.56638956       1.40099996E-03
   6.58305550       1.48700003E-03
   6.59972143       1.57600001E-03
   6.61638737       1.66900002E-03
   6.63305330       1.76400004E-03
   6.64971924       1.86199998E-03
   6.66638517       1.96300005E-03
   6.68305111       2.06699991E-03
   6.69971704       2.17400002E-03
   6.71638298       2.28399993E-03
   6.73304892       2.39700009E-03
   6.74971485       2.51400005E-03
   6.76638079       2.63400003E-03
   6.78304672       2.75700004E-03
   6.79971266       2.88300007E-03
   6.81637859       3.01299989E-03
   6.83304453       3.14699998E-03
   6.84971046       3.28400009E-03
   6.86637640       3.42399999E-03
   6.88304234       3.56899993E-03
   6.89970827       3.71599989E-03
   6.91637421       3.86800012E-03
   6.93304014       4.02399991E-03
   6.94970608       4.18400019E-03
   6.96637201       4.34699981E-03
   6.98303795       4.51500015E-03
   6.99970388       4.68700007E-03
   7.01636982       4.86300001E-03
   7.03303576       5.04299998E-03
   7.04970169       5.22800023E-03
   7.06636763       5.41700004E-03
   7.08303356       5.60999988E-03
   7.09969950       5.80900023E-03
   7.11636543       6.01099990E-03
   7.13303137       6.21900009E-03
   7.14969730       6.43099984E-03
   7.16636324       6.64799986E-03
   7.18302917       6.87000016E-03
   7.19969511       7.09699979E-03
   7.21636105       7.32900016E-03
   7.23302698       7.56599987E-03
   7.24969292       7.80900009E-03
   7.26635885       8.05700012E-03
   7.28302479       8.31000041E-03
   7.29969072       8.56800005E-03
   7.31635666       8.83200020E-03
   7.33302259       9.10199992E-03
   7.34968853       9.37699992E-03
   7.36635447       9.65800043E-03
   7.38302040       9.94499959E-03
   7.39968634       1.02399997E-02
   7.41635227       1.05400002E-02
   7.43301821       1.08399997E-02
   7.44968414       1.11499997E-02
   7.46635008       1.14700003E-02
   7.48301601       1.17899999E-02
   7.49968195       1.21200001E-02
   7.51634789       1.24599999E-02
   7.53301382       1.27999997E-02
   7.54967976       1.31500000E-02
   7.56634569       1.35000004E-02
   7.58301163       1.38600003E-02
   7.59967756       1.42299999E-02
   7.61634350       1.46100000E-02
   7.63300943       1.49900001E-02
   7.64967537       1.53799998E-02
   7.66634130       1.57800000E-02
   7.68300724       1.61799993E-02
   7.69967318       1.65899992E-02
   7.71633911       1.70099996E-02
   7.73300505       1.74300000E-02
   7.74967098       1.78599991E-02
   7.76633692       1.83000006E-02
   7.78300285       1.87500007E-02
   7.79966879       1.92000009E-02
   7.81633472       1.96599998E-02
   7.83300066       2.01299991E-02
   7.84966660       2.06099991E-02
   7.86633253       2.10900009E-02
   7.88299847       2.15799995E-02
   7.89966440       2.20800005E-02
   7.91633034       2.25900002E-02
   7.93299627       2.30999999E-02
   7.94966221       2.36200001E-02
   7.96632814       2.41500009E-02
   7.98299408       2.46900003E-02
   7.99966002       2.52400003E-02
   8.01632595       2.57900003E-02
   8.03299236       2.63500009E-02
   8.04965878       2.69200001E-02
   8.06632519       2.74999999E-02
   8.08299160       2.80900002E-02
   8.09965801       2.86800005E-02
   8.11632442       2.92799994E-02
   8.13299084       2.98999995E-02
   8.14965725       3.05100009E-02
   8.16632366       3.11399996E-02
   8.18299007       3.17800008E-02
   8.19965649       3.24199982E-02
   8.21632290       3.30700018E-02
   8.23298931       3.37300003E-02
   8.24965572       3.44000012E-02
   8.26632214       3.50800008E-02
   8.28298855       3.57600003E-02
   8.29965496       3.64499986E-02
   8.31632137       3.71600017E-02
   8.33298779       3.78700010E-02
   8.34965420       3.85800004E-02
   8.36632061       3.93100008E-02
   8.38298702       4.00400013E-02
   8.39965343       4.07899991E-02
   8.41631985       4.15400006E-02
   8.43298626       4.23000008E-02
   8.44965267       4.30699997E-02
   8.46631908       4.38399985E-02
   8.48298550       4.46299985E-02
   8.49965191       4.54199985E-02
   8.51631832       4.62200008E-02
   8.53298473       4.70299982E-02
   8.54965115       4.78500016E-02
   8.56631756       4.86800000E-02
   8.58298397       4.95099984E-02
   8.59965038       5.03499992E-02
   8.61631680       5.11999987E-02
   8.63298321       5.20600006E-02
   8.64964962       5.29300012E-02
   8.66631603       5.38100004E-02
   8.68298244       5.46899997E-02
   8.69964886       5.55800013E-02
   8.71631527       5.64800017E-02
   8.73298168       5.73900007E-02
   8.74964809       5.82999997E-02
   8.76631451       5.92200011E-02
   8.78298092       6.01500012E-02
   8.79964733       6.10900000E-02
   8.81631374       6.20400012E-02
   8.83298016       6.29900023E-02
   8.84964657       6.39500022E-02
   8.86631298       6.49200007E-02
   8.88297939       6.58999979E-02
   8.89964581       6.68800026E-02
   8.91631222       6.78799972E-02
   8.93297863       6.88700005E-02
   8.94964504       6.98800012E-02
   8.96631145       7.09000006E-02
   8.98297787       7.19100013E-02
   8.99964428       7.29399994E-02
   9.01631069       7.39800036E-02
   9.03297710       7.50200003E-02
   9.04964352       7.60700032E-02
   9.06630993       7.71199986E-02
   9.08297634       7.81700015E-02
   9.09964275       7.92500004E-02
   9.11630917       8.03399980E-02
   9.13297558       8.14199969E-02
   9.14964199       8.25100020E-02
   9.16630840       8.35900009E-02
   9.18297482       8.47000033E-02
   9.19964123       8.58199969E-02
   9.21630764       8.69299993E-02
   9.23297405       8.80099982E-02
   9.24964046       8.91800001E-02
   9.26630688       9.03099999E-02
   9.28297329       9.14499983E-02
   9.29963970       9.26000029E-02
   9.31630611       9.37500000E-02
   9.33297253       9.48999971E-02
   9.34963894       9.60500017E-02
   9.36630535       9.72300023E-02
   9.38297176       9.83899981E-02
   9.39963818       9.95099992E-02
   9.41630459      0.100800000    
   9.43297100      0.101999998    
   9.44963741      0.103100002    
   9.46630383      0.104300000    
   9.48297024      0.105499998    
   9.49963665      0.106799997    
   9.51630306      0.108000003    
   9.53296947      0.109099999    
   9.54963589      0.110399999    
   9.56630230      0.111599997    
   9.58296871      0.112899996    
   9.59963512      0.114100002    
   9.61630154      0.115300000    
   9.63296795      0.116599999    
   9.64963436      0.117799997    
   9.66630077      0.119000003    
   9.68296719      0.120300002    
   9.69963360      0.121600002    
   9.71630001      0.122800000    
   9.73296642      0.124100000    
   9.74963284      0.125400007    
   9.76629925      0.126599997    
   9.78296566      0.127900004    
   9.79963207      0.129099995    
   9.81629848      0.130500004    
   9.83296490      0.131699994    
   9.84963131      0.133000001    
   9.86629772      0.134200007    
   9.88296413      0.135600001    
   9.89963055      0.136800006    
   9.91629696      0.138099998    
   9.93296337      0.139400005    
   9.94962978      0.140699998    
   9.96629620      0.142000005    
   9.98296261      0.143299997    
   9.99962902      0.144600004    
   10.0162954      0.145899996    
   10.0329618      0.147200003    
   10.0496283      0.148499995    
   10.0662947      0.149800003    
   10.0829611      0.151099995    
   10.0996275      0.152400002    
   10.1162939      0.153699994    
   10.1329603      0.155000001    
   10.1496267      0.156299993    
   10.1662931      0.157600001    
   10.1829596      0.158899993    
   10.1996260      0.160200000    
   10.2162924      0.161500007    
   10.2329588      0.162799999    
   10.2496252      0.164100006    
   10.2662916      0.165399998    
   10.2829580      0.166700006    
   10.2996244      0.167999998    
   10.3162909      0.169300005    
   10.3329573      0.170599997    
   10.3496237      0.171900004    
   10.3662901      0.173199996    
   10.3829565      0.174500003    
   10.3996229      0.175799996    
   10.4162893      0.177000001    
   10.4329557      0.178399995    
   10.4496222      0.179700002    
   10.4662886      0.180899993    
   10.4829550      0.182200000    
   10.4996214      0.183500007    
   10.5162878      0.184799999    
   10.5329542      0.186000004    
   10.5496206      0.187199995    
   10.5662870      0.188600004    
   10.5829535      0.189799994    
   10.5996199      0.191100001    
   10.6162863      0.192300007    
   10.6329527      0.193599999    
   10.6496191      0.194800004    
   10.6662855      0.196099997    
   10.6829519      0.197300002    
   10.6996183      0.198500007    
   10.7162848      0.199800000    
   10.7329512      0.201000005    
   10.7496176      0.202099994    
   10.7662840      0.203400001    
   10.7829504      0.204600006    
   10.7996168      0.205799997    
   10.8162832      0.207000002    
   10.8329496      0.208199993    
   10.8496161      0.209399998    
   10.8662825      0.210600004    
   10.8829489      0.211700007    
   10.8996153      0.212899998    
   10.9162817      0.214100003    
   10.9329481      0.215299994    
   10.9496145      0.216399997    
   10.9662809      0.217600003    
   10.9829473      0.218700007    
   10.9996138      0.219799995    
   11.0162802      0.221000001    
   11.0329466      0.222100005    
   11.0496130      0.223199993    
   11.0662794      0.224299997    
   11.0829458      0.225199997    
   11.0996122      0.226500005    
   11.1162786      0.227599993    
   11.1329451      0.228699997    
   11.1496115      0.229699999    
   11.1662779      0.230800003    
   11.1829443      0.231800005    
   11.1996107      0.232899994    
   11.2162771      0.233899996    
   11.2329435      0.234999999    
   11.2496099      0.236000001    
   11.2662764      0.237000003    
   11.2829428      0.238000005    
   11.2996092      0.238999993    
   11.3162756      0.239999995    
   11.3329420      0.240999997    
   11.3496084      0.241899997    
   11.3662748      0.242899999    
   11.3829412      0.243900001    
   11.3996077      0.244700000    
   11.4162741      0.245800003    
   11.4329405      0.246700004    
   11.4496069      0.247500002    
   11.4662733      0.248300001    
   11.4829397      0.249400005    
   11.4996061      0.250200003    
   11.5162725      0.250900000    
   11.5329390      0.252000004    
   11.5496054      0.252799988    
   11.5662718      0.253699988    
   11.5829382      0.254599988    
   11.5996046      0.255400002    
   11.6162710      0.256199986    
   11.6329374      0.256999999    
   11.6496038      0.257800013    
   11.6662703      0.258599997    
   11.6829367      0.259400010    
   11.6996031      0.260100007    
   11.7162695      0.260899991    
   11.7329359      0.261599988    
   11.7496023      0.262199998    
   11.7662687      0.263099998    
   11.7829351      0.263799995    
   11.7996016      0.264499992    
   11.8162680      0.265100002    
   11.8329344      0.265799999    
   11.8496008      0.266499996    
   11.8662672      0.267100006    
   11.8829336      0.267800003    
   11.8996000      0.268400013    
   11.9162664      0.268999994    
   11.9329329      0.269600004    
   11.9495993      0.270200014    
   11.9662657      0.270700008    
   11.9829321      0.271299988    
   11.9995985      0.271899998    
   12.0162649      0.272399992    
   12.0329313      0.273000002    
   12.0495977      0.273499995    
   12.0662642      0.273999989    
   12.0829306      0.274500012    
   12.0995970      0.274199992    
   12.1162634      0.275400013    
   12.1329298      0.275900006    
   12.1495962      0.276300013    
   12.1662626      0.276699990    
   12.1829290      0.277099997    
   12.1995955      0.277500004    
   12.2162619      0.277900010    
   12.2329283      0.278299987    
   12.2495947      0.278699994    
   12.2662611      0.279000014    
   12.2829275      0.279399991    
   12.2995939      0.279700011    
   12.3162603      0.280000001    
   12.3329268      0.280299991    
   12.3495932      0.280600011    
   12.3662596      0.280800015    
   12.3829260      0.281100005    
   12.3995924      0.281399995    
   12.4162588      0.281599998    
   12.4329252      0.281800002    
   12.4495916      0.282000005    
   12.4662580      0.282200009    
   12.4829245      0.282400012    
   12.4995909      0.282499999    
   12.5162573      0.282700002    
   12.5329237      0.282799989    
   12.5495901      0.282999992    
   12.5662565      0.283100009    
   12.5829229      0.283199996    
   12.5995893      0.283199996    
   12.6162558      0.283300012    
   12.6329222      0.283399999    
   12.6495886      0.283399999    
   12.6662550      0.283499986    
   12.6829214      0.283499986    
   12.6995878      0.283499986    
   12.7162542      0.283499986    
   12.7329206      0.283399999    
   12.7495871      0.283399999    
   12.7662535      0.283300012    
   12.7829199      0.283300012    
   12.7995863      0.283199996    
   12.8162527      0.283100009    
   12.8329191      0.282999992    
   12.8495855      0.282900006    
   12.8662519      0.282799989    
   12.8829184      0.282599986    
   12.8995848      0.282400012    
   12.9162512      0.282299995    
   12.9329176      0.282099992    
   12.9495840      0.281899989    
   12.9662504      0.281699985    
   12.9829168      0.281399995    
   12.9995832      0.281199992    
   13.0162497      0.280900002    
   13.0329161      0.280699998    
   13.0495825      0.280400008    
   13.0662489      0.280099988    
   13.0829153      0.279799998    
   13.0995817      0.279500008    
   13.1162481      0.279199988    
   13.1329145      0.278800011    
   13.1495810      0.278499991    
   13.1662474      0.278100014    
   13.1829138      0.277700007    
   13.1995802      0.277300000    
   13.2162466      0.276899993    
   13.2329130      0.276499987    
   13.2495794      0.275999993    
   13.2662458      0.275599986    
   13.2829123      0.274699986    
   13.2995787      0.274399996    
   13.3162451      0.274199992    
   13.3329115      0.273699999    
   13.3495779      0.273200005    
   13.3662443      0.272599995    
   13.3829107      0.272100002    
   13.3995771      0.271600008    
   13.4162436      0.270999998    
   13.4329100      0.270399988    
   13.4495764      0.269800007    
   13.4662428      0.269100010    
   13.4829092      0.268599987    
   13.4995756      0.268000007    
   13.5162420      0.267399997    
   13.5329084      0.266700000    
   13.5495749      0.266099989    
   13.5662413      0.265399992    
   13.5829077      0.264699996    
   13.5995741      0.263999999    
   13.6162405      0.263300002    
   13.6329069      0.262499988    
   13.6495733      0.261900008    
   13.6662397      0.261200011    
   13.6829062      0.260399997    
   13.6995726      0.259700000    
   13.7162390      0.258899987    
   13.7329054      0.258100003    
   13.7495718      0.257299989    
   13.7662382      0.256500006    
   13.7829046      0.255699992    
   13.7995710      0.254900008    
   13.8162374      0.254099995    
   13.8329039      0.253199995    
   13.8495703      0.252400011    
   13.8662367      0.251500010    
   13.8829031      0.250600010    
   13.8995695      0.249699995    
   13.9162359      0.248799995    
   13.9329023      0.247899994    
   13.9495687      0.246999994    
   13.9662352      0.246099994    
   13.9829016      0.245000005    
   13.9995680      0.244200006    
   14.0162344      0.243300006    
   14.0329008      0.242300004    
   14.0495672      0.241200000    
   14.0662336      0.240400001    
   14.0829000      0.239399999    
   14.0995665      0.238399997    
   14.1162329      0.237200007    
   14.1328993      0.236399993    
   14.1495657      0.235400006    
   14.1662321      0.234400004    
   14.1828985      0.233300000    
   14.1995649      0.232299998    
   14.2162313      0.231199995    
   14.2328978      0.230199993    
   14.2495642      0.229100004    
   14.2662306      0.228000000    
   14.2828970      0.226899996    
   14.2995634      0.225799993    
   14.3162298      0.224700004    
   14.3328962      0.223600000    
   14.3495626      0.222499996    
   14.3662291      0.221399993    
   14.3828955      0.220300004    
   14.3995619      0.219099998    
   14.4162283      0.217999995    
   14.4328947      0.216700003    
   14.4495611      0.215700001    
   14.4662275      0.214599997    
   14.4828939      0.213400006    
   14.4995604      0.212200001    
   14.5162268      0.210999995    
   14.5328932      0.209800005    
   14.5495596      0.208700001    
   14.5662260      0.207499996    
   14.5828924      0.206300005    
   14.5995588      0.205100000    
   14.6162252      0.203899994    
   14.6328917      0.202700004    
   14.6495581      0.201399997    
   14.6662245      0.200200006    
   14.6828909      0.199000001    
   14.6995573      0.197799996    
   14.7162237      0.196500003    
   14.7328901      0.195299998    
   14.7495565      0.194000006    
   14.7662230      0.192800000    
   14.7828894      0.191499993    
   14.7995558      0.190300003    
   14.8162222      0.188999996    
   14.8328886      0.187700003    
   14.8495550      0.186499998    
   14.8662214      0.185200006    
   14.8828878      0.184000000    
   14.8995543      0.182600006    
   14.9162207      0.181400001    
   14.9328871      0.180099994    
   14.9495535      0.178800002    
   14.9662199      0.177599996    
   14.9828863      0.176300004    
   14.9995527      0.174999997    
   15.0162191      0.173700005    
   15.0328856      0.172399998    
   15.0495520      0.171100006    
   15.0662184      0.169799998    
   15.0828848      0.168500006    
   15.0995512      0.167199999    
   15.1162176      0.165900007    
   15.1328840      0.164600000    
   15.1495504      0.163299993    
   15.1662169      0.162000000    
   15.1828833      0.160699993    
   15.1995497      0.159400001    
   15.2162161      0.158000007    
   15.2328825      0.156800002    
   15.2495489      0.155499995    
   15.2662153      0.154200003    
   15.2828817      0.152899995    
   15.2995481      0.151600003    
   15.3162146      0.150299996    
   15.3328810      0.149000004    
   15.3495474      0.147699997    
   15.3662138      0.146400005    
   15.3828802      0.145099998    
   15.3995466      0.143800005    
   15.4162130      0.142499998    
   15.4328794      0.141200006    
   15.4495459      0.139899999    
   15.4662123      0.138600007    
   15.4828787      0.137300000    
   15.4995451      0.136099994    
   15.5162115      0.134800002    
   15.5328779      0.133499995    
   15.5495443      0.132200003    
   15.5662107      0.130899996    
   15.5828772      0.129600003    
   15.5995436      0.128399998    
   15.6162100      0.127100006    
   15.6328764      0.125799999    
   15.6495428      0.124600001    
   15.6662092      0.123300001    
   15.6828756      0.122000001    
   15.6995420      0.120800003    
   15.7162085      0.119499996    
   15.7328749      0.118299998    
   15.7495413      0.116999999    
   15.7662077      0.115800001    
   15.7828741      0.114500001    
   15.7995405      0.113300003    
   15.8162069      0.112099998    
   15.8328733      0.110799998    
   15.8495398      0.109600000    
   15.8662062      0.108400002    
   15.8828726      0.107199997    
   15.8995390      0.105999999    
   15.9162054      0.104800001    
   15.9328718      0.103600003    
   15.9495382      0.102399997    
   15.9662046      0.101199999    
   15.9828711      0.100000001    
   15.9995375       9.87500027E-02
   16.0162029       9.76400003E-02
   16.0328693       9.64699984E-02
   16.0495358       9.52700004E-02
   16.0662022       9.41499993E-02
   16.0828686       9.29900035E-02
   16.0995350       9.18499976E-02
   16.1162014       9.07000005E-02
   16.1328678       8.95700008E-02
   16.1495342       8.84400010E-02
   16.1662006       8.73199999E-02
   16.1828671       8.61999989E-02
   16.1995335       8.50899965E-02
   16.2161999       8.39800015E-02
   16.2328663       8.28500018E-02
   16.2495327       8.17800015E-02
   16.2661991       8.07000026E-02
   16.2828655       7.96200037E-02
   16.2995319       7.85500035E-02
   16.3161983       7.74900019E-02
   16.3328648       7.64300004E-02
   16.3495312       7.53600001E-02
   16.3661976       7.43300021E-02
   16.3828640       7.32899979E-02
   16.3995304       7.22500011E-02
   16.4161968       7.12300017E-02
   16.4328632       7.02200010E-02
   16.4495296       6.92100003E-02
   16.4661961       6.81999996E-02
   16.4828625       6.72099963E-02
   16.4995289       6.62299991E-02
   16.5161953       6.52500018E-02
   16.5328617       6.42699972E-02
   16.5495281       6.33099973E-02
   16.5661945       6.23500012E-02
   16.5828609       6.14000000E-02
   16.5995274       6.04600012E-02
   16.6161938       5.95300011E-02
   16.6328602       5.86000010E-02
   16.6495266       5.76799996E-02
   16.6661930       5.67700006E-02
   16.6828594       5.58700003E-02
   16.6995258       5.49799986E-02
   16.7161922       5.40900007E-02
   16.7328587       5.32100014E-02
   16.7495251       5.23400009E-02
   16.7661915       5.14799990E-02
   16.7828579       5.06299995E-02
   16.7995243       4.97800000E-02
   16.8161907       4.89399992E-02
   16.8328571       4.81100008E-02
   16.8495235       4.72900011E-02
   16.8661900       4.64800000E-02
   16.8828564       4.56800014E-02
   16.8995228       4.48799990E-02
   16.9161892       4.40899990E-02
   16.9328556       4.33100015E-02
   16.9495220       4.25399989E-02
   16.9661884       4.17799987E-02
   16.9828548       4.10199985E-02
   16.9995213       4.02799994E-02
   17.0161877       3.95400003E-02
   17.0328541       3.88099998E-02
   17.0495205       3.80900018E-02
   17.0661869       3.73700000E-02
   17.0828533       3.66699994E-02
   17.0995197       3.59699987E-02
   17.1161861       3.52800004E-02
   17.1328526       3.46099995E-02
   17.1495190       3.39299999E-02
   17.1661854       3.32700014E-02
   17.1828518       3.26200016E-02
   17.1995182       3.19700018E-02
   17.2161846       3.13300006E-02
   17.2328510       3.07000000E-02
   17.2495174       3.00799999E-02
   17.2661839       2.94700004E-02
   17.2828503       2.88600009E-02
   17.2995167       2.82600001E-02
   17.3161831       2.76800003E-02
   17.3328495       2.70900000E-02
   17.3495159       2.65200008E-02
   17.3661823       2.59600002E-02
   17.3828487       2.53999997E-02
   17.3995152       2.48499997E-02
   17.4161816       2.43100002E-02
   17.4328480       2.37799995E-02
   17.4495144       2.32500006E-02
   17.4661808       2.27400009E-02
   17.4828472       2.22299993E-02
   17.4995136       2.17199996E-02
   17.5161800       2.12299991E-02
   17.5328465       2.07400005E-02
   17.5495129       2.02699993E-02
   17.5661793       1.97899994E-02
   17.5828457       1.93300005E-02
   17.5995121       1.88699998E-02
   17.6161785       1.84300002E-02
   17.6328449       1.79900005E-02
   17.6495113       1.75500009E-02
   17.6661777       1.71200000E-02
   17.6828442       1.66999996E-02
   17.6995106       1.62899997E-02
   17.7161770       1.58900004E-02
   17.7328434       1.54900001E-02
   17.7495098       1.51000004E-02
   17.7661762       1.47099998E-02
   17.7828426       1.43400002E-02
   17.7995090       1.39600001E-02
   17.8161755       1.36000002E-02
   17.8328419       1.32400002E-02
   17.8495083       1.28899999E-02
   17.8661747       1.25500001E-02
   17.8828411       1.22100003E-02
   17.8995075       1.18800001E-02
   17.9161739       1.15499999E-02
   17.9328403       1.12399999E-02
   17.9495068       1.09200003E-02
   17.9661732       1.06199998E-02
   17.9828396       1.03200004E-02
   17.9995060       1.00199999E-02
   18.0161724       9.73199960E-03
   18.0328388       9.44899954E-03
   18.0495052       9.17199999E-03
   18.0661716       8.90100002E-03
   18.0828381       8.63500033E-03
   18.0995045       8.37500021E-03
   18.1161709       8.12000036E-03
   18.1328373       7.87100010E-03
   18.1495037       7.62700010E-03
   18.1661701       7.38799991E-03
   18.1828365       7.15399999E-03
   18.1995029       6.92600012E-03
   18.2161694       6.70300005E-03
   18.2328358       6.48400001E-03
   18.2495022       6.26999978E-03
   18.2661686       6.06099982E-03
   18.2828350       5.85700013E-03
   18.2995014       5.65799978E-03
   18.3161678       5.46299992E-03
   18.3328342       5.27200010E-03
   18.3495007       5.08699985E-03
   18.3661671       4.90499986E-03
   18.3828335       4.72800015E-03
   18.3994999       4.55499999E-03
   18.4161663       4.38599987E-03
   18.4328327       4.22099978E-03
   18.4494991       4.06000018E-03
   18.4661655       3.90399992E-03
   18.4828320       3.75099992E-03
   18.4994984       3.60199995E-03
   18.5161648       3.45600001E-03
   18.5328312       3.31500010E-03
   18.5494976       3.17699998E-03
   18.5661640       3.04200011E-03
   18.5828304       2.91200005E-03
   18.5994968       2.78400001E-03
   18.6161633       2.66000000E-03
   18.6328297       2.53900001E-03
   18.6494961       2.42200005E-03
   18.6661625       2.30800011E-03
   18.6828289       2.19699997E-03
   18.6994953       2.08900007E-03
   18.7161617       1.98399997E-03
   18.7328281       1.88200001E-03
   18.7494946       1.78399996E-03
   18.7661610       1.68800005E-03
   18.7828274       1.59500004E-03
   18.7994938       1.50500005E-03
   18.8161602       1.41799997E-03
   18.8328266       1.33300002E-03
   18.8494930       1.25199999E-03
   18.8661594       1.17299997E-03
   18.8828259       1.09699997E-03
   18.8994923       1.02400000E-03
   18.9161587       9.53099981E-04
   18.9328251       8.85099987E-04
   18.9494915       8.19900015E-04
   18.9661579       7.57300004E-04
   18.9828243       6.97500014E-04
   18.9994907       6.40199985E-04
   19.0161572       5.85799979E-04
   19.0328236       5.34299994E-04
   19.0494900       4.85700002E-04
   19.0661564       4.40300006E-04
   19.0828228       3.95100011E-04
   19.0994892       3.46499990E-04
   19.1161556       3.06500006E-04
   19.1328220       2.73399986E-04
   19.1494884       2.46000011E-04
   19.1661549       2.10099999E-04
   19.1828213       1.87300000E-04
   19.1994877       1.58800001E-04
   19.2161541       1.35099996E-04
   19.2328205       1.14800001E-04
   19.2494869       9.68800014E-05
   19.2661533       8.12099970E-05
   19.2828197       6.78099968E-05
   19.2994862       5.65299997E-05
   19.3161526       4.55599984E-05
   19.3328190       3.73600014E-05
   19.3494854       2.97499992E-05
   19.3661518       2.38199991E-05
   19.3828182       1.89200000E-05
   19.3994846       1.47000001E-05
   19.4161510       1.13300002E-05
   19.4328175       8.63999958E-06
   19.4494839       6.43900012E-06
   19.4661503       4.69499992E-06
   19.4828167       3.40299994E-06
   19.4994831       2.34000004E-06
   19.5161495       1.57700003E-06
   19.5328159       9.78800017E-07
   19.5494823       5.80800020E-07
   19.5661488       3.30900008E-07
   19.5828152       1.80800001E-07
   19.5994816       9.10300031E-08
   19.6161480       3.78299987E-08
   19.6328144       1.06600000E-08
   19.6494808       1.29699995E-09
   19.6661472       1.81099996E-11
   19.6828136       7.13000012E-14
   19.6994801       1.38499998E-16
   19.7161465       5.51200008E-20
   19.7328129       1.72700005E-25
   19.7494793       0.00000000    
   19.7661457       0.00000000    
   19.7828121       0.00000000    
   19.7994785       0.00000000    
   19.8161449       0.00000000    
   19.8328114       0.00000000    
   19.8494778       0.00000000    
   19.8661442       0.00000000    
   19.8828106       0.00000000    
   19.8994770       0.00000000    
   19.9161434       0.00000000    
   19.9328098       0.00000000    
   19.9494762       0.00000000    
   19.9661427       0.00000000    
   19.9828091       0.00000000    
   19.9994755       0.00000000    
   20.0161419       0.00000000    
   20.0328083       0.00000000    
   20.0494747       0.00000000    
   20.0661411       0.00000000    
   20.0828075       0.00000000    
   20.0994740       0.00000000    
   20.1161404       0.00000000    
   20.1328068       0.00000000    
   20.1494732       0.00000000    
   20.1661396       0.00000000    
   20.1828060       0.00000000    
   20.1994724       0.00000000    
   20.2161388       0.00000000    
   20.2328053       0.00000000    
   20.2494717       0.00000000    
   20.2661381       0.00000000    
   20.2828045       0.00000000    
   20.2994709       0.00000000    
   20.3161373       0.00000000    
   20.3328037       0.00000000    
   20.3494701       0.00000000    
   20.3661366       0.00000000    
   20.3828030       0.00000000    
   20.3994694       0.00000000    
   20.4161358       0.00000000    
   20.4328022       0.00000000    
   20.4494686       0.00000000    
   20.4661350       0.00000000    
   20.4828014       0.00000000    
   20.4994678       0.00000000    
   20.5161343       0.00000000    
   20.5328007       0.00000000    
   20.5494671       0.00000000    
   20.5661335       0.00000000    
   20.5827999       0.00000000    
   20.5994663       0.00000000    
   20.6161327       0.00000000    
   20.6327991       0.00000000    
   20.6494656       0.00000000    
   20.6661320       0.00000000    
   20.6827984       0.00000000    
   20.6994648       0.00000000    
   20.7161312       0.00000000    
   20.7327976       0.00000000    
   20.7494640       0.00000000    
   20.7661304       0.00000000    
   20.7827969       0.00000000    
   20.7994633       0.00000000    
   20.8161297       0.00000000    
   20.8327961       0.00000000    
   20.8494625       0.00000000    
   20.8661289       0.00000000    
   20.8827953       0.00000000    
   20.8994617       0.00000000    
   20.9161282       0.00000000    
   20.9327946       0.00000000    
   20.9494610       0.00000000    
   20.9661274       0.00000000    
   20.9827938       0.00000000    
   20.9994602       0.00000000    
   21.0161266       0.00000000    
   21.0327930       0.00000000    
   21.0494595       0.00000000    
   21.0661259       0.00000000    
   21.0827923       0.00000000    
   21.0994587       0.00000000    
   21.1161251       0.00000000    
   21.1327915       0.00000000    
   21.1494579       0.00000000    
   21.1661243       0.00000000    
   21.1827908       0.00000000    
   21.1994572       0.00000000    
   21.2161236       0.00000000    
   21.2327900       0.00000000    
   21.2494564       0.00000000    
   21.2661228       0.00000000    
   21.2827892       0.00000000    
   21.2994556       0.00000000    
   21.3161221       0.00000000    
   21.3327885       0.00000000    
   21.3494549       0.00000000    
   21.3661213       0.00000000    
   21.3827877       0.00000000    
   21.3994541       0.00000000    
   21.4161205       0.00000000    
   21.4327869       0.00000000    
   21.4494534       0.00000000    
   21.4661198       0.00000000    
   21.4827862       0.00000000    
   21.4994526       0.00000000    
   21.5161190       0.00000000    
   21.5327854       0.00000000    
   21.5494518       0.00000000    
   21.5661182       0.00000000    
   21.5827847       0.00000000    
   21.5994511       0.00000000    
   21.6161175       0.00000000    
   21.6327839       0.00000000    
   21.6494503       0.00000000    
   21.6661167       0.00000000    
   21.6827831       0.00000000    
   21.6994495       0.00000000    
   21.7161160       0.00000000    
   21.7327824       0.00000000    
   21.7494488       0.00000000    
   21.7661152       0.00000000    
   21.7827816       0.00000000    
   21.7994480       0.00000000    
   21.8161144       0.00000000    
   21.8327808       0.00000000    
   21.8494473       0.00000000    
   21.8661137       0.00000000    
   21.8827801       0.00000000    
   21.8994465       0.00000000    
   21.9161129       0.00000000    
   21.9327793       0.00000000    
   21.9494457       0.00000000    
   21.9661121       0.00000000    
   21.9827785       0.00000000    
   21.9994450       0.00000000    
   22.0161114       0.00000000    
   22.0327778       0.00000000    
   22.0494442       0.00000000    
   22.0661106       0.00000000    
   22.0827770       0.00000000    
   22.0994434       0.00000000    
   22.1161098       0.00000000    
   22.1327763       0.00000000    
   22.1494427       0.00000000    
   22.1661091       0.00000000    
   22.1827755       0.00000000    
   22.1994419       0.00000000    
   22.2161083       0.00000000    
   22.2327747       0.00000000    
   22.2494411       0.00000000    
   22.2661076       0.00000000    
   22.2827740       0.00000000    
   22.2994404       0.00000000    
   22.3161068       0.00000000    
   22.3327732       0.00000000    
   22.3494396       0.00000000    
   22.3661060       0.00000000    
   22.3827724       0.00000000    
   22.3994389       0.00000000    
   22.4161053       0.00000000    
   22.4327717       0.00000000    
   22.4494381       0.00000000    
   22.4661045       0.00000000    
   22.4827709       0.00000000    
   22.4994373       0.00000000    
   22.5161037       0.00000000    
   22.5327702       0.00000000    
   22.5494366       0.00000000    
   22.5661030       0.00000000    
   22.5827694       0.00000000    
   22.5994358       0.00000000    
   22.6161022       0.00000000    
   22.6327686       0.00000000    
   22.6494350       0.00000000    
   22.6661015       0.00000000    
   22.6827679       0.00000000    
   22.6994343       0.00000000    
   22.7161007       0.00000000    
   22.7327671       0.00000000    
   22.7494335       0.00000000    
   22.7660999       0.00000000    
   22.7827663       0.00000000    
   22.7994328       0.00000000    
   22.8160992       0.00000000    
   22.8327656       0.00000000    
   22.8494320       0.00000000    
   22.8660984       0.00000000    
   22.8827648       0.00000000    
   22.8994312       0.00000000    
   22.9160976       0.00000000    
   22.9327641       0.00000000    
   22.9494305       0.00000000    
   22.9660969       0.00000000    
   22.9827633       0.00000000    
   22.9994297       0.00000000    
   23.0160961       0.00000000    
   23.0327625       0.00000000    
   23.0494289       0.00000000    
   23.0660954       0.00000000    
   23.0827618       0.00000000    
   23.0994282       0.00000000    
   23.1160946       0.00000000    
   23.1327610       0.00000000    
   23.1494274       0.00000000    
   23.1660938       0.00000000    
   23.1827602       0.00000000    
   23.1994267       0.00000000    
   23.2160931       0.00000000    
   23.2327595       0.00000000    
   23.2494259       0.00000000    
   23.2660923       0.00000000    
   23.2827587       0.00000000    
   23.2994251       0.00000000    
   23.3160915       0.00000000    
   23.3327579       0.00000000    
   23.3494244       0.00000000    
   23.3660908       0.00000000    
   23.3827572       0.00000000    
   23.3994236       0.00000000    
   23.4160900       0.00000000    
   23.4327564       0.00000000    
   23.4494228       0.00000000    
   23.4660892       0.00000000    
   23.4827557       0.00000000    
   23.4994221       0.00000000    
   23.5160885       0.00000000    
   23.5327549       0.00000000    
   23.5494213       0.00000000    
   23.5660877       0.00000000    
   23.5827541       0.00000000    
   23.5994205       0.00000000    
   23.6160870       0.00000000    
   23.6327534       0.00000000    
   23.6494198       0.00000000    
   23.6660862       0.00000000    
   23.6827526       0.00000000    
   23.6994190       0.00000000    
   23.7160854       0.00000000    
   23.7327518       0.00000000    
   23.7494183       0.00000000    
   23.7660847       0.00000000    
   23.7827511       0.00000000    
   23.7994175       0.00000000    
   23.8160839       0.00000000    
   23.8327503       0.00000000    
   23.8494167       0.00000000    
   23.8660831       0.00000000    
   23.8827496       0.00000000    
   23.8994160       0.00000000    
   23.9160824       0.00000000    
   23.9327488       0.00000000    
   23.9494152       0.00000000    
   23.9660816       0.00000000    
   23.9827480       0.00000000    
