   0.00000000       0.00000000    
   1.66660007E-02   0.00000000    
   3.33320014E-02   0.00000000    
   4.99980003E-02   0.00000000    
   6.66640028E-02   0.00000000    
   8.33300054E-02   0.00000000    
   9.99960080E-02   0.00000000    
  0.116662011       0.00000000    
  0.133328006       0.00000000    
  0.149994001       0.00000000    
  0.166659996       0.00000000    
  0.183325991       0.00000000    
  0.199991986       0.00000000    
  0.216657981       0.00000000    
  0.233323976       0.00000000    
  0.249989972       0.00000000    
  0.266655982       0.00000000    
  0.283321977       0.00000000    
  0.299987972       0.00000000    
  0.316653967       0.00000000    
  0.333319962       0.00000000    
  0.349985957       0.00000000    
  0.366651952       0.00000000    
  0.383317947       0.00000000    
  0.399983943       0.00000000    
  0.416649938       0.00000000    
  0.433315933       0.00000000    
  0.449981928       0.00000000    
  0.466647923       0.00000000    
  0.483313918       0.00000000    
  0.499979913       0.00000000    
  0.516645908       0.00000000    
  0.533311903       0.00000000    
  0.549977899       0.00000000    
  0.566643894       0.00000000    
  0.583309889       0.00000000    
  0.599975884       0.00000000    
  0.616641879       0.00000000    
  0.633307874       0.00000000    
  0.649973869       0.00000000    
  0.666639864       0.00000000    
  0.683305860       0.00000000    
  0.699971855       0.00000000    
  0.716637850       0.00000000    
  0.733303845       0.00000000    
  0.749969840       0.00000000    
  0.766635835       0.00000000    
  0.783301830       0.00000000    
  0.799967825       0.00000000    
  0.816633821       0.00000000    
  0.833299816       0.00000000    
  0.849965811       0.00000000    
  0.866631806       0.00000000    
  0.883297801       0.00000000    
  0.899963796       0.00000000    
  0.916629791       0.00000000    
  0.933295786       0.00000000    
  0.949961782       0.00000000    
  0.966627777       0.00000000    
  0.983293772       0.00000000    
  0.999959767       0.00000000    
   1.01662576       0.00000000    
   1.03329182       0.00000000    
   1.04995787       0.00000000    
   1.06662393       0.00000000    
   1.08328998       0.00000000    
   1.09995604       0.00000000    
   1.11662209       0.00000000    
   1.13328815       0.00000000    
   1.14995420       0.00000000    
   1.16662025       0.00000000    
   1.18328631       0.00000000    
   1.19995236       0.00000000    
   1.21661842       0.00000000    
   1.23328447       0.00000000    
   1.24995053       0.00000000    
   1.26661658       0.00000000    
   1.28328264       0.00000000    
   1.29994869       0.00000000    
   1.31661475       0.00000000    
   1.33328080       0.00000000    
   1.34994686       0.00000000    
   1.36661291       0.00000000    
   1.38327897       0.00000000    
   1.39994502       0.00000000    
   1.41661108       0.00000000    
   1.43327713       0.00000000    
   1.44994318       0.00000000    
   1.46660924       0.00000000    
   1.48327529       0.00000000    
   1.49994135       0.00000000    
   1.51660740       0.00000000    
   1.53327346       0.00000000    
   1.54993951       0.00000000    
   1.56660557       0.00000000    
   1.58327162       0.00000000    
   1.59993768       0.00000000    
   1.61660373       0.00000000    
   1.63326979       0.00000000    
   1.64993584       0.00000000    
   1.66660190       0.00000000    
   1.68326795       0.00000000    
   1.69993401       0.00000000    
   1.71660006       0.00000000    
   1.73326612       0.00000000    
   1.74993217       0.00000000    
   1.76659822       0.00000000    
   1.78326428       0.00000000    
   1.79993033       0.00000000    
   1.81659639       0.00000000    
   1.83326244       0.00000000    
   1.84992850       0.00000000    
   1.86659455       0.00000000    
   1.88326061       0.00000000    
   1.89992666       0.00000000    
   1.91659272       0.00000000    
   1.93325877       0.00000000    
   1.94992483       0.00000000    
   1.96659088       0.00000000    
   1.98325694       0.00000000    
   1.99992299       0.00000000    
   2.01658893       0.00000000    
   2.03325486       0.00000000    
   2.04992080       0.00000000    
   2.06658673       0.00000000    
   2.08325267       0.00000000    
   2.09991860       0.00000000    
   2.11658454       0.00000000    
   2.13325047       0.00000000    
   2.14991641       0.00000000    
   2.16658235       0.00000000    
   2.18324828       0.00000000    
   2.19991422       0.00000000    
   2.21658015       0.00000000    
   2.23324609       0.00000000    
   2.24991202       0.00000000    
   2.26657796       0.00000000    
   2.28324389       0.00000000    
   2.29990983       0.00000000    
   2.31657577       0.00000000    
   2.33324170       0.00000000    
   2.34990764       0.00000000    
   2.36657357       0.00000000    
   2.38323951       0.00000000    
   2.39990544       0.00000000    
   2.41657138       0.00000000    
   2.43323731       0.00000000    
   2.44990325       0.00000000    
   2.46656919       0.00000000    
   2.48323512       0.00000000    
   2.49990106       0.00000000    
   2.51656699       0.00000000    
   2.53323293       0.00000000    
   2.54989886       0.00000000    
   2.56656480       0.00000000    
   2.58323073       0.00000000    
   2.59989667       0.00000000    
   2.61656260       0.00000000    
   2.63322854       0.00000000    
   2.64989448       0.00000000    
   2.66656041       0.00000000    
   2.68322635       0.00000000    
   2.69989228       0.00000000    
   2.71655822       0.00000000    
   2.73322415       0.00000000    
   2.74989009       0.00000000    
   2.76655602       0.00000000    
   2.78322196       0.00000000    
   2.79988790       0.00000000    
   2.81655383       0.00000000    
   2.83321977       0.00000000    
   2.84988570       0.00000000    
   2.86655164       0.00000000    
   2.88321757       0.00000000    
   2.89988351       0.00000000    
   2.91654944       0.00000000    
   2.93321538       0.00000000    
   2.94988132       0.00000000    
   2.96654725       0.00000000    
   2.98321319       0.00000000    
   2.99987912       0.00000000    
   3.01654506       0.00000000    
   3.03321099       0.00000000    
   3.04987693       0.00000000    
   3.06654286       0.00000000    
   3.08320880       0.00000000    
   3.09987473       0.00000000    
   3.11654067       0.00000000    
   3.13320661       0.00000000    
   3.14987254       0.00000000    
   3.16653848       0.00000000    
   3.18320441       0.00000000    
   3.19987035       0.00000000    
   3.21653628       0.00000000    
   3.23320222       0.00000000    
   3.24986815       0.00000000    
   3.26653409       0.00000000    
   3.28320003       0.00000000    
   3.29986596       0.00000000    
   3.31653190       0.00000000    
   3.33319783       0.00000000    
   3.34986377       0.00000000    
   3.36652970       0.00000000    
   3.38319564       0.00000000    
   3.39986157       0.00000000    
   3.41652751       0.00000000    
   3.43319345       0.00000000    
   3.44985938       0.00000000    
   3.46652532       0.00000000    
   3.48319125       0.00000000    
   3.49985719       0.00000000    
   3.51652312       0.00000000    
   3.53318906       0.00000000    
   3.54985499       0.00000000    
   3.56652093       0.00000000    
   3.58318686       0.00000000    
   3.59985280       0.00000000    
   3.61651874       0.00000000    
   3.63318467       0.00000000    
   3.64985061       0.00000000    
   3.66651654       0.00000000    
   3.68318248       0.00000000    
   3.69984841       0.00000000    
   3.71651435       0.00000000    
   3.73318028       0.00000000    
   3.74984622       0.00000000    
   3.76651216       0.00000000    
   3.78317809       0.00000000    
   3.79984403       0.00000000    
   3.81650996       0.00000000    
   3.83317590       0.00000000    
   3.84984183       0.00000000    
   3.86650777       0.00000000    
   3.88317370       0.00000000    
   3.89983964       0.00000000    
   3.91650558       0.00000000    
   3.93317151       0.00000000    
   3.94983745       0.00000000    
   3.96650338       0.00000000    
   3.98316932       0.00000000    
   3.99983525       0.00000000    
   4.01650143       0.00000000    
   4.03316736       0.00000000    
   4.04983330       0.00000000    
   4.06649923       0.00000000    
   4.08316517       0.00000000    
   4.09983110       0.00000000    
   4.11649704       0.00000000    
   4.13316298       0.00000000    
   4.14982891       0.00000000    
   4.16649485       0.00000000    
   4.18316078       0.00000000    
   4.19982672       0.00000000    
   4.21649265       0.00000000    
   4.23315859       0.00000000    
   4.24982452       0.00000000    
   4.26649046       0.00000000    
   4.28315639       0.00000000    
   4.29982233       0.00000000    
   4.31648827       0.00000000    
   4.33315420       0.00000000    
   4.34982014       0.00000000    
   4.36648607       0.00000000    
   4.38315201       0.00000000    
   4.39981794       0.00000000    
   4.41648388       0.00000000    
   4.43314981       0.00000000    
   4.44981575       0.00000000    
   4.46648169       0.00000000    
   4.48314762       0.00000000    
   4.49981356       0.00000000    
   4.51647949       0.00000000    
   4.53314543       0.00000000    
   4.54981136       0.00000000    
   4.56647730       0.00000000    
   4.58314323       0.00000000    
   4.59980917       0.00000000    
   4.61647511       0.00000000    
   4.63314104       0.00000000    
   4.64980698       0.00000000    
   4.66647291       0.00000000    
   4.68313885       0.00000000    
   4.69980478       0.00000000    
   4.71647072       0.00000000    
   4.73313665       0.00000000    
   4.74980259       0.00000000    
   4.76646852       0.00000000    
   4.78313446       0.00000000    
   4.79980040       0.00000000    
   4.81646633       0.00000000    
   4.83313227       0.00000000    
   4.84979820       0.00000000    
   4.86646414       0.00000000    
   4.88313007       0.00000000    
   4.89979601       0.00000000    
   4.91646194       0.00000000    
   4.93312788       0.00000000    
   4.94979382       0.00000000    
   4.96645975       0.00000000    
   4.98312569       0.00000000    
   4.99979162       0.00000000    
   5.01645756       0.00000000    
   5.03312349       0.00000000    
   5.04978943       0.00000000    
   5.06645536       0.00000000    
   5.08312130       0.00000000    
   5.09978724       0.00000000    
   5.11645317       0.00000000    
   5.13311911       0.00000000    
   5.14978504       0.00000000    
   5.16645098       0.00000000    
   5.18311691       0.00000000    
   5.19978285       0.00000000    
   5.21644878       0.00000000    
   5.23311472       0.00000000    
   5.24978065       0.00000000    
   5.26644659       0.00000000    
   5.28311253       0.00000000    
   5.29977846       0.00000000    
   5.31644440       0.00000000    
   5.33311033       0.00000000    
   5.34977627       0.00000000    
   5.36644220       0.00000000    
   5.38310814       0.00000000    
   5.39977407       0.00000000    
   5.41644001       0.00000000    
   5.43310595       0.00000000    
   5.44977188       0.00000000    
   5.46643782       0.00000000    
   5.48310375       0.00000000    
   5.49976969       0.00000000    
   5.51643562       0.00000000    
   5.53310156       0.00000000    
   5.54976749       0.00000000    
   5.56643343       0.00000000    
   5.58309937       0.00000000    
   5.59976530       0.00000000    
   5.61643124       0.00000000    
   5.63309717       0.00000000    
   5.64976311       0.00000000    
   5.66642904       0.00000000    
   5.68309498       0.00000000    
   5.69976091       0.00000000    
   5.71642685       0.00000000    
   5.73309278       0.00000000    
   5.74975872       0.00000000    
   5.76642466       0.00000000    
   5.78309059       0.00000000    
   5.79975653       0.00000000    
   5.81642246       0.00000000    
   5.83308840       0.00000000    
   5.84975433       0.00000000    
   5.86642027       0.00000000    
   5.88308620       0.00000000    
   5.89975214       0.00000000    
   5.91641808       0.00000000    
   5.93308401       0.00000000    
   5.94974995       0.00000000    
   5.96641588       0.00000000    
   5.98308182       0.00000000    
   5.99974775       0.00000000    
   6.01641369       0.00000000    
   6.03307962       0.00000000    
   6.04974556       0.00000000    
   6.06641150       0.00000000    
   6.08307743       0.00000000    
   6.09974337       0.00000000    
   6.11640930       0.00000000    
   6.13307524       0.00000000    
   6.14974117       0.00000000    
   6.16640711       0.00000000    
   6.18307304       0.00000000    
   6.19973898       0.00000000    
   6.21640491       0.00000000    
   6.23307085       0.00000000    
   6.24973679       1.21900355E-40
   6.26640272       4.32499991E-19
   6.28306866       7.21100006E-16
   6.29973459       2.46800003E-13
   6.31640053       2.21399999E-11
   6.33306646       9.58199964E-10
   6.34973240       1.03400000E-08
   6.36639833       3.70900004E-08
   6.38306427       9.33800024E-08
   6.39973021       1.90500003E-07
   6.41639614       3.51799997E-07
   6.43306208       6.14899989E-07
   6.44972801       1.04399999E-06
   6.46639395       1.70500005E-06
   6.48305988       2.67800010E-06
   6.49972582       3.87099999E-06
   6.51639175       5.55799988E-06
   6.53305769       7.54599978E-06
   6.54972363       1.01100004E-05
   6.56638956       1.33699996E-05
   6.58305550       1.74399993E-05
   6.59972143       2.24300002E-05
   6.61638737       2.85099995E-05
   6.63305330       3.60599988E-05
   6.64971924       4.51199994E-05
   6.66638517       5.51000012E-05
   6.68305111       6.78200013E-05
   6.69971704       8.20100031E-05
   6.71638298       9.78899989E-05
   6.73304892       1.16600000E-04
   6.74971485       1.37900002E-04
   6.76638079       1.61899996E-04
   6.78304672       1.88899998E-04
   6.79971266       2.20100002E-04
   6.81637859       2.57500011E-04
   6.83304453       2.86800001E-04
   6.84971046       3.33800010E-04
   6.86637640       3.68899986E-04
   6.88304234       4.10700013E-04
   6.89970827       4.60500014E-04
   6.91637421       5.20100002E-04
   6.93304014       5.80499996E-04
   6.94970608       6.37600024E-04
   6.96637201       6.98800024E-04
   6.98303795       7.63499993E-04
   6.99970388       8.31499987E-04
   7.01636982       9.03000007E-04
   7.03303576       9.77799995E-04
   7.04970169       1.05600001E-03
   7.06636763       1.13700004E-03
   7.08303356       1.22099998E-03
   7.09969950       1.30899996E-03
   7.11636543       1.39999995E-03
   7.13303137       1.49499997E-03
   7.14969730       1.59200002E-03
   7.16636324       1.69299997E-03
   7.18302917       1.79699995E-03
   7.19969511       1.90399995E-03
   7.21636105       2.01499998E-03
   7.23302698       2.12899991E-03
   7.24969292       2.24700011E-03
   7.26635885       2.36800010E-03
   7.28302479       2.49299989E-03
   7.29969072       2.62099993E-03
   7.31635666       2.75300001E-03
   7.33302259       2.88900011E-03
   7.34968853       3.02800001E-03
   7.36635447       3.17099993E-03
   7.38302040       3.31799989E-03
   7.39968634       3.46900010E-03
   7.41635227       3.62399989E-03
   7.43301821       3.78299993E-03
   7.44968414       3.94599978E-03
   7.46635008       4.11299989E-03
   7.48301601       4.28400002E-03
   7.49968195       4.45900019E-03
   7.51634789       4.63900017E-03
   7.53301382       4.82399995E-03
   7.54967976       5.01199998E-03
   7.56634569       5.20499982E-03
   7.58301163       5.40299993E-03
   7.59967756       5.60500007E-03
   7.61634350       5.81200002E-03
   7.63300943       6.02399977E-03
   7.64967537       6.24000002E-03
   7.66634130       6.46199984E-03
   7.68300724       6.68800017E-03
   7.69967318       6.91899983E-03
   7.71633911       7.15600001E-03
   7.73300505       7.39700021E-03
   7.74967098       7.64400000E-03
   7.76633692       7.89500028E-03
   7.78300285       8.15299992E-03
   7.79966879       8.41499958E-03
   7.81633472       8.68299976E-03
   7.83300066       8.95600021E-03
   7.84966660       9.23500024E-03
   7.86633253       9.51899961E-03
   7.88299847       9.80999973E-03
   7.89966440       1.01100001E-02
   7.91633034       1.04099996E-02
   7.93299627       1.07100001E-02
   7.94966221       1.10299997E-02
   7.96632814       1.13500003E-02
   7.98299408       1.16699999E-02
   7.99966002       1.20000001E-02
   8.01632595       1.23399999E-02
   8.03299236       1.26799997E-02
   8.04965878       1.30300000E-02
   8.06632519       1.33800004E-02
   8.08299160       1.37400003E-02
   8.09965801       1.41099999E-02
   8.11632442       1.44800004E-02
   8.13299084       1.48600005E-02
   8.14965725       1.52500002E-02
   8.16632366       1.56399999E-02
   8.18299007       1.60399992E-02
   8.19965649       1.64500009E-02
   8.21632290       1.68600008E-02
   8.23298931       1.72700007E-02
   8.24965572       1.76999997E-02
   8.26632214       1.81300007E-02
   8.28298855       1.85700003E-02
   8.29965496       1.90099999E-02
   8.31632137       1.94600001E-02
   8.33298779       1.99200008E-02
   8.34965420       2.03799997E-02
   8.36632061       2.08500009E-02
   8.38298702       2.13300008E-02
   8.39965343       2.18100008E-02
   8.41631985       2.22999994E-02
   8.43298626       2.28000004E-02
   8.44965267       2.32999995E-02
   8.46631908       2.38099992E-02
   8.48298550       2.43299995E-02
   8.49965191       2.48499997E-02
   8.51631832       2.53800005E-02
   8.53298473       2.59099994E-02
   8.54965115       2.64599994E-02
   8.56631756       2.70099994E-02
   8.58298397       2.75599994E-02
   8.59965038       2.81199999E-02
   8.61631680       2.86899991E-02
   8.63298321       2.92700008E-02
   8.64964962       2.98500005E-02
   8.66631603       3.04400008E-02
   8.68298244       3.10299993E-02
   8.69964886       3.16299982E-02
   8.71631527       3.22399996E-02
   8.73298168       3.28599997E-02
   8.74964809       3.34799998E-02
   8.76631451       3.40999998E-02
   8.78298092       3.47400010E-02
   8.79964733       3.53799984E-02
   8.81631374       3.60199995E-02
   8.83298016       3.66800018E-02
   8.84964657       3.73400003E-02
   8.86631298       3.79999988E-02
   8.88297939       3.86699997E-02
   8.89964581       3.93499993E-02
   8.91631222       4.00299989E-02
   8.93297863       4.07200009E-02
   8.94964504       4.14200015E-02
   8.96631145       4.21199985E-02
   8.98297787       4.28199992E-02
   8.99964428       4.35400009E-02
   9.01631069       4.42500003E-02
   9.03297710       4.49800007E-02
   9.04964352       4.57100011E-02
   9.06630993       4.64400016E-02
   9.08297634       4.71800007E-02
   9.09964275       4.79299985E-02
   9.11630917       4.86800000E-02
   9.13297558       4.94400002E-02
   9.14964199       5.02000004E-02
   9.16630840       5.09699993E-02
   9.18297482       5.17399982E-02
   9.19964123       5.25199994E-02
   9.21630764       5.33099994E-02
   9.23297405       5.40999994E-02
   9.24964046       5.48899993E-02
   9.26630688       5.56900017E-02
   9.28297329       5.64900003E-02
   9.29963970       5.73000014E-02
   9.31630611       5.81099987E-02
   9.33297253       5.89199997E-02
   9.34963894       5.97499982E-02
   9.36630535       6.05700016E-02
   9.38297176       6.14000000E-02
   9.39963818       6.22400008E-02
   9.41630459       6.30799979E-02
   9.43297100       6.39100000E-02
   9.44963741       6.47599995E-02
   9.46630383       6.56099990E-02
   9.48297024       6.64699972E-02
   9.49963665       6.73199967E-02
   9.51630306       6.81800023E-02
   9.53296947       6.90499991E-02
   9.54963589       6.99200034E-02
   9.56630230       7.07900003E-02
   9.58296871       7.16599971E-02
   9.59963512       7.25400001E-02
   9.61630154       7.34200031E-02
   9.63296795       7.43099973E-02
   9.64963436       7.51900002E-02
   9.66630077       7.60800019E-02
   9.68296719       7.69800022E-02
   9.69963360       7.78699964E-02
   9.71630001       7.87699968E-02
   9.73296642       7.96699971E-02
   9.74963284       8.05699974E-02
   9.76629925       8.14699978E-02
   9.78296566       8.23799968E-02
   9.79963207       8.32900032E-02
   9.81629848       8.42000023E-02
   9.83296490       8.51100013E-02
   9.84963131       8.60200003E-02
   9.86629772       8.69399980E-02
   9.88296413       8.78499970E-02
   9.89963055       8.87700021E-02
   9.91629696       8.96899998E-02
   9.93296337       9.06099975E-02
   9.94962978       9.15300027E-02
   9.96629620       9.24500003E-02
   9.98296261       9.33699980E-02
   9.99962902       9.43000019E-02
   10.0162954       9.52199996E-02
   10.0329618       9.61399972E-02
   10.0496283       9.70600024E-02
   10.0662947       9.79999974E-02
   10.0829611       9.89200026E-02
   10.0996275       9.98400003E-02
   10.1162939      0.100800000    
   10.1329603      0.101700000    
   10.1496267      0.102600001    
   10.1662931      0.103500001    
   10.1829596      0.104500003    
   10.1996260      0.105400003    
   10.2162924      0.106299996    
   10.2329588      0.107199997    
   10.2496252      0.108199999    
   10.2662916      0.109099999    
   10.2829580      0.109999999    
   10.2996244      0.110900000    
   10.3162909      0.111800000    
   10.3329573      0.112700000    
   10.3496237      0.113600001    
   10.3662901      0.114600003    
   10.3829565      0.115500003    
   10.3996229      0.116400003    
   10.4162893      0.117299996    
   10.4329557      0.118100002    
   10.4496222      0.119099997    
   10.4662886      0.119999997    
   10.4829550      0.120899998    
   10.4996214      0.121799998    
   10.5162878      0.122599997    
   10.5329542      0.123499997    
   10.5496206      0.124399997    
   10.5662870      0.125300005    
   10.5829535      0.126100004    
   10.5996199      0.127000004    
   10.6162863      0.127900004    
   10.6329527      0.128800005    
   10.6496191      0.129600003    
   10.6662855      0.130500004    
   10.6829519      0.131300002    
   10.6996183      0.132200003    
   10.7162848      0.133000001    
   10.7329512      0.133800000    
   10.7496176      0.134700000    
   10.7662840      0.135600001    
   10.7829504      0.136399999    
   10.7996168      0.137199998    
   10.8162832      0.137999997    
   10.8329496      0.138799995    
   10.8496161      0.139599994    
   10.8662825      0.140400007    
   10.8829489      0.141200006    
   10.8996153      0.142000005    
   10.9162817      0.142800003    
   10.9329481      0.143600002    
   10.9496145      0.144400001    
   10.9662809      0.145199999    
   10.9829473      0.145899996    
   10.9996138      0.146699995    
   11.0162802      0.147400007    
   11.0329466      0.148200005    
   11.0496130      0.148900002    
   11.0662794      0.149599999    
   11.0829458      0.150299996    
   11.0996122      0.151099995    
   11.1162786      0.151800007    
   11.1329451      0.152500004    
   11.1496115      0.153200001    
   11.1662779      0.153899997    
   11.1829443      0.154599994    
   11.1996107      0.155300006    
   11.2162771      0.155900002    
   11.2329435      0.156599998    
   11.2496099      0.157299995    
   11.2662764      0.157900006    
   11.2829428      0.158600003    
   11.2996092      0.159099996    
   11.3162756      0.159799993    
   11.3329420      0.160400003    
   11.3496084      0.161100000    
   11.3662748      0.161599994    
   11.3829412      0.162300006    
   11.3996077      0.162799999    
   11.4162741      0.163399994    
   11.4329405      0.164000005    
   11.4496069      0.164499998    
   11.4662733      0.165099993    
   11.4829397      0.165700004    
   11.4996061      0.166199997    
   11.5162725      0.166700006    
   11.5329390      0.167199999    
   11.5496054      0.167699993    
   11.5662718      0.168200001    
   11.5829382      0.168799996    
   11.5996046      0.169200003    
   11.6162710      0.169699997    
   11.6329374      0.170200005    
   11.6496038      0.170499995    
   11.6662703      0.171100006    
   11.6829367      0.171499997    
   11.6996031      0.172000006    
   11.7162695      0.172399998    
   11.7329359      0.172800004    
   11.7496023      0.173099995    
   11.7662687      0.173600003    
   11.7829351      0.173999995    
   11.7996016      0.174300000    
   11.8162680      0.174700007    
   11.8329344      0.175099999    
   11.8496008      0.175400004    
   11.8662672      0.175699994    
   11.8829336      0.176100001    
   11.8996000      0.176400006    
   11.9162664      0.176699996    
   11.9329329      0.177000001    
   11.9495993      0.177300006    
   11.9662657      0.177499995    
   11.9829321      0.177800000    
   11.9995985      0.178000003    
   12.0162649      0.178299993    
   12.0329313      0.178499997    
   12.0495977      0.178700000    
   12.0662642      0.179000005    
   12.0829306      0.179199994    
   12.0995970      0.179399997    
   12.1162634      0.179499999    
   12.1329298      0.179700002    
   12.1495962      0.179800004    
   12.1662626      0.180000007    
   12.1829290      0.180199996    
   12.1995955      0.180299997    
   12.2162619      0.180399999    
   12.2329283      0.180500001    
   12.2495947      0.180600002    
   12.2662611      0.180700004    
   12.2829275      0.180800006    
   12.2995939      0.180800006    
   12.3162603      0.180899993    
   12.3329268      0.180899993    
   12.3495932      0.180999994    
   12.3662596      0.180999994    
   12.3829260      0.180999994    
   12.3995924      0.180999994    
   12.4162588      0.180999994    
   12.4329252      0.180999994    
   12.4495916      0.180999994    
   12.4662580      0.180899993    
   12.4829245      0.180899993    
   12.4995909      0.180800006    
   12.5162573      0.180700004    
   12.5329237      0.180700004    
   12.5495901      0.180600002    
   12.5662565      0.180500001    
   12.5829229      0.180399999    
   12.5995893      0.180199996    
   12.6162558      0.180099994    
   12.6329222      0.180000007    
   12.6495886      0.179800004    
   12.6662550      0.179600000    
   12.6829214      0.179499999    
   12.6995878      0.179299995    
   12.7162542      0.179100007    
   12.7329206      0.178900003    
   12.7495871      0.178700000    
   12.7662535      0.178399995    
   12.7829199      0.178200006    
   12.7995863      0.177900001    
   12.8162527      0.177699998    
   12.8329191      0.177399993    
   12.8495855      0.177100003    
   12.8662519      0.176899999    
   12.8829184      0.176499993    
   12.8995848      0.176200002    
   12.9162512      0.175899997    
   12.9329176      0.175600007    
   12.9495840      0.175300002    
   12.9662504      0.174899995    
   12.9829168      0.174600005    
   12.9995832      0.174199998    
   13.0162497      0.173800007    
   13.0329161      0.173400000    
   13.0495825      0.172999993    
   13.0662489      0.172600001    
   13.0829153      0.172199994    
   13.0995817      0.171800002    
   13.1162481      0.171299994    
   13.1329145      0.170900002    
   13.1495810      0.170499995    
   13.1662474      0.170000002    
   13.1829138      0.169499993    
   13.1995802      0.169100001    
   13.2162466      0.168599993    
   13.2329130      0.168099999    
   13.2495794      0.167600006    
   13.2662458      0.166999996    
   13.2829123      0.166500002    
   13.2995787      0.165999994    
   13.3162451      0.165500000    
   13.3329115      0.164900005    
   13.3495779      0.164299995    
   13.3662443      0.163800001    
   13.3829107      0.163200006    
   13.3995771      0.162599996    
   13.4162436      0.162000000    
   13.4329100      0.161400005    
   13.4495764      0.160799995    
   13.4662428      0.160200000    
   13.4829092      0.159600005    
   13.4995756      0.158999994    
   13.5162420      0.158299997    
   13.5329084      0.157700002    
   13.5495749      0.157000005    
   13.5662413      0.156399995    
   13.5829077      0.155699998    
   13.5995741      0.155000001    
   13.6162405      0.154300004    
   13.6329069      0.153600007    
   13.6495733      0.152899995    
   13.6662397      0.152199998    
   13.6829062      0.151500002    
   13.6995726      0.150800005    
   13.7162390      0.150099993    
   13.7329054      0.149399996    
   13.7495718      0.148599997    
   13.7662382      0.147900000    
   13.7829046      0.147100002    
   13.7995710      0.146400005    
   13.8162374      0.145600006    
   13.8329039      0.144899994    
   13.8495703      0.144099995    
   13.8662367      0.143299997    
   13.8829031      0.142499998    
   13.8995695      0.141700000    
   13.9162359      0.140900001    
   13.9329023      0.140100002    
   13.9495687      0.139300004    
   13.9662352      0.138500005    
   13.9829016      0.137600005    
   13.9995680      0.136899993    
   14.0162344      0.136000007    
   14.0329008      0.135199994    
   14.0495672      0.134399995    
   14.0662336      0.133599997    
   14.0829000      0.132699996    
   14.0995665      0.131899998    
   14.1162329      0.130999997    
   14.1328993      0.130199999    
   14.1495657      0.129299998    
   14.1662321      0.128399998    
   14.1828985      0.127599999    
   14.1995649      0.126699999    
   14.2162313      0.125799999    
   14.2328978      0.125000000    
   14.2495642      0.124100000    
   14.2662306      0.123099998    
   14.2828970      0.122299999    
   14.2995634      0.121399999    
   14.3162298      0.120499998    
   14.3328962      0.119599998    
   14.3495626      0.118699998    
   14.3662291      0.117799997    
   14.3828955      0.116899997    
   14.3995619      0.115999997    
   14.4162283      0.115099996    
   14.4328947      0.114200003    
   14.4495611      0.113300003    
   14.4662275      0.112400003    
   14.4828939      0.111500002    
   14.4995604      0.110600002    
   14.5162268      0.109600000    
   14.5328932      0.108700000    
   14.5495596      0.107799999    
   14.5662260      0.106899999    
   14.5828924      0.105999999    
   14.5995588      0.104999997    
   14.6162252      0.104099996    
   14.6328917      0.103200004    
   14.6495581      0.102300003    
   14.6662245      0.101300001    
   14.6828909      0.100400001    
   14.6995573       9.95000005E-02
   14.7162237       9.85599980E-02
   14.7328901       9.76400003E-02
   14.7495565       9.67099965E-02
   14.7662230       9.57999974E-02
   14.7828894       9.48700011E-02
   14.7995558       9.39399973E-02
   14.8162222       9.30299982E-02
   14.8328886       9.21100006E-02
   14.8495550       9.11799967E-02
   14.8662214       9.02599990E-02
   14.8828878       8.93400013E-02
   14.8995543       8.84300023E-02
   14.9162207       8.75099972E-02
   14.9328871       8.65899995E-02
   14.9495535       8.56800005E-02
   14.9662199       8.47700015E-02
   14.9828863       8.38499963E-02
   14.9995527       8.29500034E-02
   15.0162191       8.20399970E-02
   15.0328856       8.11299980E-02
   15.0495520       8.02299976E-02
   15.0662184       7.93299973E-02
   15.0828848       7.84299970E-02
   15.0995512       7.75299966E-02
   15.1162176       7.66400024E-02
   15.1328840       7.57500008E-02
   15.1495504       7.48599991E-02
   15.1662169       7.39699975E-02
   15.1828833       7.30900019E-02
   15.1995497       7.22099990E-02
   15.2162161       7.13400021E-02
   15.2328825       7.04599991E-02
   15.2495489       6.95900023E-02
   15.2662153       6.87199980E-02
   15.2828817       6.78599998E-02
   15.2995481       6.70000017E-02
   15.3162146       6.61500022E-02
   15.3328810       6.52899966E-02
   15.3495474       6.44399971E-02
   15.3662138       6.36000037E-02
   15.3828802       6.27600029E-02
   15.3995466       6.19199984E-02
   15.4162130       6.10900000E-02
   15.4328794       6.02600016E-02
   15.4495459       5.94400018E-02
   15.4662123       5.86199984E-02
   15.4828787       5.77999987E-02
   15.4995451       5.69900014E-02
   15.5162115       5.61899990E-02
   15.5328779       5.53900003E-02
   15.5495443       5.45900017E-02
   15.5662107       5.38000017E-02
   15.5828772       5.30100018E-02
   15.5995436       5.22300005E-02
   15.6162100       5.14600016E-02
   15.6328764       5.06800003E-02
   15.6495428       4.99200001E-02
   15.6662092       4.91599999E-02
   15.6828756       4.83999997E-02
   15.6995420       4.76499982E-02
   15.7162085       4.69099991E-02
   15.7328749       4.61700000E-02
   15.7495413       4.54399996E-02
   15.7662077       4.47099991E-02
   15.7828741       4.39900011E-02
   15.7995405       4.32699993E-02
   15.8162069       4.25600000E-02
   15.8328733       4.18599993E-02
   15.8495398       4.11599986E-02
   15.8662062       4.04600017E-02
   15.8828726       3.97799984E-02
   15.8995390       3.90999988E-02
   15.9162054       3.84199992E-02
   15.9328718       3.77499983E-02
   15.9495382       3.70899998E-02
   15.9662046       3.64300013E-02
   15.9828711       3.57800014E-02
   15.9995375       3.51400003E-02
   16.0162029       3.44999991E-02
   16.0328693       3.38700004E-02
   16.0495358       3.32500003E-02
   16.0662022       3.26300003E-02
   16.0828686       3.20199989E-02
   16.0995350       3.14100012E-02
   16.1162014       3.08100004E-02
   16.1328678       3.02200001E-02
   16.1495342       2.96299998E-02
   16.1662006       2.90500000E-02
   16.1828671       2.84800008E-02
   16.1995335       2.79099997E-02
   16.2161999       2.73499992E-02
   16.2328663       2.67999992E-02
   16.2495327       2.62499992E-02
   16.2661991       2.57099997E-02
   16.2828655       2.51800008E-02
   16.2995319       2.46500000E-02
   16.3161983       2.41299998E-02
   16.3328648       2.36200001E-02
   16.3495312       2.31100004E-02
   16.3661976       2.26099994E-02
   16.3828640       2.21200008E-02
   16.3995304       2.16300003E-02
   16.4161968       2.11500004E-02
   16.4328632       2.06799991E-02
   16.4495296       2.02099998E-02
   16.4661961       1.97500009E-02
   16.4828625       1.92900002E-02
   16.4995289       1.88500006E-02
   16.5161953       1.84099991E-02
   16.5328617       1.79699995E-02
   16.5495281       1.75400004E-02
   16.5661945       1.71200000E-02
   16.5828609       1.67100001E-02
   16.5995274       1.63000003E-02
   16.6161938       1.58900004E-02
   16.6328602       1.54999997E-02
   16.6495266       1.51100000E-02
   16.6661930       1.47200003E-02
   16.6828594       1.43499998E-02
   16.6995258       1.39800003E-02
   16.7161922       1.36099998E-02
   16.7328587       1.32499998E-02
   16.7495251       1.29000004E-02
   16.7661915       1.25500001E-02
   16.7828579       1.22100003E-02
   16.7995243       1.18800001E-02
   16.8161907       1.15499999E-02
   16.8328571       1.12300003E-02
   16.8495235       1.09099997E-02
   16.8661900       1.05999997E-02
   16.8828564       1.03000002E-02
   16.8995228       9.99699999E-03
   16.9161892       9.70400032E-03
   16.9328556       9.41599999E-03
   16.9495220       9.13400017E-03
   16.9661884       8.85699969E-03
   16.9828548       8.58500041E-03
   16.9995213       8.32000002E-03
   17.0161877       8.05899967E-03
   17.0328541       7.80399982E-03
   17.0495205       7.55399978E-03
   17.0661869       7.30900001E-03
   17.0828533       7.06999982E-03
   17.0995197       6.83500012E-03
   17.1161861       6.60600001E-03
   17.1328526       6.38099993E-03
   17.1495190       6.16199989E-03
   17.1661854       5.94699988E-03
   17.1828518       5.73700015E-03
   17.1995182       5.53200021E-03
   17.2161846       5.33099985E-03
   17.2328510       5.13500022E-03
   17.2495174       4.94399993E-03
   17.2661839       4.75700013E-03
   17.2828503       4.57399990E-03
   17.2995167       4.39599995E-03
   17.3161831       4.22200002E-03
   17.3328495       4.05200012E-03
   17.3495159       3.88700003E-03
   17.3661823       3.72499996E-03
   17.3828487       3.56799993E-03
   17.3995152       3.41499993E-03
   17.4161816       3.26499995E-03
   17.4328480       3.12000001E-03
   17.4495144       2.97800009E-03
   17.4661808       2.83999997E-03
   17.4828472       2.70600012E-03
   17.4995136       2.57500005E-03
   17.5161800       2.44800001E-03
   17.5328465       2.32500001E-03
   17.5495129       2.20500003E-03
   17.5661793       2.08800007E-03
   17.5828457       1.97499990E-03
   17.5995121       1.86600001E-03
   17.6161785       1.75900001E-03
   17.6328449       1.65600004E-03
   17.6495113       1.55699998E-03
   17.6661777       1.46099995E-03
   17.6828442       1.36800006E-03
   17.6995106       1.27799995E-03
   17.7161770       1.19099999E-03
   17.7328434       1.10800005E-03
   17.7495098       1.02800003E-03
   17.7661762       9.50900023E-04
   17.7828426       8.77299986E-04
   17.7995090       8.06999975E-04
   17.8161755       7.40099989E-04
   17.8328419       6.76599971E-04
   17.8495083       6.16899983E-04
   17.8661747       5.61300025E-04
   17.8828411       4.97800007E-04
   17.8995075       4.41899989E-04
   17.9161739       3.95000010E-04
   17.9328403       3.55800003E-04
   17.9495068       3.12599994E-04
   17.9661732       2.75500002E-04
   17.9828396       2.39200002E-04
   17.9995060       2.11799997E-04
   18.0161724       1.80699994E-04
   18.0328388       1.53999994E-04
   18.0495052       1.30800006E-04
   18.0661716       1.10499997E-04
   18.0828381       9.31000031E-05
   18.0995045       7.62799973E-05
   18.1161709       6.28700000E-05
   18.1328373       5.18599991E-05
   18.1495037       4.15299983E-05
   18.1661701       3.31199990E-05
   18.1828365       2.64699993E-05
   18.1995029       2.08599995E-05
   18.2161694       1.61200005E-05
   18.2328358       1.23399996E-05
   18.2495022       9.15500004E-06
   18.2661686       6.74900002E-06
   18.2828350       4.91599985E-06
   18.2995014       3.39999997E-06
   18.3161678       2.30499995E-06
   18.3328342       1.44499995E-06
   18.3495007       8.71300017E-07
   18.3661671       5.06700019E-07
   18.3828335       2.84799995E-07
   18.3994999       1.50600002E-07
   18.4161663       6.99699996E-08
   18.4328327       2.51000003E-08
   18.4494991       5.73799985E-09
   18.4661655       2.79600010E-10
   18.4828320       5.62799980E-12
   18.4994984       3.94799990E-14
   18.5161648       6.67500013E-17
   18.5328312       3.96200005E-21
   18.5494976       0.00000000    
   18.5661640       0.00000000    
   18.5828304       0.00000000    
   18.5994968       0.00000000    
   18.6161633       0.00000000    
   18.6328297       0.00000000    
   18.6494961       0.00000000    
   18.6661625       0.00000000    
   18.6828289       0.00000000    
   18.6994953       0.00000000    
   18.7161617       0.00000000    
   18.7328281       0.00000000    
   18.7494946       0.00000000    
   18.7661610       0.00000000    
   18.7828274       0.00000000    
   18.7994938       0.00000000    
   18.8161602       0.00000000    
   18.8328266       0.00000000    
   18.8494930       0.00000000    
   18.8661594       0.00000000    
   18.8828259       0.00000000    
   18.8994923       0.00000000    
   18.9161587       0.00000000    
   18.9328251       0.00000000    
   18.9494915       0.00000000    
   18.9661579       0.00000000    
   18.9828243       0.00000000    
   18.9994907       0.00000000    
   19.0161572       0.00000000    
   19.0328236       0.00000000    
   19.0494900       0.00000000    
   19.0661564       0.00000000    
   19.0828228       0.00000000    
   19.0994892       0.00000000    
   19.1161556       0.00000000    
   19.1328220       0.00000000    
   19.1494884       0.00000000    
   19.1661549       0.00000000    
   19.1828213       0.00000000    
   19.1994877       0.00000000    
   19.2161541       0.00000000    
   19.2328205       0.00000000    
   19.2494869       0.00000000    
   19.2661533       0.00000000    
   19.2828197       0.00000000    
   19.2994862       0.00000000    
   19.3161526       0.00000000    
   19.3328190       0.00000000    
   19.3494854       0.00000000    
   19.3661518       0.00000000    
   19.3828182       0.00000000    
   19.3994846       0.00000000    
   19.4161510       0.00000000    
   19.4328175       0.00000000    
   19.4494839       0.00000000    
   19.4661503       0.00000000    
   19.4828167       0.00000000    
   19.4994831       0.00000000    
   19.5161495       0.00000000    
   19.5328159       0.00000000    
   19.5494823       0.00000000    
   19.5661488       0.00000000    
   19.5828152       0.00000000    
   19.5994816       0.00000000    
   19.6161480       0.00000000    
   19.6328144       0.00000000    
   19.6494808       0.00000000    
   19.6661472       0.00000000    
   19.6828136       0.00000000    
   19.6994801       0.00000000    
   19.7161465       0.00000000    
   19.7328129       0.00000000    
   19.7494793       0.00000000    
   19.7661457       0.00000000    
   19.7828121       0.00000000    
   19.7994785       0.00000000    
   19.8161449       0.00000000    
   19.8328114       0.00000000    
   19.8494778       0.00000000    
   19.8661442       0.00000000    
   19.8828106       0.00000000    
   19.8994770       0.00000000    
   19.9161434       0.00000000    
   19.9328098       0.00000000    
   19.9494762       0.00000000    
   19.9661427       0.00000000    
   19.9828091       0.00000000    
   19.9994755       0.00000000    
   20.0161419       0.00000000    
   20.0328083       0.00000000    
   20.0494747       0.00000000    
   20.0661411       0.00000000    
   20.0828075       0.00000000    
   20.0994740       0.00000000    
   20.1161404       0.00000000    
   20.1328068       0.00000000    
   20.1494732       0.00000000    
   20.1661396       0.00000000    
   20.1828060       0.00000000    
   20.1994724       0.00000000    
   20.2161388       0.00000000    
   20.2328053       0.00000000    
   20.2494717       0.00000000    
   20.2661381       0.00000000    
   20.2828045       0.00000000    
   20.2994709       0.00000000    
   20.3161373       0.00000000    
   20.3328037       0.00000000    
   20.3494701       0.00000000    
   20.3661366       0.00000000    
   20.3828030       0.00000000    
   20.3994694       0.00000000    
   20.4161358       0.00000000    
   20.4328022       0.00000000    
   20.4494686       0.00000000    
   20.4661350       0.00000000    
   20.4828014       0.00000000    
   20.4994678       0.00000000    
   20.5161343       0.00000000    
   20.5328007       0.00000000    
   20.5494671       0.00000000    
   20.5661335       0.00000000    
   20.5827999       0.00000000    
   20.5994663       0.00000000    
   20.6161327       0.00000000    
   20.6327991       0.00000000    
   20.6494656       0.00000000    
   20.6661320       0.00000000    
   20.6827984       0.00000000    
   20.6994648       0.00000000    
   20.7161312       0.00000000    
   20.7327976       0.00000000    
   20.7494640       0.00000000    
   20.7661304       0.00000000    
   20.7827969       0.00000000    
   20.7994633       0.00000000    
   20.8161297       0.00000000    
   20.8327961       0.00000000    
   20.8494625       0.00000000    
   20.8661289       0.00000000    
   20.8827953       0.00000000    
   20.8994617       0.00000000    
   20.9161282       0.00000000    
   20.9327946       0.00000000    
   20.9494610       0.00000000    
   20.9661274       0.00000000    
   20.9827938       0.00000000    
   20.9994602       0.00000000    
   21.0161266       0.00000000    
   21.0327930       0.00000000    
   21.0494595       0.00000000    
   21.0661259       0.00000000    
   21.0827923       0.00000000    
   21.0994587       0.00000000    
   21.1161251       0.00000000    
   21.1327915       0.00000000    
   21.1494579       0.00000000    
   21.1661243       0.00000000    
   21.1827908       0.00000000    
   21.1994572       0.00000000    
   21.2161236       0.00000000    
   21.2327900       0.00000000    
   21.2494564       0.00000000    
   21.2661228       0.00000000    
   21.2827892       0.00000000    
   21.2994556       0.00000000    
   21.3161221       0.00000000    
   21.3327885       0.00000000    
   21.3494549       0.00000000    
   21.3661213       0.00000000    
   21.3827877       0.00000000    
   21.3994541       0.00000000    
   21.4161205       0.00000000    
   21.4327869       0.00000000    
   21.4494534       0.00000000    
   21.4661198       0.00000000    
   21.4827862       0.00000000    
   21.4994526       0.00000000    
   21.5161190       0.00000000    
   21.5327854       0.00000000    
   21.5494518       0.00000000    
   21.5661182       0.00000000    
   21.5827847       0.00000000    
   21.5994511       0.00000000    
   21.6161175       0.00000000    
   21.6327839       0.00000000    
   21.6494503       0.00000000    
   21.6661167       0.00000000    
   21.6827831       0.00000000    
   21.6994495       0.00000000    
   21.7161160       0.00000000    
   21.7327824       0.00000000    
   21.7494488       0.00000000    
   21.7661152       0.00000000    
   21.7827816       0.00000000    
   21.7994480       0.00000000    
   21.8161144       0.00000000    
   21.8327808       0.00000000    
   21.8494473       0.00000000    
   21.8661137       0.00000000    
   21.8827801       0.00000000    
   21.8994465       0.00000000    
   21.9161129       0.00000000    
   21.9327793       0.00000000    
   21.9494457       0.00000000    
   21.9661121       0.00000000    
   21.9827785       0.00000000    
   21.9994450       0.00000000    
   22.0161114       0.00000000    
   22.0327778       0.00000000    
   22.0494442       0.00000000    
   22.0661106       0.00000000    
   22.0827770       0.00000000    
   22.0994434       0.00000000    
   22.1161098       0.00000000    
   22.1327763       0.00000000    
   22.1494427       0.00000000    
   22.1661091       0.00000000    
   22.1827755       0.00000000    
   22.1994419       0.00000000    
   22.2161083       0.00000000    
   22.2327747       0.00000000    
   22.2494411       0.00000000    
   22.2661076       0.00000000    
   22.2827740       0.00000000    
   22.2994404       0.00000000    
   22.3161068       0.00000000    
   22.3327732       0.00000000    
   22.3494396       0.00000000    
   22.3661060       0.00000000    
   22.3827724       0.00000000    
   22.3994389       0.00000000    
   22.4161053       0.00000000    
   22.4327717       0.00000000    
   22.4494381       0.00000000    
   22.4661045       0.00000000    
   22.4827709       0.00000000    
   22.4994373       0.00000000    
   22.5161037       0.00000000    
   22.5327702       0.00000000    
   22.5494366       0.00000000    
   22.5661030       0.00000000    
   22.5827694       0.00000000    
   22.5994358       0.00000000    
   22.6161022       0.00000000    
   22.6327686       0.00000000    
   22.6494350       0.00000000    
   22.6661015       0.00000000    
   22.6827679       0.00000000    
   22.6994343       0.00000000    
   22.7161007       0.00000000    
   22.7327671       0.00000000    
   22.7494335       0.00000000    
   22.7660999       0.00000000    
   22.7827663       0.00000000    
   22.7994328       0.00000000    
   22.8160992       0.00000000    
   22.8327656       0.00000000    
   22.8494320       0.00000000    
   22.8660984       0.00000000    
   22.8827648       0.00000000    
   22.8994312       0.00000000    
   22.9160976       0.00000000    
   22.9327641       0.00000000    
   22.9494305       0.00000000    
   22.9660969       0.00000000    
   22.9827633       0.00000000    
   22.9994297       0.00000000    
   23.0160961       0.00000000    
   23.0327625       0.00000000    
   23.0494289       0.00000000    
   23.0660954       0.00000000    
   23.0827618       0.00000000    
   23.0994282       0.00000000    
   23.1160946       0.00000000    
   23.1327610       0.00000000    
   23.1494274       0.00000000    
   23.1660938       0.00000000    
   23.1827602       0.00000000    
   23.1994267       0.00000000    
   23.2160931       0.00000000    
   23.2327595       0.00000000    
   23.2494259       0.00000000    
   23.2660923       0.00000000    
   23.2827587       0.00000000    
   23.2994251       0.00000000    
   23.3160915       0.00000000    
   23.3327579       0.00000000    
   23.3494244       0.00000000    
   23.3660908       0.00000000    
   23.3827572       0.00000000    
   23.3994236       0.00000000    
   23.4160900       0.00000000    
   23.4327564       0.00000000    
   23.4494228       0.00000000    
   23.4660892       0.00000000    
   23.4827557       0.00000000    
   23.4994221       0.00000000    
   23.5160885       0.00000000    
   23.5327549       0.00000000    
   23.5494213       0.00000000    
   23.5660877       0.00000000    
   23.5827541       0.00000000    
   23.5994205       0.00000000    
   23.6160870       0.00000000    
   23.6327534       0.00000000    
   23.6494198       0.00000000    
   23.6660862       0.00000000    
   23.6827526       0.00000000    
   23.6994190       0.00000000    
   23.7160854       0.00000000    
   23.7327518       0.00000000    
   23.7494183       0.00000000    
   23.7660847       0.00000000    
   23.7827511       0.00000000    
   23.7994175       0.00000000    
   23.8160839       0.00000000    
   23.8327503       0.00000000    
   23.8494167       0.00000000    
   23.8660831       0.00000000    
   23.8827496       0.00000000    
   23.8994160       0.00000000    
   23.9160824       0.00000000    
   23.9327488       0.00000000    
   23.9494152       0.00000000    
   23.9660816       0.00000000    
   23.9827480       0.00000000    
