   0.00000000       0.00000000    
   1.66660007E-02   0.00000000    
   3.33320014E-02   0.00000000    
   4.99980003E-02   0.00000000    
   6.66640028E-02   0.00000000    
   8.33300054E-02   0.00000000    
   9.99960080E-02   0.00000000    
  0.116662011       0.00000000    
  0.133328006       0.00000000    
  0.149994001       0.00000000    
  0.166659996       0.00000000    
  0.183325991       0.00000000    
  0.199991986       0.00000000    
  0.216657981       0.00000000    
  0.233323976       0.00000000    
  0.249989972       0.00000000    
  0.266655982       0.00000000    
  0.283321977       0.00000000    
  0.299987972       0.00000000    
  0.316653967       0.00000000    
  0.333319962       0.00000000    
  0.349985957       0.00000000    
  0.366651952       0.00000000    
  0.383317947       0.00000000    
  0.399983943       0.00000000    
  0.416649938       0.00000000    
  0.433315933       0.00000000    
  0.449981928       0.00000000    
  0.466647923       0.00000000    
  0.483313918       0.00000000    
  0.499979913       0.00000000    
  0.516645908       0.00000000    
  0.533311903       0.00000000    
  0.549977899       0.00000000    
  0.566643894       0.00000000    
  0.583309889       0.00000000    
  0.599975884       0.00000000    
  0.616641879       0.00000000    
  0.633307874       0.00000000    
  0.649973869       0.00000000    
  0.666639864       0.00000000    
  0.683305860       0.00000000    
  0.699971855       0.00000000    
  0.716637850       0.00000000    
  0.733303845       0.00000000    
  0.749969840       0.00000000    
  0.766635835       0.00000000    
  0.783301830       0.00000000    
  0.799967825       0.00000000    
  0.816633821       0.00000000    
  0.833299816       0.00000000    
  0.849965811       0.00000000    
  0.866631806       0.00000000    
  0.883297801       0.00000000    
  0.899963796       0.00000000    
  0.916629791       0.00000000    
  0.933295786       0.00000000    
  0.949961782       0.00000000    
  0.966627777       0.00000000    
  0.983293772       0.00000000    
  0.999959767       0.00000000    
   1.01662576       0.00000000    
   1.03329182       0.00000000    
   1.04995787       0.00000000    
   1.06662393       0.00000000    
   1.08328998       0.00000000    
   1.09995604       0.00000000    
   1.11662209       0.00000000    
   1.13328815       0.00000000    
   1.14995420       0.00000000    
   1.16662025       0.00000000    
   1.18328631       0.00000000    
   1.19995236       0.00000000    
   1.21661842       0.00000000    
   1.23328447       0.00000000    
   1.24995053       0.00000000    
   1.26661658       0.00000000    
   1.28328264       0.00000000    
   1.29994869       0.00000000    
   1.31661475       0.00000000    
   1.33328080       0.00000000    
   1.34994686       0.00000000    
   1.36661291       0.00000000    
   1.38327897       0.00000000    
   1.39994502       0.00000000    
   1.41661108       0.00000000    
   1.43327713       0.00000000    
   1.44994318       0.00000000    
   1.46660924       0.00000000    
   1.48327529       0.00000000    
   1.49994135       0.00000000    
   1.51660740       0.00000000    
   1.53327346       0.00000000    
   1.54993951       0.00000000    
   1.56660557       0.00000000    
   1.58327162       0.00000000    
   1.59993768       0.00000000    
   1.61660373       0.00000000    
   1.63326979       0.00000000    
   1.64993584       0.00000000    
   1.66660190       0.00000000    
   1.68326795       0.00000000    
   1.69993401       0.00000000    
   1.71660006       0.00000000    
   1.73326612       0.00000000    
   1.74993217       0.00000000    
   1.76659822       0.00000000    
   1.78326428       0.00000000    
   1.79993033       0.00000000    
   1.81659639       0.00000000    
   1.83326244       0.00000000    
   1.84992850       0.00000000    
   1.86659455       0.00000000    
   1.88326061       0.00000000    
   1.89992666       0.00000000    
   1.91659272       0.00000000    
   1.93325877       0.00000000    
   1.94992483       0.00000000    
   1.96659088       0.00000000    
   1.98325694       0.00000000    
   1.99992299       0.00000000    
   2.01658893       0.00000000    
   2.03325486       0.00000000    
   2.04992080       0.00000000    
   2.06658673       0.00000000    
   2.08325267       0.00000000    
   2.09991860       0.00000000    
   2.11658454       0.00000000    
   2.13325047       0.00000000    
   2.14991641       0.00000000    
   2.16658235       0.00000000    
   2.18324828       0.00000000    
   2.19991422       0.00000000    
   2.21658015       0.00000000    
   2.23324609       0.00000000    
   2.24991202       0.00000000    
   2.26657796       0.00000000    
   2.28324389       0.00000000    
   2.29990983       0.00000000    
   2.31657577       0.00000000    
   2.33324170       0.00000000    
   2.34990764       0.00000000    
   2.36657357       0.00000000    
   2.38323951       0.00000000    
   2.39990544       0.00000000    
   2.41657138       0.00000000    
   2.43323731       0.00000000    
   2.44990325       0.00000000    
   2.46656919       0.00000000    
   2.48323512       0.00000000    
   2.49990106       0.00000000    
   2.51656699       0.00000000    
   2.53323293       0.00000000    
   2.54989886       0.00000000    
   2.56656480       0.00000000    
   2.58323073       0.00000000    
   2.59989667       0.00000000    
   2.61656260       0.00000000    
   2.63322854       0.00000000    
   2.64989448       0.00000000    
   2.66656041       0.00000000    
   2.68322635       0.00000000    
   2.69989228       0.00000000    
   2.71655822       0.00000000    
   2.73322415       0.00000000    
   2.74989009       0.00000000    
   2.76655602       0.00000000    
   2.78322196       0.00000000    
   2.79988790       0.00000000    
   2.81655383       0.00000000    
   2.83321977       0.00000000    
   2.84988570       0.00000000    
   2.86655164       0.00000000    
   2.88321757       0.00000000    
   2.89988351       0.00000000    
   2.91654944       0.00000000    
   2.93321538       0.00000000    
   2.94988132       0.00000000    
   2.96654725       0.00000000    
   2.98321319       0.00000000    
   2.99987912       0.00000000    
   3.01654506       0.00000000    
   3.03321099       0.00000000    
   3.04987693       0.00000000    
   3.06654286       0.00000000    
   3.08320880       0.00000000    
   3.09987473       0.00000000    
   3.11654067       0.00000000    
   3.13320661       0.00000000    
   3.14987254       0.00000000    
   3.16653848       0.00000000    
   3.18320441       0.00000000    
   3.19987035       0.00000000    
   3.21653628       0.00000000    
   3.23320222       0.00000000    
   3.24986815       0.00000000    
   3.26653409       0.00000000    
   3.28320003       0.00000000    
   3.29986596       0.00000000    
   3.31653190       0.00000000    
   3.33319783       0.00000000    
   3.34986377       0.00000000    
   3.36652970       0.00000000    
   3.38319564       0.00000000    
   3.39986157       0.00000000    
   3.41652751       0.00000000    
   3.43319345       0.00000000    
   3.44985938       0.00000000    
   3.46652532       0.00000000    
   3.48319125       0.00000000    
   3.49985719       0.00000000    
   3.51652312       0.00000000    
   3.53318906       0.00000000    
   3.54985499       0.00000000    
   3.56652093       0.00000000    
   3.58318686       0.00000000    
   3.59985280       0.00000000    
   3.61651874       0.00000000    
   3.63318467       0.00000000    
   3.64985061       0.00000000    
   3.66651654       0.00000000    
   3.68318248       0.00000000    
   3.69984841       0.00000000    
   3.71651435       0.00000000    
   3.73318028       0.00000000    
   3.74984622       0.00000000    
   3.76651216       0.00000000    
   3.78317809       0.00000000    
   3.79984403       0.00000000    
   3.81650996       0.00000000    
   3.83317590       0.00000000    
   3.84984183       0.00000000    
   3.86650777       0.00000000    
   3.88317370       0.00000000    
   3.89983964       0.00000000    
   3.91650558       0.00000000    
   3.93317151       0.00000000    
   3.94983745       0.00000000    
   3.96650338       0.00000000    
   3.98316932       0.00000000    
   3.99983525       0.00000000    
   4.01650143       0.00000000    
   4.03316736       0.00000000    
   4.04983330       0.00000000    
   4.06649923       0.00000000    
   4.08316517       0.00000000    
   4.09983110       0.00000000    
   4.11649704       0.00000000    
   4.13316298       0.00000000    
   4.14982891       0.00000000    
   4.16649485       0.00000000    
   4.18316078       0.00000000    
   4.19982672       0.00000000    
   4.21649265       0.00000000    
   4.23315859       0.00000000    
   4.24982452       0.00000000    
   4.26649046       0.00000000    
   4.28315639       0.00000000    
   4.29982233       0.00000000    
   4.31648827       0.00000000    
   4.33315420       0.00000000    
   4.34982014       0.00000000    
   4.36648607       0.00000000    
   4.38315201       0.00000000    
   4.39981794       0.00000000    
   4.41648388       0.00000000    
   4.43314981       0.00000000    
   4.44981575       0.00000000    
   4.46648169       0.00000000    
   4.48314762       0.00000000    
   4.49981356       0.00000000    
   4.51647949       0.00000000    
   4.53314543       0.00000000    
   4.54981136       0.00000000    
   4.56647730       0.00000000    
   4.58314323       0.00000000    
   4.59980917       0.00000000    
   4.61647511       0.00000000    
   4.63314104       0.00000000    
   4.64980698       0.00000000    
   4.66647291       0.00000000    
   4.68313885       0.00000000    
   4.69980478       0.00000000    
   4.71647072       0.00000000    
   4.73313665       0.00000000    
   4.74980259       0.00000000    
   4.76646852       0.00000000    
   4.78313446       0.00000000    
   4.79980040       0.00000000    
   4.81646633       0.00000000    
   4.83313227       0.00000000    
   4.84979820       0.00000000    
   4.86646414       0.00000000    
   4.88313007       0.00000000    
   4.89979601       0.00000000    
   4.91646194       0.00000000    
   4.93312788       0.00000000    
   4.94979382       0.00000000    
   4.96645975       0.00000000    
   4.98312569       0.00000000    
   4.99979162       0.00000000    
   5.01645756       0.00000000    
   5.03312349       0.00000000    
   5.04978943       0.00000000    
   5.06645536       0.00000000    
   5.08312130       0.00000000    
   5.09978724       0.00000000    
   5.11645317       0.00000000    
   5.13311911       0.00000000    
   5.14978504       0.00000000    
   5.16645098       0.00000000    
   5.18311691       0.00000000    
   5.19978285       0.00000000    
   5.21644878       0.00000000    
   5.23311472       0.00000000    
   5.24978065       0.00000000    
   5.26644659       0.00000000    
   5.28311253       0.00000000    
   5.29977846       0.00000000    
   5.31644440       0.00000000    
   5.33311033       0.00000000    
   5.34977627       0.00000000    
   5.36644220       0.00000000    
   5.38310814       0.00000000    
   5.39977407       0.00000000    
   5.41644001       0.00000000    
   5.43310595       0.00000000    
   5.44977188       0.00000000    
   5.46643782       0.00000000    
   5.48310375       0.00000000    
   5.49976969       0.00000000    
   5.51643562       0.00000000    
   5.53310156       0.00000000    
   5.54976749       0.00000000    
   5.56643343       0.00000000    
   5.58309937       0.00000000    
   5.59976530       0.00000000    
   5.61643124       0.00000000    
   5.63309717       0.00000000    
   5.64976311       0.00000000    
   5.66642904       0.00000000    
   5.68309498       0.00000000    
   5.69976091       0.00000000    
   5.71642685       0.00000000    
   5.73309278       0.00000000    
   5.74975872       0.00000000    
   5.76642466       0.00000000    
   5.78309059       0.00000000    
   5.79975653       0.00000000    
   5.81642246       0.00000000    
   5.83308840       0.00000000    
   5.84975433       0.00000000    
   5.86642027       0.00000000    
   5.88308620       0.00000000    
   5.89975214       0.00000000    
   5.91641808       0.00000000    
   5.93308401       0.00000000    
   5.94974995       0.00000000    
   5.96641588       0.00000000    
   5.98308182       0.00000000    
   5.99974775       0.00000000    
   6.01641369       0.00000000    
   6.03307962       0.00000000    
   6.04974556       0.00000000    
   6.06641150       0.00000000    
   6.08307743       0.00000000    
   6.09974337       0.00000000    
   6.11640930       0.00000000    
   6.13307524       0.00000000    
   6.14974117       0.00000000    
   6.16640711       0.00000000    
   6.18307304       0.00000000    
   6.19973898       0.00000000    
   6.21640491       0.00000000    
   6.23307085       0.00000000    
   6.24973679       0.00000000    
   6.26640272       8.08000027E-27
   6.28306866       1.08400003E-18
   6.29973459       7.39499997E-15
   6.31640053       1.13599997E-11
   6.33306646       4.42999992E-09
   6.34973240       1.09200005E-06
   6.36639833       1.19099996E-05
   6.38306427       4.84299999E-05
   6.39973021       1.20099998E-04
   6.41639614       2.20300004E-04
   6.43306208       3.60500009E-04
   6.44972801       5.58100000E-04
   6.46639395       8.16499989E-04
   6.48305988       1.17800001E-03
   6.49972582       1.68200000E-03
   6.51639175       2.29400001E-03
   6.53305769       3.16499989E-03
   6.54972363       4.18699998E-03
   6.56638956       5.50499978E-03
   6.58305550       7.19700009E-03
   6.59972143       9.35100019E-03
   6.61638737       1.20900003E-02
   6.63305330       1.55999996E-02
   6.64971924       2.01299991E-02
   6.66638517       2.50300001E-02
   6.68305111       3.20600010E-02
   6.69971704       3.95199992E-02
   6.71638298       4.89800014E-02
   6.73304892       6.17999993E-02
   6.74971485       7.51499981E-02
   6.76638079       9.10999998E-02
   6.78304672      0.110100001    
   6.79971266      0.128299996    
   6.81637859      0.150800005    
   6.83304453      0.179199994    
   6.84971046      0.203999996    
   6.86637640      0.239299998    
   6.88304234      0.267300010    
   6.89970827      0.300900012    
   6.91637421      0.341800004    
   6.93304014      0.391900003    
   6.94970608      0.434399992    
   6.96637201      0.478199989    
   6.98303795      0.524699986    
   6.99970388      0.573400021    
   7.01636982      0.624300003    
   7.03303576      0.677200019    
   7.04970169      0.731999993    
   7.06636763      0.788500011    
   7.08303356      0.846599996    
   7.09969950      0.906400025    
   7.11636543      0.967800021    
   7.13303137       1.03100002    
   7.14969730       1.09500003    
   7.16636324       1.16100001    
   7.18302917       1.22700000    
   7.19969511       1.29600000    
   7.21636105       1.36500001    
   7.23302698       1.43599999    
   7.24969292       1.50800002    
   7.26635885       1.58099997    
   7.28302479       1.65499997    
   7.29969072       1.73099995    
   7.31635666       1.80700004    
   7.33302259       1.88499999    
   7.34968853       1.96399999    
   7.36635447       2.04299998    
   7.38302040       2.12400007    
   7.39968634       2.20600009    
   7.41635227       2.28900003    
   7.43301821       2.37299991    
   7.44968414       2.45799994    
   7.46635008       2.54299998    
   7.48301601       2.63000011    
   7.49968195       2.71799994    
   7.51634789       2.80699992    
   7.53301382       2.89700007    
   7.54967976       2.98799992    
   7.56634569       3.07900000    
   7.58301163       3.17199993    
   7.59967756       3.26600003    
   7.61634350       3.36100006    
   7.63300943       3.45700002    
   7.64967537       3.55299997    
   7.66634130       3.65100002    
   7.68300724       3.75000000    
   7.69967318       3.84899998    
   7.71633911       3.95000005    
   7.73300505       4.05200005    
   7.74967098       4.15399981    
   7.76633692       4.25799990    
   7.78300285       4.36299992    
   7.79966879       4.46799994    
   7.81633472       4.57499981    
   7.83300066       4.68200016    
   7.84966660       4.79099989    
   7.86633253       4.90100002    
   7.88299847       5.01100016    
   7.89966440       5.12300014    
   7.91633034       5.23500013    
   7.93299627       5.34899998    
   7.94966221       5.46299982    
   7.96632814       5.57900000    
   7.98299408       5.69500017    
   7.99966002       5.81300020    
   8.01632595       5.93100023    
   8.03299236       6.05000019    
   8.04965878       6.17000008    
   8.06632519       6.29199982    
   8.08299160       6.41400003    
   8.09965801       6.53700018    
   8.11632442       6.66099977    
   8.13299084       6.78499985    
   8.14965725       6.91099977    
   8.16632366       7.03800011    
   8.18299007       7.16499996    
   8.19965649       7.29400015    
   8.21632290       7.42299986    
   8.23298931       7.55299997    
   8.24965572       7.68400002    
   8.26632214       7.81599998    
   8.28298855       7.94799995    
   8.29965496       8.08100033    
   8.31632137       8.21599960    
   8.33298779       8.35099983    
   8.34965420       8.48600006    
   8.36632061       8.62300014    
   8.38298702       8.76000023    
   8.39965343       8.89799976    
   8.41631985       9.03600025    
   8.43298626       9.17599964    
   8.44965267       9.31599998    
   8.46631908       9.45699978    
   8.48298550       9.59799957    
   8.49965191       9.73999977    
   8.51631832       9.88300037    
   8.53298473       10.0299997    
   8.54965115       10.1700001    
   8.56631756       10.3100004    
   8.58298397       10.4600000    
   8.59965038       10.6000004    
   8.61631680       10.7500000    
   8.63298321       10.8999996    
   8.64964962       11.0500002    
   8.66631603       11.1899996    
   8.68298244       11.3400002    
   8.69964886       11.4899998    
   8.71631527       11.6400003    
   8.73298168       11.7900000    
   8.74964809       11.9399996    
   8.76631451       12.0900002    
   8.78298092       12.2399998    
   8.79964733       12.3900003    
   8.81631374       12.5400000    
   8.83298016       12.6899996    
   8.84964657       12.8500004    
   8.86631298       13.0000000    
   8.88297939       13.1499996    
   8.89964581       13.3100004    
   8.91631222       13.4600000    
   8.93297863       13.6099997    
   8.94964504       13.7700005    
   8.96631145       13.9200001    
   8.98297787       14.0799999    
   8.99964428       14.2299995    
   9.01631069       14.3900003    
   9.03297710       14.5400000    
   9.04964352       14.6999998    
   9.06630993       14.8500004    
   9.08297634       15.0100002    
   9.09964275       15.1599998    
   9.11630917       15.3199997    
   9.13297558       15.4700003    
   9.14964199       15.6300001    
   9.16630840       15.7900000    
   9.18297482       15.9399996    
   9.19964123       16.1000004    
   9.21630764       16.2500000    
   9.23297405       16.4099998    
   9.24964046       16.5699997    
   9.26630688       16.7199993    
   9.28297329       16.8799992    
   9.29963970       17.0300007    
   9.31630611       17.1900005    
   9.33297253       17.3500004    
   9.34963894       17.5000000    
   9.36630535       17.6599998    
   9.38297176       17.8099995    
   9.39963818       17.9699993    
   9.41630459       18.1200008    
   9.43297100       18.2800007    
   9.44963741       18.4300003    
   9.46630383       18.5900002    
   9.48297024       18.7399998    
   9.49963665       18.8999996    
   9.51630306       19.0499992    
   9.53296947       19.2099991    
   9.54963589       19.3600006    
   9.56630230       19.5100002    
   9.58296871       19.6700001    
   9.59963512       19.8199997    
   9.61630154       19.9699993    
   9.63296795       20.1200008    
   9.64963436       20.2800007    
   9.66630077       20.4300003    
   9.68296719       20.5799999    
   9.69963360       20.7299995    
   9.71630001       20.8799992    
   9.73296642       21.0300007    
   9.74963284       21.1800003    
   9.76629925       21.3299999    
   9.78296566       21.4799995    
   9.79963207       21.6299992    
   9.81629848       21.7800007    
   9.83296490       21.9200001    
   9.84963131       22.0699997    
   9.86629772       22.2199993    
   9.88296413       22.3700008    
   9.89963055       22.5100002    
   9.91629696       22.6599998    
   9.93296337       22.7999992    
   9.94962978       22.9500008    
   9.96629620       23.0900002    
   9.98296261       23.2299995    
   9.99962902       23.3799992    
   10.0162954       23.5200005    
   10.0329618       23.6599998    
   10.0496283       23.7999992    
   10.0662947       23.9400005    
   10.0829611       24.0799999    
   10.0996275       24.2199993    
   10.1162939       24.3600006    
   10.1329603       24.5000000    
   10.1496267       24.6399994    
   10.1662931       24.7700005    
   10.1829596       24.9099998    
   10.1996260       25.0499992    
   10.2162924       25.1800003    
   10.2329588       25.3199997    
   10.2496252       25.4500008    
   10.2662916       25.5799999    
   10.2829580       25.7199993    
   10.2996244       25.8500004    
   10.3162909       25.9799995    
   10.3329573       26.1100006    
   10.3496237       26.2399998    
   10.3662901       26.3700008    
   10.3829565       26.4899998    
   10.3996229       26.6200008    
   10.4162893       26.7500000    
   10.4329557       26.8700008    
   10.4496222       27.0000000    
   10.4662886       27.1200008    
   10.4829550       27.2500000    
   10.4996214       27.3700008    
   10.5162878       27.4899998    
   10.5329542       27.6100006    
   10.5496206       27.7299995    
   10.5662870       27.8500004    
   10.5829535       27.9699993    
   10.5996199       28.0900002    
   10.6162863       28.2099991    
   10.6329527       28.3199997    
   10.6496191       28.4400005    
   10.6662855       28.5499992    
   10.6829519       28.6599998    
   10.6996183       28.7800007    
   10.7162848       28.8899994    
   10.7329512       29.0000000    
   10.7496176       29.1100006    
   10.7662840       29.2199993    
   10.7829504       29.3299999    
   10.7996168       29.4300003    
   10.8162832       29.5400009    
   10.8329496       29.6399994    
   10.8496161       29.7500000    
   10.8662825       29.8500004    
   10.8829489       29.9500008    
   10.8996153       30.0599995    
   10.9162817       30.1599998    
   10.9329481       30.2600002    
   10.9496145       30.3500004    
   10.9662809       30.4500008    
   10.9829473       30.5499992    
   10.9996138       30.6499996    
   11.0162802       30.7399998    
   11.0329466       30.8299999    
   11.0496130       30.9300003    
   11.0662794       31.0200005    
   11.0829458       31.1100006    
   11.0996122       31.2000008    
   11.1162786       31.2900009    
   11.1329451       31.3700008    
   11.1496115       31.4599991    
   11.1662779       31.5499992    
   11.1829443       31.6299992    
   11.1996107       31.7199993    
   11.2162771       31.7999992    
   11.2329435       31.8799992    
   11.2496099       31.9599991    
   11.2662764       32.0400009    
   11.2829428       32.1199989    
   11.2996092       32.1899986    
   11.3162756       32.2700005    
   11.3329420       32.3400002    
   11.3496084       32.4199982    
   11.3662748       32.4900017    
   11.3829412       32.5600014    
   11.3996077       32.6300011    
   11.4162741       32.7000008    
   11.4329405       32.7700005    
   11.4496069       32.8400002    
   11.4662733       32.9099998    
   11.4829397       32.9700012    
   11.4996061       33.0299988    
   11.5162725       33.0999985    
   11.5329390       33.1599998    
   11.5496054       33.2200012    
   11.5662718       33.2799988    
   11.5829382       33.3400002    
   11.5996046       33.4000015    
   11.6162710       33.4500008    
   11.6329374       33.5099983    
   11.6496038       33.5600014    
   11.6662703       33.6100006    
   11.6829367       33.6699982    
   11.6996031       33.7200012    
   11.7162695       33.7700005    
   11.7329359       33.8100014    
   11.7496023       33.8600006    
   11.7662687       33.9099998    
   11.7829351       33.9500008    
   11.7996016       33.9900017    
   11.8162680       34.0400009    
   11.8329344       34.0800018    
   11.8496008       34.1199989    
   11.8662672       34.1599998    
   11.8829336       34.1899986    
   11.8996000       34.2299995    
   11.9162664       34.2700005    
   11.9329329       34.2999992    
   11.9495993       34.3300018    
   11.9662657       34.3699989    
   11.9829321       34.4000015    
   11.9995985       34.4300003    
   12.0162649       34.4500008    
   12.0329313       34.4799995    
   12.0495977       34.5099983    
   12.0662642       34.5299988    
   12.0829306       34.5600014    
   12.0995970       34.5800018    
   12.1162634       34.5999985    
   12.1329298       34.6199989    
   12.1495962       34.6399994    
   12.1662626       34.6599998    
   12.1829290       34.6699982    
   12.1995955       34.6899986    
   12.2162619       34.7000008    
   12.2329283       34.7099991    
   12.2495947       34.7299995    
   12.2662611       34.7400017    
   12.2829275       34.7400017    
   12.2995939       34.7500000    
   12.3162603       34.7599983    
   12.3329268       34.7700005    
   12.3495932       34.7700005    
   12.3662596       34.7700005    
   12.3829260       34.7700005    
   12.3995924       34.7799988    
   12.4162588       34.7799988    
   12.4329252       34.7700005    
   12.4495916       34.7700005    
   12.4662580       34.7700005    
   12.4829245       34.7599983    
   12.4995909       34.7599983    
   12.5162573       34.7500000    
   12.5329237       34.7400017    
   12.5495901       34.7299995    
   12.5662565       34.7200012    
   12.5829229       34.7000008    
   12.5995893       34.6899986    
   12.6162558       34.6800003    
   12.6329222       34.6599998    
   12.6495886       34.6399994    
   12.6662550       34.6300011    
   12.6829214       34.6100006    
   12.6995878       34.5800018    
   12.7162542       34.5600014    
   12.7329206       34.5400009    
   12.7495871       34.5200005    
   12.7662535       34.4900017    
   12.7829199       34.4599991    
   12.7995863       34.4300003    
   12.8162527       34.4099998    
   12.8329191       34.3800011    
   12.8495855       34.3400002    
   12.8662519       34.3100014    
   12.8829184       34.2799988    
   12.8995848       34.2400017    
   12.9162512       34.2099991    
   12.9329176       34.1699982    
   12.9495840       34.1300011    
   12.9662504       34.0900002    
   12.9829168       34.0499992    
   12.9995832       34.0099983    
   13.0162497       33.9599991    
   13.0329161       33.9199982    
   13.0495825       33.8699989    
   13.0662489       33.8300018    
   13.0829153       33.7799988    
   13.0995817       33.7299995    
   13.1162481       33.6800003    
   13.1329145       33.6300011    
   13.1495810       33.5800018    
   13.1662474       33.5200005    
   13.1829138       33.4700012    
   13.1995802       33.4099998    
   13.2162466       33.3600006    
   13.2329130       33.2999992    
   13.2495794       33.2400017    
   13.2662458       33.1800003    
   13.2829123       33.1199989    
   13.2995787       33.0499992    
   13.3162451       32.9900017    
   13.3329115       32.9300003    
   13.3495779       32.8600006    
   13.3662443       32.7900009    
   13.3829107       32.7299995    
   13.3995771       32.6599998    
   13.4162436       32.5900002    
   13.4329100       32.5099983    
   13.4495764       32.4399986    
   13.4662428       32.3699989    
   13.4829092       32.2900009    
   13.4995756       32.2200012    
   13.5162420       32.1399994    
   13.5329084       32.0600014    
   13.5495749       31.9799995    
   13.5662413       31.8999996    
   13.5829077       31.8199997    
   13.5995741       31.7399998    
   13.6162405       31.6599998    
   13.6329069       31.5699997    
   13.6495733       31.4899998    
   13.6662397       31.3999996    
   13.6829062       31.3099995    
   13.6995726       31.2299995    
   13.7162390       31.1399994    
   13.7329054       31.0499992    
   13.7495718       30.9500008    
   13.7662382       30.8600006    
   13.7829046       30.7700005    
   13.7995710       30.6700001    
   13.8162374       30.5799999    
   13.8329039       30.4799995    
   13.8495703       30.3899994    
   13.8662367       30.2900009    
   13.8829031       30.1900005    
   13.8995695       30.0900002    
   13.9162359       29.9899998    
   13.9329023       29.8799992    
   13.9495687       29.7800007    
   13.9662352       29.6800003    
   13.9829016       29.5699997    
   13.9995680       29.4699993    
   14.0162344       29.3600006    
   14.0329008       29.2500000    
   14.0495672       29.1399994    
   14.0662336       29.0300007    
   14.0829000       28.9200001    
   14.0995665       28.8099995    
   14.1162329       28.7000008    
   14.1328993       28.5900002    
   14.1495657       28.4699993    
   14.1662321       28.3600006    
   14.1828985       28.2399998    
   14.1995649       28.1299992    
   14.2162313       28.0100002    
   14.2328978       27.8899994    
   14.2495642       27.7700005    
   14.2662306       27.6499996    
   14.2828970       27.5300007    
   14.2995634       27.4099998    
   14.3162298       27.2900009    
   14.3328962       27.1599998    
   14.3495626       27.0400009    
   14.3662291       26.9099998    
   14.3828955       26.7900009    
   14.3995619       26.6599998    
   14.4162283       26.5300007    
   14.4328947       26.4099998    
   14.4495611       26.2800007    
   14.4662275       26.1499996    
   14.4828939       26.0200005    
   14.4995604       25.8899994    
   14.5162268       25.7600002    
   14.5328932       25.6200008    
   14.5495596       25.4899998    
   14.5662260       25.3600006    
   14.5828924       25.2199993    
   14.5995588       25.0900002    
   14.6162252       24.9500008    
   14.6328917       24.8199997    
   14.6495581       24.6800003    
   14.6662245       24.5400009    
   14.6828909       24.3999996    
   14.6995573       24.2700005    
   14.7162237       24.1299992    
   14.7328901       23.9899998    
   14.7495565       23.8500004    
   14.7662230       23.7099991    
   14.7828894       23.5599995    
   14.7995558       23.4200001    
   14.8162222       23.2800007    
   14.8328886       23.1399994    
   14.8495550       22.9899998    
   14.8662214       22.8500004    
   14.8828878       22.7000008    
   14.8995543       22.5599995    
   14.9162207       22.4099998    
   14.9328871       22.2700005    
   14.9495535       22.1200008    
   14.9662199       21.9699993    
   14.9828863       21.8199997    
   14.9995527       21.6800003    
   15.0162191       21.5300007    
   15.0328856       21.3799992    
   15.0495520       21.2299995    
   15.0662184       21.0799999    
   15.0828848       20.9300003    
   15.0995512       20.7800007    
   15.1162176       20.6299992    
   15.1328840       20.4799995    
   15.1495504       20.3199997    
   15.1662169       20.1700001    
   15.1828833       20.0200005    
   15.1995497       19.8700008    
   15.2162161       19.7099991    
   15.2328825       19.5599995    
   15.2495489       19.4099998    
   15.2662153       19.2500000    
   15.2828817       19.1000004    
   15.2995481       18.9500008    
   15.3162146       18.7900009    
   15.3328810       18.6399994    
   15.3495474       18.4799995    
   15.3662138       18.3299999    
   15.3828802       18.1700001    
   15.3995466       18.0200005    
   15.4162130       17.8600006    
   15.4328794       17.7099991    
   15.4495459       17.5499992    
   15.4662123       17.3999996    
   15.4828787       17.2399998    
   15.4995451       17.0799999    
   15.5162115       16.9300003    
   15.5328779       16.7700005    
   15.5495443       16.6200008    
   15.5662107       16.4599991    
   15.5828772       16.2999992    
   15.5995436       16.1499996    
   15.6162100       15.9899998    
   15.6328764       15.8400002    
   15.6495428       15.6800003    
   15.6662092       15.5200005    
   15.6828756       15.3699999    
   15.6995420       15.2100000    
   15.7162085       15.0600004    
   15.7328749       14.8999996    
   15.7495413       14.7500000    
   15.7662077       14.5900002    
   15.7828741       14.4300003    
   15.7995405       14.2799997    
   15.8162069       14.1300001    
   15.8328733       13.9700003    
   15.8495398       13.8199997    
   15.8662062       13.6599998    
   15.8828726       13.5100002    
   15.8995390       13.3500004    
   15.9162054       13.1999998    
   15.9328718       13.0500002    
   15.9495382       12.8999996    
   15.9662046       12.7399998    
   15.9828711       12.5900002    
   15.9995375       12.4399996    
   16.0162029       12.2900000    
   16.0328693       12.1400003    
   16.0495358       11.9899998    
   16.0662022       11.8400002    
   16.0828686       11.6899996    
   16.0995350       11.5400000    
   16.1162014       11.3900003    
   16.1328678       11.2399998    
   16.1495342       11.0900002    
   16.1662006       10.9499998    
   16.1828671       10.8000002    
   16.1995335       10.6499996    
   16.2161999       10.5100002    
   16.2328663       10.3599997    
   16.2495327       10.2200003    
   16.2661991       10.0699997    
   16.2828655       9.92899990    
   16.2995319       9.78600025    
   16.3161983       9.64400005    
   16.3328648       9.50199986    
   16.3495312       9.36100006    
   16.3661976       9.22099972    
   16.3828640       9.08100033    
   16.3995304       8.94200039    
   16.4161968       8.80399990    
   16.4328632       8.66699982    
   16.4495296       8.52999973    
   16.4661961       8.39400005    
   16.4828625       8.25899982    
   16.4995289       8.12500000    
   16.5161953       7.99100018    
   16.5328617       7.85799980    
   16.5495281       7.72599983    
   16.5661945       7.59499979    
   16.5828609       7.46500015    
   16.5995274       7.33500004    
   16.6161938       7.20699978    
   16.6328602       7.07900000    
   16.6495266       6.95200014    
   16.6661930       6.82600021    
   16.6828594       6.70100021    
   16.6995258       6.57700014    
   16.7161922       6.45400000    
   16.7328587       6.33099985    
   16.7495251       6.21000004    
   16.7661915       6.08900023    
   16.7828579       5.96999979    
   16.7995243       5.85099983    
   16.8161907       5.73299980    
   16.8328571       5.61700010    
   16.8495235       5.50099993    
   16.8661900       5.38600016    
   16.8828564       5.27199984    
   16.8995228       5.15899992    
   16.9161892       5.04699993    
   16.9328556       4.93699980    
   16.9495220       4.82700014    
   16.9661884       4.71799994    
   16.9828548       4.61000013    
   16.9995213       4.50299978    
   17.0161877       4.39699984    
   17.0328541       4.29199982    
   17.0495205       4.18800020    
   17.0661869       4.08500004    
   17.0828533       3.98300004    
   17.0995197       3.88199997    
   17.1161861       3.78200006    
   17.1328526       3.68300009    
   17.1495190       3.58500004    
   17.1661854       3.48799992    
   17.1828518       3.39199996    
   17.1995182       3.29699993    
   17.2161846       3.20300007    
   17.2328510       3.10999990    
   17.2495174       3.01799989    
   17.2661839       2.92700005    
   17.2828503       2.83599997    
   17.2995167       2.74699998    
   17.3161831       2.65899992    
   17.3328495       2.57200003    
   17.3495159       2.48600006    
   17.3661823       2.40100002    
   17.3828487       2.31599998    
   17.3995152       2.23300004    
   17.4161816       2.15100002    
   17.4328480       2.06999993    
   17.4495144       1.99000001    
   17.4661808       1.91100001    
   17.4828472       1.83299994    
   17.4995136       1.75600004    
   17.5161800       1.67999995    
   17.5328465       1.60599995    
   17.5495129       1.53199995    
   17.5661793       1.46000004    
   17.5828457       1.38900006    
   17.5995121       1.31900001    
   17.6161785       1.25000000    
   17.6328449       1.18299997    
   17.6495113       1.11600006    
   17.6661777       1.05200005    
   17.6828442      0.988499999    
   17.6995106      0.926599979    
   17.7161770      0.866299987    
   17.7328434      0.807600021    
   17.7495098      0.750500023    
   17.7661762      0.695200026    
   17.7828426      0.641700029    
   17.7995090      0.590099990    
   17.8161755      0.540600002    
   17.8328419      0.493400007    
   17.8495083      0.448599994    
   17.8661747      0.406699985    
   17.8828411      0.357300013    
   17.8995075      0.313600004    
   17.9161739      0.277700007    
   17.9328403      0.247999996    
   17.9495068      0.215700001    
   17.9661732      0.186499998    
   17.9828396      0.159199998    
   17.9995060      0.138200000    
   18.0161724      0.115000002    
   18.0328388       9.55599993E-02
   18.0495052       7.90100023E-02
   18.0661716       6.49700016E-02
   18.0828381       5.32299988E-02
   18.0995045       4.28199992E-02
   18.1161709       3.40199992E-02
   18.1328373       2.74999999E-02
   18.1495037       2.14200001E-02
   18.1661701       1.68600008E-02
   18.1828365       1.33199999E-02
   18.1995029       1.02800000E-02
   18.2161694       7.91999977E-03
   18.2328358       6.07800018E-03
   18.2495022       4.64500021E-03
   18.2661686       3.44299991E-03
   18.2828350       2.55599990E-03
   18.2995014       1.88700005E-03
   18.3161678       1.32899999E-03
   18.3328342       9.25400003E-04
   18.3495007       6.40599988E-04
   18.3661671       4.19799995E-04
   18.3828335       2.62299989E-04
   18.3994999       1.50099993E-04
   18.4161663       6.94799965E-05
   18.4328327       2.04200005E-05
   18.4494991       2.98900000E-06
   18.4661655       4.21099990E-08
   18.4828320       8.60599994E-11
   18.4994984       9.79000003E-14
   18.5161648       2.86899985E-17
   18.5328312       2.70599990E-22
   18.5494976       0.00000000    
   18.5661640       0.00000000    
   18.5828304       0.00000000    
   18.5994968       0.00000000    
   18.6161633       0.00000000    
   18.6328297       0.00000000    
   18.6494961       0.00000000    
   18.6661625       0.00000000    
   18.6828289       0.00000000    
   18.6994953       0.00000000    
   18.7161617       0.00000000    
   18.7328281       0.00000000    
   18.7494946       0.00000000    
   18.7661610       0.00000000    
   18.7828274       0.00000000    
   18.7994938       0.00000000    
   18.8161602       0.00000000    
   18.8328266       0.00000000    
   18.8494930       0.00000000    
   18.8661594       0.00000000    
   18.8828259       0.00000000    
   18.8994923       0.00000000    
   18.9161587       0.00000000    
   18.9328251       0.00000000    
   18.9494915       0.00000000    
   18.9661579       0.00000000    
   18.9828243       0.00000000    
   18.9994907       0.00000000    
   19.0161572       0.00000000    
   19.0328236       0.00000000    
   19.0494900       0.00000000    
   19.0661564       0.00000000    
   19.0828228       0.00000000    
   19.0994892       0.00000000    
   19.1161556       0.00000000    
   19.1328220       0.00000000    
   19.1494884       0.00000000    
   19.1661549       0.00000000    
   19.1828213       0.00000000    
   19.1994877       0.00000000    
   19.2161541       0.00000000    
   19.2328205       0.00000000    
   19.2494869       0.00000000    
   19.2661533       0.00000000    
   19.2828197       0.00000000    
   19.2994862       0.00000000    
   19.3161526       0.00000000    
   19.3328190       0.00000000    
   19.3494854       0.00000000    
   19.3661518       0.00000000    
   19.3828182       0.00000000    
   19.3994846       0.00000000    
   19.4161510       0.00000000    
   19.4328175       0.00000000    
   19.4494839       0.00000000    
   19.4661503       0.00000000    
   19.4828167       0.00000000    
   19.4994831       0.00000000    
   19.5161495       0.00000000    
   19.5328159       0.00000000    
   19.5494823       0.00000000    
   19.5661488       0.00000000    
   19.5828152       0.00000000    
   19.5994816       0.00000000    
   19.6161480       0.00000000    
   19.6328144       0.00000000    
   19.6494808       0.00000000    
   19.6661472       0.00000000    
   19.6828136       0.00000000    
   19.6994801       0.00000000    
   19.7161465       0.00000000    
   19.7328129       0.00000000    
   19.7494793       0.00000000    
   19.7661457       0.00000000    
   19.7828121       0.00000000    
   19.7994785       0.00000000    
   19.8161449       0.00000000    
   19.8328114       0.00000000    
   19.8494778       0.00000000    
   19.8661442       0.00000000    
   19.8828106       0.00000000    
   19.8994770       0.00000000    
   19.9161434       0.00000000    
   19.9328098       0.00000000    
   19.9494762       0.00000000    
   19.9661427       0.00000000    
   19.9828091       0.00000000    
   19.9994755       0.00000000    
   20.0161419       0.00000000    
   20.0328083       0.00000000    
   20.0494747       0.00000000    
   20.0661411       0.00000000    
   20.0828075       0.00000000    
   20.0994740       0.00000000    
   20.1161404       0.00000000    
   20.1328068       0.00000000    
   20.1494732       0.00000000    
   20.1661396       0.00000000    
   20.1828060       0.00000000    
   20.1994724       0.00000000    
   20.2161388       0.00000000    
   20.2328053       0.00000000    
   20.2494717       0.00000000    
   20.2661381       0.00000000    
   20.2828045       0.00000000    
   20.2994709       0.00000000    
   20.3161373       0.00000000    
   20.3328037       0.00000000    
   20.3494701       0.00000000    
   20.3661366       0.00000000    
   20.3828030       0.00000000    
   20.3994694       0.00000000    
   20.4161358       0.00000000    
   20.4328022       0.00000000    
   20.4494686       0.00000000    
   20.4661350       0.00000000    
   20.4828014       0.00000000    
   20.4994678       0.00000000    
   20.5161343       0.00000000    
   20.5328007       0.00000000    
   20.5494671       0.00000000    
   20.5661335       0.00000000    
   20.5827999       0.00000000    
   20.5994663       0.00000000    
   20.6161327       0.00000000    
   20.6327991       0.00000000    
   20.6494656       0.00000000    
   20.6661320       0.00000000    
   20.6827984       0.00000000    
   20.6994648       0.00000000    
   20.7161312       0.00000000    
   20.7327976       0.00000000    
   20.7494640       0.00000000    
   20.7661304       0.00000000    
   20.7827969       0.00000000    
   20.7994633       0.00000000    
   20.8161297       0.00000000    
   20.8327961       0.00000000    
   20.8494625       0.00000000    
   20.8661289       0.00000000    
   20.8827953       0.00000000    
   20.8994617       0.00000000    
   20.9161282       0.00000000    
   20.9327946       0.00000000    
   20.9494610       0.00000000    
   20.9661274       0.00000000    
   20.9827938       0.00000000    
   20.9994602       0.00000000    
   21.0161266       0.00000000    
   21.0327930       0.00000000    
   21.0494595       0.00000000    
   21.0661259       0.00000000    
   21.0827923       0.00000000    
   21.0994587       0.00000000    
   21.1161251       0.00000000    
   21.1327915       0.00000000    
   21.1494579       0.00000000    
   21.1661243       0.00000000    
   21.1827908       0.00000000    
   21.1994572       0.00000000    
   21.2161236       0.00000000    
   21.2327900       0.00000000    
   21.2494564       0.00000000    
   21.2661228       0.00000000    
   21.2827892       0.00000000    
   21.2994556       0.00000000    
   21.3161221       0.00000000    
   21.3327885       0.00000000    
   21.3494549       0.00000000    
   21.3661213       0.00000000    
   21.3827877       0.00000000    
   21.3994541       0.00000000    
   21.4161205       0.00000000    
   21.4327869       0.00000000    
   21.4494534       0.00000000    
   21.4661198       0.00000000    
   21.4827862       0.00000000    
   21.4994526       0.00000000    
   21.5161190       0.00000000    
   21.5327854       0.00000000    
   21.5494518       0.00000000    
   21.5661182       0.00000000    
   21.5827847       0.00000000    
   21.5994511       0.00000000    
   21.6161175       0.00000000    
   21.6327839       0.00000000    
   21.6494503       0.00000000    
   21.6661167       0.00000000    
   21.6827831       0.00000000    
   21.6994495       0.00000000    
   21.7161160       0.00000000    
   21.7327824       0.00000000    
   21.7494488       0.00000000    
   21.7661152       0.00000000    
   21.7827816       0.00000000    
   21.7994480       0.00000000    
   21.8161144       0.00000000    
   21.8327808       0.00000000    
   21.8494473       0.00000000    
   21.8661137       0.00000000    
   21.8827801       0.00000000    
   21.8994465       0.00000000    
   21.9161129       0.00000000    
   21.9327793       0.00000000    
   21.9494457       0.00000000    
   21.9661121       0.00000000    
   21.9827785       0.00000000    
   21.9994450       0.00000000    
   22.0161114       0.00000000    
   22.0327778       0.00000000    
   22.0494442       0.00000000    
   22.0661106       0.00000000    
   22.0827770       0.00000000    
   22.0994434       0.00000000    
   22.1161098       0.00000000    
   22.1327763       0.00000000    
   22.1494427       0.00000000    
   22.1661091       0.00000000    
   22.1827755       0.00000000    
   22.1994419       0.00000000    
   22.2161083       0.00000000    
   22.2327747       0.00000000    
   22.2494411       0.00000000    
   22.2661076       0.00000000    
   22.2827740       0.00000000    
   22.2994404       0.00000000    
   22.3161068       0.00000000    
   22.3327732       0.00000000    
   22.3494396       0.00000000    
   22.3661060       0.00000000    
   22.3827724       0.00000000    
   22.3994389       0.00000000    
   22.4161053       0.00000000    
   22.4327717       0.00000000    
   22.4494381       0.00000000    
   22.4661045       0.00000000    
   22.4827709       0.00000000    
   22.4994373       0.00000000    
   22.5161037       0.00000000    
   22.5327702       0.00000000    
   22.5494366       0.00000000    
   22.5661030       0.00000000    
   22.5827694       0.00000000    
   22.5994358       0.00000000    
   22.6161022       0.00000000    
   22.6327686       0.00000000    
   22.6494350       0.00000000    
   22.6661015       0.00000000    
   22.6827679       0.00000000    
   22.6994343       0.00000000    
   22.7161007       0.00000000    
   22.7327671       0.00000000    
   22.7494335       0.00000000    
   22.7660999       0.00000000    
   22.7827663       0.00000000    
   22.7994328       0.00000000    
   22.8160992       0.00000000    
   22.8327656       0.00000000    
   22.8494320       0.00000000    
   22.8660984       0.00000000    
   22.8827648       0.00000000    
   22.8994312       0.00000000    
   22.9160976       0.00000000    
   22.9327641       0.00000000    
   22.9494305       0.00000000    
   22.9660969       0.00000000    
   22.9827633       0.00000000    
   22.9994297       0.00000000    
   23.0160961       0.00000000    
   23.0327625       0.00000000    
   23.0494289       0.00000000    
   23.0660954       0.00000000    
   23.0827618       0.00000000    
   23.0994282       0.00000000    
   23.1160946       0.00000000    
   23.1327610       0.00000000    
   23.1494274       0.00000000    
   23.1660938       0.00000000    
   23.1827602       0.00000000    
   23.1994267       0.00000000    
   23.2160931       0.00000000    
   23.2327595       0.00000000    
   23.2494259       0.00000000    
   23.2660923       0.00000000    
   23.2827587       0.00000000    
   23.2994251       0.00000000    
   23.3160915       0.00000000    
   23.3327579       0.00000000    
   23.3494244       0.00000000    
   23.3660908       0.00000000    
   23.3827572       0.00000000    
   23.3994236       0.00000000    
   23.4160900       0.00000000    
   23.4327564       0.00000000    
   23.4494228       0.00000000    
   23.4660892       0.00000000    
   23.4827557       0.00000000    
   23.4994221       0.00000000    
   23.5160885       0.00000000    
   23.5327549       0.00000000    
   23.5494213       0.00000000    
   23.5660877       0.00000000    
   23.5827541       0.00000000    
   23.5994205       0.00000000    
   23.6160870       0.00000000    
   23.6327534       0.00000000    
   23.6494198       0.00000000    
   23.6660862       0.00000000    
   23.6827526       0.00000000    
   23.6994190       0.00000000    
   23.7160854       0.00000000    
   23.7327518       0.00000000    
   23.7494183       0.00000000    
   23.7660847       0.00000000    
   23.7827511       0.00000000    
   23.7994175       0.00000000    
   23.8160839       0.00000000    
   23.8327503       0.00000000    
   23.8494167       0.00000000    
   23.8660831       0.00000000    
   23.8827496       0.00000000    
   23.8994160       0.00000000    
   23.9160824       0.00000000    
   23.9327488       0.00000000    
   23.9494152       0.00000000    
   23.9660816       0.00000000    
   23.9827480       0.00000000    
