   0.00000000       0.00000000    
   1.66660007E-02   0.00000000    
   3.33320014E-02   0.00000000    
   4.99980003E-02   0.00000000    
   6.66640028E-02   0.00000000    
   8.33300054E-02   0.00000000    
   9.99960080E-02   0.00000000    
  0.116662011       0.00000000    
  0.133328006       0.00000000    
  0.149994001       0.00000000    
  0.166659996       0.00000000    
  0.183325991       0.00000000    
  0.199991986       0.00000000    
  0.216657981       0.00000000    
  0.233323976       0.00000000    
  0.249989972       0.00000000    
  0.266655982       0.00000000    
  0.283321977       0.00000000    
  0.299987972       0.00000000    
  0.316653967       0.00000000    
  0.333319962       0.00000000    
  0.349985957       0.00000000    
  0.366651952       0.00000000    
  0.383317947       0.00000000    
  0.399983943       0.00000000    
  0.416649938       0.00000000    
  0.433315933       0.00000000    
  0.449981928       0.00000000    
  0.466647923       0.00000000    
  0.483313918       0.00000000    
  0.499979913       0.00000000    
  0.516645908       0.00000000    
  0.533311903       0.00000000    
  0.549977899       0.00000000    
  0.566643894       0.00000000    
  0.583309889       0.00000000    
  0.599975884       0.00000000    
  0.616641879       0.00000000    
  0.633307874       0.00000000    
  0.649973869       0.00000000    
  0.666639864       0.00000000    
  0.683305860       0.00000000    
  0.699971855       0.00000000    
  0.716637850       0.00000000    
  0.733303845       0.00000000    
  0.749969840       0.00000000    
  0.766635835       0.00000000    
  0.783301830       0.00000000    
  0.799967825       0.00000000    
  0.816633821       0.00000000    
  0.833299816       0.00000000    
  0.849965811       0.00000000    
  0.866631806       0.00000000    
  0.883297801       0.00000000    
  0.899963796       0.00000000    
  0.916629791       0.00000000    
  0.933295786       0.00000000    
  0.949961782       0.00000000    
  0.966627777       0.00000000    
  0.983293772       0.00000000    
  0.999959767       0.00000000    
   1.01662576       0.00000000    
   1.03329182       0.00000000    
   1.04995787       0.00000000    
   1.06662393       0.00000000    
   1.08328998       0.00000000    
   1.09995604       0.00000000    
   1.11662209       0.00000000    
   1.13328815       0.00000000    
   1.14995420       0.00000000    
   1.16662025       0.00000000    
   1.18328631       0.00000000    
   1.19995236       0.00000000    
   1.21661842       0.00000000    
   1.23328447       0.00000000    
   1.24995053       0.00000000    
   1.26661658       0.00000000    
   1.28328264       0.00000000    
   1.29994869       0.00000000    
   1.31661475       0.00000000    
   1.33328080       0.00000000    
   1.34994686       0.00000000    
   1.36661291       0.00000000    
   1.38327897       0.00000000    
   1.39994502       0.00000000    
   1.41661108       0.00000000    
   1.43327713       0.00000000    
   1.44994318       0.00000000    
   1.46660924       0.00000000    
   1.48327529       0.00000000    
   1.49994135       0.00000000    
   1.51660740       0.00000000    
   1.53327346       0.00000000    
   1.54993951       0.00000000    
   1.56660557       0.00000000    
   1.58327162       0.00000000    
   1.59993768       0.00000000    
   1.61660373       0.00000000    
   1.63326979       0.00000000    
   1.64993584       0.00000000    
   1.66660190       0.00000000    
   1.68326795       0.00000000    
   1.69993401       0.00000000    
   1.71660006       0.00000000    
   1.73326612       0.00000000    
   1.74993217       0.00000000    
   1.76659822       0.00000000    
   1.78326428       0.00000000    
   1.79993033       0.00000000    
   1.81659639       0.00000000    
   1.83326244       0.00000000    
   1.84992850       0.00000000    
   1.86659455       0.00000000    
   1.88326061       0.00000000    
   1.89992666       0.00000000    
   1.91659272       0.00000000    
   1.93325877       0.00000000    
   1.94992483       0.00000000    
   1.96659088       0.00000000    
   1.98325694       0.00000000    
   1.99992299       0.00000000    
   2.01658893       0.00000000    
   2.03325486       0.00000000    
   2.04992080       0.00000000    
   2.06658673       0.00000000    
   2.08325267       0.00000000    
   2.09991860       0.00000000    
   2.11658454       0.00000000    
   2.13325047       0.00000000    
   2.14991641       0.00000000    
   2.16658235       0.00000000    
   2.18324828       0.00000000    
   2.19991422       0.00000000    
   2.21658015       0.00000000    
   2.23324609       0.00000000    
   2.24991202       0.00000000    
   2.26657796       0.00000000    
   2.28324389       0.00000000    
   2.29990983       0.00000000    
   2.31657577       0.00000000    
   2.33324170       0.00000000    
   2.34990764       0.00000000    
   2.36657357       0.00000000    
   2.38323951       0.00000000    
   2.39990544       0.00000000    
   2.41657138       0.00000000    
   2.43323731       0.00000000    
   2.44990325       0.00000000    
   2.46656919       0.00000000    
   2.48323512       0.00000000    
   2.49990106       0.00000000    
   2.51656699       0.00000000    
   2.53323293       0.00000000    
   2.54989886       0.00000000    
   2.56656480       0.00000000    
   2.58323073       0.00000000    
   2.59989667       0.00000000    
   2.61656260       0.00000000    
   2.63322854       0.00000000    
   2.64989448       0.00000000    
   2.66656041       0.00000000    
   2.68322635       0.00000000    
   2.69989228       0.00000000    
   2.71655822       0.00000000    
   2.73322415       0.00000000    
   2.74989009       0.00000000    
   2.76655602       0.00000000    
   2.78322196       0.00000000    
   2.79988790       0.00000000    
   2.81655383       0.00000000    
   2.83321977       0.00000000    
   2.84988570       0.00000000    
   2.86655164       0.00000000    
   2.88321757       0.00000000    
   2.89988351       0.00000000    
   2.91654944       0.00000000    
   2.93321538       0.00000000    
   2.94988132       0.00000000    
   2.96654725       0.00000000    
   2.98321319       0.00000000    
   2.99987912       0.00000000    
   3.01654506       0.00000000    
   3.03321099       0.00000000    
   3.04987693       0.00000000    
   3.06654286       0.00000000    
   3.08320880       0.00000000    
   3.09987473       0.00000000    
   3.11654067       0.00000000    
   3.13320661       0.00000000    
   3.14987254       0.00000000    
   3.16653848       0.00000000    
   3.18320441       0.00000000    
   3.19987035       0.00000000    
   3.21653628       0.00000000    
   3.23320222       0.00000000    
   3.24986815       0.00000000    
   3.26653409       0.00000000    
   3.28320003       0.00000000    
   3.29986596       0.00000000    
   3.31653190       0.00000000    
   3.33319783       0.00000000    
   3.34986377       0.00000000    
   3.36652970       0.00000000    
   3.38319564       0.00000000    
   3.39986157       0.00000000    
   3.41652751       0.00000000    
   3.43319345       0.00000000    
   3.44985938       0.00000000    
   3.46652532       0.00000000    
   3.48319125       0.00000000    
   3.49985719       0.00000000    
   3.51652312       0.00000000    
   3.53318906       0.00000000    
   3.54985499       0.00000000    
   3.56652093       0.00000000    
   3.58318686       0.00000000    
   3.59985280       0.00000000    
   3.61651874       0.00000000    
   3.63318467       0.00000000    
   3.64985061       0.00000000    
   3.66651654       0.00000000    
   3.68318248       0.00000000    
   3.69984841       0.00000000    
   3.71651435       0.00000000    
   3.73318028       0.00000000    
   3.74984622       0.00000000    
   3.76651216       0.00000000    
   3.78317809       0.00000000    
   3.79984403       0.00000000    
   3.81650996       0.00000000    
   3.83317590       0.00000000    
   3.84984183       0.00000000    
   3.86650777       0.00000000    
   3.88317370       0.00000000    
   3.89983964       0.00000000    
   3.91650558       0.00000000    
   3.93317151       0.00000000    
   3.94983745       0.00000000    
   3.96650338       0.00000000    
   3.98316932       0.00000000    
   3.99983525       0.00000000    
   4.01650143       0.00000000    
   4.03316736       0.00000000    
   4.04983330       0.00000000    
   4.06649923       0.00000000    
   4.08316517       0.00000000    
   4.09983110       0.00000000    
   4.11649704       0.00000000    
   4.13316298       0.00000000    
   4.14982891       0.00000000    
   4.16649485       0.00000000    
   4.18316078       0.00000000    
   4.19982672       0.00000000    
   4.21649265       0.00000000    
   4.23315859       0.00000000    
   4.24982452       0.00000000    
   4.26649046       0.00000000    
   4.28315639       0.00000000    
   4.29982233       0.00000000    
   4.31648827       0.00000000    
   4.33315420       0.00000000    
   4.34982014       0.00000000    
   4.36648607       0.00000000    
   4.38315201       0.00000000    
   4.39981794       0.00000000    
   4.41648388       0.00000000    
   4.43314981       0.00000000    
   4.44981575       0.00000000    
   4.46648169       0.00000000    
   4.48314762       0.00000000    
   4.49981356       0.00000000    
   4.51647949       0.00000000    
   4.53314543       0.00000000    
   4.54981136       0.00000000    
   4.56647730       0.00000000    
   4.58314323       0.00000000    
   4.59980917       0.00000000    
   4.61647511       0.00000000    
   4.63314104       0.00000000    
   4.64980698       0.00000000    
   4.66647291       0.00000000    
   4.68313885       0.00000000    
   4.69980478       0.00000000    
   4.71647072       0.00000000    
   4.73313665       0.00000000    
   4.74980259       0.00000000    
   4.76646852       0.00000000    
   4.78313446       0.00000000    
   4.79980040       0.00000000    
   4.81646633       0.00000000    
   4.83313227       0.00000000    
   4.84979820       0.00000000    
   4.86646414       0.00000000    
   4.88313007       0.00000000    
   4.89979601       0.00000000    
   4.91646194       0.00000000    
   4.93312788       0.00000000    
   4.94979382       0.00000000    
   4.96645975       0.00000000    
   4.98312569       0.00000000    
   4.99979162       0.00000000    
   5.01645756       0.00000000    
   5.03312349       0.00000000    
   5.04978943       0.00000000    
   5.06645536       0.00000000    
   5.08312130       0.00000000    
   5.09978724       0.00000000    
   5.11645317       0.00000000    
   5.13311911       0.00000000    
   5.14978504       0.00000000    
   5.16645098       0.00000000    
   5.18311691       0.00000000    
   5.19978285       0.00000000    
   5.21644878       0.00000000    
   5.23311472       0.00000000    
   5.24978065       0.00000000    
   5.26644659       0.00000000    
   5.28311253       0.00000000    
   5.29977846       0.00000000    
   5.31644440       0.00000000    
   5.33311033       0.00000000    
   5.34977627       0.00000000    
   5.36644220       0.00000000    
   5.38310814       0.00000000    
   5.39977407       0.00000000    
   5.41644001       0.00000000    
   5.43310595       0.00000000    
   5.44977188       0.00000000    
   5.46643782       0.00000000    
   5.48310375       0.00000000    
   5.49976969       0.00000000    
   5.51643562       0.00000000    
   5.53310156       0.00000000    
   5.54976749       0.00000000    
   5.56643343       0.00000000    
   5.58309937       0.00000000    
   5.59976530       0.00000000    
   5.61643124       0.00000000    
   5.63309717       0.00000000    
   5.64976311       0.00000000    
   5.66642904       0.00000000    
   5.68309498       0.00000000    
   5.69976091       0.00000000    
   5.71642685       0.00000000    
   5.73309278       0.00000000    
   5.74975872       0.00000000    
   5.76642466       0.00000000    
   5.78309059       0.00000000    
   5.79975653       0.00000000    
   5.81642246       0.00000000    
   5.83308840       0.00000000    
   5.84975433       0.00000000    
   5.86642027       0.00000000    
   5.88308620       0.00000000    
   5.89975214       0.00000000    
   5.91641808       0.00000000    
   5.93308401       0.00000000    
   5.94974995       0.00000000    
   5.96641588       0.00000000    
   5.98308182       0.00000000    
   5.99974775       0.00000000    
   6.01641369       0.00000000    
   6.03307962       0.00000000    
   6.04974556       0.00000000    
   6.06641150       4.06800006E-19
   6.08307743       1.44099998E-15
   6.09974337       5.28499987E-13
   6.11640930       3.92899983E-11
   6.13307524       1.34099998E-09
   6.14974117       1.29400002E-08
   6.16640711       4.39200001E-08
   6.18307304       1.08499997E-07
   6.19973898       2.20600000E-07
   6.21640491       4.03200005E-07
   6.23307085       7.14199984E-07
   6.24973679       1.22599999E-06
   6.26640272       2.00299996E-06
   6.28306866       3.05000003E-06
   6.29973459       4.51400001E-06
   6.31640053       6.34900016E-06
   6.33306646       8.82400036E-06
   6.34973240       1.18099997E-05
   6.36639833       1.56299993E-05
   6.38306427       2.04200005E-05
   6.39973021       2.63500006E-05
   6.41639614       3.36400008E-05
   6.43306208       4.26600018E-05
   6.44972801       5.29300014E-05
   6.46639395       6.53399984E-05
   6.48305988       7.97999965E-05
   6.49972582       9.76399970E-05
   6.51639175       1.16399999E-04
   6.53305769       1.38400006E-04
   6.54972363       1.63499994E-04
   6.56638956       1.92199994E-04
   6.58305550       2.25299998E-04
   6.59972143       2.60000001E-04
   6.61638737       2.95600010E-04
   6.63305330       3.45100008E-04
   6.64971924       3.82800004E-04
   6.66638517       4.27899999E-04
   6.68305111       4.82100004E-04
   6.69971704       5.46999974E-04
   6.71638298       6.09499984E-04
   6.73304892       6.71399990E-04
   6.74971485       7.37600029E-04
   6.76638079       8.07699980E-04
   6.78304672       8.81600019E-04
   6.79971266       9.59100027E-04
   6.81637859       1.04000000E-03
   6.83304453       1.12499995E-03
   6.84971046       1.21400005E-03
   6.86637640       1.30600005E-03
   6.88304234       1.40099996E-03
   6.89970827       1.50000001E-03
   6.91637421       1.60299998E-03
   6.93304014       1.70999998E-03
   6.94970608       1.82000000E-03
   6.96637201       1.93400006E-03
   6.98303795       2.05200003E-03
   6.99970388       2.17300002E-03
   7.01636982       2.29900004E-03
   7.03303576       2.42900010E-03
   7.04970169       2.56199995E-03
   7.06636763       2.70000007E-03
   7.08303356       2.84099998E-03
   7.09969950       2.98699993E-03
   7.11636543       3.13699991E-03
   7.13303137       3.29199992E-03
   7.14969730       3.45099997E-03
   7.16636324       3.61400004E-03
   7.18302917       3.78099992E-03
   7.19969511       3.95399984E-03
   7.21636105       4.13100002E-03
   7.23302698       4.31300001E-03
   7.24969292       4.49999981E-03
   7.26635885       4.69100010E-03
   7.28302479       4.88799997E-03
   7.29969072       5.09000011E-03
   7.31635666       5.29700005E-03
   7.33302259       5.50899981E-03
   7.34968853       5.72700007E-03
   7.36635447       5.94899990E-03
   7.38302040       6.17800001E-03
   7.39968634       6.41199993E-03
   7.41635227       6.65199989E-03
   7.43301821       6.89700013E-03
   7.44968414       7.14799995E-03
   7.46635008       7.40499981E-03
   7.48301601       7.66800018E-03
   7.49968195       7.93700013E-03
   7.51634789       8.21200013E-03
   7.53301382       8.49299971E-03
   7.54967976       8.77999980E-03
   7.56634569       9.07399971E-03
   7.58301163       9.37400013E-03
   7.59967756       9.68000013E-03
   7.61634350       9.99400020E-03
   7.63300943       1.03099998E-02
   7.64967537       1.06400000E-02
   7.66634130       1.09700002E-02
   7.68300724       1.13100000E-02
   7.69967318       1.16600003E-02
   7.71633911       1.20099997E-02
   7.73300505       1.23699997E-02
   7.74967098       1.27400002E-02
   7.76633692       1.31099997E-02
   7.78300285       1.35000004E-02
   7.79966879       1.38900001E-02
   7.81633472       1.42799998E-02
   7.83300066       1.46800000E-02
   7.84966660       1.51000004E-02
   7.86633253       1.55100003E-02
   7.88299847       1.59399994E-02
   7.89966440       1.63700003E-02
   7.91633034       1.68099999E-02
   7.93299627       1.72600001E-02
   7.94966221       1.77200008E-02
   7.96632814       1.81799997E-02
   7.98299408       1.86500009E-02
   7.99966002       1.91300008E-02
   8.01632595       1.96199995E-02
   8.03299236       2.01099999E-02
   8.04965878       2.06099991E-02
   8.06632519       2.11200006E-02
   8.08299160       2.16400009E-02
   8.09965801       2.21699998E-02
   8.11632442       2.27000006E-02
   8.13299084       2.32400000E-02
   8.14965725       2.37900000E-02
   8.16632366       2.43500005E-02
   8.18299007       2.49199998E-02
   8.19965649       2.54900008E-02
   8.21632290       2.60700006E-02
   8.23298931       2.66600009E-02
   8.24965572       2.72599999E-02
   8.26632214       2.78699994E-02
   8.28298855       2.84800008E-02
   8.29965496       2.91000009E-02
   8.31632137       2.97299996E-02
   8.33298779       3.03700007E-02
   8.34965420       3.10100000E-02
   8.36632061       3.16700004E-02
   8.38298702       3.23299989E-02
   8.39965343       3.29999998E-02
   8.41631985       3.36799994E-02
   8.43298626       3.43599990E-02
   8.44965267       3.50599997E-02
   8.46631908       3.57600003E-02
   8.48298550       3.64699997E-02
   8.49965191       3.71900015E-02
   8.51631832       3.79099995E-02
   8.53298473       3.86399999E-02
   8.54965115       3.93900014E-02
   8.56631756       4.01399992E-02
   8.58298397       4.08900008E-02
   8.59965038       4.16500010E-02
   8.61631680       4.24299985E-02
   8.63298321       4.32099998E-02
   8.64964962       4.39900011E-02
   8.66631603       4.47899997E-02
   8.68298244       4.55899984E-02
   8.69964886       4.63999994E-02
   8.71631527       4.72199991E-02
   8.73298168       4.80399989E-02
   8.74964809       4.88700010E-02
   8.76631451       4.97100018E-02
   8.78298092       5.05600013E-02
   8.79964733       5.14100008E-02
   8.81631374       5.22699989E-02
   8.83298016       5.31399995E-02
   8.84964657       5.40199988E-02
   8.86631298       5.48899993E-02
   8.88297939       5.57800010E-02
   8.89964581       5.66800013E-02
   8.91631222       5.75800017E-02
   8.93297863       5.84900007E-02
   8.94964504       5.94099984E-02
   8.96631145       6.03200011E-02
   8.98297787       6.12500012E-02
   8.99964428       6.21900000E-02
   9.01631069       6.31299987E-02
   9.03297710       6.40799999E-02
   9.04964352       6.50300011E-02
   9.06630993       6.59900010E-02
   9.08297634       6.69500008E-02
   9.09964275       6.79199994E-02
   9.11630917       6.88999966E-02
   9.13297558       6.98800012E-02
   9.14964199       7.08699971E-02
   9.16630840       7.18600005E-02
   9.18297482       7.28600025E-02
   9.19964123       7.38599971E-02
   9.21630764       7.48699978E-02
   9.23297405       7.58899972E-02
   9.24964046       7.69099966E-02
   9.26630688       7.79300034E-02
   9.28297329       7.89600015E-02
   9.29963970       7.99999982E-02
   9.31630611       8.10299963E-02
   9.33297253       8.20700005E-02
   9.34963894       8.31200033E-02
   9.36630535       8.41799974E-02
   9.38297176       8.52300003E-02
   9.39963818       8.62900019E-02
   9.41630459       8.73600021E-02
   9.43297100       8.84200037E-02
   9.44963741       8.95000026E-02
   9.46630383       9.05700028E-02
   9.48297024       9.16500017E-02
   9.49963665       9.27399993E-02
   9.51630306       9.38199982E-02
   9.53296947       9.49100032E-02
   9.54963589       9.60000008E-02
   9.56630230       9.70899984E-02
   9.58296871       9.81900021E-02
   9.59963512       9.92899984E-02
   9.61630154      0.100400001    
   9.63296795      0.101499997    
   9.64963436      0.102600001    
   9.66630077      0.103699997    
   9.68296719      0.104800001    
   9.69963360      0.105999999    
   9.71630001      0.107100002    
   9.73296642      0.108199999    
   9.74963284      0.109300002    
   9.76629925      0.110399999    
   9.78296566      0.111500002    
   9.79963207      0.112700000    
   9.81629848      0.113799997    
   9.83296490      0.114900000    
   9.84963131      0.115999997    
   9.86629772      0.117200002    
   9.88296413      0.118299998    
   9.89963055      0.119400002    
   9.91629696      0.120600000    
   9.93296337      0.121699996    
   9.94962978      0.122800000    
   9.96629620      0.123999998    
   9.98296261      0.125100002    
   9.99962902      0.126200005    
   10.0162954      0.127399996    
   10.0329618      0.128500000    
   10.0496283      0.129600003    
   10.0662947      0.130700007    
   10.0829611      0.131899998    
   10.0996275      0.133000001    
   10.1162939      0.134100005    
   10.1329603      0.135199994    
   10.1496267      0.136399999    
   10.1662931      0.137500003    
   10.1829596      0.138600007    
   10.1996260      0.139699996    
   10.2162924      0.140799999    
   10.2329588      0.141900003    
   10.2496252      0.143000007    
   10.2662916      0.144099995    
   10.2829580      0.145300001    
   10.2996244      0.146300003    
   10.3162909      0.147499993    
   10.3329573      0.148599997    
   10.3496237      0.149700001    
   10.3662901      0.150700003    
   10.3829565      0.151800007    
   10.3996229      0.152899995    
   10.4162893      0.153999999    
   10.4329557      0.155100003    
   10.4496222      0.156100005    
   10.4662886      0.157199994    
   10.4829550      0.158299997    
   10.4996214      0.159299999    
   10.5162878      0.160400003    
   10.5329542      0.161400005    
   10.5496206      0.162499994    
   10.5662870      0.163499996    
   10.5829535      0.164600000    
   10.5996199      0.165600002    
   10.6162863      0.166600004    
   10.6329527      0.167699993    
   10.6496191      0.168699995    
   10.6662855      0.169699997    
   10.6829519      0.170699999    
   10.6996183      0.171700001    
   10.7162848      0.172700003    
   10.7329512      0.173700005    
   10.7496176      0.174600005    
   10.7662840      0.175600007    
   10.7829504      0.176599994    
   10.7996168      0.177599996    
   10.8162832      0.178499997    
   10.8329496      0.179499999    
   10.8496161      0.180399999    
   10.8662825      0.181299999    
   10.8829489      0.182300001    
   10.8996153      0.183200002    
   10.9162817      0.184100002    
   10.9329481      0.185000002    
   10.9496145      0.185900003    
   10.9662809      0.186800003    
   10.9829473      0.187700003    
   10.9996138      0.188600004    
   11.0162802      0.189400002    
   11.0329466      0.190300003    
   11.0496130      0.191100001    
   11.0662794      0.192000002    
   11.0829458      0.192800000    
   11.0996122      0.193700001    
   11.1162786      0.194399998    
   11.1329451      0.195299998    
   11.1496115      0.196099997    
   11.1662779      0.196899995    
   11.1829443      0.197699994    
   11.1996107      0.198400006    
   11.2162771      0.199200004    
   11.2329435      0.200000003    
   11.2496099      0.200700000    
   11.2662764      0.201399997    
   11.2829428      0.202199996    
   11.2996092      0.202900007    
   11.3162756      0.203500003    
   11.3329420      0.204300001    
   11.3496084      0.204899997    
   11.3662748      0.205699995    
   11.3829412      0.206300005    
   11.3996077      0.206900001    
   11.4162741      0.207599998    
   11.4329405      0.208299994    
   11.4496069      0.208900005    
   11.4662733      0.209399998    
   11.4829397      0.210099995    
   11.4996061      0.210700005    
   11.5162725      0.211300001    
   11.5329390      0.211899996    
   11.5496054      0.212400004    
   11.5662718      0.213000000    
   11.5829382      0.213499993    
   11.5996046      0.214100003    
   11.6162710      0.214599997    
   11.6329374      0.215100005    
   11.6496038      0.215599999    
   11.6662703      0.216100007    
   11.6829367      0.216600001    
   11.6996031      0.216999993    
   11.7162695      0.217500001    
   11.7329359      0.217899993    
   11.7496023      0.218300000    
   11.7662687      0.218700007    
   11.7829351      0.219200000    
   11.7996016      0.219600007    
   11.8162680      0.219899997    
   11.8329344      0.220300004    
   11.8496008      0.220699996    
   11.8662672      0.221000001    
   11.8829336      0.221300006    
   11.8996000      0.221699998    
   11.9162664      0.222000003    
   11.9329329      0.222299993    
   11.9495993      0.222599998    
   11.9662657      0.222800002    
   11.9829321      0.223100007    
   11.9995985      0.223399997    
   12.0162649      0.223499998    
   12.0329313      0.223800004    
   12.0495977      0.224000007    
   12.0662642      0.224199995    
   12.0829306      0.224399999    
   12.0995970      0.224600002    
   12.1162634      0.224700004    
   12.1329298      0.224700004    
   12.1495962      0.224999994    
   12.1662626      0.225199997    
   12.1829290      0.225299999    
   12.1995955      0.225400001    
   12.2162619      0.225500003    
   12.2329283      0.225600004    
   12.2495947      0.225600004    
   12.2662611      0.225700006    
   12.2829275      0.225700006    
   12.2995939      0.225700006    
   12.3162603      0.225700006    
   12.3329268      0.225700006    
   12.3495932      0.225700006    
   12.3662596      0.225700006    
   12.3829260      0.225700006    
   12.3995924      0.225600004    
   12.4162588      0.225600004    
   12.4329252      0.225500003    
   12.4495916      0.225400001    
   12.4662580      0.225299999    
   12.4829245      0.225199997    
   12.4995909      0.224999994    
   12.5162573      0.224700004    
   12.5329237      0.224700004    
   12.5495901      0.224600002    
   12.5662565      0.224399999    
   12.5829229      0.224299997    
   12.5995893      0.224099994    
   12.6162558      0.223800004    
   12.6329222      0.223600000    
   12.6495886      0.223399997    
   12.6662550      0.223100007    
   12.6829214      0.222900003    
   12.6995878      0.222599998    
   12.7162542      0.222299993    
   12.7329206      0.222000003    
   12.7495871      0.221699998    
   12.7662535      0.221399993    
   12.7829199      0.221100003    
   12.7995863      0.220699996    
   12.8162527      0.220400006    
   12.8329191      0.219999999    
   12.8495855      0.219600007    
   12.8662519      0.219200000    
   12.8829184      0.218700007    
   12.8995848      0.218400002    
   12.9162512      0.217999995    
   12.9329176      0.217500001    
   12.9495840      0.217099994    
   12.9662504      0.216600001    
   12.9829168      0.216199994    
   12.9995832      0.215700001    
   13.0162497      0.215100005    
   13.0329161      0.214699998    
   13.0495825      0.214200005    
   13.0662489      0.213599995    
   13.0829153      0.213100001    
   13.0995817      0.212500006    
   13.1162481      0.211999997    
   13.1329145      0.211300001    
   13.1495810      0.210800007    
   13.1662474      0.210199997    
   13.1829138      0.209600002    
   13.1995802      0.209000006    
   13.2162466      0.208399996    
   13.2329130      0.207699999    
   13.2495794      0.206900001    
   13.2662458      0.206400007    
   13.2829123      0.205799997    
   13.2995787      0.204999998    
   13.3162451      0.204400003    
   13.3329115      0.203500003    
   13.3495779      0.202999994    
   13.3662443      0.202299997    
   13.3829107      0.201600000    
   13.3995771      0.200800002    
   13.4162436      0.200100005    
   13.4329100      0.199300006    
   13.4495764      0.198400006    
   13.4662428      0.197799996    
   13.4829092      0.196999997    
   13.4995756      0.196199998    
   13.5162420      0.195400000    
   13.5329084      0.194600001    
   13.5495749      0.193800002    
   13.5662413      0.193000004    
   13.5829077      0.192100003    
   13.5995741      0.191300005    
   13.6162405      0.190400004    
   13.6329069      0.189600006    
   13.6495733      0.188700005    
   13.6662397      0.187800005    
   13.6829062      0.186900005    
   13.6995726      0.186100006    
   13.7162390      0.185200006    
   13.7329054      0.184300005    
   13.7495718      0.183300003    
   13.7662382      0.182400003    
   13.7829046      0.181500003    
   13.7995710      0.180500001    
   13.8162374      0.179600000    
   13.8329039      0.178599998    
   13.8495703      0.177699998    
   13.8662367      0.176699996    
   13.8829031      0.175799996    
   13.8995695      0.174799994    
   13.9162359      0.173800007    
   13.9329023      0.172800004    
   13.9495687      0.171800002    
   13.9662352      0.170800000    
   13.9829016      0.169799998    
   13.9995680      0.168799996    
   14.0162344      0.167799994    
   14.0329008      0.166800007    
   14.0495672      0.165700004    
   14.0662336      0.164700001    
   14.0829000      0.163699999    
   14.0995665      0.162699997    
   14.1162329      0.161599994    
   14.1328993      0.160600007    
   14.1495657      0.159500003    
   14.1662321      0.158500001    
   14.1828985      0.157399997    
   14.1995649      0.156299993    
   14.2162313      0.155200005    
   14.2328978      0.154200003    
   14.2495642      0.153099999    
   14.2662306      0.151999995    
   14.2828970      0.150900006    
   14.2995634      0.149800003    
   14.3162298      0.148699999    
   14.3328962      0.147599995    
   14.3495626      0.146500006    
   14.3662291      0.145400003    
   14.3828955      0.144299999    
   14.3995619      0.143199995    
   14.4162283      0.142100006    
   14.4328947      0.141000003    
   14.4495611      0.139899999    
   14.4662275      0.138799995    
   14.4828939      0.137700006    
   14.4995604      0.136500001    
   14.5162268      0.135399997    
   14.5328932      0.134299994    
   14.5495596      0.133100003    
   14.5662260      0.132100001    
   14.5828924      0.130899996    
   14.5995588      0.129800007    
   14.6162252      0.128700003    
   14.6328917      0.127499998    
   14.6495581      0.126399994    
   14.6662245      0.125200003    
   14.6828909      0.124100000    
   14.6995573      0.123000003    
   14.7162237      0.121900000    
   14.7328901      0.120800003    
   14.7495565      0.119599998    
   14.7662230      0.118500002    
   14.7828894      0.117399998    
   14.7995558      0.116200000    
   14.8162222      0.115099996    
   14.8328886      0.114000000    
   14.8495550      0.112899996    
   14.8662214      0.111699998    
   14.8828878      0.110600002    
   14.8995543      0.109499998    
   14.9162207      0.108400002    
   14.9328871      0.107299998    
   14.9495535      0.106100000    
   14.9662199      0.104999997    
   14.9828863      0.103900000    
   14.9995527      0.102799997    
   15.0162191      0.101700000    
   15.0328856      0.100599997    
   15.0495520       9.94800031E-02
   15.0662184       9.83700007E-02
   15.0828848       9.72699970E-02
   15.0995512       9.61799994E-02
   15.1162176       9.50900018E-02
   15.1328840       9.39999968E-02
   15.1495504       9.29099992E-02
   15.1662169       9.18300003E-02
   15.1828833       9.07500014E-02
   15.1995497       8.96800011E-02
   15.2162161       8.86000022E-02
   15.2328825       8.75400007E-02
   15.2495489       8.64700004E-02
   15.2662153       8.54099989E-02
   15.2828817       8.43499973E-02
   15.2995481       8.33000019E-02
   15.3162146       8.22499990E-02
   15.3328810       8.12100023E-02
   15.3495474       8.01699981E-02
   15.3662138       7.91300014E-02
   15.3828802       7.81000033E-02
   15.3995466       7.70799965E-02
   15.4162130       7.60599971E-02
   15.4328794       7.50399977E-02
   15.4495459       7.40299970E-02
   15.4662123       7.30300024E-02
   15.4828787       7.20300004E-02
   15.4995451       7.10399970E-02
   15.5162115       7.00400025E-02
   15.5328779       6.90599978E-02
   15.5495443       6.80899993E-02
   15.5662107       6.71100020E-02
   15.5828772       6.61500022E-02
   15.5995436       6.51900023E-02
   15.6162100       6.42300025E-02
   15.6328764       6.32900000E-02
   15.6495428       6.23500012E-02
   15.6662092       6.14099987E-02
   15.6828756       6.04799986E-02
   15.6995420       5.95600009E-02
   15.7162085       5.86399995E-02
   15.7328749       5.77300005E-02
   15.7495413       5.68300001E-02
   15.7662077       5.59299998E-02
   15.7828741       5.50500005E-02
   15.7995405       5.41599989E-02
   15.8162069       5.32899983E-02
   15.8328733       5.24200015E-02
   15.8495398       5.15599996E-02
   15.8662062       5.07000014E-02
   15.8828726       4.98600006E-02
   15.8995390       4.90100011E-02
   15.9162054       4.81799990E-02
   15.9328718       4.73599993E-02
   15.9495382       4.65399995E-02
   15.9662046       4.57299985E-02
   15.9828711       4.49200012E-02
   15.9995375       4.41300012E-02
   16.0162029       4.33400013E-02
   16.0328693       4.25600000E-02
   16.0495358       4.17900011E-02
   16.0662022       4.10199985E-02
   16.0828686       4.02599983E-02
   16.0995350       3.95100005E-02
   16.1162014       3.87700014E-02
   16.1328678       3.80400009E-02
   16.1495342       3.73100005E-02
   16.1662006       3.65899988E-02
   16.1828671       3.58799994E-02
   16.1995335       3.51799987E-02
   16.2161999       3.44800018E-02
   16.2328663       3.37899998E-02
   16.2495327       3.31199989E-02
   16.2661991       3.24399993E-02
   16.2828655       3.17800008E-02
   16.2995319       3.11299991E-02
   16.3161983       3.04799993E-02
   16.3328648       2.98400000E-02
   16.3495312       2.92099994E-02
   16.3661976       2.85800006E-02
   16.3828640       2.79699992E-02
   16.3995304       2.73599997E-02
   16.4161968       2.67600007E-02
   16.4328632       2.61700004E-02
   16.4495296       2.55900007E-02
   16.4661961       2.50100009E-02
   16.4828625       2.44500004E-02
   16.4995289       2.38899998E-02
   16.5161953       2.33399998E-02
   16.5328617       2.28000004E-02
   16.5495281       2.22600009E-02
   16.5661945       2.17300002E-02
   16.5828609       2.12099999E-02
   16.5995274       2.07000002E-02
   16.6161938       2.01999992E-02
   16.6328602       1.97000001E-02
   16.6495266       1.92099996E-02
   16.6661930       1.87299997E-02
   16.6828594       1.82600003E-02
   16.6995258       1.77999996E-02
   16.7161922       1.73400007E-02
   16.7328587       1.68900006E-02
   16.7495251       1.64500009E-02
   16.7661915       1.60099994E-02
   16.7828579       1.55900000E-02
   16.7995243       1.51699996E-02
   16.8161907       1.47599997E-02
   16.8328571       1.43499998E-02
   16.8495235       1.39499996E-02
   16.8661900       1.35599999E-02
   16.8828564       1.31799998E-02
   16.8995228       1.27999997E-02
   16.9161892       1.24399997E-02
   16.9328556       1.20700002E-02
   16.9495220       1.17199998E-02
   16.9661884       1.13700004E-02
   16.9828548       1.10299997E-02
   16.9995213       1.07000005E-02
   17.0161877       1.03700003E-02
   17.0328541       1.00499997E-02
   17.0495205       9.73400008E-03
   17.0661869       9.42699984E-03
   17.0828533       9.12600011E-03
   17.0995197       8.83099996E-03
   17.1161861       8.54200032E-03
   17.1328526       8.25999957E-03
   17.1495190       7.98400026E-03
   17.1661854       7.71400006E-03
   17.1828518       7.45100016E-03
   17.1995182       7.19300006E-03
   17.2161846       6.94000022E-03
   17.2328510       6.69400021E-03
   17.2495174       6.45399978E-03
   17.2661839       6.21900009E-03
   17.2828503       5.98999998E-03
   17.2995167       5.76499989E-03
   17.3161831       5.54700010E-03
   17.3328495       5.33400010E-03
   17.3495159       5.12599992E-03
   17.3661823       4.92399978E-03
   17.3828487       4.72600013E-03
   17.3995152       4.53299982E-03
   17.4161816       4.34600003E-03
   17.4328480       4.16299980E-03
   17.4495144       3.98499984E-03
   17.4661808       3.81199992E-03
   17.4828472       3.64300003E-03
   17.4995136       3.47899995E-03
   17.5161800       3.31899989E-03
   17.5328465       3.16400011E-03
   17.5495129       3.01299989E-03
   17.5661793       2.86699994E-03
   17.5828457       2.72400002E-03
   17.5995121       2.58599990E-03
   17.6161785       2.45200004E-03
   17.6328449       2.32199999E-03
   17.6495113       2.19599996E-03
   17.6661777       2.07299995E-03
   17.6828442       1.95499999E-03
   17.6995106       1.84000004E-03
   17.7161770       1.72900001E-03
   17.7328434       1.62200001E-03
   17.7495098       1.51800003E-03
   17.7661762       1.41799997E-03
   17.7828426       1.32200005E-03
   17.7995090       1.23000005E-03
   17.8161755       1.14099996E-03
   17.8328419       1.05500000E-03
   17.8495083       9.73400020E-04
   17.8661747       8.95100005E-04
   17.8828411       8.20500019E-04
   17.8995075       7.49800005E-04
   17.9161739       6.82900019E-04
   17.9328403       6.20300008E-04
   17.9495068       5.59800013E-04
   17.9661732       4.92800027E-04
   17.9828396       4.36800008E-04
   17.9995060       3.90200003E-04
   18.0161724       3.51399998E-04
   18.0328388       3.02200002E-04
   18.0495052       2.69599986E-04
   18.0661716       2.30100006E-04
   18.0828381       1.96900000E-04
   18.0995045       1.67999999E-04
   18.1161709       1.42399993E-04
   18.1328373       1.19800003E-04
   18.1495037       1.00199999E-04
   18.1661701       8.36800027E-05
   18.1828365       6.75300034E-05
   18.1995029       5.54399994E-05
   18.2161694       4.41000011E-05
   18.2328358       3.50800001E-05
   18.2495022       2.79300002E-05
   18.2661686       2.17300003E-05
   18.2828350       1.66600003E-05
   18.2995014       1.24400003E-05
   18.3161678       9.23300013E-06
   18.3328342       6.79100003E-06
   18.3495007       4.78299989E-06
   18.3661671       3.32099989E-06
   18.3828335       2.14600004E-06
   18.3994999       1.32599996E-06
   18.4161663       7.82699999E-07
   18.4328327       4.43799991E-07
   18.4494991       2.42800013E-07
   18.4661655       1.23999996E-07
   18.4828320       5.40700000E-08
   18.4994984       1.62300005E-08
   18.5161648       2.39100006E-09
   18.5328312       7.46799983E-11
   18.5494976       1.20499997E-12
   18.5661640       5.16399989E-15
   18.5828304       3.31700005E-18
   18.5994968       7.56100014E-39
   18.6161633       0.00000000    
   18.6328297       0.00000000    
   18.6494961       0.00000000    
   18.6661625       0.00000000    
   18.6828289       0.00000000    
   18.6994953       0.00000000    
   18.7161617       0.00000000    
   18.7328281       0.00000000    
   18.7494946       0.00000000    
   18.7661610       0.00000000    
   18.7828274       0.00000000    
   18.7994938       0.00000000    
   18.8161602       0.00000000    
   18.8328266       0.00000000    
   18.8494930       0.00000000    
   18.8661594       0.00000000    
   18.8828259       0.00000000    
   18.8994923       0.00000000    
   18.9161587       0.00000000    
   18.9328251       0.00000000    
   18.9494915       0.00000000    
   18.9661579       0.00000000    
   18.9828243       0.00000000    
   18.9994907       0.00000000    
   19.0161572       0.00000000    
   19.0328236       0.00000000    
   19.0494900       0.00000000    
   19.0661564       0.00000000    
   19.0828228       0.00000000    
   19.0994892       0.00000000    
   19.1161556       0.00000000    
   19.1328220       0.00000000    
   19.1494884       0.00000000    
   19.1661549       0.00000000    
   19.1828213       0.00000000    
   19.1994877       0.00000000    
   19.2161541       0.00000000    
   19.2328205       0.00000000    
   19.2494869       0.00000000    
   19.2661533       0.00000000    
   19.2828197       0.00000000    
   19.2994862       0.00000000    
   19.3161526       0.00000000    
   19.3328190       0.00000000    
   19.3494854       0.00000000    
   19.3661518       0.00000000    
   19.3828182       0.00000000    
   19.3994846       0.00000000    
   19.4161510       0.00000000    
   19.4328175       0.00000000    
   19.4494839       0.00000000    
   19.4661503       0.00000000    
   19.4828167       0.00000000    
   19.4994831       0.00000000    
   19.5161495       0.00000000    
   19.5328159       0.00000000    
   19.5494823       0.00000000    
   19.5661488       0.00000000    
   19.5828152       0.00000000    
   19.5994816       0.00000000    
   19.6161480       0.00000000    
   19.6328144       0.00000000    
   19.6494808       0.00000000    
   19.6661472       0.00000000    
   19.6828136       0.00000000    
   19.6994801       0.00000000    
   19.7161465       0.00000000    
   19.7328129       0.00000000    
   19.7494793       0.00000000    
   19.7661457       0.00000000    
   19.7828121       0.00000000    
   19.7994785       0.00000000    
   19.8161449       0.00000000    
   19.8328114       0.00000000    
   19.8494778       0.00000000    
   19.8661442       0.00000000    
   19.8828106       0.00000000    
   19.8994770       0.00000000    
   19.9161434       0.00000000    
   19.9328098       0.00000000    
   19.9494762       0.00000000    
   19.9661427       0.00000000    
   19.9828091       0.00000000    
   19.9994755       0.00000000    
   20.0161419       0.00000000    
   20.0328083       0.00000000    
   20.0494747       0.00000000    
   20.0661411       0.00000000    
   20.0828075       0.00000000    
   20.0994740       0.00000000    
   20.1161404       0.00000000    
   20.1328068       0.00000000    
   20.1494732       0.00000000    
   20.1661396       0.00000000    
   20.1828060       0.00000000    
   20.1994724       0.00000000    
   20.2161388       0.00000000    
   20.2328053       0.00000000    
   20.2494717       0.00000000    
   20.2661381       0.00000000    
   20.2828045       0.00000000    
   20.2994709       0.00000000    
   20.3161373       0.00000000    
   20.3328037       0.00000000    
   20.3494701       0.00000000    
   20.3661366       0.00000000    
   20.3828030       0.00000000    
   20.3994694       0.00000000    
   20.4161358       0.00000000    
   20.4328022       0.00000000    
   20.4494686       0.00000000    
   20.4661350       0.00000000    
   20.4828014       0.00000000    
   20.4994678       0.00000000    
   20.5161343       0.00000000    
   20.5328007       0.00000000    
   20.5494671       0.00000000    
   20.5661335       0.00000000    
   20.5827999       0.00000000    
   20.5994663       0.00000000    
   20.6161327       0.00000000    
   20.6327991       0.00000000    
   20.6494656       0.00000000    
   20.6661320       0.00000000    
   20.6827984       0.00000000    
   20.6994648       0.00000000    
   20.7161312       0.00000000    
   20.7327976       0.00000000    
   20.7494640       0.00000000    
   20.7661304       0.00000000    
   20.7827969       0.00000000    
   20.7994633       0.00000000    
   20.8161297       0.00000000    
   20.8327961       0.00000000    
   20.8494625       0.00000000    
   20.8661289       0.00000000    
   20.8827953       0.00000000    
   20.8994617       0.00000000    
   20.9161282       0.00000000    
   20.9327946       0.00000000    
   20.9494610       0.00000000    
   20.9661274       0.00000000    
   20.9827938       0.00000000    
   20.9994602       0.00000000    
   21.0161266       0.00000000    
   21.0327930       0.00000000    
   21.0494595       0.00000000    
   21.0661259       0.00000000    
   21.0827923       0.00000000    
   21.0994587       0.00000000    
   21.1161251       0.00000000    
   21.1327915       0.00000000    
   21.1494579       0.00000000    
   21.1661243       0.00000000    
   21.1827908       0.00000000    
   21.1994572       0.00000000    
   21.2161236       0.00000000    
   21.2327900       0.00000000    
   21.2494564       0.00000000    
   21.2661228       0.00000000    
   21.2827892       0.00000000    
   21.2994556       0.00000000    
   21.3161221       0.00000000    
   21.3327885       0.00000000    
   21.3494549       0.00000000    
   21.3661213       0.00000000    
   21.3827877       0.00000000    
   21.3994541       0.00000000    
   21.4161205       0.00000000    
   21.4327869       0.00000000    
   21.4494534       0.00000000    
   21.4661198       0.00000000    
   21.4827862       0.00000000    
   21.4994526       0.00000000    
   21.5161190       0.00000000    
   21.5327854       0.00000000    
   21.5494518       0.00000000    
   21.5661182       0.00000000    
   21.5827847       0.00000000    
   21.5994511       0.00000000    
   21.6161175       0.00000000    
   21.6327839       0.00000000    
   21.6494503       0.00000000    
   21.6661167       0.00000000    
   21.6827831       0.00000000    
   21.6994495       0.00000000    
   21.7161160       0.00000000    
   21.7327824       0.00000000    
   21.7494488       0.00000000    
   21.7661152       0.00000000    
   21.7827816       0.00000000    
   21.7994480       0.00000000    
   21.8161144       0.00000000    
   21.8327808       0.00000000    
   21.8494473       0.00000000    
   21.8661137       0.00000000    
   21.8827801       0.00000000    
   21.8994465       0.00000000    
   21.9161129       0.00000000    
   21.9327793       0.00000000    
   21.9494457       0.00000000    
   21.9661121       0.00000000    
   21.9827785       0.00000000    
   21.9994450       0.00000000    
   22.0161114       0.00000000    
   22.0327778       0.00000000    
   22.0494442       0.00000000    
   22.0661106       0.00000000    
   22.0827770       0.00000000    
   22.0994434       0.00000000    
   22.1161098       0.00000000    
   22.1327763       0.00000000    
   22.1494427       0.00000000    
   22.1661091       0.00000000    
   22.1827755       0.00000000    
   22.1994419       0.00000000    
   22.2161083       0.00000000    
   22.2327747       0.00000000    
   22.2494411       0.00000000    
   22.2661076       0.00000000    
   22.2827740       0.00000000    
   22.2994404       0.00000000    
   22.3161068       0.00000000    
   22.3327732       0.00000000    
   22.3494396       0.00000000    
   22.3661060       0.00000000    
   22.3827724       0.00000000    
   22.3994389       0.00000000    
   22.4161053       0.00000000    
   22.4327717       0.00000000    
   22.4494381       0.00000000    
   22.4661045       0.00000000    
   22.4827709       0.00000000    
   22.4994373       0.00000000    
   22.5161037       0.00000000    
   22.5327702       0.00000000    
   22.5494366       0.00000000    
   22.5661030       0.00000000    
   22.5827694       0.00000000    
   22.5994358       0.00000000    
   22.6161022       0.00000000    
   22.6327686       0.00000000    
   22.6494350       0.00000000    
   22.6661015       0.00000000    
   22.6827679       0.00000000    
   22.6994343       0.00000000    
   22.7161007       0.00000000    
   22.7327671       0.00000000    
   22.7494335       0.00000000    
   22.7660999       0.00000000    
   22.7827663       0.00000000    
   22.7994328       0.00000000    
   22.8160992       0.00000000    
   22.8327656       0.00000000    
   22.8494320       0.00000000    
   22.8660984       0.00000000    
   22.8827648       0.00000000    
   22.8994312       0.00000000    
   22.9160976       0.00000000    
   22.9327641       0.00000000    
   22.9494305       0.00000000    
   22.9660969       0.00000000    
   22.9827633       0.00000000    
   22.9994297       0.00000000    
   23.0160961       0.00000000    
   23.0327625       0.00000000    
   23.0494289       0.00000000    
   23.0660954       0.00000000    
   23.0827618       0.00000000    
   23.0994282       0.00000000    
   23.1160946       0.00000000    
   23.1327610       0.00000000    
   23.1494274       0.00000000    
   23.1660938       0.00000000    
   23.1827602       0.00000000    
   23.1994267       0.00000000    
   23.2160931       0.00000000    
   23.2327595       0.00000000    
   23.2494259       0.00000000    
   23.2660923       0.00000000    
   23.2827587       0.00000000    
   23.2994251       0.00000000    
   23.3160915       0.00000000    
   23.3327579       0.00000000    
   23.3494244       0.00000000    
   23.3660908       0.00000000    
   23.3827572       0.00000000    
   23.3994236       0.00000000    
   23.4160900       0.00000000    
   23.4327564       0.00000000    
   23.4494228       0.00000000    
   23.4660892       0.00000000    
   23.4827557       0.00000000    
   23.4994221       0.00000000    
   23.5160885       0.00000000    
   23.5327549       0.00000000    
   23.5494213       0.00000000    
   23.5660877       0.00000000    
   23.5827541       0.00000000    
   23.5994205       0.00000000    
   23.6160870       0.00000000    
   23.6327534       0.00000000    
   23.6494198       0.00000000    
   23.6660862       0.00000000    
   23.6827526       0.00000000    
   23.6994190       0.00000000    
   23.7160854       0.00000000    
   23.7327518       0.00000000    
   23.7494183       0.00000000    
   23.7660847       0.00000000    
   23.7827511       0.00000000    
   23.7994175       0.00000000    
   23.8160839       0.00000000    
   23.8327503       0.00000000    
   23.8494167       0.00000000    
   23.8660831       0.00000000    
   23.8827496       0.00000000    
   23.8994160       0.00000000    
   23.9160824       0.00000000    
   23.9327488       0.00000000    
   23.9494152       0.00000000    
   23.9660816       0.00000000    
   23.9827480       0.00000000    
