   0.00000000       0.00000000    
   1.66660007E-02   0.00000000    
   3.33320014E-02   0.00000000    
   4.99980003E-02   0.00000000    
   6.66640028E-02   0.00000000    
   8.33300054E-02   0.00000000    
   9.99960080E-02   0.00000000    
  0.116662011       0.00000000    
  0.133328006       0.00000000    
  0.149994001       0.00000000    
  0.166659996       0.00000000    
  0.183325991       0.00000000    
  0.199991986       0.00000000    
  0.216657981       0.00000000    
  0.233323976       0.00000000    
  0.249989972       0.00000000    
  0.266655982       0.00000000    
  0.283321977       0.00000000    
  0.299987972       0.00000000    
  0.316653967       0.00000000    
  0.333319962       0.00000000    
  0.349985957       0.00000000    
  0.366651952       0.00000000    
  0.383317947       0.00000000    
  0.399983943       0.00000000    
  0.416649938       0.00000000    
  0.433315933       0.00000000    
  0.449981928       0.00000000    
  0.466647923       0.00000000    
  0.483313918       0.00000000    
  0.499979913       0.00000000    
  0.516645908       0.00000000    
  0.533311903       0.00000000    
  0.549977899       0.00000000    
  0.566643894       0.00000000    
  0.583309889       0.00000000    
  0.599975884       0.00000000    
  0.616641879       0.00000000    
  0.633307874       0.00000000    
  0.649973869       0.00000000    
  0.666639864       0.00000000    
  0.683305860       0.00000000    
  0.699971855       0.00000000    
  0.716637850       0.00000000    
  0.733303845       0.00000000    
  0.749969840       0.00000000    
  0.766635835       0.00000000    
  0.783301830       0.00000000    
  0.799967825       0.00000000    
  0.816633821       0.00000000    
  0.833299816       0.00000000    
  0.849965811       0.00000000    
  0.866631806       0.00000000    
  0.883297801       0.00000000    
  0.899963796       0.00000000    
  0.916629791       0.00000000    
  0.933295786       0.00000000    
  0.949961782       0.00000000    
  0.966627777       0.00000000    
  0.983293772       0.00000000    
  0.999959767       0.00000000    
   1.01662576       0.00000000    
   1.03329182       0.00000000    
   1.04995787       0.00000000    
   1.06662393       0.00000000    
   1.08328998       0.00000000    
   1.09995604       0.00000000    
   1.11662209       0.00000000    
   1.13328815       0.00000000    
   1.14995420       0.00000000    
   1.16662025       0.00000000    
   1.18328631       0.00000000    
   1.19995236       0.00000000    
   1.21661842       0.00000000    
   1.23328447       0.00000000    
   1.24995053       0.00000000    
   1.26661658       0.00000000    
   1.28328264       0.00000000    
   1.29994869       0.00000000    
   1.31661475       0.00000000    
   1.33328080       0.00000000    
   1.34994686       0.00000000    
   1.36661291       0.00000000    
   1.38327897       0.00000000    
   1.39994502       0.00000000    
   1.41661108       0.00000000    
   1.43327713       0.00000000    
   1.44994318       0.00000000    
   1.46660924       0.00000000    
   1.48327529       0.00000000    
   1.49994135       0.00000000    
   1.51660740       0.00000000    
   1.53327346       0.00000000    
   1.54993951       0.00000000    
   1.56660557       0.00000000    
   1.58327162       0.00000000    
   1.59993768       0.00000000    
   1.61660373       0.00000000    
   1.63326979       0.00000000    
   1.64993584       0.00000000    
   1.66660190       0.00000000    
   1.68326795       0.00000000    
   1.69993401       0.00000000    
   1.71660006       0.00000000    
   1.73326612       0.00000000    
   1.74993217       0.00000000    
   1.76659822       0.00000000    
   1.78326428       0.00000000    
   1.79993033       0.00000000    
   1.81659639       0.00000000    
   1.83326244       0.00000000    
   1.84992850       0.00000000    
   1.86659455       0.00000000    
   1.88326061       0.00000000    
   1.89992666       0.00000000    
   1.91659272       0.00000000    
   1.93325877       0.00000000    
   1.94992483       0.00000000    
   1.96659088       0.00000000    
   1.98325694       0.00000000    
   1.99992299       0.00000000    
   2.01658893       0.00000000    
   2.03325486       0.00000000    
   2.04992080       0.00000000    
   2.06658673       0.00000000    
   2.08325267       0.00000000    
   2.09991860       0.00000000    
   2.11658454       0.00000000    
   2.13325047       0.00000000    
   2.14991641       0.00000000    
   2.16658235       0.00000000    
   2.18324828       0.00000000    
   2.19991422       0.00000000    
   2.21658015       0.00000000    
   2.23324609       0.00000000    
   2.24991202       0.00000000    
   2.26657796       0.00000000    
   2.28324389       0.00000000    
   2.29990983       0.00000000    
   2.31657577       0.00000000    
   2.33324170       0.00000000    
   2.34990764       0.00000000    
   2.36657357       0.00000000    
   2.38323951       0.00000000    
   2.39990544       0.00000000    
   2.41657138       0.00000000    
   2.43323731       0.00000000    
   2.44990325       0.00000000    
   2.46656919       0.00000000    
   2.48323512       0.00000000    
   2.49990106       0.00000000    
   2.51656699       0.00000000    
   2.53323293       0.00000000    
   2.54989886       0.00000000    
   2.56656480       0.00000000    
   2.58323073       0.00000000    
   2.59989667       0.00000000    
   2.61656260       0.00000000    
   2.63322854       0.00000000    
   2.64989448       0.00000000    
   2.66656041       0.00000000    
   2.68322635       0.00000000    
   2.69989228       0.00000000    
   2.71655822       0.00000000    
   2.73322415       0.00000000    
   2.74989009       0.00000000    
   2.76655602       0.00000000    
   2.78322196       0.00000000    
   2.79988790       0.00000000    
   2.81655383       0.00000000    
   2.83321977       0.00000000    
   2.84988570       0.00000000    
   2.86655164       0.00000000    
   2.88321757       0.00000000    
   2.89988351       0.00000000    
   2.91654944       0.00000000    
   2.93321538       0.00000000    
   2.94988132       0.00000000    
   2.96654725       0.00000000    
   2.98321319       0.00000000    
   2.99987912       0.00000000    
   3.01654506       0.00000000    
   3.03321099       0.00000000    
   3.04987693       0.00000000    
   3.06654286       0.00000000    
   3.08320880       0.00000000    
   3.09987473       0.00000000    
   3.11654067       0.00000000    
   3.13320661       0.00000000    
   3.14987254       0.00000000    
   3.16653848       0.00000000    
   3.18320441       0.00000000    
   3.19987035       0.00000000    
   3.21653628       0.00000000    
   3.23320222       0.00000000    
   3.24986815       0.00000000    
   3.26653409       0.00000000    
   3.28320003       0.00000000    
   3.29986596       0.00000000    
   3.31653190       0.00000000    
   3.33319783       0.00000000    
   3.34986377       0.00000000    
   3.36652970       0.00000000    
   3.38319564       0.00000000    
   3.39986157       0.00000000    
   3.41652751       0.00000000    
   3.43319345       0.00000000    
   3.44985938       0.00000000    
   3.46652532       0.00000000    
   3.48319125       0.00000000    
   3.49985719       0.00000000    
   3.51652312       0.00000000    
   3.53318906       0.00000000    
   3.54985499       0.00000000    
   3.56652093       0.00000000    
   3.58318686       0.00000000    
   3.59985280       0.00000000    
   3.61651874       0.00000000    
   3.63318467       0.00000000    
   3.64985061       0.00000000    
   3.66651654       0.00000000    
   3.68318248       0.00000000    
   3.69984841       0.00000000    
   3.71651435       0.00000000    
   3.73318028       0.00000000    
   3.74984622       0.00000000    
   3.76651216       0.00000000    
   3.78317809       0.00000000    
   3.79984403       0.00000000    
   3.81650996       0.00000000    
   3.83317590       0.00000000    
   3.84984183       0.00000000    
   3.86650777       0.00000000    
   3.88317370       0.00000000    
   3.89983964       0.00000000    
   3.91650558       0.00000000    
   3.93317151       0.00000000    
   3.94983745       0.00000000    
   3.96650338       0.00000000    
   3.98316932       0.00000000    
   3.99983525       0.00000000    
   4.01650143       0.00000000    
   4.03316736       0.00000000    
   4.04983330       0.00000000    
   4.06649923       0.00000000    
   4.08316517       0.00000000    
   4.09983110       0.00000000    
   4.11649704       0.00000000    
   4.13316298       0.00000000    
   4.14982891       0.00000000    
   4.16649485       0.00000000    
   4.18316078       0.00000000    
   4.19982672       0.00000000    
   4.21649265       0.00000000    
   4.23315859       0.00000000    
   4.24982452       0.00000000    
   4.26649046       0.00000000    
   4.28315639       0.00000000    
   4.29982233       0.00000000    
   4.31648827       0.00000000    
   4.33315420       0.00000000    
   4.34982014       0.00000000    
   4.36648607       0.00000000    
   4.38315201       0.00000000    
   4.39981794       0.00000000    
   4.41648388       0.00000000    
   4.43314981       0.00000000    
   4.44981575       0.00000000    
   4.46648169       0.00000000    
   4.48314762       0.00000000    
   4.49981356       0.00000000    
   4.51647949       0.00000000    
   4.53314543       0.00000000    
   4.54981136       0.00000000    
   4.56647730       0.00000000    
   4.58314323       0.00000000    
   4.59980917       0.00000000    
   4.61647511       0.00000000    
   4.63314104       0.00000000    
   4.64980698       0.00000000    
   4.66647291       0.00000000    
   4.68313885       0.00000000    
   4.69980478       0.00000000    
   4.71647072       0.00000000    
   4.73313665       0.00000000    
   4.74980259       0.00000000    
   4.76646852       0.00000000    
   4.78313446       0.00000000    
   4.79980040       0.00000000    
   4.81646633       0.00000000    
   4.83313227       0.00000000    
   4.84979820       0.00000000    
   4.86646414       0.00000000    
   4.88313007       0.00000000    
   4.89979601       0.00000000    
   4.91646194       0.00000000    
   4.93312788       0.00000000    
   4.94979382       0.00000000    
   4.96645975       0.00000000    
   4.98312569       0.00000000    
   4.99979162       0.00000000    
   5.01645756       0.00000000    
   5.03312349       0.00000000    
   5.04978943       0.00000000    
   5.06645536       0.00000000    
   5.08312130       0.00000000    
   5.09978724       0.00000000    
   5.11645317       0.00000000    
   5.13311911       0.00000000    
   5.14978504       0.00000000    
   5.16645098       0.00000000    
   5.18311691       0.00000000    
   5.19978285       0.00000000    
   5.21644878       0.00000000    
   5.23311472       0.00000000    
   5.24978065       0.00000000    
   5.26644659       0.00000000    
   5.28311253       0.00000000    
   5.29977846       0.00000000    
   5.31644440       0.00000000    
   5.33311033       0.00000000    
   5.34977627       0.00000000    
   5.36644220       0.00000000    
   5.38310814       0.00000000    
   5.39977407       0.00000000    
   5.41644001       0.00000000    
   5.43310595       0.00000000    
   5.44977188       0.00000000    
   5.46643782       0.00000000    
   5.48310375       0.00000000    
   5.49976969       0.00000000    
   5.51643562       0.00000000    
   5.53310156       0.00000000    
   5.54976749       0.00000000    
   5.56643343       0.00000000    
   5.58309937       0.00000000    
   5.59976530       0.00000000    
   5.61643124       0.00000000    
   5.63309717       0.00000000    
   5.64976311       0.00000000    
   5.66642904       0.00000000    
   5.68309498       0.00000000    
   5.69976091       0.00000000    
   5.71642685       0.00000000    
   5.73309278       0.00000000    
   5.74975872       0.00000000    
   5.76642466       0.00000000    
   5.78309059       0.00000000    
   5.79975653       0.00000000    
   5.81642246       0.00000000    
   5.83308840       0.00000000    
   5.84975433       0.00000000    
   5.86642027       0.00000000    
   5.88308620       0.00000000    
   5.89975214       0.00000000    
   5.91641808       0.00000000    
   5.93308401       0.00000000    
   5.94974995       0.00000000    
   5.96641588       0.00000000    
   5.98308182       0.00000000    
   5.99974775       0.00000000    
   6.01641369       0.00000000    
   6.03307962       0.00000000    
   6.04974556       0.00000000    
   6.06641150       0.00000000    
   6.08307743       8.68899984E-19
   6.09974337       6.72099976E-14
   6.11640930       5.12200005E-11
   6.13307524       8.89200003E-09
   6.14974117       5.28999976E-07
   6.16640711       1.07699998E-05
   6.18307304       4.89300000E-05
   6.19973898       1.26100000E-04
   6.21640491       2.51799996E-04
   6.23307085       4.26799990E-04
   6.24973679       6.74400013E-04
   6.26640272       1.02700002E-03
   6.28306866       1.51700003E-03
   6.29973459       2.14700005E-03
   6.31640053       3.03200004E-03
   6.33306646       4.16099979E-03
   6.34973240       5.66399982E-03
   6.36639833       7.51599995E-03
   6.38306427       9.93200019E-03
   6.39973021       1.30399996E-02
   6.41639614       1.69300009E-02
   6.43306208       2.17599999E-02
   6.44972801       2.79099997E-02
   6.46639395       3.58400010E-02
   6.48305988       4.47899997E-02
   6.49972582       5.66900000E-02
   6.51639175       6.97799996E-02
   6.53305769       8.63500014E-02
   6.54972363      0.107600003    
   6.56638956      0.129999995    
   6.58305550      0.156499997    
   6.59972143      0.182400003    
   6.61638737      0.213599995    
   6.63305330      0.252400011    
   6.64971924      0.288500011    
   6.66638517      0.335700005    
   6.68305111      0.376100004    
   6.69971704      0.425099999    
   6.71638298      0.484200001    
   6.73304892      0.551900029    
   6.74971485      0.610300004    
   6.76638079      0.672900021    
   6.78304672      0.739000022    
   6.79971266      0.808300018    
   6.81637859      0.880599976    
   6.83304453      0.955699980    
   6.84971046       1.03299999    
   6.86637640       1.11399996    
   6.88304234       1.19599998    
   6.89970827       1.28100002    
   6.91637421       1.36800003    
   6.93304014       1.45700002    
   6.94970608       1.54799998    
   6.96637201       1.64100003    
   6.98303795       1.73599994    
   6.99970388       1.83299994    
   7.01636982       1.93200004    
   7.03303576       2.03200006    
   7.04970169       2.13499999    
   7.06636763       2.23799992    
   7.08303356       2.34400010    
   7.09969950       2.45099998    
   7.11636543       2.55999994    
   7.13303137       2.67100000    
   7.14969730       2.78299999    
   7.16636324       2.89700007    
   7.18302917       3.01200008    
   7.19969511       3.12899995    
   7.21636105       3.24799991    
   7.23302698       3.36800003    
   7.24969292       3.49000001    
   7.26635885       3.61299992    
   7.28302479       3.73900008    
   7.29969072       3.86500001    
   7.31635666       3.99399996    
   7.33302259       4.12400007    
   7.34968853       4.25600004    
   7.36635447       4.38899994    
   7.38302040       4.52400017    
   7.39968634       4.65999985    
   7.41635227       4.79899979    
   7.43301821       4.93900013    
   7.44968414       5.07999992    
   7.46635008       5.22300005    
   7.48301601       5.36700010    
   7.49968195       5.51399994    
   7.51634789       5.66200018    
   7.53301382       5.81099987    
   7.54967976       5.96199989    
   7.56634569       6.11399984    
   7.58301163       6.26800013    
   7.59967756       6.42399979    
   7.61634350       6.58099985    
   7.63300943       6.73899984    
   7.64967537       6.89900017    
   7.66634130       7.05999994    
   7.68300724       7.22300005    
   7.69967318       7.38800001    
   7.71633911       7.55299997    
   7.73300505       7.71999979    
   7.74967098       7.88800001    
   7.76633692       8.05799961    
   7.78300285       8.22900009    
   7.79966879       8.40200043    
   7.81633472       8.57499981    
   7.83300066       8.75000000    
   7.84966660       8.92599964    
   7.86633253       9.10299969    
   7.88299847       9.28199959    
   7.89966440       9.46100044    
   7.91633034       9.64200020    
   7.93299627       9.82299995    
   7.94966221       10.0100002    
   7.96632814       10.1899996    
   7.98299408       10.3800001    
   7.99966002       10.5600004    
   8.01632595       10.7500000    
   8.03299236       10.9399996    
   8.04965878       11.1199999    
   8.06632519       11.3100004    
   8.08299160       11.5100002    
   8.09965801       11.6999998    
   8.11632442       11.8900003    
   8.13299084       12.0799999    
   8.14965725       12.2799997    
   8.16632366       12.4700003    
   8.18299007       12.6700001    
   8.19965649       12.8599997    
   8.21632290       13.0600004    
   8.23298931       13.2600002    
   8.24965572       13.4600000    
   8.26632214       13.6499996    
   8.28298855       13.8500004    
   8.29965496       14.0500002    
   8.31632137       14.2500000    
   8.33298779       14.4600000    
   8.34965420       14.6599998    
   8.36632061       14.8599997    
   8.38298702       15.0600004    
   8.39965343       15.2700005    
   8.41631985       15.4700003    
   8.43298626       15.6700001    
   8.44965267       15.8800001    
   8.46631908       16.0799999    
   8.48298550       16.2900009    
   8.49965191       16.4899998    
   8.51631832       16.7000008    
   8.53298473       16.9099998    
   8.54965115       17.1100006    
   8.56631756       17.3199997    
   8.58298397       17.5200005    
   8.59965038       17.7299995    
   8.61631680       17.9400005    
   8.63298321       18.1499996    
   8.64964962       18.3500004    
   8.66631603       18.5599995    
   8.68298244       18.7700005    
   8.69964886       18.9799995    
   8.71631527       19.1900005    
   8.73298168       19.3899994    
   8.74964809       19.6000004    
   8.76631451       19.8099995    
   8.78298092       20.0200005    
   8.79964733       20.2299995    
   8.81631374       20.4300003    
   8.83298016       20.6399994    
   8.84964657       20.8500004    
   8.86631298       21.0599995    
   8.88297939       21.2700005    
   8.89964581       21.4699993    
   8.91631222       21.6800003    
   8.93297863       21.8899994    
   8.94964504       22.1000004    
   8.96631145       22.2999992    
   8.98297787       22.5100002    
   8.99964428       22.7199993    
   9.01631069       22.9200001    
   9.03297710       23.1299992    
   9.04964352       23.3299999    
   9.06630993       23.5400009    
   9.08297634       23.7500000    
   9.09964275       23.9500008    
   9.11630917       24.1599998    
   9.13297558       24.3600006    
   9.14964199       24.5599995    
   9.16630840       24.7700005    
   9.18297482       24.9699993    
   9.19964123       25.1800003    
   9.21630764       25.3799992    
   9.23297405       25.5799999    
   9.24964046       25.7800007    
   9.26630688       25.9799995    
   9.28297329       26.1900005    
   9.29963970       26.3899994    
   9.31630611       26.5900002    
   9.33297253       26.7900009    
   9.34963894       26.9899998    
   9.36630535       27.1800003    
   9.38297176       27.3799992    
   9.39963818       27.5799999    
   9.41630459       27.7800007    
   9.43297100       27.9699993    
   9.44963741       28.1700001    
   9.46630383       28.3700008    
   9.48297024       28.5599995    
   9.49963665       28.7600002    
   9.51630306       28.9500008    
   9.53296947       29.1399994    
   9.54963589       29.3400002    
   9.56630230       29.5300007    
   9.58296871       29.7199993    
   9.59963512       29.9099998    
   9.61630154       30.1000004    
   9.63296795       30.2900009    
   9.64963436       30.4799995    
   9.66630077       30.6599998    
   9.68296719       30.8500004    
   9.69963360       31.0400009    
   9.71630001       31.2199993    
   9.73296642       31.4099998    
   9.74963284       31.5900002    
   9.76629925       31.7800007    
   9.78296566       31.9599991    
   9.79963207       32.1399994    
   9.81629848       32.3199997    
   9.83296490       32.5000000    
   9.84963131       32.6800003    
   9.86629772       32.8600006    
   9.88296413       33.0400009    
   9.89963055       33.2200012    
   9.91629696       33.3899994    
   9.93296337       33.5699997    
   9.94962978       33.7400017    
   9.96629620       33.9199982    
   9.98296261       34.0900002    
   9.99962902       34.2599983    
   10.0162954       34.4300003    
   10.0329618       34.5999985    
   10.0496283       34.7700005    
   10.0662947       34.9399986    
   10.0829611       35.1100006    
   10.0996275       35.2799988    
   10.1162939       35.4399986    
   10.1329603       35.6100006    
   10.1496267       35.7700005    
   10.1662931       35.9300003    
   10.1829596       36.0999985    
   10.1996260       36.2599983    
   10.2162924       36.4199982    
   10.2329588       36.5800018    
   10.2496252       36.7299995    
   10.2662916       36.8899994    
   10.2829580       37.0499992    
   10.2996244       37.2000008    
   10.3162909       37.3600006    
   10.3329573       37.5099983    
   10.3496237       37.6599998    
   10.3662901       37.8100014    
   10.3829565       37.9599991    
   10.3996229       38.1100006    
   10.4162893       38.2599983    
   10.4329557       38.4099998    
   10.4496222       38.5499992    
   10.4662886       38.7000008    
   10.4829550       38.8400002    
   10.4996214       38.9799995    
   10.5162878       39.1199989    
   10.5329542       39.2599983    
   10.5496206       39.4000015    
   10.5662870       39.5400009    
   10.5829535       39.6800003    
   10.5996199       39.8100014    
   10.6162863       39.9500008    
   10.6329527       40.0800018    
   10.6496191       40.2099991    
   10.6662855       40.3499985    
   10.6829519       40.4799995    
   10.6996183       40.5999985    
   10.7162848       40.7299995    
   10.7329512       40.8600006    
   10.7496176       40.9799995    
   10.7662840       41.1100006    
   10.7829504       41.2299995    
   10.7996168       41.3499985    
   10.8162832       41.4799995    
   10.8329496       41.5900002    
   10.8496161       41.7099991    
   10.8662825       41.8300018    
   10.8829489       41.9500008    
   10.8996153       42.0600014    
   10.9162817       42.1800003    
   10.9329481       42.2900009    
   10.9496145       42.4000015    
   10.9662809       42.5099983    
   10.9829473       42.6199989    
   10.9996138       42.7200012    
   11.0162802       42.8300018    
   11.0329466       42.9399986    
   11.0496130       43.0400009    
   11.0662794       43.1399994    
   11.0829458       43.2400017    
   11.0996122       43.3400002    
   11.1162786       43.4399986    
   11.1329451       43.5400009    
   11.1496115       43.6399994    
   11.1662779       43.7299995    
   11.1829443       43.8300018    
   11.1996107       43.9199982    
   11.2162771       44.0099983    
   11.2329435       44.0999985    
   11.2496099       44.1899986    
   11.2662764       44.2700005    
   11.2829428       44.3600006    
   11.2996092       44.4399986    
   11.3162756       44.5299988    
   11.3329420       44.6100006    
   11.3496084       44.6899986    
   11.3662748       44.7700005    
   11.3829412       44.8499985    
   11.3996077       44.9199982    
   11.4162741       45.0000000    
   11.4329405       45.0800018    
   11.4496069       45.1500015    
   11.4662733       45.2200012    
   11.4829397       45.2900009    
   11.4996061       45.3600006    
   11.5162725       45.4300003    
   11.5329390       45.4900017    
   11.5496054       45.5600014    
   11.5662718       45.6199989    
   11.5829382       45.6800003    
   11.5996046       45.7400017    
   11.6162710       45.7999992    
   11.6329374       45.8600006    
   11.6496038       45.9199982    
   11.6662703       45.9700012    
   11.6829367       46.0299988    
   11.6996031       46.0800018    
   11.7162695       46.1300011    
   11.7329359       46.1800003    
   11.7496023       46.2299995    
   11.7662687       46.2799988    
   11.7829351       46.3199997    
   11.7996016       46.3699989    
   11.8162680       46.4099998    
   11.8329344       46.4500008    
   11.8496008       46.4900017    
   11.8662672       46.5299988    
   11.8829336       46.5699997    
   11.8996000       46.6100006    
   11.9162664       46.6399994    
   11.9329329       46.6800003    
   11.9495993       46.7099991    
   11.9662657       46.7400017    
   11.9829321       46.7700005    
   11.9995985       46.7999992    
   12.0162649       46.8199997    
   12.0329313       46.8499985    
   12.0495977       46.8699989    
   12.0662642       46.9000015    
   12.0829306       46.9199982    
   12.0995970       46.9399986    
   12.1162634       46.9599991    
   12.1329298       46.9700012    
   12.1495962       46.9900017    
   12.1662626       47.0000000    
   12.1829290       47.0099983    
   12.1995955       47.0299988    
   12.2162619       47.0400009    
   12.2329283       47.0499992    
   12.2495947       47.0499992    
   12.2662611       47.0600014    
   12.2829275       47.0600014    
   12.2995939       47.0699997    
   12.3162603       47.0699997    
   12.3329268       47.0699997    
   12.3495932       47.0699997    
   12.3662596       47.0600014    
   12.3829260       47.0600014    
   12.3995924       47.0499992    
   12.4162588       47.0499992    
   12.4329252       47.0400009    
   12.4495916       47.0299988    
   12.4662580       47.0200005    
   12.4829245       47.0099983    
   12.4995909       46.9900017    
   12.5162573       46.9799995    
   12.5329237       46.9599991    
   12.5495901       46.9399986    
   12.5662565       46.9300003    
   12.5829229       46.9099998    
   12.5995893       46.8800011    
   12.6162558       46.8600006    
   12.6329222       46.8300018    
   12.6495886       46.8100014    
   12.6662550       46.7799988    
   12.6829214       46.7500000    
   12.6995878       46.7200012    
   12.7162542       46.6899986    
   12.7329206       46.6599998    
   12.7495871       46.6199989    
   12.7662535       46.5900002    
   12.7829199       46.5499992    
   12.7995863       46.5099983    
   12.8162527       46.4700012    
   12.8329191       46.4300003    
   12.8495855       46.3899994    
   12.8662519       46.3400002    
   12.8829184       46.2999992    
   12.8995848       46.2500000    
   12.9162512       46.2000008    
   12.9329176       46.1500015    
   12.9495840       46.0999985    
   12.9662504       46.0499992    
   12.9829168       46.0000000    
   12.9995832       45.9399986    
   13.0162497       45.8899994    
   13.0329161       45.8300018    
   13.0495825       45.7700005    
   13.0662489       45.7099991    
   13.0829153       45.6500015    
   13.0995817       45.5800018    
   13.1162481       45.5200005    
   13.1329145       45.4599991    
   13.1495810       45.3899994    
   13.1662474       45.3199997    
   13.1829138       45.2500000    
   13.1995802       45.1800003    
   13.2162466       45.1100006    
   13.2329130       45.0299988    
   13.2495794       44.9599991    
   13.2662458       44.8800011    
   13.2829123       44.7999992    
   13.2995787       44.7299995    
   13.3162451       44.6500015    
   13.3329115       44.5600014    
   13.3495779       44.4799995    
   13.3662443       44.4000015    
   13.3829107       44.3100014    
   13.3995771       44.2200012    
   13.4162436       44.1399994    
   13.4329100       44.0499992    
   13.4495764       43.9599991    
   13.4662428       43.8600006    
   13.4829092       43.7700005    
   13.4995756       43.6800003    
   13.5162420       43.5800018    
   13.5329084       43.4900017    
   13.5495749       43.3899994    
   13.5662413       43.2900009    
   13.5829077       43.1899986    
   13.5995741       43.0800018    
   13.6162405       42.9799995    
   13.6329069       42.8800011    
   13.6495733       42.7700005    
   13.6662397       42.6599998    
   13.6829062       42.5600014    
   13.6995726       42.4500008    
   13.7162390       42.3400002    
   13.7329054       42.2200012    
   13.7495718       42.1100006    
   13.7662382       42.0000000    
   13.7829046       41.8800011    
   13.7995710       41.7599983    
   13.8162374       41.6500015    
   13.8329039       41.5299988    
   13.8495703       41.4099998    
   13.8662367       41.2799988    
   13.8829031       41.1599998    
   13.8995695       41.0400009    
   13.9162359       40.9099998    
   13.9329023       40.7900009    
   13.9495687       40.6599998    
   13.9662352       40.5299988    
   13.9829016       40.4000015    
   13.9995680       40.2700005    
   14.0162344       40.1399994    
   14.0329008       40.0099983    
   14.0495672       39.8699989    
   14.0662336       39.7400017    
   14.0829000       39.5999985    
   14.0995665       39.4599991    
   14.1162329       39.3199997    
   14.1328993       39.1800003    
   14.1495657       39.0400009    
   14.1662321       38.9000015    
   14.1828985       38.7599983    
   14.1995649       38.6100006    
   14.2162313       38.4700012    
   14.2328978       38.3199997    
   14.2495642       38.1800003    
   14.2662306       38.0299988    
   14.2828970       37.8800011    
   14.2995634       37.7299995    
   14.3162298       37.5800018    
   14.3328962       37.4199982    
   14.3495626       37.2700005    
   14.3662291       37.1100006    
   14.3828955       36.9599991    
   14.3995619       36.7999992    
   14.4162283       36.6399994    
   14.4328947       36.4900017    
   14.4495611       36.3300018    
   14.4662275       36.1699982    
   14.4828939       36.0099983    
   14.4995604       35.8400002    
   14.5162268       35.6800003    
   14.5328932       35.5099983    
   14.5495596       35.3499985    
   14.5662260       35.1800003    
   14.5828924       35.0200005    
   14.5995588       34.8499985    
   14.6162252       34.6800003    
   14.6328917       34.5099983    
   14.6495581       34.3400002    
   14.6662245       34.1699982    
   14.6828909       33.9900017    
   14.6995573       33.8199997    
   14.7162237       33.6500015    
   14.7328901       33.4700012    
   14.7495565       33.2900009    
   14.7662230       33.1199989    
   14.7828894       32.9399986    
   14.7995558       32.7599983    
   14.8162222       32.5800018    
   14.8328886       32.4000015    
   14.8495550       32.2200012    
   14.8662214       32.0400009    
   14.8828878       31.8600006    
   14.8995543       31.6700001    
   14.9162207       31.4899998    
   14.9328871       31.3099995    
   14.9495535       31.1200008    
   14.9662199       30.9300003    
   14.9828863       30.7500000    
   14.9995527       30.5599995    
   15.0162191       30.3700008    
   15.0328856       30.1800003    
   15.0495520       29.9899998    
   15.0662184       29.7999992    
   15.0828848       29.6100006    
   15.0995512       29.4200001    
   15.1162176       29.2299995    
   15.1328840       29.0300007    
   15.1495504       28.8400002    
   15.1662169       28.6499996    
   15.1828833       28.4500008    
   15.1995497       28.2600002    
   15.2162161       28.0599995    
   15.2328825       27.8600006    
   15.2495489       27.6700001    
   15.2662153       27.4699993    
   15.2828817       27.2700005    
   15.2995481       27.0699997    
   15.3162146       26.8700008    
   15.3328810       26.6700001    
   15.3495474       26.4699993    
   15.3662138       26.2700005    
   15.3828802       26.0699997    
   15.3995466       25.8700008    
   15.4162130       25.6700001    
   15.4328794       25.4699993    
   15.4495459       25.2600002    
   15.4662123       25.0599995    
   15.4828787       24.8600006    
   15.4995451       24.6499996    
   15.5162115       24.4500008    
   15.5328779       24.2500000    
   15.5495443       24.0400009    
   15.5662107       23.8400002    
   15.5828772       23.6299992    
   15.5995436       23.4300003    
   15.6162100       23.2199993    
   15.6328764       23.0100002    
   15.6495428       22.8099995    
   15.6662092       22.6000004    
   15.6828756       22.3899994    
   15.6995420       22.1900005    
   15.7162085       21.9799995    
   15.7328749       21.7700005    
   15.7495413       21.5599995    
   15.7662077       21.3600006    
   15.7828741       21.1499996    
   15.7995405       20.9400005    
   15.8162069       20.7299995    
   15.8328733       20.5200005    
   15.8495398       20.3199997    
   15.8662062       20.1100006    
   15.8828726       19.8999996    
   15.8995390       19.6900005    
   15.9162054       19.4799995    
   15.9328718       19.2800007    
   15.9495382       19.0699997    
   15.9662046       18.8600006    
   15.9828711       18.6499996    
   15.9995375       18.4400005    
   16.0162029       18.2399998    
   16.0328693       18.0300007    
   16.0495358       17.8199997    
   16.0662022       17.6200008    
   16.0828686       17.4099998    
   16.0995350       17.2000008    
   16.1162014       17.0000000    
   16.1328678       16.7900009    
   16.1495342       16.5799999    
   16.1662006       16.3799992    
   16.1828671       16.1700001    
   16.1995335       15.9700003    
   16.2161999       15.7600002    
   16.2328663       15.5600004    
   16.2495327       15.3599997    
   16.2661991       15.1499996    
   16.2828655       14.9499998    
   16.2995319       14.7500000    
   16.3161983       14.5400000    
   16.3328648       14.3400002    
   16.3495312       14.1400003    
   16.3661976       13.9399996    
   16.3828640       13.7399998    
   16.3995304       13.5400000    
   16.4161968       13.3400002    
   16.4328632       13.1499996    
   16.4495296       12.9499998    
   16.4661961       12.7500000    
   16.4828625       12.5600004    
   16.4995289       12.3599997    
   16.5161953       12.1700001    
   16.5328617       11.9700003    
   16.5495281       11.7799997    
   16.5661945       11.5900002    
   16.5828609       11.3999996    
   16.5995274       11.2100000    
   16.6161938       11.0200005    
   16.6328602       10.8299999    
   16.6495266       10.6400003    
   16.6661930       10.4600000    
   16.6828594       10.2700005    
   16.6995258       10.0900002    
   16.7161922       9.90400028    
   16.7328587       9.72200012    
   16.7495251       9.53999996    
   16.7661915       9.35999966    
   16.7828579       9.18200016    
   16.7995243       9.00399971    
   16.8161907       8.82699966    
   16.8328571       8.65200043    
   16.8495235       8.47799969    
   16.8661900       8.30500031    
   16.8828564       8.13399982    
   16.8995228       7.96299982    
   16.9161892       7.79400015    
   16.9328556       7.62699986    
   16.9495220       7.46000004    
   16.9661884       7.29600000    
   16.9828548       7.13199997    
   16.9995213       6.96999979    
   17.0161877       6.80900002    
   17.0328541       6.65000010    
   17.0495205       6.49300003    
   17.0661869       6.33699989    
   17.0828533       6.18200016    
   17.0995197       6.02899981    
   17.1161861       5.87699986    
   17.1328526       5.72700024    
   17.1495190       5.57900000    
   17.1661854       5.43200016    
   17.1828518       5.28700018    
   17.1995182       5.14300013    
   17.2161846       5.00099993    
   17.2328510       4.86000013    
   17.2495174       4.72100019    
   17.2661839       4.58400011    
   17.2828503       4.44899988    
   17.2995167       4.31400013    
   17.3161831       4.18200016    
   17.3328495       4.05100012    
   17.3495159       3.92199993    
   17.3661823       3.79500008    
   17.3828487       3.66899991    
   17.3995152       3.54399991    
   17.4161816       3.42199993    
   17.4328480       3.30100012    
   17.4495144       3.18199992    
   17.4661808       3.06399989    
   17.4828472       2.94799995    
   17.4995136       2.83299994    
   17.5161800       2.72000003    
   17.5328465       2.60899997    
   17.5495129       2.49900007    
   17.5661793       2.39100003    
   17.5828457       2.28500009    
   17.5995121       2.18000007    
   17.6161785       2.07699990    
   17.6328449       1.97599995    
   17.6495113       1.87699997    
   17.6661777       1.77900004    
   17.6828442       1.68299997    
   17.6995106       1.58899999    
   17.7161770       1.49699998    
   17.7328434       1.40699995    
   17.7495098       1.31900001    
   17.7661762       1.23300004    
   17.7828426       1.14999998    
   17.7995090       1.06900001    
   17.8161755      0.989899993    
   17.8328419      0.913699985    
   17.8495083      0.840099990    
   17.8661747      0.769400001    
   17.8828411      0.701799989    
   17.8995075      0.637700021    
   17.9161739      0.577400029    
   17.9328403      0.514500022    
   17.9495068      0.449999988    
   17.9661732      0.396699995    
   17.9828396      0.352800012    
   17.9995060      0.316399992    
   18.0161724      0.266700000    
   18.0328388      0.231199995    
   18.0495052      0.198200002    
   18.0661716      0.165999994    
   18.0828381      0.138600007    
   18.0995045      0.114900000    
   18.1161709       9.47199985E-02
   18.1328373       7.77399987E-02
   18.1495037       6.21099994E-02
   18.1661701       4.97299992E-02
   18.1828365       3.96500006E-02
   18.1995029       3.13000008E-02
   18.2161694       2.43500005E-02
   18.2328358       1.89299993E-02
   18.2495022       1.46300001E-02
   18.2661686       1.12100001E-02
   18.2828350       8.52600019E-03
   18.2995014       6.45099999E-03
   18.3161678       4.81599988E-03
   18.3328342       3.49400006E-03
   18.3495007       2.51800008E-03
   18.3661671       1.78000005E-03
   18.3828335       1.21500005E-03
   18.3994999       8.09399993E-04
   18.4161663       5.21400012E-04
   18.4328327       3.18800012E-04
   18.4494991       1.77700000E-04
   18.4661655       7.82999996E-05
   18.4828320       2.36899996E-05
   18.4994984       2.70900000E-06
   18.5161648       5.76400012E-08
   18.5328312       6.27700003E-10
   18.5494976       1.50599997E-12
   18.5661640       3.91600007E-16
   18.5828304       0.00000000    
   18.5994968       0.00000000    
   18.6161633       0.00000000    
   18.6328297       0.00000000    
   18.6494961       0.00000000    
   18.6661625       0.00000000    
   18.6828289       0.00000000    
   18.6994953       0.00000000    
   18.7161617       0.00000000    
   18.7328281       0.00000000    
   18.7494946       0.00000000    
   18.7661610       0.00000000    
   18.7828274       0.00000000    
   18.7994938       0.00000000    
   18.8161602       0.00000000    
   18.8328266       0.00000000    
   18.8494930       0.00000000    
   18.8661594       0.00000000    
   18.8828259       0.00000000    
   18.8994923       0.00000000    
   18.9161587       0.00000000    
   18.9328251       0.00000000    
   18.9494915       0.00000000    
   18.9661579       0.00000000    
   18.9828243       0.00000000    
   18.9994907       0.00000000    
   19.0161572       0.00000000    
   19.0328236       0.00000000    
   19.0494900       0.00000000    
   19.0661564       0.00000000    
   19.0828228       0.00000000    
   19.0994892       0.00000000    
   19.1161556       0.00000000    
   19.1328220       0.00000000    
   19.1494884       0.00000000    
   19.1661549       0.00000000    
   19.1828213       0.00000000    
   19.1994877       0.00000000    
   19.2161541       0.00000000    
   19.2328205       0.00000000    
   19.2494869       0.00000000    
   19.2661533       0.00000000    
   19.2828197       0.00000000    
   19.2994862       0.00000000    
   19.3161526       0.00000000    
   19.3328190       0.00000000    
   19.3494854       0.00000000    
   19.3661518       0.00000000    
   19.3828182       0.00000000    
   19.3994846       0.00000000    
   19.4161510       0.00000000    
   19.4328175       0.00000000    
   19.4494839       0.00000000    
   19.4661503       0.00000000    
   19.4828167       0.00000000    
   19.4994831       0.00000000    
   19.5161495       0.00000000    
   19.5328159       0.00000000    
   19.5494823       0.00000000    
   19.5661488       0.00000000    
   19.5828152       0.00000000    
   19.5994816       0.00000000    
   19.6161480       0.00000000    
   19.6328144       0.00000000    
   19.6494808       0.00000000    
   19.6661472       0.00000000    
   19.6828136       0.00000000    
   19.6994801       0.00000000    
   19.7161465       0.00000000    
   19.7328129       0.00000000    
   19.7494793       0.00000000    
   19.7661457       0.00000000    
   19.7828121       0.00000000    
   19.7994785       0.00000000    
   19.8161449       0.00000000    
   19.8328114       0.00000000    
   19.8494778       0.00000000    
   19.8661442       0.00000000    
   19.8828106       0.00000000    
   19.8994770       0.00000000    
   19.9161434       0.00000000    
   19.9328098       0.00000000    
   19.9494762       0.00000000    
   19.9661427       0.00000000    
   19.9828091       0.00000000    
   19.9994755       0.00000000    
   20.0161419       0.00000000    
   20.0328083       0.00000000    
   20.0494747       0.00000000    
   20.0661411       0.00000000    
   20.0828075       0.00000000    
   20.0994740       0.00000000    
   20.1161404       0.00000000    
   20.1328068       0.00000000    
   20.1494732       0.00000000    
   20.1661396       0.00000000    
   20.1828060       0.00000000    
   20.1994724       0.00000000    
   20.2161388       0.00000000    
   20.2328053       0.00000000    
   20.2494717       0.00000000    
   20.2661381       0.00000000    
   20.2828045       0.00000000    
   20.2994709       0.00000000    
   20.3161373       0.00000000    
   20.3328037       0.00000000    
   20.3494701       0.00000000    
   20.3661366       0.00000000    
   20.3828030       0.00000000    
   20.3994694       0.00000000    
   20.4161358       0.00000000    
   20.4328022       0.00000000    
   20.4494686       0.00000000    
   20.4661350       0.00000000    
   20.4828014       0.00000000    
   20.4994678       0.00000000    
   20.5161343       0.00000000    
   20.5328007       0.00000000    
   20.5494671       0.00000000    
   20.5661335       0.00000000    
   20.5827999       0.00000000    
   20.5994663       0.00000000    
   20.6161327       0.00000000    
   20.6327991       0.00000000    
   20.6494656       0.00000000    
   20.6661320       0.00000000    
   20.6827984       0.00000000    
   20.6994648       0.00000000    
   20.7161312       0.00000000    
   20.7327976       0.00000000    
   20.7494640       0.00000000    
   20.7661304       0.00000000    
   20.7827969       0.00000000    
   20.7994633       0.00000000    
   20.8161297       0.00000000    
   20.8327961       0.00000000    
   20.8494625       0.00000000    
   20.8661289       0.00000000    
   20.8827953       0.00000000    
   20.8994617       0.00000000    
   20.9161282       0.00000000    
   20.9327946       0.00000000    
   20.9494610       0.00000000    
   20.9661274       0.00000000    
   20.9827938       0.00000000    
   20.9994602       0.00000000    
   21.0161266       0.00000000    
   21.0327930       0.00000000    
   21.0494595       0.00000000    
   21.0661259       0.00000000    
   21.0827923       0.00000000    
   21.0994587       0.00000000    
   21.1161251       0.00000000    
   21.1327915       0.00000000    
   21.1494579       0.00000000    
   21.1661243       0.00000000    
   21.1827908       0.00000000    
   21.1994572       0.00000000    
   21.2161236       0.00000000    
   21.2327900       0.00000000    
   21.2494564       0.00000000    
   21.2661228       0.00000000    
   21.2827892       0.00000000    
   21.2994556       0.00000000    
   21.3161221       0.00000000    
   21.3327885       0.00000000    
   21.3494549       0.00000000    
   21.3661213       0.00000000    
   21.3827877       0.00000000    
   21.3994541       0.00000000    
   21.4161205       0.00000000    
   21.4327869       0.00000000    
   21.4494534       0.00000000    
   21.4661198       0.00000000    
   21.4827862       0.00000000    
   21.4994526       0.00000000    
   21.5161190       0.00000000    
   21.5327854       0.00000000    
   21.5494518       0.00000000    
   21.5661182       0.00000000    
   21.5827847       0.00000000    
   21.5994511       0.00000000    
   21.6161175       0.00000000    
   21.6327839       0.00000000    
   21.6494503       0.00000000    
   21.6661167       0.00000000    
   21.6827831       0.00000000    
   21.6994495       0.00000000    
   21.7161160       0.00000000    
   21.7327824       0.00000000    
   21.7494488       0.00000000    
   21.7661152       0.00000000    
   21.7827816       0.00000000    
   21.7994480       0.00000000    
   21.8161144       0.00000000    
   21.8327808       0.00000000    
   21.8494473       0.00000000    
   21.8661137       0.00000000    
   21.8827801       0.00000000    
   21.8994465       0.00000000    
   21.9161129       0.00000000    
   21.9327793       0.00000000    
   21.9494457       0.00000000    
   21.9661121       0.00000000    
   21.9827785       0.00000000    
   21.9994450       0.00000000    
   22.0161114       0.00000000    
   22.0327778       0.00000000    
   22.0494442       0.00000000    
   22.0661106       0.00000000    
   22.0827770       0.00000000    
   22.0994434       0.00000000    
   22.1161098       0.00000000    
   22.1327763       0.00000000    
   22.1494427       0.00000000    
   22.1661091       0.00000000    
   22.1827755       0.00000000    
   22.1994419       0.00000000    
   22.2161083       0.00000000    
   22.2327747       0.00000000    
   22.2494411       0.00000000    
   22.2661076       0.00000000    
   22.2827740       0.00000000    
   22.2994404       0.00000000    
   22.3161068       0.00000000    
   22.3327732       0.00000000    
   22.3494396       0.00000000    
   22.3661060       0.00000000    
   22.3827724       0.00000000    
   22.3994389       0.00000000    
   22.4161053       0.00000000    
   22.4327717       0.00000000    
   22.4494381       0.00000000    
   22.4661045       0.00000000    
   22.4827709       0.00000000    
   22.4994373       0.00000000    
   22.5161037       0.00000000    
   22.5327702       0.00000000    
   22.5494366       0.00000000    
   22.5661030       0.00000000    
   22.5827694       0.00000000    
   22.5994358       0.00000000    
   22.6161022       0.00000000    
   22.6327686       0.00000000    
   22.6494350       0.00000000    
   22.6661015       0.00000000    
   22.6827679       0.00000000    
   22.6994343       0.00000000    
   22.7161007       0.00000000    
   22.7327671       0.00000000    
   22.7494335       0.00000000    
   22.7660999       0.00000000    
   22.7827663       0.00000000    
   22.7994328       0.00000000    
   22.8160992       0.00000000    
   22.8327656       0.00000000    
   22.8494320       0.00000000    
   22.8660984       0.00000000    
   22.8827648       0.00000000    
   22.8994312       0.00000000    
   22.9160976       0.00000000    
   22.9327641       0.00000000    
   22.9494305       0.00000000    
   22.9660969       0.00000000    
   22.9827633       0.00000000    
   22.9994297       0.00000000    
   23.0160961       0.00000000    
   23.0327625       0.00000000    
   23.0494289       0.00000000    
   23.0660954       0.00000000    
   23.0827618       0.00000000    
   23.0994282       0.00000000    
   23.1160946       0.00000000    
   23.1327610       0.00000000    
   23.1494274       0.00000000    
   23.1660938       0.00000000    
   23.1827602       0.00000000    
   23.1994267       0.00000000    
   23.2160931       0.00000000    
   23.2327595       0.00000000    
   23.2494259       0.00000000    
   23.2660923       0.00000000    
   23.2827587       0.00000000    
   23.2994251       0.00000000    
   23.3160915       0.00000000    
   23.3327579       0.00000000    
   23.3494244       0.00000000    
   23.3660908       0.00000000    
   23.3827572       0.00000000    
   23.3994236       0.00000000    
   23.4160900       0.00000000    
   23.4327564       0.00000000    
   23.4494228       0.00000000    
   23.4660892       0.00000000    
   23.4827557       0.00000000    
   23.4994221       0.00000000    
   23.5160885       0.00000000    
   23.5327549       0.00000000    
   23.5494213       0.00000000    
   23.5660877       0.00000000    
   23.5827541       0.00000000    
   23.5994205       0.00000000    
   23.6160870       0.00000000    
   23.6327534       0.00000000    
   23.6494198       0.00000000    
   23.6660862       0.00000000    
   23.6827526       0.00000000    
   23.6994190       0.00000000    
   23.7160854       0.00000000    
   23.7327518       0.00000000    
   23.7494183       0.00000000    
   23.7660847       0.00000000    
   23.7827511       0.00000000    
   23.7994175       0.00000000    
   23.8160839       0.00000000    
   23.8327503       0.00000000    
   23.8494167       0.00000000    
   23.8660831       0.00000000    
   23.8827496       0.00000000    
   23.8994160       0.00000000    
   23.9160824       0.00000000    
   23.9327488       0.00000000    
   23.9494152       0.00000000    
   23.9660816       0.00000000    
   23.9827480       0.00000000    
