   0.00000000       0.00000000    
   1.66660007E-02   0.00000000    
   3.33320014E-02   0.00000000    
   4.99980003E-02   0.00000000    
   6.66640028E-02   0.00000000    
   8.33300054E-02   0.00000000    
   9.99960080E-02   0.00000000    
  0.116662011       0.00000000    
  0.133328006       0.00000000    
  0.149994001       0.00000000    
  0.166659996       0.00000000    
  0.183325991       0.00000000    
  0.199991986       0.00000000    
  0.216657981       0.00000000    
  0.233323976       0.00000000    
  0.249989972       0.00000000    
  0.266655982       0.00000000    
  0.283321977       0.00000000    
  0.299987972       0.00000000    
  0.316653967       0.00000000    
  0.333319962       0.00000000    
  0.349985957       0.00000000    
  0.366651952       0.00000000    
  0.383317947       0.00000000    
  0.399983943       0.00000000    
  0.416649938       0.00000000    
  0.433315933       0.00000000    
  0.449981928       0.00000000    
  0.466647923       0.00000000    
  0.483313918       0.00000000    
  0.499979913       0.00000000    
  0.516645908       0.00000000    
  0.533311903       0.00000000    
  0.549977899       0.00000000    
  0.566643894       0.00000000    
  0.583309889       0.00000000    
  0.599975884       0.00000000    
  0.616641879       0.00000000    
  0.633307874       0.00000000    
  0.649973869       0.00000000    
  0.666639864       0.00000000    
  0.683305860       0.00000000    
  0.699971855       0.00000000    
  0.716637850       0.00000000    
  0.733303845       0.00000000    
  0.749969840       0.00000000    
  0.766635835       0.00000000    
  0.783301830       0.00000000    
  0.799967825       0.00000000    
  0.816633821       0.00000000    
  0.833299816       0.00000000    
  0.849965811       0.00000000    
  0.866631806       0.00000000    
  0.883297801       0.00000000    
  0.899963796       0.00000000    
  0.916629791       0.00000000    
  0.933295786       0.00000000    
  0.949961782       0.00000000    
  0.966627777       0.00000000    
  0.983293772       0.00000000    
  0.999959767       0.00000000    
   1.01662576       0.00000000    
   1.03329182       0.00000000    
   1.04995787       0.00000000    
   1.06662393       0.00000000    
   1.08328998       0.00000000    
   1.09995604       0.00000000    
   1.11662209       0.00000000    
   1.13328815       0.00000000    
   1.14995420       0.00000000    
   1.16662025       0.00000000    
   1.18328631       0.00000000    
   1.19995236       0.00000000    
   1.21661842       0.00000000    
   1.23328447       0.00000000    
   1.24995053       0.00000000    
   1.26661658       0.00000000    
   1.28328264       0.00000000    
   1.29994869       0.00000000    
   1.31661475       0.00000000    
   1.33328080       0.00000000    
   1.34994686       0.00000000    
   1.36661291       0.00000000    
   1.38327897       0.00000000    
   1.39994502       0.00000000    
   1.41661108       0.00000000    
   1.43327713       0.00000000    
   1.44994318       0.00000000    
   1.46660924       0.00000000    
   1.48327529       0.00000000    
   1.49994135       0.00000000    
   1.51660740       0.00000000    
   1.53327346       0.00000000    
   1.54993951       0.00000000    
   1.56660557       0.00000000    
   1.58327162       0.00000000    
   1.59993768       0.00000000    
   1.61660373       0.00000000    
   1.63326979       0.00000000    
   1.64993584       0.00000000    
   1.66660190       0.00000000    
   1.68326795       0.00000000    
   1.69993401       0.00000000    
   1.71660006       0.00000000    
   1.73326612       0.00000000    
   1.74993217       0.00000000    
   1.76659822       0.00000000    
   1.78326428       0.00000000    
   1.79993033       0.00000000    
   1.81659639       0.00000000    
   1.83326244       0.00000000    
   1.84992850       0.00000000    
   1.86659455       0.00000000    
   1.88326061       0.00000000    
   1.89992666       0.00000000    
   1.91659272       0.00000000    
   1.93325877       0.00000000    
   1.94992483       0.00000000    
   1.96659088       0.00000000    
   1.98325694       0.00000000    
   1.99992299       0.00000000    
   2.01658893       0.00000000    
   2.03325486       0.00000000    
   2.04992080       0.00000000    
   2.06658673       0.00000000    
   2.08325267       0.00000000    
   2.09991860       0.00000000    
   2.11658454       0.00000000    
   2.13325047       0.00000000    
   2.14991641       0.00000000    
   2.16658235       0.00000000    
   2.18324828       0.00000000    
   2.19991422       0.00000000    
   2.21658015       0.00000000    
   2.23324609       0.00000000    
   2.24991202       0.00000000    
   2.26657796       0.00000000    
   2.28324389       0.00000000    
   2.29990983       0.00000000    
   2.31657577       0.00000000    
   2.33324170       0.00000000    
   2.34990764       0.00000000    
   2.36657357       0.00000000    
   2.38323951       0.00000000    
   2.39990544       0.00000000    
   2.41657138       0.00000000    
   2.43323731       0.00000000    
   2.44990325       0.00000000    
   2.46656919       0.00000000    
   2.48323512       0.00000000    
   2.49990106       0.00000000    
   2.51656699       0.00000000    
   2.53323293       0.00000000    
   2.54989886       0.00000000    
   2.56656480       0.00000000    
   2.58323073       0.00000000    
   2.59989667       0.00000000    
   2.61656260       0.00000000    
   2.63322854       0.00000000    
   2.64989448       0.00000000    
   2.66656041       0.00000000    
   2.68322635       0.00000000    
   2.69989228       0.00000000    
   2.71655822       0.00000000    
   2.73322415       0.00000000    
   2.74989009       0.00000000    
   2.76655602       0.00000000    
   2.78322196       0.00000000    
   2.79988790       0.00000000    
   2.81655383       0.00000000    
   2.83321977       0.00000000    
   2.84988570       0.00000000    
   2.86655164       0.00000000    
   2.88321757       0.00000000    
   2.89988351       0.00000000    
   2.91654944       0.00000000    
   2.93321538       0.00000000    
   2.94988132       0.00000000    
   2.96654725       0.00000000    
   2.98321319       0.00000000    
   2.99987912       0.00000000    
   3.01654506       0.00000000    
   3.03321099       0.00000000    
   3.04987693       0.00000000    
   3.06654286       0.00000000    
   3.08320880       0.00000000    
   3.09987473       0.00000000    
   3.11654067       0.00000000    
   3.13320661       0.00000000    
   3.14987254       0.00000000    
   3.16653848       0.00000000    
   3.18320441       0.00000000    
   3.19987035       0.00000000    
   3.21653628       0.00000000    
   3.23320222       0.00000000    
   3.24986815       0.00000000    
   3.26653409       0.00000000    
   3.28320003       0.00000000    
   3.29986596       0.00000000    
   3.31653190       0.00000000    
   3.33319783       0.00000000    
   3.34986377       0.00000000    
   3.36652970       0.00000000    
   3.38319564       0.00000000    
   3.39986157       0.00000000    
   3.41652751       0.00000000    
   3.43319345       0.00000000    
   3.44985938       0.00000000    
   3.46652532       0.00000000    
   3.48319125       0.00000000    
   3.49985719       0.00000000    
   3.51652312       0.00000000    
   3.53318906       0.00000000    
   3.54985499       0.00000000    
   3.56652093       0.00000000    
   3.58318686       0.00000000    
   3.59985280       0.00000000    
   3.61651874       0.00000000    
   3.63318467       0.00000000    
   3.64985061       0.00000000    
   3.66651654       0.00000000    
   3.68318248       0.00000000    
   3.69984841       0.00000000    
   3.71651435       0.00000000    
   3.73318028       0.00000000    
   3.74984622       0.00000000    
   3.76651216       0.00000000    
   3.78317809       0.00000000    
   3.79984403       0.00000000    
   3.81650996       0.00000000    
   3.83317590       0.00000000    
   3.84984183       0.00000000    
   3.86650777       0.00000000    
   3.88317370       0.00000000    
   3.89983964       0.00000000    
   3.91650558       0.00000000    
   3.93317151       0.00000000    
   3.94983745       0.00000000    
   3.96650338       0.00000000    
   3.98316932       0.00000000    
   3.99983525       0.00000000    
   4.01650143       0.00000000    
   4.03316736       0.00000000    
   4.04983330       0.00000000    
   4.06649923       0.00000000    
   4.08316517       0.00000000    
   4.09983110       0.00000000    
   4.11649704       0.00000000    
   4.13316298       0.00000000    
   4.14982891       0.00000000    
   4.16649485       0.00000000    
   4.18316078       0.00000000    
   4.19982672       0.00000000    
   4.21649265       0.00000000    
   4.23315859       0.00000000    
   4.24982452       0.00000000    
   4.26649046       0.00000000    
   4.28315639       0.00000000    
   4.29982233       0.00000000    
   4.31648827       0.00000000    
   4.33315420       0.00000000    
   4.34982014       0.00000000    
   4.36648607       0.00000000    
   4.38315201       0.00000000    
   4.39981794       0.00000000    
   4.41648388       0.00000000    
   4.43314981       0.00000000    
   4.44981575       0.00000000    
   4.46648169       0.00000000    
   4.48314762       0.00000000    
   4.49981356       0.00000000    
   4.51647949       0.00000000    
   4.53314543       0.00000000    
   4.54981136       0.00000000    
   4.56647730       0.00000000    
   4.58314323       0.00000000    
   4.59980917       0.00000000    
   4.61647511       0.00000000    
   4.63314104       0.00000000    
   4.64980698       0.00000000    
   4.66647291       0.00000000    
   4.68313885       0.00000000    
   4.69980478       0.00000000    
   4.71647072       0.00000000    
   4.73313665       0.00000000    
   4.74980259       0.00000000    
   4.76646852       0.00000000    
   4.78313446       0.00000000    
   4.79980040       0.00000000    
   4.81646633       0.00000000    
   4.83313227       0.00000000    
   4.84979820       0.00000000    
   4.86646414       0.00000000    
   4.88313007       0.00000000    
   4.89979601       0.00000000    
   4.91646194       0.00000000    
   4.93312788       0.00000000    
   4.94979382       0.00000000    
   4.96645975       0.00000000    
   4.98312569       0.00000000    
   4.99979162       0.00000000    
   5.01645756       0.00000000    
   5.03312349       0.00000000    
   5.04978943       0.00000000    
   5.06645536       0.00000000    
   5.08312130       0.00000000    
   5.09978724       0.00000000    
   5.11645317       0.00000000    
   5.13311911       0.00000000    
   5.14978504       0.00000000    
   5.16645098       0.00000000    
   5.18311691       0.00000000    
   5.19978285       0.00000000    
   5.21644878       0.00000000    
   5.23311472       0.00000000    
   5.24978065       0.00000000    
   5.26644659       0.00000000    
   5.28311253       0.00000000    
   5.29977846       0.00000000    
   5.31644440       0.00000000    
   5.33311033       0.00000000    
   5.34977627       0.00000000    
   5.36644220       0.00000000    
   5.38310814       0.00000000    
   5.39977407       0.00000000    
   5.41644001       0.00000000    
   5.43310595       0.00000000    
   5.44977188       0.00000000    
   5.46643782       0.00000000    
   5.48310375       0.00000000    
   5.49976969       0.00000000    
   5.51643562       0.00000000    
   5.53310156       0.00000000    
   5.54976749       0.00000000    
   5.56643343       0.00000000    
   5.58309937       0.00000000    
   5.59976530       0.00000000    
   5.61643124       0.00000000    
   5.63309717       0.00000000    
   5.64976311       0.00000000    
   5.66642904       0.00000000    
   5.68309498       0.00000000    
   5.69976091       0.00000000    
   5.71642685       0.00000000    
   5.73309278       0.00000000    
   5.74975872       0.00000000    
   5.76642466       0.00000000    
   5.78309059       0.00000000    
   5.79975653       0.00000000    
   5.81642246       0.00000000    
   5.83308840       0.00000000    
   5.84975433       0.00000000    
   5.86642027       0.00000000    
   5.88308620       0.00000000    
   5.89975214       0.00000000    
   5.91641808       0.00000000    
   5.93308401       0.00000000    
   5.94974995       0.00000000    
   5.96641588       0.00000000    
   5.98308182       0.00000000    
   5.99974775       0.00000000    
   6.01641369       0.00000000    
   6.03307962       0.00000000    
   6.04974556       0.00000000    
   6.06641150       0.00000000    
   6.08307743       0.00000000    
   6.09974337       0.00000000    
   6.11640930       0.00000000    
   6.13307524       0.00000000    
   6.14974117       0.00000000    
   6.16640711       0.00000000    
   6.18307304       0.00000000    
   6.19973898       0.00000000    
   6.21640491       0.00000000    
   6.23307085       0.00000000    
   6.24973679       0.00000000    
   6.26640272       0.00000000    
   6.28306866       0.00000000    
   6.29973459       0.00000000    
   6.31640053       0.00000000    
   6.33306646       0.00000000    
   6.34973240       0.00000000    
   6.36639833       0.00000000    
   6.38306427       0.00000000    
   6.39973021       0.00000000    
   6.41639614       0.00000000    
   6.43306208       0.00000000    
   6.44972801       0.00000000    
   6.46639395       0.00000000    
   6.48305988       0.00000000    
   6.49972582       0.00000000    
   6.51639175       0.00000000    
   6.53305769       0.00000000    
   6.54972363       0.00000000    
   6.56638956       8.00500022E-29
   6.58305550       5.50899986E-21
   6.59972143       2.03300001E-17
   6.61638737       1.41100002E-14
   6.63305330       3.44300001E-12
   6.64971924       5.02899999E-10
   6.66638517       6.83299994E-09
   6.68305111       2.82600006E-08
   6.69971704       7.54900000E-08
   6.71638298       1.57000002E-07
   6.73304892       2.93600010E-07
   6.74971485       5.24399979E-07
   6.76638079       9.03199975E-07
   6.78304672       1.46699995E-06
   6.79971266       2.22900007E-06
   6.81637859       3.30600005E-06
   6.83304453       4.58400018E-06
   6.84971046       6.23999995E-06
   6.86637640       8.40800021E-06
   6.88304234       1.11899999E-05
   6.89970827       1.45300000E-05
   6.91637421       1.84500004E-05
   6.93304014       2.32399998E-05
   6.94970608       2.92500008E-05
   6.96637201       3.68000001E-05
   6.98303795       4.46199992E-05
   6.99970388       5.54299986E-05
   7.01636982       6.63199971E-05
   7.03303576       7.92400024E-05
   7.04970169       9.43799969E-05
   7.06636763       1.11800000E-04
   7.08303356       1.31299996E-04
   7.09969950       1.53600005E-04
   7.11636543       1.79600000E-04
   7.13303137       2.07200006E-04
   7.14969730       2.34599996E-04
   7.16636324       2.74299993E-04
   7.18302917       3.02800006E-04
   7.19969511       3.36900004E-04
   7.21636105       3.77799995E-04
   7.23302698       4.26699989E-04
   7.24969292       4.79000009E-04
   7.26635885       5.26199990E-04
   7.28302479       5.76800026E-04
   7.29969072       6.30500028E-04
   7.31635666       6.87099993E-04
   7.33302259       7.46499980E-04
   7.34968853       8.08599987E-04
   7.36635447       8.73200013E-04
   7.38302040       9.40800004E-04
   7.39968634       1.01100001E-03
   7.41635227       1.08399999E-03
   7.43301821       1.15899998E-03
   7.44968414       1.23699999E-03
   7.46635008       1.31800002E-03
   7.48301601       1.40199997E-03
   7.49968195       1.48800004E-03
   7.51634789       1.57700002E-03
   7.53301382       1.66800001E-03
   7.54967976       1.76200003E-03
   7.56634569       1.85899995E-03
   7.58301163       1.95900002E-03
   7.59967756       2.06200010E-03
   7.61634350       2.16799998E-03
   7.63300943       2.27600010E-03
   7.64967537       2.38700002E-03
   7.66634130       2.50199996E-03
   7.68300724       2.61899992E-03
   7.69967318       2.73899990E-03
   7.71633911       2.86299991E-03
   7.73300505       2.98899994E-03
   7.74967098       3.11799999E-03
   7.76633692       3.25100007E-03
   7.78300285       3.38699995E-03
   7.79966879       3.52600007E-03
   7.81633472       3.66900000E-03
   7.83300066       3.81499995E-03
   7.84966660       3.96399992E-03
   7.86633253       4.11600014E-03
   7.88299847       4.27199993E-03
   7.89966440       4.43200022E-03
   7.91633034       4.59499983E-03
   7.93299627       4.76199994E-03
   7.94966221       4.93199984E-03
   7.96632814       5.10600023E-03
   7.98299408       5.28400019E-03
   7.99966002       5.46600018E-03
   8.01632595       5.65099996E-03
   8.03299236       5.84000023E-03
   8.04965878       6.03300007E-03
   8.06632519       6.22999994E-03
   8.08299160       6.43099984E-03
   8.09965801       6.63700001E-03
   8.11632442       6.84599997E-03
   8.13299084       7.05899997E-03
   8.14965725       7.27599999E-03
   8.16632366       7.49799982E-03
   8.18299007       7.72400014E-03
   8.19965649       7.95399956E-03
   8.21632290       8.18900019E-03
   8.23298931       8.42799991E-03
   8.24965572       8.67099967E-03
   8.26632214       8.91899969E-03
   8.28298855       9.17099975E-03
   8.29965496       9.42800008E-03
   8.31632137       9.68900044E-03
   8.33298779       9.95500013E-03
   8.34965420       1.02300001E-02
   8.36632061       1.04999999E-02
   8.38298702       1.07800001E-02
   8.39965343       1.10700000E-02
   8.41631985       1.13599999E-02
   8.43298626       1.16499998E-02
   8.44965267       1.19500002E-02
   8.46631908       1.22499997E-02
   8.48298550       1.25599997E-02
   8.49965191       1.28800003E-02
   8.51631832       1.31999999E-02
   8.53298473       1.35199996E-02
   8.54965115       1.38499998E-02
   8.56631756       1.41799999E-02
   8.58298397       1.45199997E-02
   8.59965038       1.48700001E-02
   8.61631680       1.52099999E-02
   8.63298321       1.55699998E-02
   8.64964962       1.59300007E-02
   8.66631603       1.62899997E-02
   8.68298244       1.66599993E-02
   8.69964886       1.70399994E-02
   8.71631527       1.74199995E-02
   8.73298168       1.77999996E-02
   8.74964809       1.81900002E-02
   8.76631451       1.85899995E-02
   8.78298092       1.89900007E-02
   8.79964733       1.94000006E-02
   8.81631374       1.98100004E-02
   8.83298016       2.02200003E-02
   8.84964657       2.06499994E-02
   8.86631298       2.10699998E-02
   8.88297939       2.15099994E-02
   8.89964581       2.19400004E-02
   8.91631222       2.23900005E-02
   8.93297863       2.28400007E-02
   8.94964504       2.32900009E-02
   8.96631145       2.37499997E-02
   8.98297787       2.42100004E-02
   8.99964428       2.46799998E-02
   9.01631069       2.51599997E-02
   9.03297710       2.56399997E-02
   9.04964352       2.61199996E-02
   9.06630993       2.66100001E-02
   9.08297634       2.71099992E-02
   9.09964275       2.76100002E-02
   9.11630917       2.81099994E-02
   9.13297558       2.86200009E-02
   9.14964199       2.91399993E-02
   9.16630840       2.96599995E-02
   9.18297482       3.01900003E-02
   9.19964123       3.07199992E-02
   9.21630764       3.12500000E-02
   9.23297405       3.17899995E-02
   9.24964046       3.23400013E-02
   9.26630688       3.28899994E-02
   9.28297329       3.34400013E-02
   9.29963970       3.40100005E-02
   9.31630611       3.45700011E-02
   9.33297253       3.51400003E-02
   9.34963894       3.57199982E-02
   9.36630535       3.62900011E-02
   9.38297176       3.68800014E-02
   9.39963818       3.74700017E-02
   9.41630459       3.80599983E-02
   9.43297100       3.86600010E-02
   9.44963741       3.92600000E-02
   9.46630383       3.98700014E-02
   9.48297024       4.04799990E-02
   9.49963665       4.10900004E-02
   9.51630306       4.17100005E-02
   9.53296947       4.23399992E-02
   9.54963589       4.29700017E-02
   9.56630230       4.36000004E-02
   9.58296871       4.42299992E-02
   9.59963512       4.48700003E-02
   9.61630154       4.55200002E-02
   9.63296795       4.61700000E-02
   9.64963436       4.68199998E-02
   9.66630077       4.74699996E-02
   9.68296719       4.81299981E-02
   9.69963360       4.87999991E-02
   9.71630001       4.94600013E-02
   9.73296642       5.01299985E-02
   9.74963284       5.08100018E-02
   9.76629925       5.14900014E-02
   9.78296566       5.21700010E-02
   9.79963207       5.28500006E-02
   9.81629848       5.35399988E-02
   9.83296490       5.42300008E-02
   9.84963131       5.49199991E-02
   9.86629772       5.56199998E-02
   9.88296413       5.63100018E-02
   9.89963055       5.70200011E-02
   9.91629696       5.77200018E-02
   9.93296337       5.84300011E-02
   9.94962978       5.91400005E-02
   9.96629620       5.98499998E-02
   9.98296261       6.05700016E-02
   9.99962902       6.12800010E-02
   10.0162954       6.19999990E-02
   10.0329618       6.27200007E-02
   10.0496283       6.34500012E-02
   10.0662947       6.41700029E-02
   10.0829611       6.49000034E-02
   10.0996275       6.56299964E-02
   10.1162939       6.63599968E-02
   10.1329603       6.70899972E-02
   10.1496267       6.78299963E-02
   10.1662931       6.85599968E-02
   10.1829596       6.93000033E-02
   10.1996260       7.00400025E-02
   10.2162924       7.07800016E-02
   10.2329588       7.15200007E-02
   10.2496252       7.22599998E-02
   10.2662916       7.30099976E-02
   10.2829580       7.37499967E-02
   10.2996244       7.45000020E-02
   10.3162909       7.52400011E-02
   10.3329573       7.59899989E-02
   10.3496237       7.67399967E-02
   10.3662901       7.74800032E-02
   10.3829565       7.82300010E-02
   10.3996229       7.89700001E-02
   10.4162893       7.97199979E-02
   10.4329557       8.04700032E-02
   10.4496222       8.12200010E-02
   10.4662886       8.19699988E-02
   10.4829550       8.27199966E-02
   10.4996214       8.34600031E-02
   10.5162878       8.42100009E-02
   10.5329542       8.49500000E-02
   10.5496206       8.56899992E-02
   10.5662870       8.64500031E-02
   10.5829535       8.71900022E-02
   10.5996199       8.79300013E-02
   10.6162863       8.86700004E-02
   10.6329527       8.94199982E-02
   10.6496191       9.01599973E-02
   10.6662855       9.08899978E-02
   10.6829519       9.16299969E-02
   10.6996183       9.23700035E-02
   10.7162848       9.30999964E-02
   10.7329512       9.38400030E-02
   10.7496176       9.45499986E-02
   10.7662840       9.52899978E-02
   10.7829504       9.60000008E-02
   10.7996168       9.67499986E-02
   10.8162832       9.74500030E-02
   10.8329496       9.81900021E-02
   10.8496161       9.88999978E-02
   10.8662825       9.96199995E-02
   10.8829489      0.100299999    
   10.8996153      0.101000004    
   10.9162817      0.101800002    
   10.9329481      0.102499999    
   10.9496145      0.103200004    
   10.9662809      0.103799999    
   10.9829473      0.104500003    
   10.9996138      0.105200000    
   11.0162802      0.105899997    
   11.0329466      0.106600001    
   11.0496130      0.107299998    
   11.0662794      0.108000003    
   11.0829458      0.108599998    
   11.0996122      0.109300002    
   11.1162786      0.109999999    
   11.1329451      0.110699996    
   11.1496115      0.111299999    
   11.1662779      0.111900002    
   11.1829443      0.112599999    
   11.1996107      0.113300003    
   11.2162771      0.113899998    
   11.2329435      0.114500001    
   11.2496099      0.115199998    
   11.2662764      0.115800001    
   11.2829428      0.116400003    
   11.2996092      0.117100000    
   11.3162756      0.117600001    
   11.3329420      0.118299998    
   11.3496084      0.118900001    
   11.3662748      0.119499996    
   11.3829412      0.120099999    
   11.3996077      0.120700002    
   11.4162741      0.121200003    
   11.4329405      0.121799998    
   11.4496069      0.122400001    
   11.4662733      0.122900002    
   11.4829397      0.123499997    
   11.4996061      0.124100000    
   11.5162725      0.124600001    
   11.5329390      0.125200003    
   11.5496054      0.125699997    
   11.5662718      0.126200005    
   11.5829382      0.126699999    
   11.5996046      0.127299994    
   11.6162710      0.127800003    
   11.6329374      0.128299996    
   11.6496038      0.128800005    
   11.6662703      0.129299998    
   11.6829367      0.129800007    
   11.6996031      0.130199999    
   11.7162695      0.130700007    
   11.7329359      0.131200001    
   11.7496023      0.131600007    
   11.7662687      0.132100001    
   11.7829351      0.132499993    
   11.7996016      0.133000001    
   11.8162680      0.133399993    
   11.8329344      0.133800000    
   11.8496008      0.134200007    
   11.8662672      0.134599999    
   11.8829336      0.135000005    
   11.8996000      0.135399997    
   11.9162664      0.135800004    
   11.9329329      0.136199996    
   11.9495993      0.136500001    
   11.9662657      0.136899993    
   11.9829321      0.137300000    
   11.9995985      0.137600005    
   12.0162649      0.137899995    
   12.0329313      0.138300002    
   12.0495977      0.138600007    
   12.0662642      0.138899997    
   12.0829306      0.139200002    
   12.0995970      0.139500007    
   12.1162634      0.139799997    
   12.1329298      0.140100002    
   12.1495962      0.140400007    
   12.1662626      0.140599996    
   12.1829290      0.140900001    
   12.1995955      0.141100004    
   12.2162619      0.141399994    
   12.2329283      0.141599998    
   12.2495947      0.141800001    
   12.2662611      0.142100006    
   12.2829275      0.142299995    
   12.2995939      0.142499998    
   12.3162603      0.142700002    
   12.3329268      0.142800003    
   12.3495932      0.143000007    
   12.3662596      0.143199995    
   12.3829260      0.143299997    
   12.3995924      0.143500000    
   12.4162588      0.143600002    
   12.4329252      0.143700004    
   12.4495916      0.143900007    
   12.4662580      0.143999994    
   12.4829245      0.144099995    
   12.4995909      0.144199997    
   12.5162573      0.143999994    
   12.5329237      0.144199997    
   12.5495901      0.144400001    
   12.5662565      0.144500002    
   12.5829229      0.144500002    
   12.5995893      0.144600004    
   12.6162558      0.144600004    
   12.6329222      0.144600004    
   12.6495886      0.144600004    
   12.6662550      0.144600004    
   12.6829214      0.144600004    
   12.6995878      0.144600004    
   12.7162542      0.144600004    
   12.7329206      0.144600004    
   12.7495871      0.144600004    
   12.7662535      0.144500002    
   12.7829199      0.144500002    
   12.7995863      0.144400001    
   12.8162527      0.144099995    
   12.8329191      0.144099995    
   12.8495855      0.144099995    
   12.8662519      0.143999994    
   12.8829184      0.143900007    
   12.8995848      0.143800005    
   12.9162512      0.143700004    
   12.9329176      0.143600002    
   12.9495840      0.143399999    
   12.9662504      0.143299997    
   12.9829168      0.143099993    
   12.9995832      0.142900005    
   13.0162497      0.142800003    
   13.0329161      0.142600000    
   13.0495825      0.142399997    
   13.0662489      0.142199993    
   13.0829153      0.142000005    
   13.0995817      0.141700000    
   13.1162481      0.141399994    
   13.1329145      0.141299993    
   13.1495810      0.141000003    
   13.1662474      0.140799999    
   13.1829138      0.140499994    
   13.1995802      0.140300006    
   13.2162466      0.140000001    
   13.2329130      0.139699996    
   13.2495794      0.139400005    
   13.2662458      0.139100000    
   13.2829123      0.138799995    
   13.2995787      0.138500005    
   13.3162451      0.138200000    
   13.3329115      0.137799993    
   13.3495779      0.137500003    
   13.3662443      0.137099996    
   13.3829107      0.136800006    
   13.3995771      0.136399999    
   13.4162436      0.136000007    
   13.4329100      0.135700002    
   13.4495764      0.135299996    
   13.4662428      0.134900004    
   13.4829092      0.134499997    
   13.4995756      0.134100005    
   13.5162420      0.133699998    
   13.5329084      0.133200005    
   13.5495749      0.132799998    
   13.5662413      0.132300004    
   13.5829077      0.131899998    
   13.5995741      0.131500006    
   13.6162405      0.130999997    
   13.6329069      0.130500004    
   13.6495733      0.130099997    
   13.6662397      0.129600003    
   13.6829062      0.129099995    
   13.6995726      0.128600001    
   13.7162390      0.128099993    
   13.7329054      0.127599999    
   13.7495718      0.127000004    
   13.7662382      0.126599997    
   13.7829046      0.126000002    
   13.7995710      0.125499994    
   13.8162374      0.124899998    
   13.8329039      0.124399997    
   13.8495703      0.123899996    
   13.8662367      0.123300001    
   13.8829031      0.122800000    
   13.8995695      0.122199997    
   13.9162359      0.121600002    
   13.9329023      0.120999999    
   13.9495687      0.120399997    
   13.9662352      0.119900003    
   13.9829016      0.119300000    
   13.9995680      0.118600003    
   14.0162344      0.118100002    
   14.0329008      0.117399998    
   14.0495672      0.116800003    
   14.0662336      0.116200000    
   14.0829000      0.115599997    
   14.0995665      0.115000002    
   14.1162329      0.114299998    
   14.1328993      0.113700002    
   14.1495657      0.112999998    
   14.1662321      0.112400003    
   14.1828985      0.111699998    
   14.1995649      0.111100003    
   14.2162313      0.110399999    
   14.2328978      0.109800003    
   14.2495642      0.109099999    
   14.2662306      0.108400002    
   14.2828970      0.107699998    
   14.2995634      0.107100002    
   14.3162298      0.106399998    
   14.3328962      0.105700001    
   14.3495626      0.104999997    
   14.3662291      0.104300000    
   14.3828955      0.103600003    
   14.3995619      0.102899998    
   14.4162283      0.102200001    
   14.4328947      0.101499997    
   14.4495611      0.100800000    
   14.4662275      0.100100003    
   14.4828939       9.93599966E-02
   14.4995604       9.86500010E-02
   14.5162268       9.79299992E-02
   14.5328932       9.72099975E-02
   14.5495596       9.64900032E-02
   14.5662260       9.57600027E-02
   14.5828924       9.50300023E-02
   14.5995588       9.43100005E-02
   14.6162252       9.35600027E-02
   14.6328917       9.28400010E-02
   14.6495581       9.21000019E-02
   14.6662245       9.13700014E-02
   14.6828909       9.06300023E-02
   14.6995573       8.98900032E-02
   14.7162237       8.91499966E-02
   14.7328901       8.84099975E-02
   14.7495565       8.76599997E-02
   14.7662230       8.68899971E-02
   14.7828894       8.61800015E-02
   14.7995558       8.54300037E-02
   14.8162222       8.46899971E-02
   14.8328886       8.39399993E-02
   14.8495550       8.31900015E-02
   14.8662214       8.24399963E-02
   14.8828878       8.16899985E-02
   14.8995543       8.09499994E-02
   14.9162207       8.02000016E-02
   14.9328871       7.94499964E-02
   14.9495535       7.87099972E-02
   14.9662199       7.79599994E-02
   14.9828863       7.72100016E-02
   14.9995527       7.64700025E-02
   15.0162191       7.57199973E-02
   15.0328856       7.49699995E-02
   15.0495520       7.42300004E-02
   15.0662184       7.34800026E-02
   15.0828848       7.27400035E-02
   15.0995512       7.19999969E-02
   15.1162176       7.12499991E-02
   15.1328840       7.05100000E-02
   15.1495504       6.97799996E-02
   15.1662169       6.90400004E-02
   15.1828833       6.83000013E-02
   15.1995497       6.75600022E-02
   15.2162161       6.68300018E-02
   15.2328825       6.61000013E-02
   15.2495489       6.53700009E-02
   15.2662153       6.46400005E-02
   15.2828817       6.39100000E-02
   15.2995481       6.31799996E-02
   15.3162146       6.24600016E-02
   15.3328810       6.17399998E-02
   15.3495474       6.10200018E-02
   15.3662138       6.03099987E-02
   15.3828802       5.95900007E-02
   15.3995466       5.88800013E-02
   15.4162130       5.81699982E-02
   15.4328794       5.74700013E-02
   15.4495459       5.67599982E-02
   15.4662123       5.60600013E-02
   15.4828787       5.53600006E-02
   15.4995451       5.46699986E-02
   15.5162115       5.39800003E-02
   15.5328779       5.32899983E-02
   15.5495443       5.26000001E-02
   15.5662107       5.19200005E-02
   15.5828772       5.12400009E-02
   15.5995436       5.05600013E-02
   15.6162100       4.98900004E-02
   15.6328764       4.92199995E-02
   15.6495428       4.85600010E-02
   15.6662092       4.78900000E-02
   15.6828756       4.72400002E-02
   15.6995420       4.65800017E-02
   15.7162085       4.59299982E-02
   15.7328749       4.52799983E-02
   15.7495413       4.46400009E-02
   15.7662077       4.39999998E-02
   15.7828741       4.33700010E-02
   15.7995405       4.27399985E-02
   15.8162069       4.21099998E-02
   15.8328733       4.14899997E-02
   15.8495398       4.08699997E-02
   15.8662062       4.02599983E-02
   15.8828726       3.96500006E-02
   15.8995390       3.90399992E-02
   15.9162054       3.84400003E-02
   15.9328718       3.78400013E-02
   15.9495382       3.72500010E-02
   15.9662046       3.66699994E-02
   15.9828711       3.60799991E-02
   15.9995375       3.55099998E-02
   16.0162029       3.49299982E-02
   16.0328693       3.43599990E-02
   16.0495358       3.37999985E-02
   16.0662022       3.32400016E-02
   16.0828686       3.26899998E-02
   16.0995350       3.21400017E-02
   16.1162014       3.15999985E-02
   16.1328678       3.10600009E-02
   16.1495342       3.05199996E-02
   16.1662006       2.99900007E-02
   16.1828671       2.94700004E-02
   16.1995335       2.89500002E-02
   16.2161999       2.84400005E-02
   16.2328663       2.79300008E-02
   16.2495327       2.74199992E-02
   16.2661991       2.69200001E-02
   16.2828655       2.64299996E-02
   16.2995319       2.59399991E-02
   16.3161983       2.54599992E-02
   16.3328648       2.49799993E-02
   16.3495312       2.45099999E-02
   16.3661976       2.40400005E-02
   16.3828640       2.35799998E-02
   16.3995304       2.31199991E-02
   16.4161968       2.26700008E-02
   16.4328632       2.22200006E-02
   16.4495296       2.17799991E-02
   16.4661961       2.13500001E-02
   16.4828625       2.09199991E-02
   16.4995289       2.04900000E-02
   16.5161953       2.00699996E-02
   16.5328617       1.96599998E-02
   16.5495281       1.92499999E-02
   16.5661945       1.88400000E-02
   16.5828609       1.84400007E-02
   16.5995274       1.80500001E-02
   16.6161938       1.76599994E-02
   16.6328602       1.72799993E-02
   16.6495266       1.68999992E-02
   16.6661930       1.65299997E-02
   16.6828594       1.61600001E-02
   16.6995258       1.57900006E-02
   16.7161922       1.54400002E-02
   16.7328587       1.50800003E-02
   16.7495251       1.47399995E-02
   16.7661915       1.43999998E-02
   16.7828579       1.40600000E-02
   16.7995243       1.37299998E-02
   16.8161907       1.33999996E-02
   16.8328571       1.30799999E-02
   16.8495235       1.27600003E-02
   16.8661900       1.24500003E-02
   16.8828564       1.21400002E-02
   16.8995228       1.18399998E-02
   16.9161892       1.15400003E-02
   16.9328556       1.12500004E-02
   16.9495220       1.09599996E-02
   16.9661884       1.06800003E-02
   16.9828548       1.04000000E-02
   16.9995213       1.01300003E-02
   17.0161877       9.85699985E-03
   17.0328541       9.59299970E-03
   17.0495205       9.33299959E-03
   17.0661869       9.07700043E-03
   17.0828533       8.82699993E-03
   17.0995197       8.58000014E-03
   17.1161861       8.33899993E-03
   17.1328526       8.10199976E-03
   17.1495190       7.86800031E-03
   17.1661854       7.63999997E-03
   17.1828518       7.41499988E-03
   17.1995182       7.19500007E-03
   17.2161846       6.98000006E-03
   17.2328510       6.76799985E-03
   17.2495174       6.56000013E-03
   17.2661839       6.35599997E-03
   17.2828503       6.15599984E-03
   17.2995167       5.96099999E-03
   17.3161831       5.76899992E-03
   17.3328495       5.58200013E-03
   17.3495159       5.39800012E-03
   17.3661823       5.21699991E-03
   17.3828487       5.04099997E-03
   17.3995152       4.86900005E-03
   17.4161816       4.69900016E-03
   17.4328480       4.53400007E-03
   17.4495144       4.37200023E-03
   17.4661808       4.21399996E-03
   17.4828472       4.05899994E-03
   17.4995136       3.90799996E-03
   17.5161800       3.75999999E-03
   17.5328465       3.61500005E-03
   17.5495129       3.47399991E-03
   17.5661793       3.33600002E-03
   17.5828457       3.20099993E-03
   17.5995121       3.07000009E-03
   17.6161785       2.94100004E-03
   17.6328449       2.81600002E-03
   17.6495113       2.69400002E-03
   17.6661777       2.57500005E-03
   17.6828442       2.45900010E-03
   17.6995106       2.34499993E-03
   17.7161770       2.23500002E-03
   17.7328434       2.12799991E-03
   17.7495098       2.02300004E-03
   17.7661762       1.92199997E-03
   17.7828426       1.82300003E-03
   17.7995090       1.72700000E-03
   17.8161755       1.63299998E-03
   17.8328419       1.54299999E-03
   17.8495083       1.45500002E-03
   17.8661747       1.36999995E-03
   17.8828411       1.28700002E-03
   17.8995075       1.20800000E-03
   17.9161739       1.12999999E-03
   17.9328403       1.05600001E-03
   17.9495068       9.84100043E-04
   17.9661732       9.15099983E-04
   17.9828396       8.48600001E-04
   17.9995060       7.84799980E-04
   18.0161724       7.23699981E-04
   18.0328388       6.65300002E-04
   18.0495052       6.09999988E-04
   18.0661716       5.57399995E-04
   18.0828381       5.08000026E-04
   18.0995045       4.61999996E-04
   18.1161709       4.07099986E-04
   18.1328373       3.61399987E-04
   18.1495037       3.23399989E-04
   18.1661701       2.91500008E-04
   18.1828365       2.54199986E-04
   18.1995029       2.24799995E-04
   18.2161694       1.94099994E-04
   18.2328358       1.72300002E-04
   18.2495022       1.46599996E-04
   18.2661686       1.24600003E-04
   18.2828350       1.05500003E-04
   18.2995014       8.91500022E-05
   18.3161678       7.50399995E-05
   18.3328342       6.14399978E-05
   18.3495007       5.06299984E-05
   18.3661671       4.19899989E-05
   18.3828335       3.34799988E-05
   18.3994999       2.68000003E-05
   18.4161663       2.15900000E-05
   18.4328327       1.68600000E-05
   18.4494991       1.30600001E-05
   18.4661655       1.00200004E-05
   18.4828320       7.59700015E-06
   18.4994984       5.56799978E-06
   18.5161648       4.03400009E-06
   18.5328312       2.87400007E-06
   18.5494976       1.90399999E-06
   18.5661640       1.22400002E-06
   18.5828304       7.41999997E-07
   18.5994968       4.23500012E-07
   18.6161633       2.33700007E-07
   18.6328297       1.21300005E-07
   18.6494961       5.43900001E-08
   18.6661625       1.76300006E-08
   18.6828289       3.01399994E-09
   18.6994953       1.01200000E-10
   18.7161617       4.46099998E-13
   18.7328281       1.34600005E-15
   18.7494946       9.41100030E-19
   18.7661610       7.36200022E-23
   18.7828274       0.00000000    
   18.7994938       0.00000000    
   18.8161602       0.00000000    
   18.8328266       0.00000000    
   18.8494930       0.00000000    
   18.8661594       0.00000000    
   18.8828259       0.00000000    
   18.8994923       0.00000000    
   18.9161587       0.00000000    
   18.9328251       0.00000000    
   18.9494915       0.00000000    
   18.9661579       0.00000000    
   18.9828243       0.00000000    
   18.9994907       0.00000000    
   19.0161572       0.00000000    
   19.0328236       0.00000000    
   19.0494900       0.00000000    
   19.0661564       0.00000000    
   19.0828228       0.00000000    
   19.0994892       0.00000000    
   19.1161556       0.00000000    
   19.1328220       0.00000000    
   19.1494884       0.00000000    
   19.1661549       0.00000000    
   19.1828213       0.00000000    
   19.1994877       0.00000000    
   19.2161541       0.00000000    
   19.2328205       0.00000000    
   19.2494869       0.00000000    
   19.2661533       0.00000000    
   19.2828197       0.00000000    
   19.2994862       0.00000000    
   19.3161526       0.00000000    
   19.3328190       0.00000000    
   19.3494854       0.00000000    
   19.3661518       0.00000000    
   19.3828182       0.00000000    
   19.3994846       0.00000000    
   19.4161510       0.00000000    
   19.4328175       0.00000000    
   19.4494839       0.00000000    
   19.4661503       0.00000000    
   19.4828167       0.00000000    
   19.4994831       0.00000000    
   19.5161495       0.00000000    
   19.5328159       0.00000000    
   19.5494823       0.00000000    
   19.5661488       0.00000000    
   19.5828152       0.00000000    
   19.5994816       0.00000000    
   19.6161480       0.00000000    
   19.6328144       0.00000000    
   19.6494808       0.00000000    
   19.6661472       0.00000000    
   19.6828136       0.00000000    
   19.6994801       0.00000000    
   19.7161465       0.00000000    
   19.7328129       0.00000000    
   19.7494793       0.00000000    
   19.7661457       0.00000000    
   19.7828121       0.00000000    
   19.7994785       0.00000000    
   19.8161449       0.00000000    
   19.8328114       0.00000000    
   19.8494778       0.00000000    
   19.8661442       0.00000000    
   19.8828106       0.00000000    
   19.8994770       0.00000000    
   19.9161434       0.00000000    
   19.9328098       0.00000000    
   19.9494762       0.00000000    
   19.9661427       0.00000000    
   19.9828091       0.00000000    
   19.9994755       0.00000000    
   20.0161419       0.00000000    
   20.0328083       0.00000000    
   20.0494747       0.00000000    
   20.0661411       0.00000000    
   20.0828075       0.00000000    
   20.0994740       0.00000000    
   20.1161404       0.00000000    
   20.1328068       0.00000000    
   20.1494732       0.00000000    
   20.1661396       0.00000000    
   20.1828060       0.00000000    
   20.1994724       0.00000000    
   20.2161388       0.00000000    
   20.2328053       0.00000000    
   20.2494717       0.00000000    
   20.2661381       0.00000000    
   20.2828045       0.00000000    
   20.2994709       0.00000000    
   20.3161373       0.00000000    
   20.3328037       0.00000000    
   20.3494701       0.00000000    
   20.3661366       0.00000000    
   20.3828030       0.00000000    
   20.3994694       0.00000000    
   20.4161358       0.00000000    
   20.4328022       0.00000000    
   20.4494686       0.00000000    
   20.4661350       0.00000000    
   20.4828014       0.00000000    
   20.4994678       0.00000000    
   20.5161343       0.00000000    
   20.5328007       0.00000000    
   20.5494671       0.00000000    
   20.5661335       0.00000000    
   20.5827999       0.00000000    
   20.5994663       0.00000000    
   20.6161327       0.00000000    
   20.6327991       0.00000000    
   20.6494656       0.00000000    
   20.6661320       0.00000000    
   20.6827984       0.00000000    
   20.6994648       0.00000000    
   20.7161312       0.00000000    
   20.7327976       0.00000000    
   20.7494640       0.00000000    
   20.7661304       0.00000000    
   20.7827969       0.00000000    
   20.7994633       0.00000000    
   20.8161297       0.00000000    
   20.8327961       0.00000000    
   20.8494625       0.00000000    
   20.8661289       0.00000000    
   20.8827953       0.00000000    
   20.8994617       0.00000000    
   20.9161282       0.00000000    
   20.9327946       0.00000000    
   20.9494610       0.00000000    
   20.9661274       0.00000000    
   20.9827938       0.00000000    
   20.9994602       0.00000000    
   21.0161266       0.00000000    
   21.0327930       0.00000000    
   21.0494595       0.00000000    
   21.0661259       0.00000000    
   21.0827923       0.00000000    
   21.0994587       0.00000000    
   21.1161251       0.00000000    
   21.1327915       0.00000000    
   21.1494579       0.00000000    
   21.1661243       0.00000000    
   21.1827908       0.00000000    
   21.1994572       0.00000000    
   21.2161236       0.00000000    
   21.2327900       0.00000000    
   21.2494564       0.00000000    
   21.2661228       0.00000000    
   21.2827892       0.00000000    
   21.2994556       0.00000000    
   21.3161221       0.00000000    
   21.3327885       0.00000000    
   21.3494549       0.00000000    
   21.3661213       0.00000000    
   21.3827877       0.00000000    
   21.3994541       0.00000000    
   21.4161205       0.00000000    
   21.4327869       0.00000000    
   21.4494534       0.00000000    
   21.4661198       0.00000000    
   21.4827862       0.00000000    
   21.4994526       0.00000000    
   21.5161190       0.00000000    
   21.5327854       0.00000000    
   21.5494518       0.00000000    
   21.5661182       0.00000000    
   21.5827847       0.00000000    
   21.5994511       0.00000000    
   21.6161175       0.00000000    
   21.6327839       0.00000000    
   21.6494503       0.00000000    
   21.6661167       0.00000000    
   21.6827831       0.00000000    
   21.6994495       0.00000000    
   21.7161160       0.00000000    
   21.7327824       0.00000000    
   21.7494488       0.00000000    
   21.7661152       0.00000000    
   21.7827816       0.00000000    
   21.7994480       0.00000000    
   21.8161144       0.00000000    
   21.8327808       0.00000000    
   21.8494473       0.00000000    
   21.8661137       0.00000000    
   21.8827801       0.00000000    
   21.8994465       0.00000000    
   21.9161129       0.00000000    
   21.9327793       0.00000000    
   21.9494457       0.00000000    
   21.9661121       0.00000000    
   21.9827785       0.00000000    
   21.9994450       0.00000000    
   22.0161114       0.00000000    
   22.0327778       0.00000000    
   22.0494442       0.00000000    
   22.0661106       0.00000000    
   22.0827770       0.00000000    
   22.0994434       0.00000000    
   22.1161098       0.00000000    
   22.1327763       0.00000000    
   22.1494427       0.00000000    
   22.1661091       0.00000000    
   22.1827755       0.00000000    
   22.1994419       0.00000000    
   22.2161083       0.00000000    
   22.2327747       0.00000000    
   22.2494411       0.00000000    
   22.2661076       0.00000000    
   22.2827740       0.00000000    
   22.2994404       0.00000000    
   22.3161068       0.00000000    
   22.3327732       0.00000000    
   22.3494396       0.00000000    
   22.3661060       0.00000000    
   22.3827724       0.00000000    
   22.3994389       0.00000000    
   22.4161053       0.00000000    
   22.4327717       0.00000000    
   22.4494381       0.00000000    
   22.4661045       0.00000000    
   22.4827709       0.00000000    
   22.4994373       0.00000000    
   22.5161037       0.00000000    
   22.5327702       0.00000000    
   22.5494366       0.00000000    
   22.5661030       0.00000000    
   22.5827694       0.00000000    
   22.5994358       0.00000000    
   22.6161022       0.00000000    
   22.6327686       0.00000000    
   22.6494350       0.00000000    
   22.6661015       0.00000000    
   22.6827679       0.00000000    
   22.6994343       0.00000000    
   22.7161007       0.00000000    
   22.7327671       0.00000000    
   22.7494335       0.00000000    
   22.7660999       0.00000000    
   22.7827663       0.00000000    
   22.7994328       0.00000000    
   22.8160992       0.00000000    
   22.8327656       0.00000000    
   22.8494320       0.00000000    
   22.8660984       0.00000000    
   22.8827648       0.00000000    
   22.8994312       0.00000000    
   22.9160976       0.00000000    
   22.9327641       0.00000000    
   22.9494305       0.00000000    
   22.9660969       0.00000000    
   22.9827633       0.00000000    
   22.9994297       0.00000000    
   23.0160961       0.00000000    
   23.0327625       0.00000000    
   23.0494289       0.00000000    
   23.0660954       0.00000000    
   23.0827618       0.00000000    
   23.0994282       0.00000000    
   23.1160946       0.00000000    
   23.1327610       0.00000000    
   23.1494274       0.00000000    
   23.1660938       0.00000000    
   23.1827602       0.00000000    
   23.1994267       0.00000000    
   23.2160931       0.00000000    
   23.2327595       0.00000000    
   23.2494259       0.00000000    
   23.2660923       0.00000000    
   23.2827587       0.00000000    
   23.2994251       0.00000000    
   23.3160915       0.00000000    
   23.3327579       0.00000000    
   23.3494244       0.00000000    
   23.3660908       0.00000000    
   23.3827572       0.00000000    
   23.3994236       0.00000000    
   23.4160900       0.00000000    
   23.4327564       0.00000000    
   23.4494228       0.00000000    
   23.4660892       0.00000000    
   23.4827557       0.00000000    
   23.4994221       0.00000000    
   23.5160885       0.00000000    
   23.5327549       0.00000000    
   23.5494213       0.00000000    
   23.5660877       0.00000000    
   23.5827541       0.00000000    
   23.5994205       0.00000000    
   23.6160870       0.00000000    
   23.6327534       0.00000000    
   23.6494198       0.00000000    
   23.6660862       0.00000000    
   23.6827526       0.00000000    
   23.6994190       0.00000000    
   23.7160854       0.00000000    
   23.7327518       0.00000000    
   23.7494183       0.00000000    
   23.7660847       0.00000000    
   23.7827511       0.00000000    
   23.7994175       0.00000000    
   23.8160839       0.00000000    
   23.8327503       0.00000000    
   23.8494167       0.00000000    
   23.8660831       0.00000000    
   23.8827496       0.00000000    
   23.8994160       0.00000000    
   23.9160824       0.00000000    
   23.9327488       0.00000000    
   23.9494152       0.00000000    
   23.9660816       0.00000000    
   23.9827480       0.00000000    
