   0.00000000       0.00000000    
   1.66660007E-02   0.00000000    
   3.33320014E-02   0.00000000    
   4.99980003E-02   0.00000000    
   6.66640028E-02   0.00000000    
   8.33300054E-02   0.00000000    
   9.99960080E-02   0.00000000    
  0.116662011       0.00000000    
  0.133328006       0.00000000    
  0.149994001       0.00000000    
  0.166659996       0.00000000    
  0.183325991       0.00000000    
  0.199991986       0.00000000    
  0.216657981       0.00000000    
  0.233323976       0.00000000    
  0.249989972       0.00000000    
  0.266655982       0.00000000    
  0.283321977       0.00000000    
  0.299987972       0.00000000    
  0.316653967       0.00000000    
  0.333319962       0.00000000    
  0.349985957       0.00000000    
  0.366651952       0.00000000    
  0.383317947       0.00000000    
  0.399983943       0.00000000    
  0.416649938       0.00000000    
  0.433315933       0.00000000    
  0.449981928       0.00000000    
  0.466647923       0.00000000    
  0.483313918       0.00000000    
  0.499979913       0.00000000    
  0.516645908       0.00000000    
  0.533311903       0.00000000    
  0.549977899       0.00000000    
  0.566643894       0.00000000    
  0.583309889       0.00000000    
  0.599975884       0.00000000    
  0.616641879       0.00000000    
  0.633307874       0.00000000    
  0.649973869       0.00000000    
  0.666639864       0.00000000    
  0.683305860       0.00000000    
  0.699971855       0.00000000    
  0.716637850       0.00000000    
  0.733303845       0.00000000    
  0.749969840       0.00000000    
  0.766635835       0.00000000    
  0.783301830       0.00000000    
  0.799967825       0.00000000    
  0.816633821       0.00000000    
  0.833299816       0.00000000    
  0.849965811       0.00000000    
  0.866631806       0.00000000    
  0.883297801       0.00000000    
  0.899963796       0.00000000    
  0.916629791       0.00000000    
  0.933295786       0.00000000    
  0.949961782       0.00000000    
  0.966627777       0.00000000    
  0.983293772       0.00000000    
  0.999959767       0.00000000    
   1.01662576       0.00000000    
   1.03329182       0.00000000    
   1.04995787       0.00000000    
   1.06662393       0.00000000    
   1.08328998       0.00000000    
   1.09995604       0.00000000    
   1.11662209       0.00000000    
   1.13328815       0.00000000    
   1.14995420       0.00000000    
   1.16662025       0.00000000    
   1.18328631       0.00000000    
   1.19995236       0.00000000    
   1.21661842       0.00000000    
   1.23328447       0.00000000    
   1.24995053       0.00000000    
   1.26661658       0.00000000    
   1.28328264       0.00000000    
   1.29994869       0.00000000    
   1.31661475       0.00000000    
   1.33328080       0.00000000    
   1.34994686       0.00000000    
   1.36661291       0.00000000    
   1.38327897       0.00000000    
   1.39994502       0.00000000    
   1.41661108       0.00000000    
   1.43327713       0.00000000    
   1.44994318       0.00000000    
   1.46660924       0.00000000    
   1.48327529       0.00000000    
   1.49994135       0.00000000    
   1.51660740       0.00000000    
   1.53327346       0.00000000    
   1.54993951       0.00000000    
   1.56660557       0.00000000    
   1.58327162       0.00000000    
   1.59993768       0.00000000    
   1.61660373       0.00000000    
   1.63326979       0.00000000    
   1.64993584       0.00000000    
   1.66660190       0.00000000    
   1.68326795       0.00000000    
   1.69993401       0.00000000    
   1.71660006       0.00000000    
   1.73326612       0.00000000    
   1.74993217       0.00000000    
   1.76659822       0.00000000    
   1.78326428       0.00000000    
   1.79993033       0.00000000    
   1.81659639       0.00000000    
   1.83326244       0.00000000    
   1.84992850       0.00000000    
   1.86659455       0.00000000    
   1.88326061       0.00000000    
   1.89992666       0.00000000    
   1.91659272       0.00000000    
   1.93325877       0.00000000    
   1.94992483       0.00000000    
   1.96659088       0.00000000    
   1.98325694       0.00000000    
   1.99992299       0.00000000    
   2.01658893       0.00000000    
   2.03325486       0.00000000    
   2.04992080       0.00000000    
   2.06658673       0.00000000    
   2.08325267       0.00000000    
   2.09991860       0.00000000    
   2.11658454       0.00000000    
   2.13325047       0.00000000    
   2.14991641       0.00000000    
   2.16658235       0.00000000    
   2.18324828       0.00000000    
   2.19991422       0.00000000    
   2.21658015       0.00000000    
   2.23324609       0.00000000    
   2.24991202       0.00000000    
   2.26657796       0.00000000    
   2.28324389       0.00000000    
   2.29990983       0.00000000    
   2.31657577       0.00000000    
   2.33324170       0.00000000    
   2.34990764       0.00000000    
   2.36657357       0.00000000    
   2.38323951       0.00000000    
   2.39990544       0.00000000    
   2.41657138       0.00000000    
   2.43323731       0.00000000    
   2.44990325       0.00000000    
   2.46656919       0.00000000    
   2.48323512       0.00000000    
   2.49990106       0.00000000    
   2.51656699       0.00000000    
   2.53323293       0.00000000    
   2.54989886       0.00000000    
   2.56656480       0.00000000    
   2.58323073       0.00000000    
   2.59989667       0.00000000    
   2.61656260       0.00000000    
   2.63322854       0.00000000    
   2.64989448       0.00000000    
   2.66656041       0.00000000    
   2.68322635       0.00000000    
   2.69989228       0.00000000    
   2.71655822       0.00000000    
   2.73322415       0.00000000    
   2.74989009       0.00000000    
   2.76655602       0.00000000    
   2.78322196       0.00000000    
   2.79988790       0.00000000    
   2.81655383       0.00000000    
   2.83321977       0.00000000    
   2.84988570       0.00000000    
   2.86655164       0.00000000    
   2.88321757       0.00000000    
   2.89988351       0.00000000    
   2.91654944       0.00000000    
   2.93321538       0.00000000    
   2.94988132       0.00000000    
   2.96654725       0.00000000    
   2.98321319       0.00000000    
   2.99987912       0.00000000    
   3.01654506       0.00000000    
   3.03321099       0.00000000    
   3.04987693       0.00000000    
   3.06654286       0.00000000    
   3.08320880       0.00000000    
   3.09987473       0.00000000    
   3.11654067       0.00000000    
   3.13320661       0.00000000    
   3.14987254       0.00000000    
   3.16653848       0.00000000    
   3.18320441       0.00000000    
   3.19987035       0.00000000    
   3.21653628       0.00000000    
   3.23320222       0.00000000    
   3.24986815       0.00000000    
   3.26653409       0.00000000    
   3.28320003       0.00000000    
   3.29986596       0.00000000    
   3.31653190       0.00000000    
   3.33319783       0.00000000    
   3.34986377       0.00000000    
   3.36652970       0.00000000    
   3.38319564       0.00000000    
   3.39986157       0.00000000    
   3.41652751       0.00000000    
   3.43319345       0.00000000    
   3.44985938       0.00000000    
   3.46652532       0.00000000    
   3.48319125       0.00000000    
   3.49985719       0.00000000    
   3.51652312       0.00000000    
   3.53318906       0.00000000    
   3.54985499       0.00000000    
   3.56652093       0.00000000    
   3.58318686       0.00000000    
   3.59985280       0.00000000    
   3.61651874       0.00000000    
   3.63318467       0.00000000    
   3.64985061       0.00000000    
   3.66651654       0.00000000    
   3.68318248       0.00000000    
   3.69984841       0.00000000    
   3.71651435       0.00000000    
   3.73318028       0.00000000    
   3.74984622       0.00000000    
   3.76651216       0.00000000    
   3.78317809       0.00000000    
   3.79984403       0.00000000    
   3.81650996       0.00000000    
   3.83317590       0.00000000    
   3.84984183       0.00000000    
   3.86650777       0.00000000    
   3.88317370       0.00000000    
   3.89983964       0.00000000    
   3.91650558       0.00000000    
   3.93317151       0.00000000    
   3.94983745       0.00000000    
   3.96650338       0.00000000    
   3.98316932       0.00000000    
   3.99983525       0.00000000    
   4.01650143       0.00000000    
   4.03316736       0.00000000    
   4.04983330       0.00000000    
   4.06649923       0.00000000    
   4.08316517       0.00000000    
   4.09983110       0.00000000    
   4.11649704       0.00000000    
   4.13316298       0.00000000    
   4.14982891       0.00000000    
   4.16649485       0.00000000    
   4.18316078       0.00000000    
   4.19982672       0.00000000    
   4.21649265       0.00000000    
   4.23315859       0.00000000    
   4.24982452       0.00000000    
   4.26649046       0.00000000    
   4.28315639       0.00000000    
   4.29982233       0.00000000    
   4.31648827       0.00000000    
   4.33315420       0.00000000    
   4.34982014       0.00000000    
   4.36648607       0.00000000    
   4.38315201       0.00000000    
   4.39981794       0.00000000    
   4.41648388       0.00000000    
   4.43314981       0.00000000    
   4.44981575       0.00000000    
   4.46648169       0.00000000    
   4.48314762       0.00000000    
   4.49981356       0.00000000    
   4.51647949       0.00000000    
   4.53314543       0.00000000    
   4.54981136       0.00000000    
   4.56647730       0.00000000    
   4.58314323       0.00000000    
   4.59980917       0.00000000    
   4.61647511       0.00000000    
   4.63314104       0.00000000    
   4.64980698       0.00000000    
   4.66647291       0.00000000    
   4.68313885       0.00000000    
   4.69980478       0.00000000    
   4.71647072       0.00000000    
   4.73313665       0.00000000    
   4.74980259       0.00000000    
   4.76646852       0.00000000    
   4.78313446       0.00000000    
   4.79980040       0.00000000    
   4.81646633       0.00000000    
   4.83313227       0.00000000    
   4.84979820       0.00000000    
   4.86646414       0.00000000    
   4.88313007       0.00000000    
   4.89979601       0.00000000    
   4.91646194       0.00000000    
   4.93312788       0.00000000    
   4.94979382       0.00000000    
   4.96645975       0.00000000    
   4.98312569       0.00000000    
   4.99979162       0.00000000    
   5.01645756       0.00000000    
   5.03312349       0.00000000    
   5.04978943       0.00000000    
   5.06645536       0.00000000    
   5.08312130       0.00000000    
   5.09978724       0.00000000    
   5.11645317       0.00000000    
   5.13311911       0.00000000    
   5.14978504       0.00000000    
   5.16645098       0.00000000    
   5.18311691       0.00000000    
   5.19978285       0.00000000    
   5.21644878       0.00000000    
   5.23311472       0.00000000    
   5.24978065       0.00000000    
   5.26644659       0.00000000    
   5.28311253       0.00000000    
   5.29977846       0.00000000    
   5.31644440       0.00000000    
   5.33311033       0.00000000    
   5.34977627       0.00000000    
   5.36644220       0.00000000    
   5.38310814       0.00000000    
   5.39977407       0.00000000    
   5.41644001       0.00000000    
   5.43310595       0.00000000    
   5.44977188       0.00000000    
   5.46643782       0.00000000    
   5.48310375       0.00000000    
   5.49976969       0.00000000    
   5.51643562       0.00000000    
   5.53310156       0.00000000    
   5.54976749       0.00000000    
   5.56643343       0.00000000    
   5.58309937       0.00000000    
   5.59976530       0.00000000    
   5.61643124       0.00000000    
   5.63309717       0.00000000    
   5.64976311       0.00000000    
   5.66642904       0.00000000    
   5.68309498       0.00000000    
   5.69976091       0.00000000    
   5.71642685       0.00000000    
   5.73309278       0.00000000    
   5.74975872       0.00000000    
   5.76642466       0.00000000    
   5.78309059       0.00000000    
   5.79975653       0.00000000    
   5.81642246       0.00000000    
   5.83308840       0.00000000    
   5.84975433       0.00000000    
   5.86642027       0.00000000    
   5.88308620       0.00000000    
   5.89975214       0.00000000    
   5.91641808       0.00000000    
   5.93308401       0.00000000    
   5.94974995       0.00000000    
   5.96641588       0.00000000    
   5.98308182       0.00000000    
   5.99974775       0.00000000    
   6.01641369       0.00000000    
   6.03307962       0.00000000    
   6.04974556       0.00000000    
   6.06641150       0.00000000    
   6.08307743       0.00000000    
   6.09974337       0.00000000    
   6.11640930       0.00000000    
   6.13307524       0.00000000    
   6.14974117       0.00000000    
   6.16640711       0.00000000    
   6.18307304       0.00000000    
   6.19973898       0.00000000    
   6.21640491       0.00000000    
   6.23307085       0.00000000    
   6.24973679       0.00000000    
   6.26640272       0.00000000    
   6.28306866       0.00000000    
   6.29973459       0.00000000    
   6.31640053       0.00000000    
   6.33306646       0.00000000    
   6.34973240       0.00000000    
   6.36639833       0.00000000    
   6.38306427       0.00000000    
   6.39973021       6.47299978E-39
   6.41639614       2.24200013E-16
   6.43306208       8.51299988E-13
   6.44972801       4.75499973E-10
   6.46639395       6.24799981E-08
   6.48305988       4.22799985E-06
   6.49972582       2.83099998E-05
   6.51639175       9.24499982E-05
   6.53305769       1.94499997E-04
   6.54972363       3.45500011E-04
   6.56638956       5.67300012E-04
   6.58305550       8.82700027E-04
   6.59972143       1.30700006E-03
   6.61638737       1.89299998E-03
   6.63305330       2.69800005E-03
   6.64971924       3.80000006E-03
   6.66638517       5.11700008E-03
   6.68305111       6.89199986E-03
   6.69971704       9.28299967E-03
   6.71638298       1.21900002E-02
   6.73304892       1.59399994E-02
   6.74971485       2.07800008E-02
   6.76638079       2.70300005E-02
   6.78304672       3.39399986E-02
   6.79971266       4.35599983E-02
   6.81637859       5.44699989E-02
   6.83304453       6.92500025E-02
   6.84971046       8.49599987E-02
   6.86637640      0.103900000    
   6.88304234      0.126200005    
   6.89970827      0.152199998    
   6.91637421      0.182699993    
   6.93304014      0.219400004    
   6.94970608      0.248899996    
   6.96637201      0.295500010    
   6.98303795      0.331499994    
   6.99970388      0.375400007    
   7.01636982      0.429199994    
   7.03303576      0.495000005    
   7.04970169      0.550199986    
   7.06636763      0.609099984    
   7.08303356      0.671800017    
   7.09969950      0.737600029    
   7.11636543      0.806400001    
   7.13303137      0.878000021    
   7.14969730      0.952199996    
   7.16636324       1.02900004    
   7.18302917       1.10800004    
   7.19969511       1.19000006    
   7.21636105       1.27300000    
   7.23302698       1.35899997    
   7.24969292       1.44599998    
   7.26635885       1.53600001    
   7.28302479       1.62800002    
   7.29969072       1.72099996    
   7.31635666       1.81599998    
   7.33302259       1.91299999    
   7.34968853       2.01200008    
   7.36635447       2.11299992    
   7.38302040       2.21499991    
   7.39968634       2.31900001    
   7.41635227       2.42400002    
   7.43301821       2.53099990    
   7.44968414       2.64000010    
   7.46635008       2.75000000    
   7.48301601       2.86199999    
   7.49968195       2.97499990    
   7.51634789       3.09100008    
   7.53301382       3.20700002    
   7.54967976       3.32599998    
   7.56634569       3.44600010    
   7.58301163       3.56699991    
   7.59967756       3.69000006    
   7.61634350       3.81500006    
   7.63300943       3.94199991    
   7.64967537       4.07000017    
   7.66634130       4.19999981    
   7.68300724       4.33099985    
   7.69967318       4.46400023    
   7.71633911       4.59899998    
   7.73300505       4.73500013    
   7.74967098       4.87300014    
   7.76633692       5.01300001    
   7.78300285       5.15399981    
   7.79966879       5.29699993    
   7.81633472       5.44099998    
   7.83300066       5.58799982    
   7.84966660       5.73500013    
   7.86633253       5.88500023    
   7.88299847       6.03599977    
   7.89966440       6.18800020    
   7.91633034       6.34200001    
   7.93299627       6.49800014    
   7.94966221       6.65600014    
   7.96632814       6.81400013    
   7.98299408       6.97499990    
   7.99966002       7.13700008    
   8.01632595       7.30000019    
   8.03299236       7.46500015    
   8.04965878       7.63199997    
   8.06632519       7.79899979    
   8.08299160       7.96899986    
   8.09965801       8.13899994    
   8.11632442       8.31200027    
   8.13299084       8.48499966    
   8.14965725       8.65999985    
   8.16632366       8.83600044    
   8.18299007       9.01399994    
   8.19965649       9.19200039    
   8.21632290       9.37300014    
   8.23298931       9.55399990    
   8.24965572       9.73700047    
   8.26632214       9.92099953    
   8.28298855       10.1099997    
   8.29965496       10.2900000    
   8.31632137       10.4799995    
   8.33298779       10.6700001    
   8.34965420       10.8599997    
   8.36632061       11.0500002    
   8.38298702       11.2399998    
   8.39965343       11.4300003    
   8.41631985       11.6300001    
   8.43298626       11.8199997    
   8.44965267       12.0200005    
   8.46631908       12.2100000    
   8.48298550       12.4099998    
   8.49965191       12.6099997    
   8.51631832       12.8100004    
   8.53298473       13.0100002    
   8.54965115       13.2100000    
   8.56631756       13.4099998    
   8.58298397       13.6199999    
   8.59965038       13.8199997    
   8.61631680       14.0200005    
   8.63298321       14.2299995    
   8.64964962       14.4300003    
   8.66631603       14.6400003    
   8.68298244       14.8500004    
   8.69964886       15.0500002    
   8.71631527       15.2600002    
   8.73298168       15.4700003    
   8.74964809       15.6800003    
   8.76631451       15.8900003    
   8.78298092       16.1000004    
   8.79964733       16.3099995    
   8.81631374       16.5200005    
   8.83298016       16.7299995    
   8.84964657       16.9500008    
   8.86631298       17.1599998    
   8.88297939       17.3700008    
   8.89964581       17.5900002    
   8.91631222       17.7999992    
   8.93297863       18.0100002    
   8.94964504       18.2299995    
   8.96631145       18.4400005    
   8.98297787       18.6599998    
   8.99964428       18.8700008    
   9.01631069       19.0900002    
   9.03297710       19.2999992    
   9.04964352       19.5200005    
   9.06630993       19.7399998    
   9.08297634       19.9500008    
   9.09964275       20.1700001    
   9.11630917       20.3899994    
   9.13297558       20.6000004    
   9.14964199       20.8199997    
   9.16630840       21.0400009    
   9.18297482       21.2500000    
   9.19964123       21.4699993    
   9.21630764       21.6900005    
   9.23297405       21.8999996    
   9.24964046       22.1200008    
   9.26630688       22.3400002    
   9.28297329       22.5499992    
   9.29963970       22.7700005    
   9.31630611       22.9899998    
   9.33297253       23.2000008    
   9.34963894       23.4200001    
   9.36630535       23.6399994    
   9.38297176       23.8500004    
   9.39963818       24.0699997    
   9.41630459       24.2800007    
   9.43297100       24.5000000    
   9.44963741       24.7199993    
   9.46630383       24.9300003    
   9.48297024       25.1499996    
   9.49963665       25.3600006    
   9.51630306       25.5799999    
   9.53296947       25.7900009    
   9.54963589       26.0000000    
   9.56630230       26.2199993    
   9.58296871       26.4300003    
   9.59963512       26.6399994    
   9.61630154       26.8600006    
   9.63296795       27.0699997    
   9.64963436       27.2800007    
   9.66630077       27.4899998    
   9.68296719       27.7000008    
   9.69963360       27.9099998    
   9.71630001       28.1200008    
   9.73296642       28.3299999    
   9.74963284       28.5400009    
   9.76629925       28.7500000    
   9.78296566       28.9599991    
   9.79963207       29.1700001    
   9.81629848       29.3799992    
   9.83296490       29.5799999    
   9.84963131       29.7900009    
   9.86629772       29.9899998    
   9.88296413       30.2000008    
   9.89963055       30.4099998    
   9.91629696       30.6100006    
   9.93296337       30.8099995    
   9.94962978       31.0200005    
   9.96629620       31.2199993    
   9.98296261       31.4200001    
   9.99962902       31.6200008    
   10.0162954       31.8199997    
   10.0329618       32.0200005    
   10.0496283       32.2200012    
   10.0662947       32.4199982    
   10.0829611       32.6199989    
   10.0996275       32.8100014    
   10.1162939       33.0099983    
   10.1329603       33.2099991    
   10.1496267       33.4000015    
   10.1662931       33.5999985    
   10.1829596       33.7900009    
   10.1996260       33.9799995    
   10.2162924       34.1699982    
   10.2329588       34.3699989    
   10.2496252       34.5600014    
   10.2662916       34.7500000    
   10.2829580       34.9300003    
   10.2996244       35.1199989    
   10.3162909       35.3100014    
   10.3329573       35.5000000    
   10.3496237       35.6800003    
   10.3662901       35.8699989    
   10.3829565       36.0499992    
   10.3996229       36.2299995    
   10.4162893       36.4199982    
   10.4329557       36.5999985    
   10.4496222       36.7799988    
   10.4662886       36.9599991    
   10.4829550       37.1399994    
   10.4996214       37.3100014    
   10.5162878       37.4900017    
   10.5329542       37.6699982    
   10.5496206       37.8400002    
   10.5662870       38.0099983    
   10.5829535       38.1899986    
   10.5996199       38.3600006    
   10.6162863       38.5299988    
   10.6329527       38.7000008    
   10.6496191       38.8699989    
   10.6662855       39.0400009    
   10.6829519       39.2099991    
   10.6996183       39.3699989    
   10.7162848       39.5400009    
   10.7329512       39.7000008    
   10.7496176       39.8600006    
   10.7662840       40.0299988    
   10.7829504       40.1899986    
   10.7996168       40.3499985    
   10.8162832       40.5000000    
   10.8329496       40.6599998    
   10.8496161       40.8199997    
   10.8662825       40.9799995    
   10.8829489       41.1300011    
   10.8996153       41.2799988    
   10.9162817       41.4399986    
   10.9329481       41.5900002    
   10.9496145       41.7400017    
   10.9662809       41.8899994    
   10.9829473       42.0299988    
   10.9996138       42.1800003    
   11.0162802       42.3300018    
   11.0329466       42.4700012    
   11.0496130       42.6100006    
   11.0662794       42.7599983    
   11.0829458       42.9000015    
   11.0996122       43.0400009    
   11.1162786       43.1800003    
   11.1329451       43.3100014    
   11.1496115       43.4500008    
   11.1662779       43.5900002    
   11.1829443       43.7200012    
   11.1996107       43.8499985    
   11.2162771       43.9900017    
   11.2329435       44.1199989    
   11.2496099       44.2400017    
   11.2662764       44.3699989    
   11.2829428       44.5000000    
   11.2996092       44.6300011    
   11.3162756       44.7500000    
   11.3329420       44.8699989    
   11.3496084       44.9900017    
   11.3662748       45.1199989    
   11.3829412       45.2299995    
   11.3996077       45.3499985    
   11.4162741       45.4700012    
   11.4329405       45.5900002    
   11.4496069       45.7000008    
   11.4662733       45.8100014    
   11.4829397       45.9199982    
   11.4996061       46.0400009    
   11.5162725       46.1500015    
   11.5329390       46.2500000    
   11.5496054       46.3600006    
   11.5662718       46.4599991    
   11.5829382       46.5699997    
   11.5996046       46.6699982    
   11.6162710       46.7700005    
   11.6329374       46.8699989    
   11.6496038       46.9700012    
   11.6662703       47.0699997    
   11.6829367       47.1699982    
   11.6996031       47.2599983    
   11.7162695       47.3600006    
   11.7329359       47.4500008    
   11.7496023       47.5400009    
   11.7662687       47.6300011    
   11.7829351       47.7200012    
   11.7996016       47.7999992    
   11.8162680       47.8899994    
   11.8329344       47.9700012    
   11.8496008       48.0600014    
   11.8662672       48.1399994    
   11.8829336       48.2200012    
   11.8996000       48.2999992    
   11.9162664       48.3699989    
   11.9329329       48.4500008    
   11.9495993       48.5299988    
   11.9662657       48.5999985    
   11.9829321       48.6699982    
   11.9995985       48.7400017    
   12.0162649       48.8100014    
   12.0329313       48.8800011    
   12.0495977       48.9399986    
   12.0662642       49.0099983    
   12.0829306       49.0699997    
   12.0995970       49.1399994    
   12.1162634       49.2000008    
   12.1329298       49.2599983    
   12.1495962       49.3100014    
   12.1662626       49.3699989    
   12.1829290       49.4300003    
   12.1995955       49.4799995    
   12.2162619       49.5299988    
   12.2329283       49.5800018    
   12.2495947       49.6300011    
   12.2662611       49.6800003    
   12.2829275       49.7299995    
   12.2995939       49.7700005    
   12.3162603       49.8199997    
   12.3329268       49.8600006    
   12.3495932       49.9000015    
   12.3662596       49.9399986    
   12.3829260       49.9799995    
   12.3995924       50.0099983    
   12.4162588       50.0499992    
   12.4329252       50.0900002    
   12.4495916       50.1199989    
   12.4662580       50.1500015    
   12.4829245       50.1800003    
   12.4995909       50.2099991    
   12.5162573       50.2400017    
   12.5329237       50.2599983    
   12.5495901       50.2799988    
   12.5662565       50.3100014    
   12.5829229       50.3300018    
   12.5995893       50.3499985    
   12.6162558       50.3699989    
   12.6329222       50.3800011    
   12.6495886       50.4000015    
   12.6662550       50.4099998    
   12.6829214       50.4300003    
   12.6995878       50.4399986    
   12.7162542       50.4500008    
   12.7329206       50.4599991    
   12.7495871       50.4599991    
   12.7662535       50.4700012    
   12.7829199       50.4700012    
   12.7995863       50.4700012    
   12.8162527       50.4799995    
   12.8329191       50.4700012    
   12.8495855       50.4700012    
   12.8662519       50.4700012    
   12.8829184       50.4599991    
   12.8995848       50.4599991    
   12.9162512       50.4500008    
   12.9329176       50.4399986    
   12.9495840       50.4300003    
   12.9662504       50.4199982    
   12.9829168       50.4099998    
   12.9995832       50.3899994    
   13.0162497       50.3699989    
   13.0329161       50.3600006    
   13.0495825       50.3400002    
   13.0662489       50.3199997    
   13.0829153       50.2999992    
   13.0995817       50.2700005    
   13.1162481       50.2500000    
   13.1329145       50.2200012    
   13.1495810       50.1899986    
   13.1662474       50.1599998    
   13.1829138       50.1300011    
   13.1995802       50.0999985    
   13.2162466       50.0699997    
   13.2329130       50.0299988    
   13.2495794       49.9900017    
   13.2662458       49.9599991    
   13.2829123       49.9199982    
   13.2995787       49.8800011    
   13.3162451       49.8400002    
   13.3329115       49.7900009    
   13.3495779       49.7500000    
   13.3662443       49.7000008    
   13.3829107       49.6599998    
   13.3995771       49.6100006    
   13.4162436       49.5600014    
   13.4329100       49.5000000    
   13.4495764       49.4500008    
   13.4662428       49.4000015    
   13.4829092       49.3400002    
   13.4995756       49.2799988    
   13.5162420       49.2200012    
   13.5329084       49.1599998    
   13.5495749       49.0999985    
   13.5662413       49.0400009    
   13.5829077       48.9700012    
   13.5995741       48.9099998    
   13.6162405       48.8400002    
   13.6329069       48.7700005    
   13.6495733       48.7000008    
   13.6662397       48.6300011    
   13.6829062       48.5600014    
   13.6995726       48.4799995    
   13.7162390       48.4099998    
   13.7329054       48.3300018    
   13.7495718       48.2500000    
   13.7662382       48.1699982    
   13.7829046       48.0900002    
   13.7995710       48.0099983    
   13.8162374       47.9300003    
   13.8329039       47.8400002    
   13.8495703       47.7599983    
   13.8662367       47.6699982    
   13.8829031       47.5800018    
   13.8995695       47.4900017    
   13.9162359       47.4000015    
   13.9329023       47.3100014    
   13.9495687       47.2099991    
   13.9662352       47.1100006    
   13.9829016       47.0200005    
   13.9995680       46.9199982    
   14.0162344       46.8199997    
   14.0329008       46.7200012    
   14.0495672       46.6199989    
   14.0662336       46.5099983    
   14.0829000       46.4099998    
   14.0995665       46.2999992    
   14.1162329       46.1899986    
   14.1328993       46.0900002    
   14.1495657       45.9799995    
   14.1662321       45.8600006    
   14.1828985       45.7500000    
   14.1995649       45.6399994    
   14.2162313       45.5200005    
   14.2328978       45.4099998    
   14.2495642       45.2900009    
   14.2662306       45.1699982    
   14.2828970       45.0499992    
   14.2995634       44.9300003    
   14.3162298       44.8100014    
   14.3328962       44.6800003    
   14.3495626       44.5600014    
   14.3662291       44.4300003    
   14.3828955       44.2999992    
   14.3995619       44.1699982    
   14.4162283       44.0400009    
   14.4328947       43.9099998    
   14.4495611       43.7799988    
   14.4662275       43.6500015    
   14.4828939       43.5099983    
   14.4995604       43.3800011    
   14.5162268       43.2400017    
   14.5328932       43.0999985    
   14.5495596       42.9599991    
   14.5662260       42.8199997    
   14.5828924       42.6800003    
   14.5995588       42.5400009    
   14.6162252       42.3899994    
   14.6328917       42.2500000    
   14.6495581       42.0999985    
   14.6662245       41.9500008    
   14.6828909       41.8100014    
   14.6995573       41.6599998    
   14.7162237       41.5099983    
   14.7328901       41.3499985    
   14.7495565       41.2000008    
   14.7662230       41.0499992    
   14.7828894       40.8899994    
   14.7995558       40.7299995    
   14.8162222       40.5800018    
   14.8328886       40.4199982    
   14.8495550       40.2599983    
   14.8662214       40.0999985    
   14.8828878       39.9399986    
   14.8995543       39.7799988    
   14.9162207       39.6100006    
   14.9328871       39.4500008    
   14.9495535       39.2799988    
   14.9662199       39.1100006    
   14.9828863       38.9500008    
   14.9995527       38.7799988    
   15.0162191       38.6100006    
   15.0328856       38.4399986    
   15.0495520       38.2700005    
   15.0662184       38.0900002    
   15.0828848       37.9199982    
   15.0995512       37.7500000    
   15.1162176       37.5699997    
   15.1328840       37.3899994    
   15.1495504       37.2200012    
   15.1662169       37.0400009    
   15.1828833       36.8600006    
   15.1995497       36.6800003    
   15.2162161       36.5000000    
   15.2328825       36.3199997    
   15.2495489       36.1300011    
   15.2662153       35.9500008    
   15.2828817       35.7700005    
   15.2995481       35.5800018    
   15.3162146       35.4000015    
   15.3328810       35.2099991    
   15.3495474       35.0200005    
   15.3662138       34.8300018    
   15.3828802       34.6399994    
   15.3995466       34.4500008    
   15.4162130       34.2599983    
   15.4328794       34.0699997    
   15.4495459       33.8800011    
   15.4662123       33.6899986    
   15.4828787       33.4900017    
   15.4995451       33.2999992    
   15.5162115       33.0999985    
   15.5328779       32.9099998    
   15.5495443       32.7099991    
   15.5662107       32.5099983    
   15.5828772       32.3100014    
   15.5995436       32.1100006    
   15.6162100       31.9099998    
   15.6328764       31.7099991    
   15.6495428       31.5100002    
   15.6662092       31.3099995    
   15.6828756       31.1100006    
   15.6995420       30.9099998    
   15.7162085       30.7000008    
   15.7328749       30.5000000    
   15.7495413       30.2999992    
   15.7662077       30.0900002    
   15.7828741       29.8799992    
   15.7995405       29.6800003    
   15.8162069       29.4699993    
   15.8328733       29.2600002    
   15.8495398       29.0599995    
   15.8662062       28.8500004    
   15.8828726       28.6399994    
   15.8995390       28.4300003    
   15.9162054       28.2199993    
   15.9328718       28.0100002    
   15.9495382       27.7999992    
   15.9662046       27.5900002    
   15.9828711       27.3799992    
   15.9995375       27.1700001    
   16.0162029       26.9500008    
   16.0328693       26.7399998    
   16.0495358       26.5300007    
   16.0662022       26.3199997    
   16.0828686       26.1000004    
   16.0995350       25.8899994    
   16.1162014       25.6800003    
   16.1328678       25.4599991    
   16.1495342       25.2500000    
   16.1662006       25.0300007    
   16.1828671       24.8199997    
   16.1995335       24.6000004    
   16.2161999       24.3899994    
   16.2328663       24.1700001    
   16.2495327       23.9500008    
   16.2661991       23.7399998    
   16.2828655       23.5200005    
   16.2995319       23.2999992    
   16.3161983       23.0900002    
   16.3328648       22.8700008    
   16.3495312       22.6499996    
   16.3661976       22.4400005    
   16.3828640       22.2199993    
   16.3995304       22.0000000    
   16.4161968       21.7900009    
   16.4328632       21.5699997    
   16.4495296       21.3500004    
   16.4661961       21.1399994    
   16.4828625       20.9200001    
   16.4995289       20.7000008    
   16.5161953       20.4899998    
   16.5328617       20.2700005    
   16.5495281       20.0499992    
   16.5661945       19.8400002    
   16.5828609       19.6200008    
   16.5995274       19.4099998    
   16.6161938       19.1900005    
   16.6328602       18.9699993    
   16.6495266       18.7600002    
   16.6661930       18.5400009    
   16.6828594       18.3299999    
   16.6995258       18.1100006    
   16.7161922       17.8999996    
   16.7328587       17.6900005    
   16.7495251       17.4699993    
   16.7661915       17.2600002    
   16.7828579       17.0499992    
   16.7995243       16.8299999    
   16.8161907       16.6200008    
   16.8328571       16.4099998    
   16.8495235       16.2000008    
   16.8661900       15.9899998    
   16.8828564       15.7799997    
   16.8995228       15.5699997    
   16.9161892       15.3599997    
   16.9328556       15.1499996    
   16.9495220       14.9399996    
   16.9661884       14.7399998    
   16.9828548       14.5299997    
   16.9995213       14.3199997    
   17.0161877       14.1199999    
   17.0328541       13.9200001    
   17.0495205       13.7100000    
   17.0661869       13.5100002    
   17.0828533       13.3100004    
   17.0995197       13.1000004    
   17.1161861       12.8999996    
   17.1328526       12.6999998    
   17.1495190       12.5100002    
   17.1661854       12.3100004    
   17.1828518       12.1099997    
   17.1995182       11.9099998    
   17.2161846       11.7200003    
   17.2328510       11.5200005    
   17.2495174       11.3299999    
   17.2661839       11.1400003    
   17.2828503       10.9499998    
   17.2995167       10.7600002    
   17.3161831       10.5699997    
   17.3328495       10.3800001    
   17.3495159       10.1899996    
   17.3661823       10.0100002    
   17.3828487       9.82400036    
   17.3995152       9.64099979    
   17.4161816       9.45899963    
   17.4328480       9.27799988    
   17.4495144       9.09899998    
   17.4661808       8.92099953    
   17.4828472       8.74400043    
   17.4995136       8.56799984    
   17.5161800       8.39400005    
   17.5328465       8.22099972    
   17.5495129       8.05000019    
   17.5661793       7.88000011    
   17.5828457       7.71199989    
   17.5995121       7.54500008    
   17.6161785       7.37900019    
   17.6328449       7.21500015    
   17.6495113       7.05200005    
   17.6661777       6.89099979    
   17.6828442       6.73199987    
   17.6995106       6.57299995    
   17.7161770       6.41699982    
   17.7328434       6.26200008    
   17.7495098       6.10900021    
   17.7661762       5.95699978    
   17.7828426       5.80700016    
   17.7995090       5.65799999    
   17.8161755       5.51100016    
   17.8328419       5.36600018    
   17.8495083       5.22200012    
   17.8661747       5.08099985    
   17.8828411       4.94000006    
   17.8995075       4.80100012    
   17.9161739       4.66400003    
   17.9328403       4.52899981    
   17.9495068       4.39499998    
   17.9661732       4.26300001    
   17.9828396       4.13199997    
   17.9995060       4.00299978    
   18.0161724       3.87599993    
   18.0328388       3.75099993    
   18.0495052       3.62700009    
   18.0661716       3.50399995    
   18.0828381       3.38400006    
   18.0995045       3.26399994    
   18.1161709       3.14700007    
   18.1328373       3.03099990    
   18.1495037       2.91700006    
   18.1661701       2.80399990    
   18.1828365       2.69300008    
   18.1995029       2.58400011    
   18.2161694       2.47600007    
   18.2328358       2.36999989    
   18.2495022       2.26500010    
   18.2661686       2.16199994    
   18.2828350       2.06100011    
   18.2995014       1.96099997    
   18.3161678       1.86300004    
   18.3328342       1.76699996    
   18.3495007       1.67299998    
   18.3661671       1.58099997    
   18.3828335       1.49000001    
   18.3994999       1.40100002    
   18.4161663       1.31500006    
   18.4328327       1.23000002    
   18.4494991       1.14800000    
   18.4661655       1.06799996    
   18.4828320      0.989600003    
   18.4994984      0.914099991    
   18.5161648      0.841300011    
   18.5328312      0.771099985    
   18.5494976      0.703800023    
   18.5661640      0.639500022    
   18.5828304      0.578700006    
   18.5994968      0.521799982    
   18.6161633      0.460000008    
   18.6328297      0.400599986    
   18.6494961      0.352100015    
   18.6661625      0.312400013    
   18.6828289      0.269199997    
   18.6994953      0.232800007    
   18.7161617      0.196300000    
   18.7328281      0.166999996    
   18.7494946      0.141800001    
   18.7661610      0.116999999    
   18.7828274       9.50099975E-02
   18.7994938       7.59000033E-02
   18.8161602       6.11400008E-02
   18.8328266       4.94799986E-02
   18.8494930       3.83800007E-02
   18.8661594       3.00900005E-02
   18.8828259       2.36900002E-02
   18.8994923       1.82000007E-02
   18.9161587       1.39400000E-02
   18.9328251       1.06400000E-02
   18.9494915       8.07399955E-03
   18.9661579       5.93299977E-03
   18.9828243       4.41099983E-03
   18.9994907       3.17799998E-03
   19.0161572       2.29500001E-03
   19.0328236       1.58399995E-03
   19.0494900       1.07100001E-03
   19.0661564       7.04200007E-04
   19.0828228       4.46499995E-04
   19.0994892       2.66999996E-04
   19.1161556       1.37600000E-04
   19.1328220       5.41900008E-05
   19.1494884       1.27599997E-05
   19.1661549       7.01500028E-07
   19.1828213       6.15500007E-09
   19.1994877       2.47700003E-11
   19.2161541       1.92199992E-14
   19.2328205       2.03500002E-19
   19.2494869       0.00000000    
   19.2661533       0.00000000    
   19.2828197       0.00000000    
   19.2994862       0.00000000    
   19.3161526       0.00000000    
   19.3328190       0.00000000    
   19.3494854       0.00000000    
   19.3661518       0.00000000    
   19.3828182       0.00000000    
   19.3994846       0.00000000    
   19.4161510       0.00000000    
   19.4328175       0.00000000    
   19.4494839       0.00000000    
   19.4661503       0.00000000    
   19.4828167       0.00000000    
   19.4994831       0.00000000    
   19.5161495       0.00000000    
   19.5328159       0.00000000    
   19.5494823       0.00000000    
   19.5661488       0.00000000    
   19.5828152       0.00000000    
   19.5994816       0.00000000    
   19.6161480       0.00000000    
   19.6328144       0.00000000    
   19.6494808       0.00000000    
   19.6661472       0.00000000    
   19.6828136       0.00000000    
   19.6994801       0.00000000    
   19.7161465       0.00000000    
   19.7328129       0.00000000    
   19.7494793       0.00000000    
   19.7661457       0.00000000    
   19.7828121       0.00000000    
   19.7994785       0.00000000    
   19.8161449       0.00000000    
   19.8328114       0.00000000    
   19.8494778       0.00000000    
   19.8661442       0.00000000    
   19.8828106       0.00000000    
   19.8994770       0.00000000    
   19.9161434       0.00000000    
   19.9328098       0.00000000    
   19.9494762       0.00000000    
   19.9661427       0.00000000    
   19.9828091       0.00000000    
   19.9994755       0.00000000    
   20.0161419       0.00000000    
   20.0328083       0.00000000    
   20.0494747       0.00000000    
   20.0661411       0.00000000    
   20.0828075       0.00000000    
   20.0994740       0.00000000    
   20.1161404       0.00000000    
   20.1328068       0.00000000    
   20.1494732       0.00000000    
   20.1661396       0.00000000    
   20.1828060       0.00000000    
   20.1994724       0.00000000    
   20.2161388       0.00000000    
   20.2328053       0.00000000    
   20.2494717       0.00000000    
   20.2661381       0.00000000    
   20.2828045       0.00000000    
   20.2994709       0.00000000    
   20.3161373       0.00000000    
   20.3328037       0.00000000    
   20.3494701       0.00000000    
   20.3661366       0.00000000    
   20.3828030       0.00000000    
   20.3994694       0.00000000    
   20.4161358       0.00000000    
   20.4328022       0.00000000    
   20.4494686       0.00000000    
   20.4661350       0.00000000    
   20.4828014       0.00000000    
   20.4994678       0.00000000    
   20.5161343       0.00000000    
   20.5328007       0.00000000    
   20.5494671       0.00000000    
   20.5661335       0.00000000    
   20.5827999       0.00000000    
   20.5994663       0.00000000    
   20.6161327       0.00000000    
   20.6327991       0.00000000    
   20.6494656       0.00000000    
   20.6661320       0.00000000    
   20.6827984       0.00000000    
   20.6994648       0.00000000    
   20.7161312       0.00000000    
   20.7327976       0.00000000    
   20.7494640       0.00000000    
   20.7661304       0.00000000    
   20.7827969       0.00000000    
   20.7994633       0.00000000    
   20.8161297       0.00000000    
   20.8327961       0.00000000    
   20.8494625       0.00000000    
   20.8661289       0.00000000    
   20.8827953       0.00000000    
   20.8994617       0.00000000    
   20.9161282       0.00000000    
   20.9327946       0.00000000    
   20.9494610       0.00000000    
   20.9661274       0.00000000    
   20.9827938       0.00000000    
   20.9994602       0.00000000    
   21.0161266       0.00000000    
   21.0327930       0.00000000    
   21.0494595       0.00000000    
   21.0661259       0.00000000    
   21.0827923       0.00000000    
   21.0994587       0.00000000    
   21.1161251       0.00000000    
   21.1327915       0.00000000    
   21.1494579       0.00000000    
   21.1661243       0.00000000    
   21.1827908       0.00000000    
   21.1994572       0.00000000    
   21.2161236       0.00000000    
   21.2327900       0.00000000    
   21.2494564       0.00000000    
   21.2661228       0.00000000    
   21.2827892       0.00000000    
   21.2994556       0.00000000    
   21.3161221       0.00000000    
   21.3327885       0.00000000    
   21.3494549       0.00000000    
   21.3661213       0.00000000    
   21.3827877       0.00000000    
   21.3994541       0.00000000    
   21.4161205       0.00000000    
   21.4327869       0.00000000    
   21.4494534       0.00000000    
   21.4661198       0.00000000    
   21.4827862       0.00000000    
   21.4994526       0.00000000    
   21.5161190       0.00000000    
   21.5327854       0.00000000    
   21.5494518       0.00000000    
   21.5661182       0.00000000    
   21.5827847       0.00000000    
   21.5994511       0.00000000    
   21.6161175       0.00000000    
   21.6327839       0.00000000    
   21.6494503       0.00000000    
   21.6661167       0.00000000    
   21.6827831       0.00000000    
   21.6994495       0.00000000    
   21.7161160       0.00000000    
   21.7327824       0.00000000    
   21.7494488       0.00000000    
   21.7661152       0.00000000    
   21.7827816       0.00000000    
   21.7994480       0.00000000    
   21.8161144       0.00000000    
   21.8327808       0.00000000    
   21.8494473       0.00000000    
   21.8661137       0.00000000    
   21.8827801       0.00000000    
   21.8994465       0.00000000    
   21.9161129       0.00000000    
   21.9327793       0.00000000    
   21.9494457       0.00000000    
   21.9661121       0.00000000    
   21.9827785       0.00000000    
   21.9994450       0.00000000    
   22.0161114       0.00000000    
   22.0327778       0.00000000    
   22.0494442       0.00000000    
   22.0661106       0.00000000    
   22.0827770       0.00000000    
   22.0994434       0.00000000    
   22.1161098       0.00000000    
   22.1327763       0.00000000    
   22.1494427       0.00000000    
   22.1661091       0.00000000    
   22.1827755       0.00000000    
   22.1994419       0.00000000    
   22.2161083       0.00000000    
   22.2327747       0.00000000    
   22.2494411       0.00000000    
   22.2661076       0.00000000    
   22.2827740       0.00000000    
   22.2994404       0.00000000    
   22.3161068       0.00000000    
   22.3327732       0.00000000    
   22.3494396       0.00000000    
   22.3661060       0.00000000    
   22.3827724       0.00000000    
   22.3994389       0.00000000    
   22.4161053       0.00000000    
   22.4327717       0.00000000    
   22.4494381       0.00000000    
   22.4661045       0.00000000    
   22.4827709       0.00000000    
   22.4994373       0.00000000    
   22.5161037       0.00000000    
   22.5327702       0.00000000    
   22.5494366       0.00000000    
   22.5661030       0.00000000    
   22.5827694       0.00000000    
   22.5994358       0.00000000    
   22.6161022       0.00000000    
   22.6327686       0.00000000    
   22.6494350       0.00000000    
   22.6661015       0.00000000    
   22.6827679       0.00000000    
   22.6994343       0.00000000    
   22.7161007       0.00000000    
   22.7327671       0.00000000    
   22.7494335       0.00000000    
   22.7660999       0.00000000    
   22.7827663       0.00000000    
   22.7994328       0.00000000    
   22.8160992       0.00000000    
   22.8327656       0.00000000    
   22.8494320       0.00000000    
   22.8660984       0.00000000    
   22.8827648       0.00000000    
   22.8994312       0.00000000    
   22.9160976       0.00000000    
   22.9327641       0.00000000    
   22.9494305       0.00000000    
   22.9660969       0.00000000    
   22.9827633       0.00000000    
   22.9994297       0.00000000    
   23.0160961       0.00000000    
   23.0327625       0.00000000    
   23.0494289       0.00000000    
   23.0660954       0.00000000    
   23.0827618       0.00000000    
   23.0994282       0.00000000    
   23.1160946       0.00000000    
   23.1327610       0.00000000    
   23.1494274       0.00000000    
   23.1660938       0.00000000    
   23.1827602       0.00000000    
   23.1994267       0.00000000    
   23.2160931       0.00000000    
   23.2327595       0.00000000    
   23.2494259       0.00000000    
   23.2660923       0.00000000    
   23.2827587       0.00000000    
   23.2994251       0.00000000    
   23.3160915       0.00000000    
   23.3327579       0.00000000    
   23.3494244       0.00000000    
   23.3660908       0.00000000    
   23.3827572       0.00000000    
   23.3994236       0.00000000    
   23.4160900       0.00000000    
   23.4327564       0.00000000    
   23.4494228       0.00000000    
   23.4660892       0.00000000    
   23.4827557       0.00000000    
   23.4994221       0.00000000    
   23.5160885       0.00000000    
   23.5327549       0.00000000    
   23.5494213       0.00000000    
   23.5660877       0.00000000    
   23.5827541       0.00000000    
   23.5994205       0.00000000    
   23.6160870       0.00000000    
   23.6327534       0.00000000    
   23.6494198       0.00000000    
   23.6660862       0.00000000    
   23.6827526       0.00000000    
   23.6994190       0.00000000    
   23.7160854       0.00000000    
   23.7327518       0.00000000    
   23.7494183       0.00000000    
   23.7660847       0.00000000    
   23.7827511       0.00000000    
   23.7994175       0.00000000    
   23.8160839       0.00000000    
   23.8327503       0.00000000    
   23.8494167       0.00000000    
   23.8660831       0.00000000    
   23.8827496       0.00000000    
   23.8994160       0.00000000    
   23.9160824       0.00000000    
   23.9327488       0.00000000    
   23.9494152       0.00000000    
   23.9660816       0.00000000    
   23.9827480       0.00000000    
