   0.00000000       0.00000000    
   1.66660007E-02   0.00000000    
   3.33320014E-02   0.00000000    
   4.99980003E-02   0.00000000    
   6.66640028E-02   0.00000000    
   8.33300054E-02   0.00000000    
   9.99960080E-02   0.00000000    
  0.116662011       0.00000000    
  0.133328006       0.00000000    
  0.149994001       0.00000000    
  0.166659996       0.00000000    
  0.183325991       0.00000000    
  0.199991986       0.00000000    
  0.216657981       0.00000000    
  0.233323976       0.00000000    
  0.249989972       0.00000000    
  0.266655982       0.00000000    
  0.283321977       0.00000000    
  0.299987972       0.00000000    
  0.316653967       0.00000000    
  0.333319962       0.00000000    
  0.349985957       0.00000000    
  0.366651952       0.00000000    
  0.383317947       0.00000000    
  0.399983943       0.00000000    
  0.416649938       0.00000000    
  0.433315933       0.00000000    
  0.449981928       0.00000000    
  0.466647923       0.00000000    
  0.483313918       0.00000000    
  0.499979913       0.00000000    
  0.516645908       0.00000000    
  0.533311903       0.00000000    
  0.549977899       0.00000000    
  0.566643894       0.00000000    
  0.583309889       0.00000000    
  0.599975884       0.00000000    
  0.616641879       0.00000000    
  0.633307874       0.00000000    
  0.649973869       0.00000000    
  0.666639864       0.00000000    
  0.683305860       0.00000000    
  0.699971855       0.00000000    
  0.716637850       0.00000000    
  0.733303845       0.00000000    
  0.749969840       0.00000000    
  0.766635835       0.00000000    
  0.783301830       0.00000000    
  0.799967825       0.00000000    
  0.816633821       0.00000000    
  0.833299816       0.00000000    
  0.849965811       0.00000000    
  0.866631806       0.00000000    
  0.883297801       0.00000000    
  0.899963796       0.00000000    
  0.916629791       0.00000000    
  0.933295786       0.00000000    
  0.949961782       0.00000000    
  0.966627777       0.00000000    
  0.983293772       0.00000000    
  0.999959767       0.00000000    
   1.01662576       0.00000000    
   1.03329182       0.00000000    
   1.04995787       0.00000000    
   1.06662393       0.00000000    
   1.08328998       0.00000000    
   1.09995604       0.00000000    
   1.11662209       0.00000000    
   1.13328815       0.00000000    
   1.14995420       0.00000000    
   1.16662025       0.00000000    
   1.18328631       0.00000000    
   1.19995236       0.00000000    
   1.21661842       0.00000000    
   1.23328447       0.00000000    
   1.24995053       0.00000000    
   1.26661658       0.00000000    
   1.28328264       0.00000000    
   1.29994869       0.00000000    
   1.31661475       0.00000000    
   1.33328080       0.00000000    
   1.34994686       0.00000000    
   1.36661291       0.00000000    
   1.38327897       0.00000000    
   1.39994502       0.00000000    
   1.41661108       0.00000000    
   1.43327713       0.00000000    
   1.44994318       0.00000000    
   1.46660924       0.00000000    
   1.48327529       0.00000000    
   1.49994135       0.00000000    
   1.51660740       0.00000000    
   1.53327346       0.00000000    
   1.54993951       0.00000000    
   1.56660557       0.00000000    
   1.58327162       0.00000000    
   1.59993768       0.00000000    
   1.61660373       0.00000000    
   1.63326979       0.00000000    
   1.64993584       0.00000000    
   1.66660190       0.00000000    
   1.68326795       0.00000000    
   1.69993401       0.00000000    
   1.71660006       0.00000000    
   1.73326612       0.00000000    
   1.74993217       0.00000000    
   1.76659822       0.00000000    
   1.78326428       0.00000000    
   1.79993033       0.00000000    
   1.81659639       0.00000000    
   1.83326244       0.00000000    
   1.84992850       0.00000000    
   1.86659455       0.00000000    
   1.88326061       0.00000000    
   1.89992666       0.00000000    
   1.91659272       0.00000000    
   1.93325877       0.00000000    
   1.94992483       0.00000000    
   1.96659088       0.00000000    
   1.98325694       0.00000000    
   1.99992299       0.00000000    
   2.01658893       0.00000000    
   2.03325486       0.00000000    
   2.04992080       0.00000000    
   2.06658673       0.00000000    
   2.08325267       0.00000000    
   2.09991860       0.00000000    
   2.11658454       0.00000000    
   2.13325047       0.00000000    
   2.14991641       0.00000000    
   2.16658235       0.00000000    
   2.18324828       0.00000000    
   2.19991422       0.00000000    
   2.21658015       0.00000000    
   2.23324609       0.00000000    
   2.24991202       0.00000000    
   2.26657796       0.00000000    
   2.28324389       0.00000000    
   2.29990983       0.00000000    
   2.31657577       0.00000000    
   2.33324170       0.00000000    
   2.34990764       0.00000000    
   2.36657357       0.00000000    
   2.38323951       0.00000000    
   2.39990544       0.00000000    
   2.41657138       0.00000000    
   2.43323731       0.00000000    
   2.44990325       0.00000000    
   2.46656919       0.00000000    
   2.48323512       0.00000000    
   2.49990106       0.00000000    
   2.51656699       0.00000000    
   2.53323293       0.00000000    
   2.54989886       0.00000000    
   2.56656480       0.00000000    
   2.58323073       0.00000000    
   2.59989667       0.00000000    
   2.61656260       0.00000000    
   2.63322854       0.00000000    
   2.64989448       0.00000000    
   2.66656041       0.00000000    
   2.68322635       0.00000000    
   2.69989228       0.00000000    
   2.71655822       0.00000000    
   2.73322415       0.00000000    
   2.74989009       0.00000000    
   2.76655602       0.00000000    
   2.78322196       0.00000000    
   2.79988790       0.00000000    
   2.81655383       0.00000000    
   2.83321977       0.00000000    
   2.84988570       0.00000000    
   2.86655164       0.00000000    
   2.88321757       0.00000000    
   2.89988351       0.00000000    
   2.91654944       0.00000000    
   2.93321538       0.00000000    
   2.94988132       0.00000000    
   2.96654725       0.00000000    
   2.98321319       0.00000000    
   2.99987912       0.00000000    
   3.01654506       0.00000000    
   3.03321099       0.00000000    
   3.04987693       0.00000000    
   3.06654286       0.00000000    
   3.08320880       0.00000000    
   3.09987473       0.00000000    
   3.11654067       0.00000000    
   3.13320661       0.00000000    
   3.14987254       0.00000000    
   3.16653848       0.00000000    
   3.18320441       0.00000000    
   3.19987035       0.00000000    
   3.21653628       0.00000000    
   3.23320222       0.00000000    
   3.24986815       0.00000000    
   3.26653409       0.00000000    
   3.28320003       0.00000000    
   3.29986596       0.00000000    
   3.31653190       0.00000000    
   3.33319783       0.00000000    
   3.34986377       0.00000000    
   3.36652970       0.00000000    
   3.38319564       0.00000000    
   3.39986157       0.00000000    
   3.41652751       0.00000000    
   3.43319345       0.00000000    
   3.44985938       0.00000000    
   3.46652532       0.00000000    
   3.48319125       0.00000000    
   3.49985719       0.00000000    
   3.51652312       0.00000000    
   3.53318906       0.00000000    
   3.54985499       0.00000000    
   3.56652093       0.00000000    
   3.58318686       0.00000000    
   3.59985280       0.00000000    
   3.61651874       0.00000000    
   3.63318467       0.00000000    
   3.64985061       0.00000000    
   3.66651654       0.00000000    
   3.68318248       0.00000000    
   3.69984841       0.00000000    
   3.71651435       0.00000000    
   3.73318028       0.00000000    
   3.74984622       0.00000000    
   3.76651216       0.00000000    
   3.78317809       0.00000000    
   3.79984403       0.00000000    
   3.81650996       0.00000000    
   3.83317590       0.00000000    
   3.84984183       0.00000000    
   3.86650777       0.00000000    
   3.88317370       0.00000000    
   3.89983964       0.00000000    
   3.91650558       0.00000000    
   3.93317151       0.00000000    
   3.94983745       0.00000000    
   3.96650338       0.00000000    
   3.98316932       0.00000000    
   3.99983525       0.00000000    
   4.01650143       0.00000000    
   4.03316736       0.00000000    
   4.04983330       0.00000000    
   4.06649923       0.00000000    
   4.08316517       0.00000000    
   4.09983110       0.00000000    
   4.11649704       0.00000000    
   4.13316298       0.00000000    
   4.14982891       0.00000000    
   4.16649485       0.00000000    
   4.18316078       0.00000000    
   4.19982672       0.00000000    
   4.21649265       0.00000000    
   4.23315859       0.00000000    
   4.24982452       0.00000000    
   4.26649046       0.00000000    
   4.28315639       0.00000000    
   4.29982233       0.00000000    
   4.31648827       0.00000000    
   4.33315420       0.00000000    
   4.34982014       0.00000000    
   4.36648607       0.00000000    
   4.38315201       0.00000000    
   4.39981794       0.00000000    
   4.41648388       0.00000000    
   4.43314981       0.00000000    
   4.44981575       0.00000000    
   4.46648169       0.00000000    
   4.48314762       0.00000000    
   4.49981356       0.00000000    
   4.51647949       0.00000000    
   4.53314543       0.00000000    
   4.54981136       0.00000000    
   4.56647730       0.00000000    
   4.58314323       0.00000000    
   4.59980917       0.00000000    
   4.61647511       0.00000000    
   4.63314104       0.00000000    
   4.64980698       0.00000000    
   4.66647291       0.00000000    
   4.68313885       0.00000000    
   4.69980478       0.00000000    
   4.71647072       0.00000000    
   4.73313665       0.00000000    
   4.74980259       0.00000000    
   4.76646852       0.00000000    
   4.78313446       0.00000000    
   4.79980040       0.00000000    
   4.81646633       0.00000000    
   4.83313227       0.00000000    
   4.84979820       0.00000000    
   4.86646414       0.00000000    
   4.88313007       0.00000000    
   4.89979601       0.00000000    
   4.91646194       0.00000000    
   4.93312788       0.00000000    
   4.94979382       0.00000000    
   4.96645975       0.00000000    
   4.98312569       0.00000000    
   4.99979162       0.00000000    
   5.01645756       0.00000000    
   5.03312349       0.00000000    
   5.04978943       0.00000000    
   5.06645536       0.00000000    
   5.08312130       0.00000000    
   5.09978724       0.00000000    
   5.11645317       0.00000000    
   5.13311911       0.00000000    
   5.14978504       0.00000000    
   5.16645098       0.00000000    
   5.18311691       0.00000000    
   5.19978285       0.00000000    
   5.21644878       0.00000000    
   5.23311472       0.00000000    
   5.24978065       0.00000000    
   5.26644659       0.00000000    
   5.28311253       0.00000000    
   5.29977846       0.00000000    
   5.31644440       0.00000000    
   5.33311033       0.00000000    
   5.34977627       0.00000000    
   5.36644220       0.00000000    
   5.38310814       0.00000000    
   5.39977407       0.00000000    
   5.41644001       0.00000000    
   5.43310595       0.00000000    
   5.44977188       0.00000000    
   5.46643782       0.00000000    
   5.48310375       0.00000000    
   5.49976969       0.00000000    
   5.51643562       0.00000000    
   5.53310156       0.00000000    
   5.54976749       0.00000000    
   5.56643343       0.00000000    
   5.58309937       0.00000000    
   5.59976530       0.00000000    
   5.61643124       0.00000000    
   5.63309717       0.00000000    
   5.64976311       0.00000000    
   5.66642904       0.00000000    
   5.68309498       0.00000000    
   5.69976091       0.00000000    
   5.71642685       0.00000000    
   5.73309278       0.00000000    
   5.74975872       0.00000000    
   5.76642466       0.00000000    
   5.78309059       0.00000000    
   5.79975653       0.00000000    
   5.81642246       0.00000000    
   5.83308840       0.00000000    
   5.84975433       0.00000000    
   5.86642027       0.00000000    
   5.88308620       0.00000000    
   5.89975214       0.00000000    
   5.91641808       0.00000000    
   5.93308401       0.00000000    
   5.94974995       0.00000000    
   5.96641588       0.00000000    
   5.98308182       0.00000000    
   5.99974775       0.00000000    
   6.01641369       0.00000000    
   6.03307962       0.00000000    
   6.04974556       0.00000000    
   6.06641150       0.00000000    
   6.08307743       0.00000000    
   6.09974337       0.00000000    
   6.11640930       0.00000000    
   6.13307524       0.00000000    
   6.14974117       0.00000000    
   6.16640711       0.00000000    
   6.18307304       0.00000000    
   6.19973898       0.00000000    
   6.21640491       1.19500005E-28
   6.23307085       1.11100001E-20
   6.24973679       5.73400012E-17
   6.26640272       5.61799989E-14
   6.28306866       2.01999997E-11
   6.29973459       1.85100002E-09
   6.31640053       1.33100002E-08
   6.33306646       5.00400006E-08
   6.34973240       1.17100001E-07
   6.36639833       2.34599995E-07
   6.38306427       4.41499992E-07
   6.39973021       7.90800016E-07
   6.41639614       1.32800005E-06
   6.43306208       2.11299994E-06
   6.44972801       3.18999992E-06
   6.46639395       4.56099997E-06
   6.48305988       6.37499988E-06
   6.49972582       8.63599962E-06
   6.51639175       1.16399997E-05
   6.53305769       1.55199996E-05
   6.54972363       2.01799994E-05
   6.56638956       2.56700005E-05
   6.58305550       3.23599998E-05
   6.59972143       4.08499982E-05
   6.61638737       5.09700003E-05
   6.63305330       6.26199981E-05
   6.64971924       7.60600014E-05
   6.66638517       9.27599976E-05
   6.68305111       1.12800000E-04
   6.69971704       1.34400005E-04
   6.71638298       1.56399998E-04
   6.73304892       1.81800002E-04
   6.74971485       2.13000007E-04
   6.76638079       2.45000003E-04
   6.78304672       2.81399989E-04
   6.79971266       3.16199992E-04
   6.81637859       3.58399993E-04
   6.83304453       4.10100009E-04
   6.84971046       4.62399999E-04
   6.86637640       5.12400002E-04
   6.88304234       5.66100003E-04
   6.89970827       6.23499975E-04
   6.91637421       6.83700026E-04
   6.93304014       7.47299986E-04
   6.94970608       8.14000028E-04
   6.96637201       8.83699977E-04
   6.98303795       9.56600008E-04
   6.99970388       1.03299995E-03
   7.01636982       1.11199997E-03
   7.03303576       1.19400001E-03
   7.04970169       1.27899996E-03
   7.06636763       1.36700005E-03
   7.08303356       1.45900005E-03
   7.09969950       1.55399996E-03
   7.11636543       1.65200001E-03
   7.13303137       1.75299996E-03
   7.14969730       1.85700005E-03
   7.16636324       1.96500006E-03
   7.18302917       2.07599998E-03
   7.19969511       2.19099992E-03
   7.21636105       2.30899989E-03
   7.23302698       2.43000011E-03
   7.24969292       2.55499990E-03
   7.26635885       2.68399995E-03
   7.28302479       2.81600002E-03
   7.29969072       2.95199989E-03
   7.31635666       3.09200003E-03
   7.33302259       3.23599996E-03
   7.34968853       3.38399992E-03
   7.36635447       3.53599992E-03
   7.38302040       3.69099993E-03
   7.39968634       3.85099999E-03
   7.41635227       4.01500007E-03
   7.43301821       4.18299995E-03
   7.44968414       4.35600011E-03
   7.46635008       4.53299982E-03
   7.48301601       4.71499981E-03
   7.49968195       4.90099983E-03
   7.51634789       5.09099988E-03
   7.53301382       5.28699998E-03
   7.54967976       5.48700010E-03
   7.56634569       5.69200004E-03
   7.58301163       5.90199977E-03
   7.59967756       6.11699978E-03
   7.61634350       6.33700006E-03
   7.63300943       6.56200014E-03
   7.64967537       6.79299980E-03
   7.66634130       7.02799996E-03
   7.68300724       7.26900017E-03
   7.69967318       7.51500018E-03
   7.71633911       7.76699977E-03
   7.73300505       8.02399963E-03
   7.74967098       8.28799978E-03
   7.76633692       8.55700020E-03
   7.78300285       8.83200020E-03
   7.79966879       9.11200047E-03
   7.81633472       9.39899962E-03
   7.83300066       9.69200023E-03
   7.84966660       9.99100041E-03
   7.86633253       1.03000002E-02
   7.88299847       1.06100002E-02
   7.89966440       1.09200003E-02
   7.91633034       1.12500004E-02
   7.93299627       1.15799997E-02
   7.94966221       1.19200004E-02
   7.96632814       1.22600002E-02
   7.98299408       1.26099996E-02
   7.99966002       1.29699996E-02
   8.01632595       1.33300005E-02
   8.03299236       1.37000000E-02
   8.04965878       1.40800001E-02
   8.06632519       1.44600002E-02
   8.08299160       1.48499999E-02
   8.09965801       1.52500002E-02
   8.11632442       1.56599991E-02
   8.13299084       1.60700008E-02
   8.14965725       1.64899994E-02
   8.16632366       1.69200003E-02
   8.18299007       1.73499994E-02
   8.19965649       1.77999996E-02
   8.21632290       1.82499997E-02
   8.23298931       1.86999999E-02
   8.24965572       1.91699993E-02
   8.26632214       1.96400005E-02
   8.28298855       2.01200005E-02
   8.29965496       2.06099991E-02
   8.31632137       2.11100001E-02
   8.33298779       2.16099992E-02
   8.34965420       2.21200008E-02
   8.36632061       2.26399992E-02
   8.38298702       2.31699999E-02
   8.39965343       2.37000007E-02
   8.41631985       2.42500007E-02
   8.43298626       2.48000007E-02
   8.44965267       2.53599994E-02
   8.46631908       2.59199999E-02
   8.48298550       2.64999997E-02
   8.49965191       2.70799994E-02
   8.51631832       2.76699997E-02
   8.53298473       2.82700006E-02
   8.54965115       2.88800001E-02
   8.56631756       2.95000002E-02
   8.58298397       3.01200002E-02
   8.59965038       3.07599995E-02
   8.61631680       3.13999988E-02
   8.63298321       3.20400000E-02
   8.64964962       3.26999985E-02
   8.66631603       3.33699994E-02
   8.68298244       3.40400003E-02
   8.69964886       3.47199999E-02
   8.71631527       3.54099981E-02
   8.73298168       3.61099988E-02
   8.74964809       3.68199982E-02
   8.76631451       3.75300013E-02
   8.78298092       3.82600017E-02
   8.79964733       3.89899984E-02
   8.81631374       3.97199988E-02
   8.83298016       4.04700004E-02
   8.84964657       4.12300006E-02
   8.86631298       4.19900008E-02
   8.88297939       4.27599996E-02
   8.89964581       4.35400009E-02
   8.91631222       4.43300009E-02
   8.93297863       4.51299995E-02
   8.94964504       4.59299982E-02
   8.96631145       4.67399992E-02
   8.98297787       4.75599989E-02
   8.99964428       4.83900011E-02
   9.01631069       4.92299981E-02
   9.03297710       5.00699989E-02
   9.04964352       5.09199984E-02
   9.06630993       5.17800003E-02
   9.08297634       5.26500009E-02
   9.09964275       5.35200015E-02
   9.11630917       5.44000007E-02
   9.13297558       5.52899987E-02
   9.14964199       5.61899990E-02
   9.16630840       5.71000017E-02
   9.18297482       5.80100007E-02
   9.19964123       5.89299984E-02
   9.21630764       5.98499998E-02
   9.23297405       6.07899986E-02
   9.24964046       6.17300011E-02
   9.26630688       6.26799986E-02
   9.28297329       6.36299998E-02
   9.29963970       6.45999983E-02
   9.31630611       6.55599982E-02
   9.33297253       6.65400028E-02
   9.34963894       6.75299987E-02
   9.36630535       6.85100034E-02
   9.38297176       6.95099980E-02
   9.39963818       7.05100000E-02
   9.41630459       7.15200007E-02
   9.43297100       7.25400001E-02
   9.44963741       7.35599995E-02
   9.46630383       7.45799989E-02
   9.48297024       7.56200030E-02
   9.49963665       7.66599998E-02
   9.51630306       7.76999965E-02
   9.53296947       7.87599981E-02
   9.54963589       7.98199996E-02
   9.56630230       8.08800012E-02
   9.58296871       8.19500014E-02
   9.59963512       8.30300003E-02
   9.61630154       8.41099992E-02
   9.63296795       8.51899981E-02
   9.64963436       8.62800032E-02
   9.66630077       8.73700008E-02
   9.68296719       8.84800032E-02
   9.69963360       8.95899981E-02
   9.71630001       9.07000005E-02
   9.73296642       9.18100029E-02
   9.74963284       9.29400027E-02
   9.76629925       9.40599963E-02
   9.78296566       9.51699987E-02
   9.79963207       9.63200033E-02
   9.81629848       9.74600017E-02
   9.83296490       9.85699967E-02
   9.84963131       9.97299999E-02
   9.86629772      0.100900002    
   9.88296413      0.102100000    
   9.89963055      0.103200004    
   9.91629696      0.104300000    
   9.93296337      0.105499998    
   9.94962978      0.106700003    
   9.96629620      0.107900001    
   9.98296261      0.108999997    
   9.99962902      0.110200003    
   10.0162954      0.111400001    
   10.0329618      0.112599999    
   10.0496283      0.113799997    
   10.0662947      0.115000002    
   10.0829611      0.116099998    
   10.0996275      0.117299996    
   10.1162939      0.118500002    
   10.1329603      0.119700000    
   10.1496267      0.120899998    
   10.1662931      0.122100003    
   10.1829596      0.123300001    
   10.1996260      0.124499999    
   10.2162924      0.125699997    
   10.2329588      0.126900002    
   10.2496252      0.128099993    
   10.2662916      0.129299998    
   10.2829580      0.130500004    
   10.2996244      0.131699994    
   10.3162909      0.133000001    
   10.3329573      0.134200007    
   10.3496237      0.135399997    
   10.3662901      0.136600003    
   10.3829565      0.137799993    
   10.3996229      0.138999999    
   10.4162893      0.140200004    
   10.4329557      0.141399994    
   10.4496222      0.142600000    
   10.4662886      0.143800005    
   10.4829550      0.144999996    
   10.4996214      0.146200001    
   10.5162878      0.147400007    
   10.5329542      0.148599997    
   10.5496206      0.149800003    
   10.5662870      0.150999993    
   10.5829535      0.152199998    
   10.5996199      0.153400004    
   10.6162863      0.154599994    
   10.6329527      0.155800000    
   10.6496191      0.157000005    
   10.6662855      0.158199996    
   10.6829519      0.159299999    
   10.6996183      0.160500005    
   10.7162848      0.161699995    
   10.7329512      0.162900001    
   10.7496176      0.164100006    
   10.7662840      0.165199995    
   10.7829504      0.166400000    
   10.7996168      0.167600006    
   10.8162832      0.168699995    
   10.8329496      0.169900000    
   10.8496161      0.171000004    
   10.8662825      0.172099993    
   10.8829489      0.173299998    
   10.8996153      0.174400002    
   10.9162817      0.175600007    
   10.9329481      0.176699996    
   10.9496145      0.177900001    
   10.9662809      0.179000005    
   10.9829473      0.180099994    
   10.9996138      0.181199998    
   11.0162802      0.182300001    
   11.0329466      0.183400005    
   11.0496130      0.184499994    
   11.0662794      0.185599998    
   11.0829458      0.186700001    
   11.0996122      0.187700003    
   11.1162786      0.188800007    
   11.1329451      0.189799994    
   11.1496115      0.190899998    
   11.1662779      0.192000002    
   11.1829443      0.193000004    
   11.1996107      0.194000006    
   11.2162771      0.195099995    
   11.2329435      0.195999995    
   11.2496099      0.197099999    
   11.2662764      0.198100001    
   11.2829428      0.199000001    
   11.2996092      0.200100005    
   11.3162756      0.201100007    
   11.3329420      0.202000007    
   11.3496084      0.203099996    
   11.3662748      0.203999996    
   11.3829412      0.204999998    
   11.3996077      0.205899999    
   11.4162741      0.206900001    
   11.4329405      0.207800001    
   11.4496069      0.208800003    
   11.4662733      0.209700003    
   11.4829397      0.210600004    
   11.4996061      0.211500004    
   11.5162725      0.212400004    
   11.5329390      0.213200003    
   11.5496054      0.214100003    
   11.5662718      0.215000004    
   11.5829382      0.215800002    
   11.5996046      0.216700003    
   11.6162710      0.217399999    
   11.6329374      0.218300000    
   11.6496038      0.219099998    
   11.6662703      0.219899997    
   11.6829367      0.220699996    
   11.6996031      0.221499994    
   11.7162695      0.222299993    
   11.7329359      0.223100007    
   11.7496023      0.223800004    
   11.7662687      0.224500000    
   11.7829351      0.225199997    
   11.7996016      0.225999996    
   11.8162680      0.226699993    
   11.8329344      0.227400005    
   11.8496008      0.228100002    
   11.8662672      0.228699997    
   11.8829336      0.229499996    
   11.8996000      0.230100006    
   11.9162664      0.230800003    
   11.9329329      0.231399998    
   11.9495993      0.231999993    
   11.9662657      0.232500002    
   11.9829321      0.233199999    
   11.9995985      0.233799994    
   12.0162649      0.234200001    
   12.0329313      0.234999999    
   12.0495977      0.235499993    
   12.0662642      0.236000001    
   12.0829306      0.236599997    
   12.0995970      0.237100005    
   12.1162634      0.237599999    
   12.1329298      0.238100007    
   12.1495962      0.238600001    
   12.1662626      0.239099994    
   12.1829290      0.239500001    
   12.1995955      0.239999995    
   12.2162619      0.240300000    
   12.2329283      0.240799993    
   12.2495947      0.241200000    
   12.2662611      0.241600007    
   12.2829275      0.241999999    
   12.2995939      0.242400005    
   12.3162603      0.242699996    
   12.3329268      0.243100002    
   12.3495932      0.243399993    
   12.3662596      0.243699998    
   12.3829260      0.244000003    
   12.3995924      0.244299993    
   12.4162588      0.244599998    
   12.4329252      0.244900003    
   12.4495916      0.245100006    
   12.4662580      0.245399997    
   12.4829245      0.245600000    
   12.4995909      0.245800003    
   12.5162573      0.246000007    
   12.5329237      0.246199995    
   12.5495901      0.246399999    
   12.5662565      0.246600002    
   12.5829229      0.246700004    
   12.5995893      0.246800005    
   12.6162558      0.246800005    
   12.6329222      0.246800005    
   12.6495886      0.246900007    
   12.6662550      0.247099996    
   12.6829214      0.247199997    
   12.6995878      0.247299999    
   12.7162542      0.247400001    
   12.7329206      0.247500002    
   12.7495871      0.247500002    
   12.7662535      0.247500002    
   12.7829199      0.247500002    
   12.7995863      0.247500002    
   12.8162527      0.247400001    
   12.8329191      0.247299999    
   12.8495855      0.247199997    
   12.8662519      0.246999994    
   12.8829184      0.246900007    
   12.8995848      0.246800005    
   12.9162512      0.246800005    
   12.9329176      0.246800005    
   12.9495840      0.246700004    
   12.9662504      0.246500000    
   12.9829168      0.246399999    
   12.9995832      0.246199995    
   13.0162497      0.246000007    
   13.0329161      0.245800003    
   13.0495825      0.245600000    
   13.0662489      0.245299995    
   13.0829153      0.245100006    
   13.0995817      0.244800001    
   13.1162481      0.244599998    
   13.1329145      0.244299993    
   13.1495810      0.244000003    
   13.1662474      0.243699998    
   13.1829138      0.243399993    
   13.1995802      0.243000001    
   13.2162466      0.242699996    
   13.2329130      0.242300004    
   13.2495794      0.241899997    
   13.2662458      0.241500005    
   13.2829123      0.241200000    
   13.2995787      0.240700006    
   13.3162451      0.240300000    
   13.3329115      0.239899993    
   13.3495779      0.239399999    
   13.3662443      0.238999993    
   13.3829107      0.238499999    
   13.3995771      0.238000005    
   13.4162436      0.237499997    
   13.4329100      0.237000003    
   13.4495764      0.236499995    
   13.4662428      0.235900000    
   13.4829092      0.235400006    
   13.4995756      0.234799996    
   13.5162420      0.234200001    
   13.5329084      0.233700007    
   13.5495749      0.233099997    
   13.5662413      0.232199997    
   13.5829077      0.231900007    
   13.5995741      0.231299996    
   13.6162405      0.230599999    
   13.6329069      0.230000004    
   13.6495733      0.229300007    
   13.6662397      0.228599995    
   13.6829062      0.228000000    
   13.6995726      0.227300003    
   13.7162390      0.226600006    
   13.7329054      0.225899994    
   13.7495718      0.224999994    
   13.7662382      0.224199995    
   13.7829046      0.223600000    
   13.7995710      0.222900003    
   13.8162374      0.222100005    
   13.8329039      0.221399993    
   13.8495703      0.220599994    
   13.8662367      0.219799995    
   13.8829031      0.218999997    
   13.8995695      0.218199998    
   13.9162359      0.217299998    
   13.9329023      0.216499999    
   13.9495687      0.215599999    
   13.9662352      0.214800000    
   13.9829016      0.213900000    
   13.9995680      0.213100001    
   14.0162344      0.212200001    
   14.0329008      0.211300001    
   14.0495672      0.210400000    
   14.0662336      0.209500000    
   14.0829000      0.208600000    
   14.0995665      0.207499996    
   14.1162329      0.206699997    
   14.1328993      0.205599993    
   14.1495657      0.204799995    
   14.1662321      0.203799993    
   14.1828985      0.202900007    
   14.1995649      0.201900005    
   14.2162313      0.200900003    
   14.2328978      0.199699998    
   14.2495642      0.198899999    
   14.2662306      0.197899997    
   14.2828970      0.196899995    
   14.2995634      0.195899993    
   14.3162298      0.194900006    
   14.3328962      0.193800002    
   14.3495626      0.192800000    
   14.3662291      0.191699997    
   14.3828955      0.190699995    
   14.3995619      0.189600006    
   14.4162283      0.188600004    
   14.4328947      0.187500000    
   14.4495611      0.186399996    
   14.4662275      0.185399994    
   14.4828939      0.184300005    
   14.4995604      0.183200002    
   14.5162268      0.182099998    
   14.5328932      0.180999994    
   14.5495596      0.179900005    
   14.5662260      0.178700000    
   14.5828924      0.177599996    
   14.5995588      0.176499993    
   14.6162252      0.175400004    
   14.6328917      0.174199998    
   14.6495581      0.173099995    
   14.6662245      0.171900004    
   14.6828909      0.170800000    
   14.6995573      0.169599995    
   14.7162237      0.168400005    
   14.7328901      0.167300001    
   14.7495565      0.166199997    
   14.7662230      0.164900005    
   14.7828894      0.163800001    
   14.7995558      0.162699997    
   14.8162222      0.161400005    
   14.8328886      0.160300002    
   14.8495550      0.159099996    
   14.8662214      0.157900006    
   14.8828878      0.156800002    
   14.8995543      0.155599996    
   14.9162207      0.154400006    
   14.9328871      0.153200001    
   14.9495535      0.151999995    
   14.9662199      0.150800005    
   14.9828863      0.149599999    
   14.9995527      0.148399994    
   15.0162191      0.147200003    
   15.0328856      0.145999998    
   15.0495520      0.144800007    
   15.0662184      0.143600002    
   15.0828848      0.142299995    
   15.0995512      0.141200006    
   15.1162176      0.140000001    
   15.1328840      0.138799995    
   15.1495504      0.137500003    
   15.1662169      0.136299998    
   15.1828833      0.135100007    
   15.1995497      0.133900002    
   15.2162161      0.132699996    
   15.2328825      0.131500006    
   15.2495489      0.130300000    
   15.2662153      0.129099995    
   15.2828817      0.127900004    
   15.2995481      0.126599997    
   15.3162146      0.125499994    
   15.3328810      0.124300003    
   15.3495474      0.123099998    
   15.3662138      0.121900000    
   15.3828802      0.120700002    
   15.3995466      0.119400002    
   15.4162130      0.118299998    
   15.4328794      0.117100000    
   15.4495459      0.115900002    
   15.4662123      0.114699997    
   15.4828787      0.113499999    
   15.4995451      0.112300001    
   15.5162115      0.111199997    
   15.5328779      0.109999999    
   15.5495443      0.108800001    
   15.5662107      0.107600003    
   15.5828772      0.106500000    
   15.5995436      0.105300002    
   15.6162100      0.104099996    
   15.6328764      0.103000000    
   15.6495428      0.101800002    
   15.6662092      0.100599997    
   15.6828756       9.95199978E-02
   15.6995420       9.83799994E-02
   15.7162085       9.72400010E-02
   15.7328749       9.61000025E-02
   15.7495413       9.49700028E-02
   15.7662077       9.38099995E-02
   15.7828741       9.27200019E-02
   15.7995405       9.16000009E-02
   15.8162069       9.04799998E-02
   15.8328733       8.93699974E-02
   15.8495398       8.82399976E-02
   15.8662062       8.71599987E-02
   15.8828726       8.60600024E-02
   15.8995390       8.49800035E-02
   15.9162054       8.38999972E-02
   15.9328718       8.28099996E-02
   15.9495382       8.17399994E-02
   15.9662046       8.06699991E-02
   15.9828711       7.95999989E-02
   15.9995375       7.85600021E-02
   16.0162029       7.75000006E-02
   16.0328693       7.64599964E-02
   16.0495358       7.54199997E-02
   16.0662022       7.43800029E-02
   16.0828686       7.33600035E-02
   16.0995350       7.23399967E-02
   16.1162014       7.13300034E-02
   16.1328678       7.03200027E-02
   16.1495342       6.93200007E-02
   16.1662006       6.83199987E-02
   16.1828671       6.73400015E-02
   16.1995335       6.63499981E-02
   16.2161999       6.53799996E-02
   16.2328663       6.44100010E-02
   16.2495327       6.34500012E-02
   16.2661991       6.25000000E-02
   16.2828655       6.15499988E-02
   16.2995319       6.06100000E-02
   16.3161983       5.96799999E-02
   16.3328648       5.87499999E-02
   16.3495312       5.78299984E-02
   16.3661976       5.69199994E-02
   16.3828640       5.60199991E-02
   16.3995304       5.51300012E-02
   16.4161968       5.42399995E-02
   16.4328632       5.33600003E-02
   16.4495296       5.24800010E-02
   16.4661961       5.16199991E-02
   16.4828625       5.07600009E-02
   16.4995289       4.99100015E-02
   16.5161953       4.90700006E-02
   16.5328617       4.82399985E-02
   16.5495281       4.74100001E-02
   16.5661945       4.65900004E-02
   16.5828609       4.57799993E-02
   16.5995274       4.49800007E-02
   16.6161938       4.41799983E-02
   16.6328602       4.34000008E-02
   16.6495266       4.26199995E-02
   16.6661930       4.18500006E-02
   16.6828594       4.10900004E-02
   16.6995258       4.03300002E-02
   16.7161922       3.95900011E-02
   16.7328587       3.88499983E-02
   16.7495251       3.81200016E-02
   16.7661915       3.73999998E-02
   16.7828579       3.66900004E-02
   16.7995243       3.59800011E-02
   16.8161907       3.52899991E-02
   16.8328571       3.46000008E-02
   16.8495235       3.39200012E-02
   16.8661900       3.32500003E-02
   16.8828564       3.25799994E-02
   16.8995228       3.19299996E-02
   16.9161892       3.12799998E-02
   16.9328556       3.06400005E-02
   16.9495220       3.00099999E-02
   16.9661884       2.93899998E-02
   16.9828548       2.87699997E-02
   16.9995213       2.81700008E-02
   17.0161877       2.75699999E-02
   17.0328541       2.69799996E-02
   17.0495205       2.63999999E-02
   17.0661869       2.58200001E-02
   17.0828533       2.52599996E-02
   17.0995197       2.47000009E-02
   17.1161861       2.41500009E-02
   17.1328526       2.36099996E-02
   17.1495190       2.30700001E-02
   17.1661854       2.25499999E-02
   17.1828518       2.20299996E-02
   17.1995182       2.15200000E-02
   17.2161846       2.10200008E-02
   17.2328510       2.05300003E-02
   17.2495174       2.00399999E-02
   17.2661839       1.95599999E-02
   17.2828503       1.90900005E-02
   17.2995167       1.86199993E-02
   17.3161831       1.81699991E-02
   17.3328495       1.77200008E-02
   17.3495159       1.72799993E-02
   17.3661823       1.68500002E-02
   17.3828487       1.64199993E-02
   17.3995152       1.60000008E-02
   17.4161816       1.55900000E-02
   17.4328480       1.51800001E-02
   17.4495144       1.47900004E-02
   17.4661808       1.43999998E-02
   17.4828472       1.40100000E-02
   17.4995136       1.36399996E-02
   17.5161800       1.32700000E-02
   17.5328465       1.29100000E-02
   17.5495129       1.25500001E-02
   17.5661793       1.21999998E-02
   17.5828457       1.18600000E-02
   17.5995121       1.15200002E-02
   17.6161785       1.11900000E-02
   17.6328449       1.08700003E-02
   17.6495113       1.05499998E-02
   17.6661777       1.02399997E-02
   17.6828442       9.94099956E-03
   17.6995106       9.64299962E-03
   17.7161770       9.35200043E-03
   17.7328434       9.06599965E-03
   17.7495098       8.78699962E-03
   17.7661762       8.51299986E-03
   17.7828426       8.24499968E-03
   17.7995090       7.98300002E-03
   17.8161755       7.72600016E-03
   17.8328419       7.47600012E-03
   17.8495083       7.23000010E-03
   17.8661747       6.99000014E-03
   17.8828411       6.75600022E-03
   17.8995075       6.52599987E-03
   17.9161739       6.30200002E-03
   17.9328403       6.08299999E-03
   17.9495068       5.86900022E-03
   17.9661732       5.65999979E-03
   17.9828396       5.45600010E-03
   17.9995060       5.25599997E-03
   18.0161724       5.06199989E-03
   18.0328388       4.87199984E-03
   18.0495052       4.68700007E-03
   18.0661716       4.50599985E-03
   18.0828381       4.32999991E-03
   18.0995045       4.15800000E-03
   18.1161709       3.99000011E-03
   18.1328373       3.82700004E-03
   18.1495037       3.66799999E-03
   18.1661701       3.51299997E-03
   18.1828365       3.36099998E-03
   18.1995029       3.21400003E-03
   18.2161694       3.07100010E-03
   18.2328358       2.93199997E-03
   18.2495022       2.79700011E-03
   18.2661686       2.66500004E-03
   18.2828350       2.53699999E-03
   18.2995014       2.41199997E-03
   18.3161678       2.29099998E-03
   18.3328342       2.17400002E-03
   18.3495007       2.06000009E-03
   18.3661671       1.94900006E-03
   18.3828335       1.84200006E-03
   18.3994999       1.73799996E-03
   18.4161663       1.63700001E-03
   18.4328327       1.53999997E-03
   18.4494991       1.44599995E-03
   18.4661655       1.35499996E-03
   18.4828320       1.26699999E-03
   18.4994984       1.18200004E-03
   18.5161648       1.10100000E-03
   18.5328312       1.02199998E-03
   18.5494976       9.46599990E-04
   18.5661640       8.74200021E-04
   18.5828304       8.04800016E-04
   18.5994968       7.38499977E-04
   18.6161633       6.75500021E-04
   18.6328297       6.15499972E-04
   18.6494961       5.58800006E-04
   18.6661625       5.05600008E-04
   18.6828289       4.56100010E-04
   18.6994953       4.02700010E-04
   18.7161617       3.52400006E-04
   18.7328281       3.11300013E-04
   18.7494946       2.77399988E-04
   18.7661610       2.39700006E-04
   18.7828274       2.09799997E-04
   18.7994938       1.78400005E-04
   18.8161602       1.52399996E-04
   18.8328266       1.29599997E-04
   18.8494930       1.08699998E-04
   18.8661594       8.99899969E-05
   18.8828259       7.43299970E-05
   18.8994923       6.14200035E-05
   18.9161587       4.92799991E-05
   18.9328251       4.00200006E-05
   18.9494915       3.15299985E-05
   18.9661579       2.47600001E-05
   18.9828243       1.92700008E-05
   18.9994907       1.47900000E-05
   19.0161572       1.11899999E-05
   19.0328236       8.37300013E-06
   19.0494900       6.20199989E-06
   19.0661564       4.37100016E-06
   19.0828228       3.07500000E-06
   19.0994892       2.02699994E-06
   19.1161556       1.25800000E-06
   19.1328220       7.39600011E-07
   19.1494884       4.11499997E-07
   19.1661549       2.19399993E-07
   19.1828213       1.09699997E-07
   19.1994877       4.32400000E-08
   19.2161541       1.15000001E-08
   19.2328205       1.21300003E-09
   19.2494869       1.23000004E-11
   19.2661533       3.18900010E-14
   19.2828197       2.72499995E-17
   19.2994862       4.56799992E-21
   19.3161526       7.86599969E-30
   19.3328190       0.00000000    
   19.3494854       0.00000000    
   19.3661518       0.00000000    
   19.3828182       0.00000000    
   19.3994846       0.00000000    
   19.4161510       0.00000000    
   19.4328175       0.00000000    
   19.4494839       0.00000000    
   19.4661503       0.00000000    
   19.4828167       0.00000000    
   19.4994831       0.00000000    
   19.5161495       0.00000000    
   19.5328159       0.00000000    
   19.5494823       0.00000000    
   19.5661488       0.00000000    
   19.5828152       0.00000000    
   19.5994816       0.00000000    
   19.6161480       0.00000000    
   19.6328144       0.00000000    
   19.6494808       0.00000000    
   19.6661472       0.00000000    
   19.6828136       0.00000000    
   19.6994801       0.00000000    
   19.7161465       0.00000000    
   19.7328129       0.00000000    
   19.7494793       0.00000000    
   19.7661457       0.00000000    
   19.7828121       0.00000000    
   19.7994785       0.00000000    
   19.8161449       0.00000000    
   19.8328114       0.00000000    
   19.8494778       0.00000000    
   19.8661442       0.00000000    
   19.8828106       0.00000000    
   19.8994770       0.00000000    
   19.9161434       0.00000000    
   19.9328098       0.00000000    
   19.9494762       0.00000000    
   19.9661427       0.00000000    
   19.9828091       0.00000000    
   19.9994755       0.00000000    
   20.0161419       0.00000000    
   20.0328083       0.00000000    
   20.0494747       0.00000000    
   20.0661411       0.00000000    
   20.0828075       0.00000000    
   20.0994740       0.00000000    
   20.1161404       0.00000000    
   20.1328068       0.00000000    
   20.1494732       0.00000000    
   20.1661396       0.00000000    
   20.1828060       0.00000000    
   20.1994724       0.00000000    
   20.2161388       0.00000000    
   20.2328053       0.00000000    
   20.2494717       0.00000000    
   20.2661381       0.00000000    
   20.2828045       0.00000000    
   20.2994709       0.00000000    
   20.3161373       0.00000000    
   20.3328037       0.00000000    
   20.3494701       0.00000000    
   20.3661366       0.00000000    
   20.3828030       0.00000000    
   20.3994694       0.00000000    
   20.4161358       0.00000000    
   20.4328022       0.00000000    
   20.4494686       0.00000000    
   20.4661350       0.00000000    
   20.4828014       0.00000000    
   20.4994678       0.00000000    
   20.5161343       0.00000000    
   20.5328007       0.00000000    
   20.5494671       0.00000000    
   20.5661335       0.00000000    
   20.5827999       0.00000000    
   20.5994663       0.00000000    
   20.6161327       0.00000000    
   20.6327991       0.00000000    
   20.6494656       0.00000000    
   20.6661320       0.00000000    
   20.6827984       0.00000000    
   20.6994648       0.00000000    
   20.7161312       0.00000000    
   20.7327976       0.00000000    
   20.7494640       0.00000000    
   20.7661304       0.00000000    
   20.7827969       0.00000000    
   20.7994633       0.00000000    
   20.8161297       0.00000000    
   20.8327961       0.00000000    
   20.8494625       0.00000000    
   20.8661289       0.00000000    
   20.8827953       0.00000000    
   20.8994617       0.00000000    
   20.9161282       0.00000000    
   20.9327946       0.00000000    
   20.9494610       0.00000000    
   20.9661274       0.00000000    
   20.9827938       0.00000000    
   20.9994602       0.00000000    
   21.0161266       0.00000000    
   21.0327930       0.00000000    
   21.0494595       0.00000000    
   21.0661259       0.00000000    
   21.0827923       0.00000000    
   21.0994587       0.00000000    
   21.1161251       0.00000000    
   21.1327915       0.00000000    
   21.1494579       0.00000000    
   21.1661243       0.00000000    
   21.1827908       0.00000000    
   21.1994572       0.00000000    
   21.2161236       0.00000000    
   21.2327900       0.00000000    
   21.2494564       0.00000000    
   21.2661228       0.00000000    
   21.2827892       0.00000000    
   21.2994556       0.00000000    
   21.3161221       0.00000000    
   21.3327885       0.00000000    
   21.3494549       0.00000000    
   21.3661213       0.00000000    
   21.3827877       0.00000000    
   21.3994541       0.00000000    
   21.4161205       0.00000000    
   21.4327869       0.00000000    
   21.4494534       0.00000000    
   21.4661198       0.00000000    
   21.4827862       0.00000000    
   21.4994526       0.00000000    
   21.5161190       0.00000000    
   21.5327854       0.00000000    
   21.5494518       0.00000000    
   21.5661182       0.00000000    
   21.5827847       0.00000000    
   21.5994511       0.00000000    
   21.6161175       0.00000000    
   21.6327839       0.00000000    
   21.6494503       0.00000000    
   21.6661167       0.00000000    
   21.6827831       0.00000000    
   21.6994495       0.00000000    
   21.7161160       0.00000000    
   21.7327824       0.00000000    
   21.7494488       0.00000000    
   21.7661152       0.00000000    
   21.7827816       0.00000000    
   21.7994480       0.00000000    
   21.8161144       0.00000000    
   21.8327808       0.00000000    
   21.8494473       0.00000000    
   21.8661137       0.00000000    
   21.8827801       0.00000000    
   21.8994465       0.00000000    
   21.9161129       0.00000000    
   21.9327793       0.00000000    
   21.9494457       0.00000000    
   21.9661121       0.00000000    
   21.9827785       0.00000000    
   21.9994450       0.00000000    
   22.0161114       0.00000000    
   22.0327778       0.00000000    
   22.0494442       0.00000000    
   22.0661106       0.00000000    
   22.0827770       0.00000000    
   22.0994434       0.00000000    
   22.1161098       0.00000000    
   22.1327763       0.00000000    
   22.1494427       0.00000000    
   22.1661091       0.00000000    
   22.1827755       0.00000000    
   22.1994419       0.00000000    
   22.2161083       0.00000000    
   22.2327747       0.00000000    
   22.2494411       0.00000000    
   22.2661076       0.00000000    
   22.2827740       0.00000000    
   22.2994404       0.00000000    
   22.3161068       0.00000000    
   22.3327732       0.00000000    
   22.3494396       0.00000000    
   22.3661060       0.00000000    
   22.3827724       0.00000000    
   22.3994389       0.00000000    
   22.4161053       0.00000000    
   22.4327717       0.00000000    
   22.4494381       0.00000000    
   22.4661045       0.00000000    
   22.4827709       0.00000000    
   22.4994373       0.00000000    
   22.5161037       0.00000000    
   22.5327702       0.00000000    
   22.5494366       0.00000000    
   22.5661030       0.00000000    
   22.5827694       0.00000000    
   22.5994358       0.00000000    
   22.6161022       0.00000000    
   22.6327686       0.00000000    
   22.6494350       0.00000000    
   22.6661015       0.00000000    
   22.6827679       0.00000000    
   22.6994343       0.00000000    
   22.7161007       0.00000000    
   22.7327671       0.00000000    
   22.7494335       0.00000000    
   22.7660999       0.00000000    
   22.7827663       0.00000000    
   22.7994328       0.00000000    
   22.8160992       0.00000000    
   22.8327656       0.00000000    
   22.8494320       0.00000000    
   22.8660984       0.00000000    
   22.8827648       0.00000000    
   22.8994312       0.00000000    
   22.9160976       0.00000000    
   22.9327641       0.00000000    
   22.9494305       0.00000000    
   22.9660969       0.00000000    
   22.9827633       0.00000000    
   22.9994297       0.00000000    
   23.0160961       0.00000000    
   23.0327625       0.00000000    
   23.0494289       0.00000000    
   23.0660954       0.00000000    
   23.0827618       0.00000000    
   23.0994282       0.00000000    
   23.1160946       0.00000000    
   23.1327610       0.00000000    
   23.1494274       0.00000000    
   23.1660938       0.00000000    
   23.1827602       0.00000000    
   23.1994267       0.00000000    
   23.2160931       0.00000000    
   23.2327595       0.00000000    
   23.2494259       0.00000000    
   23.2660923       0.00000000    
   23.2827587       0.00000000    
   23.2994251       0.00000000    
   23.3160915       0.00000000    
   23.3327579       0.00000000    
   23.3494244       0.00000000    
   23.3660908       0.00000000    
   23.3827572       0.00000000    
   23.3994236       0.00000000    
   23.4160900       0.00000000    
   23.4327564       0.00000000    
   23.4494228       0.00000000    
   23.4660892       0.00000000    
   23.4827557       0.00000000    
   23.4994221       0.00000000    
   23.5160885       0.00000000    
   23.5327549       0.00000000    
   23.5494213       0.00000000    
   23.5660877       0.00000000    
   23.5827541       0.00000000    
   23.5994205       0.00000000    
   23.6160870       0.00000000    
   23.6327534       0.00000000    
   23.6494198       0.00000000    
   23.6660862       0.00000000    
   23.6827526       0.00000000    
   23.6994190       0.00000000    
   23.7160854       0.00000000    
   23.7327518       0.00000000    
   23.7494183       0.00000000    
   23.7660847       0.00000000    
   23.7827511       0.00000000    
   23.7994175       0.00000000    
   23.8160839       0.00000000    
   23.8327503       0.00000000    
   23.8494167       0.00000000    
   23.8660831       0.00000000    
   23.8827496       0.00000000    
   23.8994160       0.00000000    
   23.9160824       0.00000000    
   23.9327488       0.00000000    
   23.9494152       0.00000000    
   23.9660816       0.00000000    
   23.9827480       0.00000000    
