   0.00000000       0.00000000    
   1.66660007E-02   0.00000000    
   3.33320014E-02   0.00000000    
   4.99980003E-02   0.00000000    
   6.66640028E-02   0.00000000    
   8.33300054E-02   0.00000000    
   9.99960080E-02   0.00000000    
  0.116662011       0.00000000    
  0.133328006       0.00000000    
  0.149994001       0.00000000    
  0.166659996       0.00000000    
  0.183325991       0.00000000    
  0.199991986       0.00000000    
  0.216657981       0.00000000    
  0.233323976       0.00000000    
  0.249989972       0.00000000    
  0.266655982       0.00000000    
  0.283321977       0.00000000    
  0.299987972       0.00000000    
  0.316653967       0.00000000    
  0.333319962       0.00000000    
  0.349985957       0.00000000    
  0.366651952       0.00000000    
  0.383317947       0.00000000    
  0.399983943       0.00000000    
  0.416649938       0.00000000    
  0.433315933       0.00000000    
  0.449981928       0.00000000    
  0.466647923       0.00000000    
  0.483313918       0.00000000    
  0.499979913       0.00000000    
  0.516645908       0.00000000    
  0.533311903       0.00000000    
  0.549977899       0.00000000    
  0.566643894       0.00000000    
  0.583309889       0.00000000    
  0.599975884       0.00000000    
  0.616641879       0.00000000    
  0.633307874       0.00000000    
  0.649973869       0.00000000    
  0.666639864       0.00000000    
  0.683305860       0.00000000    
  0.699971855       0.00000000    
  0.716637850       0.00000000    
  0.733303845       0.00000000    
  0.749969840       0.00000000    
  0.766635835       0.00000000    
  0.783301830       0.00000000    
  0.799967825       0.00000000    
  0.816633821       0.00000000    
  0.833299816       0.00000000    
  0.849965811       0.00000000    
  0.866631806       0.00000000    
  0.883297801       0.00000000    
  0.899963796       0.00000000    
  0.916629791       0.00000000    
  0.933295786       0.00000000    
  0.949961782       0.00000000    
  0.966627777       0.00000000    
  0.983293772       0.00000000    
  0.999959767       0.00000000    
   1.01662576       0.00000000    
   1.03329182       0.00000000    
   1.04995787       0.00000000    
   1.06662393       0.00000000    
   1.08328998       0.00000000    
   1.09995604       0.00000000    
   1.11662209       0.00000000    
   1.13328815       0.00000000    
   1.14995420       0.00000000    
   1.16662025       0.00000000    
   1.18328631       0.00000000    
   1.19995236       0.00000000    
   1.21661842       0.00000000    
   1.23328447       0.00000000    
   1.24995053       0.00000000    
   1.26661658       0.00000000    
   1.28328264       0.00000000    
   1.29994869       0.00000000    
   1.31661475       0.00000000    
   1.33328080       0.00000000    
   1.34994686       0.00000000    
   1.36661291       0.00000000    
   1.38327897       0.00000000    
   1.39994502       0.00000000    
   1.41661108       0.00000000    
   1.43327713       0.00000000    
   1.44994318       0.00000000    
   1.46660924       0.00000000    
   1.48327529       0.00000000    
   1.49994135       0.00000000    
   1.51660740       0.00000000    
   1.53327346       0.00000000    
   1.54993951       0.00000000    
   1.56660557       0.00000000    
   1.58327162       0.00000000    
   1.59993768       0.00000000    
   1.61660373       0.00000000    
   1.63326979       0.00000000    
   1.64993584       0.00000000    
   1.66660190       0.00000000    
   1.68326795       0.00000000    
   1.69993401       0.00000000    
   1.71660006       0.00000000    
   1.73326612       0.00000000    
   1.74993217       0.00000000    
   1.76659822       0.00000000    
   1.78326428       0.00000000    
   1.79993033       0.00000000    
   1.81659639       0.00000000    
   1.83326244       0.00000000    
   1.84992850       0.00000000    
   1.86659455       0.00000000    
   1.88326061       0.00000000    
   1.89992666       0.00000000    
   1.91659272       0.00000000    
   1.93325877       0.00000000    
   1.94992483       0.00000000    
   1.96659088       0.00000000    
   1.98325694       0.00000000    
   1.99992299       0.00000000    
   2.01658893       0.00000000    
   2.03325486       0.00000000    
   2.04992080       0.00000000    
   2.06658673       0.00000000    
   2.08325267       0.00000000    
   2.09991860       0.00000000    
   2.11658454       0.00000000    
   2.13325047       0.00000000    
   2.14991641       0.00000000    
   2.16658235       0.00000000    
   2.18324828       0.00000000    
   2.19991422       0.00000000    
   2.21658015       0.00000000    
   2.23324609       0.00000000    
   2.24991202       0.00000000    
   2.26657796       0.00000000    
   2.28324389       0.00000000    
   2.29990983       0.00000000    
   2.31657577       0.00000000    
   2.33324170       0.00000000    
   2.34990764       0.00000000    
   2.36657357       0.00000000    
   2.38323951       0.00000000    
   2.39990544       0.00000000    
   2.41657138       0.00000000    
   2.43323731       0.00000000    
   2.44990325       0.00000000    
   2.46656919       0.00000000    
   2.48323512       0.00000000    
   2.49990106       0.00000000    
   2.51656699       0.00000000    
   2.53323293       0.00000000    
   2.54989886       0.00000000    
   2.56656480       0.00000000    
   2.58323073       0.00000000    
   2.59989667       0.00000000    
   2.61656260       0.00000000    
   2.63322854       0.00000000    
   2.64989448       0.00000000    
   2.66656041       0.00000000    
   2.68322635       0.00000000    
   2.69989228       0.00000000    
   2.71655822       0.00000000    
   2.73322415       0.00000000    
   2.74989009       0.00000000    
   2.76655602       0.00000000    
   2.78322196       0.00000000    
   2.79988790       0.00000000    
   2.81655383       0.00000000    
   2.83321977       0.00000000    
   2.84988570       0.00000000    
   2.86655164       0.00000000    
   2.88321757       0.00000000    
   2.89988351       0.00000000    
   2.91654944       0.00000000    
   2.93321538       0.00000000    
   2.94988132       0.00000000    
   2.96654725       0.00000000    
   2.98321319       0.00000000    
   2.99987912       0.00000000    
   3.01654506       0.00000000    
   3.03321099       0.00000000    
   3.04987693       0.00000000    
   3.06654286       0.00000000    
   3.08320880       0.00000000    
   3.09987473       0.00000000    
   3.11654067       0.00000000    
   3.13320661       0.00000000    
   3.14987254       0.00000000    
   3.16653848       0.00000000    
   3.18320441       0.00000000    
   3.19987035       0.00000000    
   3.21653628       0.00000000    
   3.23320222       0.00000000    
   3.24986815       0.00000000    
   3.26653409       0.00000000    
   3.28320003       0.00000000    
   3.29986596       0.00000000    
   3.31653190       0.00000000    
   3.33319783       0.00000000    
   3.34986377       0.00000000    
   3.36652970       0.00000000    
   3.38319564       0.00000000    
   3.39986157       0.00000000    
   3.41652751       0.00000000    
   3.43319345       0.00000000    
   3.44985938       0.00000000    
   3.46652532       0.00000000    
   3.48319125       0.00000000    
   3.49985719       0.00000000    
   3.51652312       0.00000000    
   3.53318906       0.00000000    
   3.54985499       0.00000000    
   3.56652093       0.00000000    
   3.58318686       0.00000000    
   3.59985280       0.00000000    
   3.61651874       0.00000000    
   3.63318467       0.00000000    
   3.64985061       0.00000000    
   3.66651654       0.00000000    
   3.68318248       0.00000000    
   3.69984841       0.00000000    
   3.71651435       0.00000000    
   3.73318028       0.00000000    
   3.74984622       0.00000000    
   3.76651216       0.00000000    
   3.78317809       0.00000000    
   3.79984403       0.00000000    
   3.81650996       0.00000000    
   3.83317590       0.00000000    
   3.84984183       0.00000000    
   3.86650777       0.00000000    
   3.88317370       0.00000000    
   3.89983964       0.00000000    
   3.91650558       0.00000000    
   3.93317151       0.00000000    
   3.94983745       0.00000000    
   3.96650338       0.00000000    
   3.98316932       0.00000000    
   3.99983525       0.00000000    
   4.01650143       0.00000000    
   4.03316736       0.00000000    
   4.04983330       0.00000000    
   4.06649923       0.00000000    
   4.08316517       0.00000000    
   4.09983110       0.00000000    
   4.11649704       0.00000000    
   4.13316298       0.00000000    
   4.14982891       0.00000000    
   4.16649485       0.00000000    
   4.18316078       0.00000000    
   4.19982672       0.00000000    
   4.21649265       0.00000000    
   4.23315859       0.00000000    
   4.24982452       0.00000000    
   4.26649046       0.00000000    
   4.28315639       0.00000000    
   4.29982233       0.00000000    
   4.31648827       0.00000000    
   4.33315420       0.00000000    
   4.34982014       0.00000000    
   4.36648607       0.00000000    
   4.38315201       0.00000000    
   4.39981794       0.00000000    
   4.41648388       0.00000000    
   4.43314981       0.00000000    
   4.44981575       0.00000000    
   4.46648169       0.00000000    
   4.48314762       0.00000000    
   4.49981356       0.00000000    
   4.51647949       0.00000000    
   4.53314543       0.00000000    
   4.54981136       0.00000000    
   4.56647730       0.00000000    
   4.58314323       0.00000000    
   4.59980917       0.00000000    
   4.61647511       0.00000000    
   4.63314104       0.00000000    
   4.64980698       0.00000000    
   4.66647291       0.00000000    
   4.68313885       0.00000000    
   4.69980478       0.00000000    
   4.71647072       0.00000000    
   4.73313665       0.00000000    
   4.74980259       0.00000000    
   4.76646852       0.00000000    
   4.78313446       0.00000000    
   4.79980040       0.00000000    
   4.81646633       0.00000000    
   4.83313227       0.00000000    
   4.84979820       0.00000000    
   4.86646414       0.00000000    
   4.88313007       0.00000000    
   4.89979601       0.00000000    
   4.91646194       0.00000000    
   4.93312788       0.00000000    
   4.94979382       0.00000000    
   4.96645975       0.00000000    
   4.98312569       0.00000000    
   4.99979162       0.00000000    
   5.01645756       0.00000000    
   5.03312349       0.00000000    
   5.04978943       0.00000000    
   5.06645536       0.00000000    
   5.08312130       0.00000000    
   5.09978724       0.00000000    
   5.11645317       0.00000000    
   5.13311911       0.00000000    
   5.14978504       0.00000000    
   5.16645098       0.00000000    
   5.18311691       0.00000000    
   5.19978285       0.00000000    
   5.21644878       0.00000000    
   5.23311472       0.00000000    
   5.24978065       0.00000000    
   5.26644659       0.00000000    
   5.28311253       0.00000000    
   5.29977846       0.00000000    
   5.31644440       0.00000000    
   5.33311033       0.00000000    
   5.34977627       0.00000000    
   5.36644220       0.00000000    
   5.38310814       0.00000000    
   5.39977407       0.00000000    
   5.41644001       0.00000000    
   5.43310595       0.00000000    
   5.44977188       0.00000000    
   5.46643782       0.00000000    
   5.48310375       0.00000000    
   5.49976969       0.00000000    
   5.51643562       0.00000000    
   5.53310156       0.00000000    
   5.54976749       0.00000000    
   5.56643343       0.00000000    
   5.58309937       3.28800011E-25
   5.59976530       2.72900003E-20
   5.61643124       7.59999981E-17
   5.63309717       5.73600005E-14
   5.64976311       3.22699992E-11
   5.66642904       1.63500002E-09
   5.68309498       1.24800001E-08
   5.69976091       4.22299991E-08
   5.71642685       9.80300001E-08
   5.73309278       1.92100003E-07
   5.74975872       3.51199986E-07
   5.76642466       6.16500017E-07
   5.78309059       1.03000002E-06
   5.79975653       1.63499999E-06
   5.81642246       2.39699989E-06
   5.83308840       3.47600007E-06
   5.84975433       4.75300021E-06
   5.86642027       6.43400017E-06
   5.88308620       8.66099981E-06
   5.89975214       1.14300001E-05
   5.91641808       1.48199997E-05
   5.93308401       1.87400001E-05
   5.94974995       2.36300002E-05
   5.96641588       2.98300001E-05
   5.98308182       3.70300004E-05
   5.99974775       4.56099988E-05
   6.01641369       5.54100006E-05
   6.03307962       6.84100014E-05
   6.04974556       8.19600027E-05
   6.06641150       9.76200026E-05
   6.08307743       1.16000003E-04
   6.09974337       1.36400005E-04
   6.11640930       1.56199996E-04
   6.13307524       1.82300006E-04
   6.14974117       2.08900005E-04
   6.16640711       2.39899993E-04
   6.18307304       2.68500007E-04
   6.19973898       3.03100009E-04
   6.21640491       3.45300010E-04
   6.23307085       3.90700006E-04
   6.24973679       4.32100001E-04
   6.26640272       4.76499990E-04
   6.28306866       5.23799972E-04
   6.29973459       5.73800004E-04
   6.31640053       6.26399997E-04
   6.33306646       6.81700010E-04
   6.34973240       7.39399984E-04
   6.36639833       7.99699978E-04
   6.38306427       8.62399989E-04
   6.39973021       9.27700021E-04
   6.41639614       9.95400012E-04
   6.43306208       1.06599997E-03
   6.44972801       1.13900006E-03
   6.46639395       1.21400005E-03
   6.48305988       1.29199994E-03
   6.49972582       1.37299998E-03
   6.51639175       1.45600003E-03
   6.53305769       1.54199998E-03
   6.54972363       1.63099996E-03
   6.56638956       1.72199996E-03
   6.58305550       1.81599997E-03
   6.59972143       1.91300001E-03
   6.61638737       2.01299996E-03
   6.63305330       2.11500004E-03
   6.64971924       2.22099992E-03
   6.66638517       2.32900004E-03
   6.68305111       2.43999995E-03
   6.69971704       2.55499990E-03
   6.71638298       2.67300010E-03
   6.73304892       2.79300008E-03
   6.74971485       2.91700009E-03
   6.76638079       3.04499990E-03
   6.78304672       3.17499996E-03
   6.79971266       3.30900005E-03
   6.81637859       3.44699994E-03
   6.83304453       3.58800008E-03
   6.84971046       3.73200001E-03
   6.86637640       3.87999997E-03
   6.88304234       4.03100019E-03
   6.89970827       4.18699998E-03
   6.91637421       4.34600003E-03
   6.93304014       4.50900011E-03
   6.94970608       4.67600022E-03
   6.96637201       4.84699989E-03
   6.98303795       5.02200006E-03
   6.99970388       5.20099979E-03
   7.01636982       5.38499979E-03
   7.03303576       5.57200005E-03
   7.04970169       5.76400012E-03
   7.06636763       5.96000021E-03
   7.08303356       6.16100011E-03
   7.09969950       6.36600005E-03
   7.11636543       6.57500001E-03
   7.13303137       6.79000001E-03
   7.14969730       7.00900005E-03
   7.16636324       7.23200012E-03
   7.18302917       7.46099977E-03
   7.19969511       7.69500015E-03
   7.21636105       7.93300010E-03
   7.23302698       8.17700010E-03
   7.24969292       8.42500012E-03
   7.26635885       8.67999997E-03
   7.28302479       8.93799961E-03
   7.29969072       9.20299999E-03
   7.31635666       9.47200041E-03
   7.33302259       9.74799972E-03
   7.34968853       1.00299995E-02
   7.36635447       1.03099998E-02
   7.38302040       1.06100002E-02
   7.39968634       1.09000001E-02
   7.41635227       1.12100001E-02
   7.43301821       1.15200002E-02
   7.44968414       1.18300002E-02
   7.46635008       1.21499998E-02
   7.48301601       1.24800000E-02
   7.49968195       1.28100002E-02
   7.51634789       1.31500000E-02
   7.53301382       1.35000004E-02
   7.54967976       1.38499998E-02
   7.56634569       1.42099997E-02
   7.58301163       1.45699997E-02
   7.59967756       1.49400001E-02
   7.61634350       1.53200002E-02
   7.63300943       1.56999994E-02
   7.64967537       1.61000006E-02
   7.66634130       1.64899994E-02
   7.68300724       1.68999992E-02
   7.69967318       1.73099991E-02
   7.71633911       1.77200008E-02
   7.73300505       1.81499999E-02
   7.74967098       1.85800008E-02
   7.76633692       1.90200005E-02
   7.78300285       1.94600001E-02
   7.79966879       1.99200008E-02
   7.81633472       2.03799997E-02
   7.83300066       2.08400004E-02
   7.84966660       2.13200003E-02
   7.86633253       2.18000002E-02
   7.88299847       2.22800002E-02
   7.89966440       2.27799993E-02
   7.91633034       2.32800003E-02
   7.93299627       2.37900000E-02
   7.94966221       2.43100002E-02
   7.96632814       2.48399992E-02
   7.98299408       2.53699999E-02
   7.99966002       2.59099994E-02
   8.01632595       2.64500007E-02
   8.03299236       2.70099994E-02
   8.04965878       2.75699999E-02
   8.06632519       2.81399991E-02
   8.08299160       2.87200008E-02
   8.09965801       2.93000005E-02
   8.11632442       2.98999995E-02
   8.13299084       3.05000003E-02
   8.14965725       3.11099999E-02
   8.16632366       3.17200013E-02
   8.18299007       3.23400013E-02
   8.19965649       3.29799987E-02
   8.21632290       3.36199999E-02
   8.23298931       3.42600010E-02
   8.24965572       3.49199995E-02
   8.26632214       3.55800018E-02
   8.28298855       3.62499990E-02
   8.29965496       3.69299985E-02
   8.31632137       3.76100019E-02
   8.33298779       3.83000001E-02
   8.34965420       3.90099995E-02
   8.36632061       3.97100002E-02
   8.38298702       4.04299982E-02
   8.39965343       4.11499999E-02
   8.41631985       4.18899991E-02
   8.43298626       4.26299982E-02
   8.44965267       4.33700010E-02
   8.46631908       4.41300012E-02
   8.48298550       4.48900014E-02
   8.49965191       4.56600003E-02
   8.51631832       4.64400016E-02
   8.53298473       4.72199991E-02
   8.54965115       4.80200015E-02
   8.56631756       4.88200001E-02
   8.58298397       4.96199988E-02
   8.59965038       5.04399985E-02
   8.61631680       5.12599982E-02
   8.63298321       5.20900004E-02
   8.64964962       5.29300012E-02
   8.66631603       5.37699983E-02
   8.68298244       5.46300001E-02
   8.69964886       5.54899983E-02
   8.71631527       5.63500002E-02
   8.73298168       5.72299995E-02
   8.74964809       5.81099987E-02
   8.76631451       5.90000004E-02
   8.78298092       5.98899983E-02
   8.79964733       6.08000010E-02
   8.81631374       6.17100000E-02
   8.83298016       6.26199991E-02
   8.84964657       6.35399967E-02
   8.86631298       6.44799992E-02
   8.88297939       6.54100031E-02
   8.89964581       6.63599968E-02
   8.91631222       6.73099980E-02
   8.93297863       6.82599992E-02
   8.94964504       6.92199990E-02
   8.96631145       7.01700002E-02
   8.98297787       7.11800009E-02
   8.99964428       7.21599981E-02
   9.01631069       7.31500015E-02
   9.03297710       7.41399974E-02
   9.04964352       7.51499981E-02
   9.06630993       7.61300027E-02
   9.08297634       7.71699995E-02
   9.09964275       7.81800002E-02
   9.11630917       7.92099983E-02
   9.13297558       8.02399963E-02
   9.14964199       8.12800005E-02
   9.16630840       8.23199973E-02
   9.18297482       8.33299980E-02
   9.19964123       8.44300017E-02
   9.21630764       8.54799971E-02
   9.23297405       8.65499973E-02
   9.24964046       8.76199976E-02
   9.26630688       8.86700004E-02
   9.28297329       8.97800028E-02
   9.29963970       9.08600017E-02
   9.31630611       9.19400007E-02
   9.33297253       9.30500031E-02
   9.34963894       9.41400006E-02
   9.36630535       9.52500030E-02
   9.38297176       9.63599980E-02
   9.39963818       9.74500030E-02
   9.41630459       9.85599980E-02
   9.43297100       9.97100025E-02
   9.44963741      0.100800000    
   9.46630383      0.101999998    
   9.48297024      0.103100002    
   9.49963665      0.104199998    
   9.51630306      0.105300002    
   9.53296947      0.106500000    
   9.54963589      0.107699998    
   9.56630230      0.108800001    
   9.58296871      0.109999999    
   9.59963512      0.111100003    
   9.61630154      0.112300001    
   9.63296795      0.113499999    
   9.64963436      0.114600003    
   9.66630077      0.115800001    
   9.68296719      0.116999999    
   9.69963360      0.118199997    
   9.71630001      0.119300000    
   9.73296642      0.120499998    
   9.74963284      0.121699996    
   9.76629925      0.122900002    
   9.78296566      0.124100000    
   9.79963207      0.125200003    
   9.81629848      0.126399994    
   9.83296490      0.127599999    
   9.84963131      0.128800005    
   9.86629772      0.129999995    
   9.88296413      0.131200001    
   9.89963055      0.132400006    
   9.91629696      0.133599997    
   9.93296337      0.134800002    
   9.94962978      0.136000007    
   9.96629620      0.137199998    
   9.98296261      0.138400003    
   9.99962902      0.139599994    
   10.0162954      0.140799999    
   10.0329618      0.142000005    
   10.0496283      0.143099993    
   10.0662947      0.144400001    
   10.0829611      0.145600006    
   10.0996275      0.146899998    
   10.1162939      0.148100004    
   10.1329603      0.149299994    
   10.1496267      0.150399998    
   10.1662931      0.151700005    
   10.1829596      0.152899995    
   10.1996260      0.154100001    
   10.2162924      0.155300006    
   10.2329588      0.156499997    
   10.2496252      0.157600001    
   10.2662916      0.158800006    
   10.2829580      0.159999996    
   10.2996244      0.161200002    
   10.3162909      0.162400007    
   10.3329573      0.163599998    
   10.3496237      0.164800003    
   10.3662901      0.165999994    
   10.3829565      0.167099997    
   10.3996229      0.168300003    
   10.4162893      0.169499993    
   10.4329557      0.170699999    
   10.4496222      0.171800002    
   10.4662886      0.172999993    
   10.4829550      0.174199998    
   10.4996214      0.175300002    
   10.5162878      0.176499993    
   10.5329542      0.177599996    
   10.5496206      0.178700000    
   10.5662870      0.179900005    
   10.5829535      0.181099996    
   10.5996199      0.182200000    
   10.6162863      0.183300003    
   10.6329527      0.184499994    
   10.6496191      0.185599998    
   10.6662855      0.186700001    
   10.6829519      0.187800005    
   10.6996183      0.188899994    
   10.7162848      0.190099999    
   10.7329512      0.191200003    
   10.7496176      0.192300007    
   10.7662840      0.193299994    
   10.7829504      0.194399998    
   10.7996168      0.195500001    
   10.8162832      0.196400002    
   10.8329496      0.197600007    
   10.8496161      0.198699996    
   10.8662825      0.199800000    
   10.8829489      0.200800002    
   10.8996153      0.201900005    
   10.9162817      0.202900007    
   10.9329481      0.203899994    
   10.9496145      0.204999998    
   10.9662809      0.206000000    
   10.9829473      0.207000002    
   10.9996138      0.208000004    
   11.0162802      0.209000006    
   11.0329466      0.209999993    
   11.0496130      0.210800007    
   11.0662794      0.211999997    
   11.0829458      0.212899998    
   11.0996122      0.213900000    
   11.1162786      0.214800000    
   11.1329451      0.215800002    
   11.1496115      0.216700003    
   11.1662779      0.217700005    
   11.1829443      0.218500003    
   11.1996107      0.219500005    
   11.2162771      0.220400006    
   11.2329435      0.221300006    
   11.2496099      0.222200006    
   11.2662764      0.223100007    
   11.2829428      0.224000007    
   11.2996092      0.224800006    
   11.3162756      0.225700006    
   11.3329420      0.226500005    
   11.3496084      0.227400005    
   11.3662748      0.228200004    
   11.3829412      0.228699997    
   11.3996077      0.229699999    
   11.4162741      0.230599999    
   11.4329405      0.231399998    
   11.4496069      0.232199997    
   11.4662733      0.232999995    
   11.4829397      0.233500004    
   11.4996061      0.234500006    
   11.5162725      0.235200003    
   11.5329390      0.235900000    
   11.5496054      0.236699998    
   11.5662718      0.237299994    
   11.5829382      0.238100007    
   11.5996046      0.238800004    
   11.6162710      0.239500001    
   11.6329374      0.240199998    
   11.6496038      0.240799993    
   11.6662703      0.241500005    
   11.6829367      0.242100000    
   11.6996031      0.242699996    
   11.7162695      0.243399993    
   11.7329359      0.244000003    
   11.7496023      0.244599998    
   11.7662687      0.245100006    
   11.7829351      0.245700002    
   11.7996016      0.246299997    
   11.8162680      0.246700004    
   11.8329344      0.247400001    
   11.8496008      0.247899994    
   11.8662672      0.248400003    
   11.8829336      0.248899996    
   11.8996000      0.249400005    
   11.9162664      0.249899998    
   11.9329329      0.250400007    
   11.9495993      0.250800014    
   11.9662657      0.251199991    
   11.9829321      0.251700014    
   11.9995985      0.252099991    
   12.0162649      0.252600014    
   12.0329313      0.252999991    
   12.0495977      0.253399998    
   12.0662642      0.253699988    
   12.0829306      0.254099995    
   12.0995970      0.254500002    
   12.1162634      0.254799992    
   12.1329298      0.255100012    
   12.1495962      0.255400002    
   12.1662626      0.255699992    
   12.1829290      0.256000012    
   12.1995955      0.256300002    
   12.2162619      0.256599993    
   12.2329283      0.256599993    
   12.2495947      0.256799996    
   12.2662611      0.256999999    
   12.2829275      0.257299989    
   12.2995939      0.257699996    
   12.3162603      0.257900000    
   12.3329268      0.258100003    
   12.3495932      0.258300006    
   12.3662596      0.258300006    
   12.3829260      0.258399993    
   12.3995924      0.258599997    
   12.4162588      0.258800000    
   12.4329252      0.258899987    
   12.4495916      0.259000003    
   12.4662580      0.259099990    
   12.4829245      0.259200007    
   12.4995909      0.259200007    
   12.5162573      0.259299994    
   12.5329237      0.259299994    
   12.5495901      0.259299994    
   12.5662565      0.259299994    
   12.5829229      0.259299994    
   12.5995893      0.259299994    
   12.6162558      0.259200007    
   12.6329222      0.259200007    
   12.6495886      0.259099990    
   12.6662550      0.259099990    
   12.6829214      0.259000003    
   12.6995878      0.258800000    
   12.7162542      0.258700013    
   12.7329206      0.258500010    
   12.7495871      0.258399993    
   12.7662535      0.258300006    
   12.7829199      0.258199990    
   12.7995863      0.257999986    
   12.8162527      0.257800013    
   12.8329191      0.257499993    
   12.8495855      0.257099986    
   12.8662519      0.256900012    
   12.8829184      0.256599993    
   12.8995848      0.256599993    
   12.9162512      0.256500006    
   12.9329176      0.256199986    
   12.9495840      0.255899996    
   12.9662504      0.255600005    
   12.9829168      0.255299985    
   12.9995832      0.254999995    
   13.0162497      0.254599988    
   13.0329161      0.254299998    
   13.0495825      0.253899992    
   13.0662489      0.253600001    
   13.0829153      0.253199995    
   13.0995817      0.252799988    
   13.1162481      0.252400011    
   13.1329145      0.251800001    
   13.1495810      0.251500010    
   13.1662474      0.250900000    
   13.1829138      0.250600010    
   13.1995802      0.250200003    
   13.2162466      0.249699995    
   13.2329130      0.249200001    
   13.2495794      0.248699993    
   13.2662458      0.248199999    
   13.2829123      0.247600004    
   13.2995787      0.247099996    
   13.3162451      0.246399999    
   13.3329115      0.246000007    
   13.3495779      0.245399997    
   13.3662443      0.244900003    
   13.3829107      0.244299993    
   13.3995771      0.243699998    
   13.4162436      0.243100002    
   13.4329100      0.242400005    
   13.4495764      0.241799995    
   13.4662428      0.241099998    
   13.4829092      0.240500003    
   13.4995756      0.239800006    
   13.5162420      0.239099994    
   13.5329084      0.238499999    
   13.5495749      0.237800002    
   13.5662413      0.237000003    
   13.5829077      0.236300007    
   13.5995741      0.235400006    
   13.6162405      0.234899998    
   13.6329069      0.234099999    
   13.6495733      0.233300000    
   13.6662397      0.232600003    
   13.6829062      0.231800005    
   13.6995726      0.231000006    
   13.7162390      0.230199993    
   13.7329054      0.229399994    
   13.7495718      0.228599995    
   13.7662382      0.227799997    
   13.7829046      0.226999998    
   13.7995710      0.225899994    
   13.8162374      0.225199997    
   13.8329039      0.224399999    
   13.8495703      0.223499998    
   13.8662367      0.222399995    
   13.8829031      0.221799999    
   13.8995695      0.220899999    
   13.9162359      0.219999999    
   13.9329023      0.219099998    
   13.9495687      0.218099996    
   13.9662352      0.217199996    
   13.9829016      0.216299996    
   13.9995680      0.215299994    
   14.0162344      0.214399993    
   14.0329008      0.213400006    
   14.0495672      0.212500006    
   14.0662336      0.211500004    
   14.0829000      0.210500002    
   14.0995665      0.209500000    
   14.1162329      0.208499998    
   14.1328993      0.207499996    
   14.1495657      0.206499994    
   14.1662321      0.205500007    
   14.1828985      0.204500005    
   14.1995649      0.203400001    
   14.2162313      0.202399999    
   14.2328978      0.201299995    
   14.2495642      0.200299993    
   14.2662306      0.199300006    
   14.2828970      0.198100001    
   14.2995634      0.197099999    
   14.3162298      0.196099997    
   14.3328962      0.194999993    
   14.3495626      0.193900004    
   14.3662291      0.192599997    
   14.3828955      0.191699997    
   14.3995619      0.190599993    
   14.4162283      0.189400002    
   14.4328947      0.188400000    
   14.4495611      0.187299997    
   14.4662275      0.186199993    
   14.4828939      0.185100004    
   14.4995604      0.183699995    
   14.5162268      0.182799995    
   14.5328932      0.181700006    
   14.5495596      0.180500001    
   14.5662260      0.179399997    
   14.5828924      0.178200006    
   14.5995588      0.177100003    
   14.6162252      0.175899997    
   14.6328917      0.174700007    
   14.6495581      0.173600003    
   14.6662245      0.172399998    
   14.6828909      0.171100006    
   14.6995573      0.170000002    
   14.7162237      0.168899998    
   14.7328901      0.167799994    
   14.7495565      0.166600004    
   14.7662230      0.165399998    
   14.7828894      0.164199993    
   14.7995558      0.163000003    
   14.8162222      0.161799997    
   14.8328886      0.160600007    
   14.8495550      0.159500003    
   14.8662214      0.158299997    
   14.8828878      0.157100007    
   14.8995543      0.155900002    
   14.9162207      0.154699996    
   14.9328871      0.153500006    
   14.9495535      0.152300000    
   14.9662199      0.151099995    
   14.9828863      0.149900004    
   14.9995527      0.148699999    
   15.0162191      0.147400007    
   15.0328856      0.146300003    
   15.0495520      0.145099998    
   15.0662184      0.143900007    
   15.0828848      0.142700002    
   15.0995512      0.141499996    
   15.1162176      0.140300006    
   15.1328840      0.139100000    
   15.1495504      0.137899995    
   15.1662169      0.136600003    
   15.1828833      0.135499999    
   15.1995497      0.134299994    
   15.2162161      0.133100003    
   15.2328825      0.131899998    
   15.2495489      0.130700007    
   15.2662153      0.129400000    
   15.2828817      0.128199995    
   15.2995481      0.127100006    
   15.3162146      0.125900000    
   15.3328810      0.124700002    
   15.3495474      0.123499997    
   15.3662138      0.122299999    
   15.3828802      0.121100001    
   15.3995466      0.119999997    
   15.4162130      0.118799999    
   15.4328794      0.117600001    
   15.4495459      0.116400003    
   15.4662123      0.115300000    
   15.4828787      0.114100002    
   15.4995451      0.112899996    
   15.5162115      0.111800000    
   15.5328779      0.110600002    
   15.5495443      0.109399997    
   15.5662107      0.108300000    
   15.5828772      0.107100002    
   15.5995436      0.105999999    
   15.6162100      0.104800001    
   15.6328764      0.103699997    
   15.6495428      0.102600001    
   15.6662092      0.101400003    
   15.6828756      0.100299999    
   15.6995420       9.91899967E-02
   15.7162085       9.80100036E-02
   15.7328749       9.69299972E-02
   15.7495413       9.58499983E-02
   15.7662077       9.47000012E-02
   15.7828741       9.36399996E-02
   15.7995405       9.25400034E-02
   15.8162069       9.14499983E-02
   15.8328733       9.03600007E-02
   15.8495398       8.92200023E-02
   15.8662062       8.82000029E-02
   15.8828726       8.71300027E-02
   15.8995390       8.60600024E-02
   15.9162054       8.50000009E-02
   15.9328718       8.39499980E-02
   15.9495382       8.28899965E-02
   15.9662046       8.18400010E-02
   15.9828711       8.07799995E-02
   15.9995375       7.97699988E-02
   16.0162029       7.87499994E-02
   16.0328693       7.77200013E-02
   16.0495358       7.67100006E-02
   16.0662022       7.56900012E-02
   16.0828686       7.46899992E-02
   16.0995350       7.36799985E-02
   16.1162014       7.26900026E-02
   16.1328678       7.17199966E-02
   16.1495342       7.07399994E-02
   16.1662006       6.97600022E-02
   16.1828671       6.88000023E-02
   16.1995335       6.78400025E-02
   16.2161999       6.68800026E-02
   16.2328663       6.59300014E-02
   16.2495327       6.49999976E-02
   16.2661991       6.40600026E-02
   16.2828655       6.31399974E-02
   16.2995319       6.22199997E-02
   16.3161983       6.12999983E-02
   16.3328648       6.04000017E-02
   16.3495312       5.95000014E-02
   16.3661976       5.86099997E-02
   16.3828640       5.77200018E-02
   16.3995304       5.68399988E-02
   16.4161968       5.59699982E-02
   16.4328632       5.51100001E-02
   16.4495296       5.42499982E-02
   16.4661961       5.34100011E-02
   16.4828625       5.25600016E-02
   16.4995289       5.17299995E-02
   16.5161953       5.09000011E-02
   16.5328617       5.00800014E-02
   16.5495281       4.92700003E-02
   16.5661945       4.84700017E-02
   16.5828609       4.76699993E-02
   16.5995274       4.68799993E-02
   16.6161938       4.61000018E-02
   16.6328602       4.53299992E-02
   16.6495266       4.45600003E-02
   16.6661930       4.38000001E-02
   16.6828594       4.30499986E-02
   16.6995258       4.23099995E-02
   16.7161922       4.15700004E-02
   16.7328587       4.08499986E-02
   16.7495251       4.01300006E-02
   16.7661915       3.94099988E-02
   16.7828579       3.87100019E-02
   16.7995243       3.80100012E-02
   16.8161907       3.73199992E-02
   16.8328571       3.66399996E-02
   16.8495235       3.59699987E-02
   16.8661900       3.53000015E-02
   16.8828564       3.46399993E-02
   16.8995228       3.39899994E-02
   16.9161892       3.33499983E-02
   16.9328556       3.27100009E-02
   16.9495220       3.20799984E-02
   16.9661884       3.14700007E-02
   16.9828548       3.08500007E-02
   16.9995213       3.02499998E-02
   17.0161877       2.96500009E-02
   17.0328541       2.90600006E-02
   17.0495205       2.84800008E-02
   17.0661869       2.79099997E-02
   17.0828533       2.73400005E-02
   17.0995197       2.67800000E-02
   17.1161861       2.62300000E-02
   17.1328526       2.56900005E-02
   17.1495190       2.51499992E-02
   17.1661854       2.46200003E-02
   17.1828518       2.41000000E-02
   17.1995182       2.35900003E-02
   17.2161846       2.30800007E-02
   17.2328510       2.25799996E-02
   17.2495174       2.20899992E-02
   17.2661839       2.16000006E-02
   17.2828503       2.11299993E-02
   17.2995167       2.06599999E-02
   17.3161831       2.01900005E-02
   17.3328495       1.97400004E-02
   17.3495159       1.92900002E-02
   17.3661823       1.88400000E-02
   17.3828487       1.84099991E-02
   17.3995152       1.79800000E-02
   17.4161816       1.75599996E-02
   17.4328480       1.71499997E-02
   17.4495144       1.67399999E-02
   17.4661808       1.63400006E-02
   17.4828472       1.59399994E-02
   17.4995136       1.55600002E-02
   17.5161800       1.51699996E-02
   17.5328465       1.48000000E-02
   17.5495129       1.44300004E-02
   17.5661793       1.40699996E-02
   17.5828457       1.37099996E-02
   17.5995121       1.33699998E-02
   17.6161785       1.30200004E-02
   17.6328449       1.26900002E-02
   17.6495113       1.23600001E-02
   17.6661777       1.20299999E-02
   17.6828442       1.17100002E-02
   17.6995106       1.14000002E-02
   17.7161770       1.10900002E-02
   17.7328434       1.07899997E-02
   17.7495098       1.04999999E-02
   17.7661762       1.02100000E-02
   17.7828426       9.92400013E-03
   17.7995090       9.64500010E-03
   17.8161755       9.37199965E-03
   17.8328419       9.10499971E-03
   17.8495083       8.84300005E-03
   17.8661747       8.58599972E-03
   17.8828411       8.33399966E-03
   17.8995075       8.08800012E-03
   17.9161739       7.84599967E-03
   17.9328403       7.61000020E-03
   17.9495068       7.37799983E-03
   17.9661732       7.15199998E-03
   17.9828396       6.93000015E-03
   17.9995060       6.71300013E-03
   18.0161724       6.50000013E-03
   18.0328388       6.29199995E-03
   18.0495052       6.08900003E-03
   18.0661716       5.89000015E-03
   18.0828381       5.69600007E-03
   18.0995045       5.50600002E-03
   18.1161709       5.32000000E-03
   18.1328373       5.13800001E-03
   18.1495037       4.96099982E-03
   18.1661701       4.78800014E-03
   18.1828365       4.61799977E-03
   18.1995029       4.45300015E-03
   18.2161694       4.29099984E-03
   18.2328358       4.13399981E-03
   18.2495022       3.98000004E-03
   18.2661686       3.82900005E-03
   18.2828350       3.68300010E-03
   18.2995014       3.53999995E-03
   18.3161678       3.40000005E-03
   18.3328342       3.26399994E-03
   18.3495007       3.13200010E-03
   18.3661671       3.00200004E-03
   18.3828335       2.87600001E-03
   18.3994999       2.75300001E-03
   18.4161663       2.63400003E-03
   18.4328327       2.51700007E-03
   18.4494991       2.40399991E-03
   18.4661655       2.29400001E-03
   18.4828320       2.18600011E-03
   18.4994984       2.08200002E-03
   18.5161648       1.97999994E-03
   18.5328312       1.88200001E-03
   18.5494976       1.78599998E-03
   18.5661640       1.69299997E-03
   18.5828304       1.60199997E-03
   18.5994968       1.51500001E-03
   18.6161633       1.42999995E-03
   18.6328297       1.34800002E-03
   18.6494961       1.26799999E-03
   18.6661625       1.19099999E-03
   18.6828289       1.11600000E-03
   18.6994953       1.04400003E-03
   18.7161617       9.74899973E-04
   18.7328281       9.07899986E-04
   18.7494946       8.43500020E-04
   18.7661610       7.81500014E-04
   18.7828274       7.22100027E-04
   18.7994938       6.65200001E-04
   18.8161602       6.10899995E-04
   18.8328266       5.59100008E-04
   18.8494930       5.09899983E-04
   18.8661594       4.63400007E-04
   18.8828259       4.19899996E-04
   18.8994923       3.79600009E-04
   18.9161587       3.32600001E-04
   18.9328251       2.92699988E-04
   18.9494915       2.59900000E-04
   18.9661579       2.32799997E-04
   18.9828243       2.00099996E-04
   18.9994907       1.76700007E-04
   19.0161572       1.50199994E-04
   19.0328236       1.28400003E-04
   19.0494900       1.09599998E-04
   19.0661564       9.25600034E-05
   19.0828228       7.71100022E-05
   19.0994892       6.38700003E-05
   19.1161556       5.28899982E-05
   19.1328220       4.38200004E-05
   19.1494884       3.49100010E-05
   19.1661549       2.81600005E-05
   19.1828213       2.24899995E-05
   19.1994877       1.76100002E-05
   19.2161541       1.36799999E-05
   19.2328205       1.05299996E-05
   19.2494869       8.01300030E-06
   19.2661533       6.03299986E-06
   19.2828197       4.41400016E-06
   19.2994862       3.15600005E-06
   19.3161526       2.21699997E-06
   19.3328190       1.45900003E-06
   19.3494854       9.08699974E-07
   19.3661518       5.42099997E-07
   19.3828182       3.08799997E-07
   19.3994846       1.66700005E-07
   19.4161510       8.20400032E-08
   19.4328175       3.26500000E-08
   19.4494839       8.39600034E-09
   19.4661503       8.61400007E-10
   19.4828167       7.21599993E-12
   19.4994831       1.50500001E-14
   19.5161495       1.67299992E-17
   19.5328159       3.51300011E-21
   19.5494823       2.37800001E-27
   19.5661488       0.00000000    
   19.5828152       0.00000000    
   19.5994816       0.00000000    
   19.6161480       0.00000000    
   19.6328144       0.00000000    
   19.6494808       0.00000000    
   19.6661472       0.00000000    
   19.6828136       0.00000000    
   19.6994801       0.00000000    
   19.7161465       0.00000000    
   19.7328129       0.00000000    
   19.7494793       0.00000000    
   19.7661457       0.00000000    
   19.7828121       0.00000000    
   19.7994785       0.00000000    
   19.8161449       0.00000000    
   19.8328114       0.00000000    
   19.8494778       0.00000000    
   19.8661442       0.00000000    
   19.8828106       0.00000000    
   19.8994770       0.00000000    
   19.9161434       0.00000000    
   19.9328098       0.00000000    
   19.9494762       0.00000000    
   19.9661427       0.00000000    
   19.9828091       0.00000000    
   19.9994755       0.00000000    
   20.0161419       0.00000000    
   20.0328083       0.00000000    
   20.0494747       0.00000000    
   20.0661411       0.00000000    
   20.0828075       0.00000000    
   20.0994740       0.00000000    
   20.1161404       0.00000000    
   20.1328068       0.00000000    
   20.1494732       0.00000000    
   20.1661396       0.00000000    
   20.1828060       0.00000000    
   20.1994724       0.00000000    
   20.2161388       0.00000000    
   20.2328053       0.00000000    
   20.2494717       0.00000000    
   20.2661381       0.00000000    
   20.2828045       0.00000000    
   20.2994709       0.00000000    
   20.3161373       0.00000000    
   20.3328037       0.00000000    
   20.3494701       0.00000000    
   20.3661366       0.00000000    
   20.3828030       0.00000000    
   20.3994694       0.00000000    
   20.4161358       0.00000000    
   20.4328022       0.00000000    
   20.4494686       0.00000000    
   20.4661350       0.00000000    
   20.4828014       0.00000000    
   20.4994678       0.00000000    
   20.5161343       0.00000000    
   20.5328007       0.00000000    
   20.5494671       0.00000000    
   20.5661335       0.00000000    
   20.5827999       0.00000000    
   20.5994663       0.00000000    
   20.6161327       0.00000000    
   20.6327991       0.00000000    
   20.6494656       0.00000000    
   20.6661320       0.00000000    
   20.6827984       0.00000000    
   20.6994648       0.00000000    
   20.7161312       0.00000000    
   20.7327976       0.00000000    
   20.7494640       0.00000000    
   20.7661304       0.00000000    
   20.7827969       0.00000000    
   20.7994633       0.00000000    
   20.8161297       0.00000000    
   20.8327961       0.00000000    
   20.8494625       0.00000000    
   20.8661289       0.00000000    
   20.8827953       0.00000000    
   20.8994617       0.00000000    
   20.9161282       0.00000000    
   20.9327946       0.00000000    
   20.9494610       0.00000000    
   20.9661274       0.00000000    
   20.9827938       0.00000000    
   20.9994602       0.00000000    
   21.0161266       0.00000000    
   21.0327930       0.00000000    
   21.0494595       0.00000000    
   21.0661259       0.00000000    
   21.0827923       0.00000000    
   21.0994587       0.00000000    
   21.1161251       0.00000000    
   21.1327915       0.00000000    
   21.1494579       0.00000000    
   21.1661243       0.00000000    
   21.1827908       0.00000000    
   21.1994572       0.00000000    
   21.2161236       0.00000000    
   21.2327900       0.00000000    
   21.2494564       0.00000000    
   21.2661228       0.00000000    
   21.2827892       0.00000000    
   21.2994556       0.00000000    
   21.3161221       0.00000000    
   21.3327885       0.00000000    
   21.3494549       0.00000000    
   21.3661213       0.00000000    
   21.3827877       0.00000000    
   21.3994541       0.00000000    
   21.4161205       0.00000000    
   21.4327869       0.00000000    
   21.4494534       0.00000000    
   21.4661198       0.00000000    
   21.4827862       0.00000000    
   21.4994526       0.00000000    
   21.5161190       0.00000000    
   21.5327854       0.00000000    
   21.5494518       0.00000000    
   21.5661182       0.00000000    
   21.5827847       0.00000000    
   21.5994511       0.00000000    
   21.6161175       0.00000000    
   21.6327839       0.00000000    
   21.6494503       0.00000000    
   21.6661167       0.00000000    
   21.6827831       0.00000000    
   21.6994495       0.00000000    
   21.7161160       0.00000000    
   21.7327824       0.00000000    
   21.7494488       0.00000000    
   21.7661152       0.00000000    
   21.7827816       0.00000000    
   21.7994480       0.00000000    
   21.8161144       0.00000000    
   21.8327808       0.00000000    
   21.8494473       0.00000000    
   21.8661137       0.00000000    
   21.8827801       0.00000000    
   21.8994465       0.00000000    
   21.9161129       0.00000000    
   21.9327793       0.00000000    
   21.9494457       0.00000000    
   21.9661121       0.00000000    
   21.9827785       0.00000000    
   21.9994450       0.00000000    
   22.0161114       0.00000000    
   22.0327778       0.00000000    
   22.0494442       0.00000000    
   22.0661106       0.00000000    
   22.0827770       0.00000000    
   22.0994434       0.00000000    
   22.1161098       0.00000000    
   22.1327763       0.00000000    
   22.1494427       0.00000000    
   22.1661091       0.00000000    
   22.1827755       0.00000000    
   22.1994419       0.00000000    
   22.2161083       0.00000000    
   22.2327747       0.00000000    
   22.2494411       0.00000000    
   22.2661076       0.00000000    
   22.2827740       0.00000000    
   22.2994404       0.00000000    
   22.3161068       0.00000000    
   22.3327732       0.00000000    
   22.3494396       0.00000000    
   22.3661060       0.00000000    
   22.3827724       0.00000000    
   22.3994389       0.00000000    
   22.4161053       0.00000000    
   22.4327717       0.00000000    
   22.4494381       0.00000000    
   22.4661045       0.00000000    
   22.4827709       0.00000000    
   22.4994373       0.00000000    
   22.5161037       0.00000000    
   22.5327702       0.00000000    
   22.5494366       0.00000000    
   22.5661030       0.00000000    
   22.5827694       0.00000000    
   22.5994358       0.00000000    
   22.6161022       0.00000000    
   22.6327686       0.00000000    
   22.6494350       0.00000000    
   22.6661015       0.00000000    
   22.6827679       0.00000000    
   22.6994343       0.00000000    
   22.7161007       0.00000000    
   22.7327671       0.00000000    
   22.7494335       0.00000000    
   22.7660999       0.00000000    
   22.7827663       0.00000000    
   22.7994328       0.00000000    
   22.8160992       0.00000000    
   22.8327656       0.00000000    
   22.8494320       0.00000000    
   22.8660984       0.00000000    
   22.8827648       0.00000000    
   22.8994312       0.00000000    
   22.9160976       0.00000000    
   22.9327641       0.00000000    
   22.9494305       0.00000000    
   22.9660969       0.00000000    
   22.9827633       0.00000000    
   22.9994297       0.00000000    
   23.0160961       0.00000000    
   23.0327625       0.00000000    
   23.0494289       0.00000000    
   23.0660954       0.00000000    
   23.0827618       0.00000000    
   23.0994282       0.00000000    
   23.1160946       0.00000000    
   23.1327610       0.00000000    
   23.1494274       0.00000000    
   23.1660938       0.00000000    
   23.1827602       0.00000000    
   23.1994267       0.00000000    
   23.2160931       0.00000000    
   23.2327595       0.00000000    
   23.2494259       0.00000000    
   23.2660923       0.00000000    
   23.2827587       0.00000000    
   23.2994251       0.00000000    
   23.3160915       0.00000000    
   23.3327579       0.00000000    
   23.3494244       0.00000000    
   23.3660908       0.00000000    
   23.3827572       0.00000000    
   23.3994236       0.00000000    
   23.4160900       0.00000000    
   23.4327564       0.00000000    
   23.4494228       0.00000000    
   23.4660892       0.00000000    
   23.4827557       0.00000000    
   23.4994221       0.00000000    
   23.5160885       0.00000000    
   23.5327549       0.00000000    
   23.5494213       0.00000000    
   23.5660877       0.00000000    
   23.5827541       0.00000000    
   23.5994205       0.00000000    
   23.6160870       0.00000000    
   23.6327534       0.00000000    
   23.6494198       0.00000000    
   23.6660862       0.00000000    
   23.6827526       0.00000000    
   23.6994190       0.00000000    
   23.7160854       0.00000000    
   23.7327518       0.00000000    
   23.7494183       0.00000000    
   23.7660847       0.00000000    
   23.7827511       0.00000000    
   23.7994175       0.00000000    
   23.8160839       0.00000000    
   23.8327503       0.00000000    
   23.8494167       0.00000000    
   23.8660831       0.00000000    
   23.8827496       0.00000000    
   23.8994160       0.00000000    
   23.9160824       0.00000000    
   23.9327488       0.00000000    
   23.9494152       0.00000000    
   23.9660816       0.00000000    
   23.9827480       0.00000000    
