   0.00000000       0.00000000    
   1.66660007E-02   0.00000000    
   3.33320014E-02   0.00000000    
   4.99980003E-02   0.00000000    
   6.66640028E-02   0.00000000    
   8.33300054E-02   0.00000000    
   9.99960080E-02   0.00000000    
  0.116662011       0.00000000    
  0.133328006       0.00000000    
  0.149994001       0.00000000    
  0.166659996       0.00000000    
  0.183325991       0.00000000    
  0.199991986       0.00000000    
  0.216657981       0.00000000    
  0.233323976       0.00000000    
  0.249989972       0.00000000    
  0.266655982       0.00000000    
  0.283321977       0.00000000    
  0.299987972       0.00000000    
  0.316653967       0.00000000    
  0.333319962       0.00000000    
  0.349985957       0.00000000    
  0.366651952       0.00000000    
  0.383317947       0.00000000    
  0.399983943       0.00000000    
  0.416649938       0.00000000    
  0.433315933       0.00000000    
  0.449981928       0.00000000    
  0.466647923       0.00000000    
  0.483313918       0.00000000    
  0.499979913       0.00000000    
  0.516645908       0.00000000    
  0.533311903       0.00000000    
  0.549977899       0.00000000    
  0.566643894       0.00000000    
  0.583309889       0.00000000    
  0.599975884       0.00000000    
  0.616641879       0.00000000    
  0.633307874       0.00000000    
  0.649973869       0.00000000    
  0.666639864       0.00000000    
  0.683305860       0.00000000    
  0.699971855       0.00000000    
  0.716637850       0.00000000    
  0.733303845       0.00000000    
  0.749969840       0.00000000    
  0.766635835       0.00000000    
  0.783301830       0.00000000    
  0.799967825       0.00000000    
  0.816633821       0.00000000    
  0.833299816       0.00000000    
  0.849965811       0.00000000    
  0.866631806       0.00000000    
  0.883297801       0.00000000    
  0.899963796       0.00000000    
  0.916629791       0.00000000    
  0.933295786       0.00000000    
  0.949961782       0.00000000    
  0.966627777       0.00000000    
  0.983293772       0.00000000    
  0.999959767       0.00000000    
   1.01662576       0.00000000    
   1.03329182       0.00000000    
   1.04995787       0.00000000    
   1.06662393       0.00000000    
   1.08328998       0.00000000    
   1.09995604       0.00000000    
   1.11662209       0.00000000    
   1.13328815       0.00000000    
   1.14995420       0.00000000    
   1.16662025       0.00000000    
   1.18328631       0.00000000    
   1.19995236       0.00000000    
   1.21661842       0.00000000    
   1.23328447       0.00000000    
   1.24995053       0.00000000    
   1.26661658       0.00000000    
   1.28328264       0.00000000    
   1.29994869       0.00000000    
   1.31661475       0.00000000    
   1.33328080       0.00000000    
   1.34994686       0.00000000    
   1.36661291       0.00000000    
   1.38327897       0.00000000    
   1.39994502       0.00000000    
   1.41661108       0.00000000    
   1.43327713       0.00000000    
   1.44994318       0.00000000    
   1.46660924       0.00000000    
   1.48327529       0.00000000    
   1.49994135       0.00000000    
   1.51660740       0.00000000    
   1.53327346       0.00000000    
   1.54993951       0.00000000    
   1.56660557       0.00000000    
   1.58327162       0.00000000    
   1.59993768       0.00000000    
   1.61660373       0.00000000    
   1.63326979       0.00000000    
   1.64993584       0.00000000    
   1.66660190       0.00000000    
   1.68326795       0.00000000    
   1.69993401       0.00000000    
   1.71660006       0.00000000    
   1.73326612       0.00000000    
   1.74993217       0.00000000    
   1.76659822       0.00000000    
   1.78326428       0.00000000    
   1.79993033       0.00000000    
   1.81659639       0.00000000    
   1.83326244       0.00000000    
   1.84992850       0.00000000    
   1.86659455       0.00000000    
   1.88326061       0.00000000    
   1.89992666       0.00000000    
   1.91659272       0.00000000    
   1.93325877       0.00000000    
   1.94992483       0.00000000    
   1.96659088       0.00000000    
   1.98325694       0.00000000    
   1.99992299       0.00000000    
   2.01658893       0.00000000    
   2.03325486       0.00000000    
   2.04992080       0.00000000    
   2.06658673       0.00000000    
   2.08325267       0.00000000    
   2.09991860       0.00000000    
   2.11658454       0.00000000    
   2.13325047       0.00000000    
   2.14991641       0.00000000    
   2.16658235       0.00000000    
   2.18324828       0.00000000    
   2.19991422       0.00000000    
   2.21658015       0.00000000    
   2.23324609       0.00000000    
   2.24991202       0.00000000    
   2.26657796       0.00000000    
   2.28324389       0.00000000    
   2.29990983       0.00000000    
   2.31657577       0.00000000    
   2.33324170       0.00000000    
   2.34990764       0.00000000    
   2.36657357       0.00000000    
   2.38323951       0.00000000    
   2.39990544       0.00000000    
   2.41657138       0.00000000    
   2.43323731       0.00000000    
   2.44990325       0.00000000    
   2.46656919       0.00000000    
   2.48323512       0.00000000    
   2.49990106       0.00000000    
   2.51656699       0.00000000    
   2.53323293       0.00000000    
   2.54989886       0.00000000    
   2.56656480       0.00000000    
   2.58323073       0.00000000    
   2.59989667       0.00000000    
   2.61656260       0.00000000    
   2.63322854       0.00000000    
   2.64989448       0.00000000    
   2.66656041       0.00000000    
   2.68322635       0.00000000    
   2.69989228       0.00000000    
   2.71655822       0.00000000    
   2.73322415       0.00000000    
   2.74989009       0.00000000    
   2.76655602       0.00000000    
   2.78322196       0.00000000    
   2.79988790       0.00000000    
   2.81655383       0.00000000    
   2.83321977       0.00000000    
   2.84988570       0.00000000    
   2.86655164       0.00000000    
   2.88321757       0.00000000    
   2.89988351       0.00000000    
   2.91654944       0.00000000    
   2.93321538       0.00000000    
   2.94988132       0.00000000    
   2.96654725       0.00000000    
   2.98321319       0.00000000    
   2.99987912       0.00000000    
   3.01654506       0.00000000    
   3.03321099       0.00000000    
   3.04987693       0.00000000    
   3.06654286       0.00000000    
   3.08320880       0.00000000    
   3.09987473       0.00000000    
   3.11654067       0.00000000    
   3.13320661       0.00000000    
   3.14987254       0.00000000    
   3.16653848       0.00000000    
   3.18320441       0.00000000    
   3.19987035       0.00000000    
   3.21653628       0.00000000    
   3.23320222       0.00000000    
   3.24986815       0.00000000    
   3.26653409       0.00000000    
   3.28320003       0.00000000    
   3.29986596       0.00000000    
   3.31653190       0.00000000    
   3.33319783       0.00000000    
   3.34986377       0.00000000    
   3.36652970       0.00000000    
   3.38319564       0.00000000    
   3.39986157       0.00000000    
   3.41652751       0.00000000    
   3.43319345       0.00000000    
   3.44985938       0.00000000    
   3.46652532       0.00000000    
   3.48319125       0.00000000    
   3.49985719       0.00000000    
   3.51652312       0.00000000    
   3.53318906       0.00000000    
   3.54985499       0.00000000    
   3.56652093       0.00000000    
   3.58318686       0.00000000    
   3.59985280       0.00000000    
   3.61651874       0.00000000    
   3.63318467       0.00000000    
   3.64985061       0.00000000    
   3.66651654       0.00000000    
   3.68318248       0.00000000    
   3.69984841       0.00000000    
   3.71651435       0.00000000    
   3.73318028       0.00000000    
   3.74984622       0.00000000    
   3.76651216       0.00000000    
   3.78317809       0.00000000    
   3.79984403       0.00000000    
   3.81650996       0.00000000    
   3.83317590       0.00000000    
   3.84984183       0.00000000    
   3.86650777       0.00000000    
   3.88317370       0.00000000    
   3.89983964       0.00000000    
   3.91650558       0.00000000    
   3.93317151       0.00000000    
   3.94983745       0.00000000    
   3.96650338       0.00000000    
   3.98316932       0.00000000    
   3.99983525       0.00000000    
   4.01650143       0.00000000    
   4.03316736       0.00000000    
   4.04983330       0.00000000    
   4.06649923       0.00000000    
   4.08316517       0.00000000    
   4.09983110       0.00000000    
   4.11649704       0.00000000    
   4.13316298       0.00000000    
   4.14982891       0.00000000    
   4.16649485       0.00000000    
   4.18316078       0.00000000    
   4.19982672       0.00000000    
   4.21649265       0.00000000    
   4.23315859       0.00000000    
   4.24982452       0.00000000    
   4.26649046       0.00000000    
   4.28315639       0.00000000    
   4.29982233       0.00000000    
   4.31648827       0.00000000    
   4.33315420       0.00000000    
   4.34982014       0.00000000    
   4.36648607       0.00000000    
   4.38315201       0.00000000    
   4.39981794       0.00000000    
   4.41648388       0.00000000    
   4.43314981       0.00000000    
   4.44981575       0.00000000    
   4.46648169       0.00000000    
   4.48314762       0.00000000    
   4.49981356       0.00000000    
   4.51647949       0.00000000    
   4.53314543       0.00000000    
   4.54981136       0.00000000    
   4.56647730       0.00000000    
   4.58314323       0.00000000    
   4.59980917       0.00000000    
   4.61647511       0.00000000    
   4.63314104       0.00000000    
   4.64980698       0.00000000    
   4.66647291       0.00000000    
   4.68313885       0.00000000    
   4.69980478       0.00000000    
   4.71647072       0.00000000    
   4.73313665       0.00000000    
   4.74980259       0.00000000    
   4.76646852       0.00000000    
   4.78313446       0.00000000    
   4.79980040       0.00000000    
   4.81646633       0.00000000    
   4.83313227       0.00000000    
   4.84979820       0.00000000    
   4.86646414       0.00000000    
   4.88313007       0.00000000    
   4.89979601       0.00000000    
   4.91646194       0.00000000    
   4.93312788       0.00000000    
   4.94979382       0.00000000    
   4.96645975       0.00000000    
   4.98312569       0.00000000    
   4.99979162       0.00000000    
   5.01645756       0.00000000    
   5.03312349       0.00000000    
   5.04978943       0.00000000    
   5.06645536       0.00000000    
   5.08312130       0.00000000    
   5.09978724       0.00000000    
   5.11645317       0.00000000    
   5.13311911       0.00000000    
   5.14978504       0.00000000    
   5.16645098       0.00000000    
   5.18311691       0.00000000    
   5.19978285       0.00000000    
   5.21644878       0.00000000    
   5.23311472       0.00000000    
   5.24978065       0.00000000    
   5.26644659       0.00000000    
   5.28311253       0.00000000    
   5.29977846       0.00000000    
   5.31644440       0.00000000    
   5.33311033       1.54500006E-19
   5.34977627       7.69599990E-15
   5.36644220       5.78899992E-12
   5.38310814       1.26499999E-09
   5.39977407       8.81300011E-08
   5.41644001       3.92599986E-06
   5.43310595       2.34700001E-05
   5.44977188       7.03900005E-05
   5.46643782       1.50299995E-04
   5.48310375       2.64800008E-04
   5.49976969       4.24800004E-04
   5.51643562       6.49099995E-04
   5.53310156       9.48700006E-04
   5.54976749       1.35000004E-03
   5.56643343       1.91600004E-03
   5.58309937       2.59699998E-03
   5.59976530       3.51700000E-03
   5.61643124       4.71299980E-03
   5.63309717       6.16300013E-03
   5.64976311       8.00800044E-03
   5.66642904       1.03500001E-02
   5.68309498       1.33199999E-02
   5.69976091       1.71000008E-02
   5.71642685       2.14300007E-02
   5.73309278       2.70399991E-02
   5.74975872       3.44900005E-02
   5.76642466       4.22400013E-02
   5.78309059       5.21400012E-02
   5.79975653       6.53200001E-02
   5.81642246       7.90899992E-02
   5.83308840       9.54599977E-02
   5.84975433      0.114699997    
   5.86642027      0.137400001    
   5.88308620      0.162100002    
   5.89975214      0.186499998    
   5.91641808      0.219200000    
   5.93308401      0.249300003    
   5.94974995      0.289600015    
   5.96641588      0.322899997    
   5.98308182      0.363000005    
   5.99974775      0.411500007    
   6.01641369      0.470099986    
   6.03307962      0.518999994    
   6.04974556      0.570999980    
   6.06641150      0.625999987    
   6.08307743      0.683899999    
   6.09974337      0.744300008    
   6.11640930      0.807099998    
   6.13307524      0.872300029    
   6.14974117      0.939599991    
   6.16640711       1.00899994    
   6.18307304       1.08099997    
   6.19973898       1.15400004    
   6.21640491       1.22899997    
   6.23307085       1.30599999    
   6.24973679       1.38499999    
   6.26640272       1.46599996    
   6.28306866       1.54799998    
   6.29973459       1.63199997    
   6.31640053       1.71800005    
   6.33306646       1.80499995    
   6.34973240       1.89300001    
   6.36639833       1.98399997    
   6.38306427       2.07500005    
   6.39973021       2.16799998    
   6.41639614       2.26300001    
   6.43306208       2.35899997    
   6.44972801       2.45700002    
   6.46639395       2.55599999    
   6.48305988       2.65700006    
   6.49972582       2.75900006    
   6.51639175       2.86299992    
   6.53305769       2.96799994    
   6.54972363       3.07399988    
   6.56638956       3.18199992    
   6.58305550       3.29200006    
   6.59972143       3.40300012    
   6.61638737       3.51600003    
   6.63305330       3.63000011    
   6.64971924       3.74499989    
   6.66638517       3.86299992    
   6.68305111       3.98099995    
   6.69971704       4.10099983    
   6.71638298       4.22300005    
   6.73304892       4.34700012    
   6.74971485       4.47200012    
   6.76638079       4.59800005    
   6.78304672       4.72599983    
   6.79971266       4.85599995    
   6.81637859       4.98699999    
   6.83304453       5.11999989    
   6.84971046       5.25400019    
   6.86637640       5.38999987    
   6.88304234       5.52699995    
   6.89970827       5.66599989    
   6.91637421       5.80700016    
   6.93304014       5.94899988    
   6.94970608       6.09299994    
   6.96637201       6.23799992    
   6.98303795       6.38500023    
   6.99970388       6.53299999    
   7.01636982       6.68300009    
   7.03303576       6.83400011    
   7.04970169       6.98699999    
   7.06636763       7.14099979    
   7.08303356       7.29699993    
   7.09969950       7.45400000    
   7.11636543       7.61299992    
   7.13303137       7.77299976    
   7.14969730       7.93499994    
   7.16636324       8.09799957    
   7.18302917       8.26200008    
   7.19969511       8.42800045    
   7.21636105       8.59500027    
   7.23302698       8.76399994    
   7.24969292       8.93400002    
   7.26635885       9.10499954    
   7.28302479       9.27700043    
   7.29969072       9.45100021    
   7.31635666       9.62600040    
   7.33302259       9.80200005    
   7.34968853       9.97999954    
   7.36635447       10.1599998    
   7.38302040       10.3400002    
   7.39968634       10.5200005    
   7.41635227       10.6999998    
   7.43301821       10.8900003    
   7.44968414       11.0699997    
   7.46635008       11.2600002    
   7.48301601       11.4399996    
   7.49968195       11.6300001    
   7.51634789       11.8199997    
   7.53301382       12.0100002    
   7.54967976       12.1999998    
   7.56634569       12.3900003    
   7.58301163       12.5900002    
   7.59967756       12.7799997    
   7.61634350       12.9700003    
   7.63300943       13.1700001    
   7.64967537       13.3699999    
   7.66634130       13.5600004    
   7.68300724       13.7600002    
   7.69967318       13.9600000    
   7.71633911       14.1599998    
   7.73300505       14.3599997    
   7.74967098       14.5699997    
   7.76633692       14.7700005    
   7.78300285       14.9700003    
   7.79966879       15.1800003    
   7.81633472       15.3800001    
   7.83300066       15.5900002    
   7.84966660       15.7900000    
   7.86633253       16.0000000    
   7.88299847       16.2099991    
   7.89966440       16.4099998    
   7.91633034       16.6200008    
   7.93299627       16.8299999    
   7.94966221       17.0400009    
   7.96632814       17.2500000    
   7.98299408       17.4599991    
   7.99966002       17.6800003    
   8.01632595       17.8899994    
   8.03299236       18.1000004    
   8.04965878       18.3099995    
   8.06632519       18.5300007    
   8.08299160       18.7399998    
   8.09965801       18.9500008    
   8.11632442       19.1700001    
   8.13299084       19.3799992    
   8.14965725       19.6000004    
   8.16632366       19.8199997    
   8.18299007       20.0300007    
   8.19965649       20.2500000    
   8.21632290       20.4699993    
   8.23298931       20.6800003    
   8.24965572       20.8999996    
   8.26632214       21.1200008    
   8.28298855       21.3400002    
   8.29965496       21.5499992    
   8.31632137       21.7700005    
   8.33298779       21.9899998    
   8.34965420       22.2099991    
   8.36632061       22.4300003    
   8.38298702       22.6499996    
   8.39965343       22.8700008    
   8.41631985       23.0900002    
   8.43298626       23.3099995    
   8.44965267       23.5300007    
   8.46631908       23.7500000    
   8.48298550       23.9699993    
   8.49965191       24.1900005    
   8.51631832       24.4099998    
   8.53298473       24.6299992    
   8.54965115       24.8500004    
   8.56631756       25.0699997    
   8.58298397       25.2900009    
   8.59965038       25.5100002    
   8.61631680       25.7299995    
   8.63298321       25.9500008    
   8.64964962       26.1700001    
   8.66631603       26.3799992    
   8.68298244       26.6000004    
   8.69964886       26.8199997    
   8.71631527       27.0400009    
   8.73298168       27.2600002    
   8.74964809       27.4799995    
   8.76631451       27.7000008    
   8.78298092       27.9200001    
   8.79964733       28.1399994    
   8.81631374       28.3600006    
   8.83298016       28.5799999    
   8.84964657       28.7900009    
   8.86631298       29.0100002    
   8.88297939       29.2299995    
   8.89964581       29.4500008    
   8.91631222       29.6599998    
   8.93297863       29.8799992    
   8.94964504       30.1000004    
   8.96631145       30.3099995    
   8.98297787       30.5300007    
   8.99964428       30.7500000    
   9.01631069       30.9599991    
   9.03297710       31.1800003    
   9.04964352       31.3899994    
   9.06630993       31.6100006    
   9.08297634       31.8199997    
   9.09964275       32.0299988    
   9.11630917       32.2500000    
   9.13297558       32.4599991    
   9.14964199       32.6699982    
   9.16630840       32.8800011    
   9.18297482       33.0999985    
   9.19964123       33.3100014    
   9.21630764       33.5200005    
   9.23297405       33.7299995    
   9.24964046       33.9399986    
   9.26630688       34.1500015    
   9.28297329       34.3600006    
   9.29963970       34.5699997    
   9.31630611       34.7700005    
   9.33297253       34.9799995    
   9.34963894       35.1899986    
   9.36630535       35.3899994    
   9.38297176       35.5999985    
   9.39963818       35.8100014    
   9.41630459       36.0099983    
   9.43297100       36.2099991    
   9.44963741       36.4199982    
   9.46630383       36.6199989    
   9.48297024       36.8199997    
   9.49963665       37.0299988    
   9.51630306       37.2299995    
   9.53296947       37.4300003    
   9.54963589       37.6300011    
   9.56630230       37.8300018    
   9.58296871       38.0200005    
   9.59963512       38.2200012    
   9.61630154       38.4199982    
   9.63296795       38.6199989    
   9.64963436       38.8100014    
   9.66630077       39.0099983    
   9.68296719       39.2000008    
   9.69963360       39.4000015    
   9.71630001       39.5900002    
   9.73296642       39.7799988    
   9.74963284       39.9700012    
   9.76629925       40.1699982    
   9.78296566       40.3600006    
   9.79963207       40.5499992    
   9.81629848       40.7299995    
   9.83296490       40.9199982    
   9.84963131       41.1100006    
   9.86629772       41.2999992    
   9.88296413       41.4799995    
   9.89963055       41.6699982    
   9.91629696       41.8499985    
   9.93296337       42.0299988    
   9.94962978       42.2200012    
   9.96629620       42.4000015    
   9.98296261       42.5800018    
   9.99962902       42.7599983    
   10.0162954       42.9399986    
   10.0329618       43.1199989    
   10.0496283       43.2900009    
   10.0662947       43.4700012    
   10.0829611       43.6500015    
   10.0996275       43.8199997    
   10.1162939       44.0000000    
   10.1329603       44.1699982    
   10.1496267       44.3400002    
   10.1662931       44.5099983    
   10.1829596       44.6800003    
   10.1996260       44.8499985    
   10.2162924       45.0200005    
   10.2329588       45.1899986    
   10.2496252       45.3600006    
   10.2662916       45.5200005    
   10.2829580       45.6899986    
   10.2996244       45.8499985    
   10.3162909       46.0099983    
   10.3329573       46.1800003    
   10.3496237       46.3400002    
   10.3662901       46.5000000    
   10.3829565       46.6599998    
   10.3996229       46.8100014    
   10.4162893       46.9700012    
   10.4329557       47.1300011    
   10.4496222       47.2799988    
   10.4662886       47.4399986    
   10.4829550       47.5900002    
   10.4996214       47.7400017    
   10.5162878       47.8899994    
   10.5329542       48.0400009    
   10.5496206       48.1899986    
   10.5662870       48.3400002    
   10.5829535       48.4900017    
   10.5996199       48.6300011    
   10.6162863       48.7799988    
   10.6329527       48.9199982    
   10.6496191       49.0699997    
   10.6662855       49.2099991    
   10.6829519       49.3499985    
   10.6996183       49.4900017    
   10.7162848       49.6300011    
   10.7329512       49.7599983    
   10.7496176       49.9000015    
   10.7662840       50.0400009    
   10.7829504       50.1699982    
   10.7996168       50.2999992    
   10.8162832       50.4300003    
   10.8329496       50.5699997    
   10.8496161       50.7000008    
   10.8662825       50.8300018    
   10.8829489       50.9500008    
   10.8996153       51.0800018    
   10.9162817       51.2099991    
   10.9329481       51.3300018    
   10.9496145       51.4500008    
   10.9662809       51.5699997    
   10.9829473       51.6899986    
   10.9996138       51.8100014    
   11.0162802       51.9300003    
   11.0329466       52.0499992    
   11.0496130       52.1599998    
   11.0662794       52.2799988    
   11.0829458       52.4000015    
   11.0996122       52.5099983    
   11.1162786       52.6199989    
   11.1329451       52.7299995    
   11.1496115       52.8400002    
   11.1662779       52.9500008    
   11.1829443       53.0499992    
   11.1996107       53.1599998    
   11.2162771       53.2599983    
   11.2329435       53.3699989    
   11.2496099       53.4700012    
   11.2662764       53.5699997    
   11.2829428       53.6699982    
   11.2996092       53.7700005    
   11.3162756       53.8600006    
   11.3329420       53.9599991    
   11.3496084       54.0600014    
   11.3662748       54.1500015    
   11.3829412       54.2400017    
   11.3996077       54.3300018    
   11.4162741       54.4199982    
   11.4329405       54.5099983    
   11.4496069       54.5999985    
   11.4662733       54.6800003    
   11.4829397       54.7599983    
   11.4996061       54.8499985    
   11.5162725       54.9300003    
   11.5329390       55.0200005    
   11.5496054       55.0999985    
   11.5662718       55.1699982    
   11.5829382       55.2500000    
   11.5996046       55.3300018    
   11.6162710       55.4000015    
   11.6329374       55.4799995    
   11.6496038       55.5499992    
   11.6662703       55.6199989    
   11.6829367       55.6899986    
   11.6996031       55.7599983    
   11.7162695       55.8199997    
   11.7329359       55.8899994    
   11.7496023       55.9500008    
   11.7662687       56.0200005    
   11.7829351       56.0800018    
   11.7996016       56.1399994    
   11.8162680       56.2000008    
   11.8329344       56.2599983    
   11.8496008       56.3100014    
   11.8662672       56.3699989    
   11.8829336       56.4199982    
   11.8996000       56.4799995    
   11.9162664       56.5299988    
   11.9329329       56.5800018    
   11.9495993       56.6300011    
   11.9662657       56.6699982    
   11.9829321       56.7200012    
   11.9995985       56.7700005    
   12.0162649       56.8100014    
   12.0329313       56.8499985    
   12.0495977       56.9000015    
   12.0662642       56.9399986    
   12.0829306       56.9700012    
   12.0995970       57.0099983    
   12.1162634       57.0499992    
   12.1329298       57.0800018    
   12.1495962       57.1199989    
   12.1662626       57.1500015    
   12.1829290       57.1800003    
   12.1995955       57.2099991    
   12.2162619       57.2400017    
   12.2329283       57.2599983    
   12.2495947       57.2900009    
   12.2662611       57.3100014    
   12.2829275       57.3300018    
   12.2995939       57.3499985    
   12.3162603       57.3699989    
   12.3329268       57.3899994    
   12.3495932       57.4099998    
   12.3662596       57.4300003    
   12.3829260       57.4399986    
   12.3995924       57.4599991    
   12.4162588       57.4700012    
   12.4329252       57.4799995    
   12.4495916       57.4900017    
   12.4662580       57.5000000    
   12.4829245       57.5099983    
   12.4995909       57.5099983    
   12.5162573       57.5200005    
   12.5329237       57.5200005    
   12.5495901       57.5200005    
   12.5662565       57.5200005    
   12.5829229       57.5200005    
   12.5995893       57.5200005    
   12.6162558       57.5099983    
   12.6329222       57.5099983    
   12.6495886       57.5000000    
   12.6662550       57.4900017    
   12.6829214       57.4900017    
   12.6995878       57.4700012    
   12.7162542       57.4599991    
   12.7329206       57.4500008    
   12.7495871       57.4399986    
   12.7662535       57.4199982    
   12.7829199       57.4000015    
   12.7995863       57.3800011    
   12.8162527       57.3600006    
   12.8329191       57.3400002    
   12.8495855       57.3199997    
   12.8662519       57.2999992    
   12.8829184       57.2700005    
   12.8995848       57.2500000    
   12.9162512       57.2200012    
   12.9329176       57.1899986    
   12.9495840       57.1599998    
   12.9662504       57.1300011    
   12.9829168       57.0999985    
   12.9995832       57.0600014    
   13.0162497       57.0299988    
   13.0329161       56.9900017    
   13.0495825       56.9500008    
   13.0662489       56.9099998    
   13.0829153       56.8699989    
   13.0995817       56.8300018    
   13.1162481       56.7900009    
   13.1329145       56.7400017    
   13.1495810       56.6899986    
   13.1662474       56.6500015    
   13.1829138       56.5999985    
   13.1995802       56.5499992    
   13.2162466       56.5000000    
   13.2329130       56.4500008    
   13.2495794       56.3899994    
   13.2662458       56.3400002    
   13.2829123       56.2799988    
   13.2995787       56.2200012    
   13.3162451       56.1599998    
   13.3329115       56.0999985    
   13.3495779       56.0400009    
   13.3662443       55.9799995    
   13.3829107       55.9099998    
   13.3995771       55.8499985    
   13.4162436       55.7799988    
   13.4329100       55.7099991    
   13.4495764       55.6500015    
   13.4662428       55.5699997    
   13.4829092       55.5000000    
   13.4995756       55.4300003    
   13.5162420       55.3600006    
   13.5329084       55.2799988    
   13.5495749       55.2000008    
   13.5662413       55.1300011    
   13.5829077       55.0499992    
   13.5995741       54.9700012    
   13.6162405       54.8800011    
   13.6329069       54.7999992    
   13.6495733       54.7200012    
   13.6662397       54.6300011    
   13.6829062       54.5400009    
   13.6995726       54.4599991    
   13.7162390       54.3699989    
   13.7329054       54.2799988    
   13.7495718       54.1800003    
   13.7662382       54.0900002    
   13.7829046       54.0000000    
   13.7995710       53.9000015    
   13.8162374       53.7999992    
   13.8329039       53.7099991    
   13.8495703       53.6100006    
   13.8662367       53.5099983    
   13.8829031       53.4099998    
   13.8995695       53.2999992    
   13.9162359       53.2000008    
   13.9329023       53.0900002    
   13.9495687       52.9900017    
   13.9662352       52.8800011    
   13.9829016       52.7700005    
   13.9995680       52.6599998    
   14.0162344       52.5499992    
   14.0329008       52.4399986    
   14.0495672       52.3300018    
   14.0662336       52.2099991    
   14.0829000       52.0900002    
   14.0995665       51.9799995    
   14.1162329       51.8600006    
   14.1328993       51.7400017    
   14.1495657       51.6199989    
   14.1662321       51.5000000    
   14.1828985       51.3800011    
   14.1995649       51.2500000    
   14.2162313       51.1300011    
   14.2328978       51.0000000    
   14.2495642       50.8800011    
   14.2662306       50.7500000    
   14.2828970       50.6199989    
   14.2995634       50.4900017    
   14.3162298       50.3600006    
   14.3328962       50.2200012    
   14.3495626       50.0900002    
   14.3662291       49.9500008    
   14.3828955       49.8199997    
   14.3995619       49.6800003    
   14.4162283       49.5400009    
   14.4328947       49.4000015    
   14.4495611       49.2599983    
   14.4662275       49.1199989    
   14.4828939       48.9799995    
   14.4995604       48.8400002    
   14.5162268       48.6899986    
   14.5328932       48.5499992    
   14.5495596       48.4000015    
   14.5662260       48.2500000    
   14.5828924       48.0999985    
   14.5995588       47.9500008    
   14.6162252       47.7999992    
   14.6328917       47.6500015    
   14.6495581       47.5000000    
   14.6662245       47.3400002    
   14.6828909       47.1899986    
   14.6995573       47.0299988    
   14.7162237       46.8800011    
   14.7328901       46.7200012    
   14.7495565       46.5600014    
   14.7662230       46.4000015    
   14.7828894       46.2400017    
   14.7995558       46.0800018    
   14.8162222       45.9199982    
   14.8328886       45.7500000    
   14.8495550       45.5900002    
   14.8662214       45.4199982    
   14.8828878       45.2599983    
   14.8995543       45.0900002    
   14.9162207       44.9199982    
   14.9328871       44.7500000    
   14.9495535       44.5800018    
   14.9662199       44.4099998    
   14.9828863       44.2400017    
   14.9995527       44.0699997    
   15.0162191       43.8899994    
   15.0328856       43.7200012    
   15.0495520       43.5400009    
   15.0662184       43.3699989    
   15.0828848       43.1899986    
   15.0995512       43.0099983    
   15.1162176       42.8300018    
   15.1328840       42.6500015    
   15.1495504       42.4700012    
   15.1662169       42.2900009    
   15.1828833       42.1100006    
   15.1995497       41.9199982    
   15.2162161       41.7400017    
   15.2328825       41.5600014    
   15.2495489       41.3699989    
   15.2662153       41.1899986    
   15.2828817       41.0000000    
   15.2995481       40.8100014    
   15.3162146       40.6199989    
   15.3328810       40.4300003    
   15.3495474       40.2400017    
   15.3662138       40.0499992    
   15.3828802       39.8600006    
   15.3995466       39.6699982    
   15.4162130       39.4799995    
   15.4328794       39.2799988    
   15.4495459       39.0900002    
   15.4662123       38.8899994    
   15.4828787       38.7000008    
   15.4995451       38.5000000    
   15.5162115       38.2999992    
   15.5328779       38.1100006    
   15.5495443       37.9099998    
   15.5662107       37.7099991    
   15.5828772       37.5099983    
   15.5995436       37.3100014    
   15.6162100       37.1100006    
   15.6328764       36.9099998    
   15.6495428       36.7000008    
   15.6662092       36.5000000    
   15.6828756       36.2999992    
   15.6995420       36.0900002    
   15.7162085       35.8899994    
   15.7328749       35.6800003    
   15.7495413       35.4799995    
   15.7662077       35.2700005    
   15.7828741       35.0699997    
   15.7995405       34.8600006    
   15.8162069       34.6500015    
   15.8328733       34.4399986    
   15.8495398       34.2299995    
   15.8662062       34.0299988    
   15.8828726       33.8199997    
   15.8995390       33.6100006    
   15.9162054       33.4000015    
   15.9328718       33.1800003    
   15.9495382       32.9700012    
   15.9662046       32.7599983    
   15.9828711       32.5499992    
   15.9995375       32.3400002    
   16.0162029       32.1199989    
   16.0328693       31.9099998    
   16.0495358       31.7000008    
   16.0662022       31.4799995    
   16.0828686       31.2700005    
   16.0995350       31.0499992    
   16.1162014       30.8400002    
   16.1328678       30.6200008    
   16.1495342       30.4099998    
   16.1662006       30.1900005    
   16.1828671       29.9699993    
   16.1995335       29.7600002    
   16.2161999       29.5400009    
   16.2328663       29.3199997    
   16.2495327       29.1000004    
   16.2661991       28.8899994    
   16.2828655       28.6700001    
   16.2995319       28.4500008    
   16.3161983       28.2299995    
   16.3328648       28.0100002    
   16.3495312       27.7900009    
   16.3661976       27.5799999    
   16.3828640       27.3600006    
   16.3995304       27.1399994    
   16.4161968       26.9200001    
   16.4328632       26.7000008    
   16.4495296       26.4799995    
   16.4661961       26.2600002    
   16.4828625       26.0400009    
   16.4995289       25.8199997    
   16.5161953       25.6000004    
   16.5328617       25.3799992    
   16.5495281       25.1599998    
   16.5661945       24.9400005    
   16.5828609       24.7199993    
   16.5995274       24.5000000    
   16.6161938       24.2800007    
   16.6328602       24.0599995    
   16.6495266       23.8400002    
   16.6661930       23.6200008    
   16.6828594       23.3999996    
   16.6995258       23.1800003    
   16.7161922       22.9599991    
   16.7328587       22.7399998    
   16.7495251       22.5200005    
   16.7661915       22.3099995    
   16.7828579       22.0900002    
   16.7995243       21.8700008    
   16.8161907       21.6499996    
   16.8328571       21.4300003    
   16.8495235       21.2099991    
   16.8661900       21.0000000    
   16.8828564       20.7800007    
   16.8995228       20.5599995    
   16.9161892       20.3400002    
   16.9328556       20.1299992    
   16.9495220       19.9099998    
   16.9661884       19.7000008    
   16.9828548       19.4799995    
   16.9995213       19.2600002    
   17.0161877       19.0499992    
   17.0328541       18.8400002    
   17.0495205       18.6200008    
   17.0661869       18.4099998    
   17.0828533       18.1900005    
   17.0995197       17.9799995    
   17.1161861       17.7700005    
   17.1328526       17.5599995    
   17.1495190       17.3500004    
   17.1661854       17.1399994    
   17.1828518       16.9300003    
   17.1995182       16.7199993    
   17.2161846       16.5100002    
   17.2328510       16.2999992    
   17.2495174       16.0900002    
   17.2661839       15.8900003    
   17.2828503       15.6800003    
   17.2995167       15.4700003    
   17.3161831       15.2700005    
   17.3328495       15.0600004    
   17.3495159       14.8599997    
   17.3661823       14.6599998    
   17.3828487       14.4600000    
   17.3995152       14.2500000    
   17.4161816       14.0500002    
   17.4328480       13.8500004    
   17.4495144       13.6599998    
   17.4661808       13.4600000    
   17.4828472       13.2600002    
   17.4995136       13.0600004    
   17.5161800       12.8699999    
   17.5328465       12.6800003    
   17.5495129       12.4799995    
   17.5661793       12.2900000    
   17.5828457       12.1000004    
   17.5995121       11.9099998    
   17.6161785       11.7200003    
   17.6328449       11.5299997    
   17.6495113       11.3400002    
   17.6661777       11.1599998    
   17.6828442       10.9700003    
   17.6995106       10.7900000    
   17.7161770       10.6099997    
   17.7328434       10.4200001    
   17.7495098       10.2399998    
   17.7661762       10.0600004    
   17.7828426       9.88599968    
   17.7995090       9.70899963    
   17.8161755       9.53400040    
   17.8328419       9.35900021    
   17.8495083       9.18599987    
   17.8661747       9.01500034    
   17.8828411       8.84399986    
   17.8995075       8.67500019    
   17.9161739       8.50800037    
   17.9328403       8.34099960    
   17.9495068       8.17599964    
   17.9661732       8.01299953    
   17.9828396       7.85099983    
   17.9995060       7.69000006    
   18.0161724       7.53100014    
   18.0328388       7.37300014    
   18.0495052       7.21700001    
   18.0661716       7.06199980    
   18.0828381       6.90799999    
   18.0995045       6.75600004    
   18.1161709       6.60599995    
   18.1328373       6.45699978    
   18.1495037       6.30999994    
   18.1661701       6.16400003    
   18.1828365       6.01900005    
   18.1995029       5.87599993    
   18.2161694       5.73500013    
   18.2328358       5.59499979    
   18.2495022       5.45699978    
   18.2661686       5.32100010    
   18.2828350       5.18599987    
   18.2995014       5.05200005    
   18.3161678       4.92100000    
   18.3328342       4.78999996    
   18.3495007       4.66200018    
   18.3661671       4.53399992    
   18.3828335       4.40899992    
   18.3994999       4.28499985    
   18.4161663       4.16200018    
   18.4328327       4.04099989    
   18.4494991       3.92199993    
   18.4661655       3.80399990    
   18.4828320       3.68799996    
   18.4994984       3.57299995    
   18.5161648       3.46000004    
   18.5328312       3.34800005    
   18.5494976       3.23799992    
   18.5661640       3.12899995    
   18.5828304       3.02200007    
   18.5994968       2.91599989    
   18.6161633       2.81200004    
   18.6328297       2.70900011    
   18.6494961       2.60800004    
   18.6661625       2.50799990    
   18.6828289       2.41000009    
   18.6994953       2.31299996    
   18.7161617       2.21700001    
   18.7328281       2.12299991    
   18.7494946       2.03099990    
   18.7661610       1.94000006    
   18.7828274       1.85099995    
   18.7994938       1.76300001    
   18.8161602       1.67700005    
   18.8328266       1.59200001    
   18.8494930       1.50899994    
   18.8661594       1.42700005    
   18.8828259       1.34800005    
   18.8994923       1.26999998    
   18.9161587       1.19299996    
   18.9328251       1.11899996    
   18.9494915       1.04700005    
   18.9661579      0.976199985    
   18.9828243      0.907800019    
   18.9994907      0.841600001    
   19.0161572      0.777599990    
   19.0328236      0.715900004    
   19.0494900      0.656700015    
   19.0661564      0.600099981    
   19.0828228      0.546599984    
   19.0994892      0.496300012    
   19.1161556      0.441799998    
   19.1328220      0.388099998    
   19.1494884      0.343699992    
   19.1661549      0.307000011    
   19.1828213      0.276400000    
   19.1994877      0.234099999    
   19.2161541      0.208499998    
   19.2328205      0.175300002    
   19.2494869      0.148200005    
   19.2661533      0.125200003    
   19.2828197      0.104999997    
   19.2994862       8.70499983E-02
   19.3161526       7.15200007E-02
   19.3328190       5.85800000E-02
   19.3494854       4.79900017E-02
   19.3661518       3.82799990E-02
   19.3828182       3.08100004E-02
   19.3994846       2.43699998E-02
   19.4161510       1.95700005E-02
   19.4328175       1.52599998E-02
   19.4494839       1.18899997E-02
   19.4661503       9.23699979E-03
   19.4828167       7.13100005E-03
   19.4994831       5.47000021E-03
   19.5161495       4.16699983E-03
   19.5328159       3.09300004E-03
   19.5494823       2.27200007E-03
   19.5661488       1.66600000E-03
   19.5828152       1.16400002E-03
   19.5994816       8.02800001E-04
   19.6161480       5.49499993E-04
   19.6328144       3.53699987E-04
   19.6494808       2.13899999E-04
   19.6661472       1.14299997E-04
   19.6828136       4.75000015E-05
   19.6994801       1.23899999E-05
   19.7161465       9.58800001E-07
   19.7328129       1.54199995E-08
   19.7494793       1.58900004E-10
   19.7661457       4.55300023E-13
   19.7828121       2.56199991E-16
   19.7994785       1.71199998E-23
   19.8161449       0.00000000    
   19.8328114       0.00000000    
   19.8494778       0.00000000    
   19.8661442       0.00000000    
   19.8828106       0.00000000    
   19.8994770       0.00000000    
   19.9161434       0.00000000    
   19.9328098       0.00000000    
   19.9494762       0.00000000    
   19.9661427       0.00000000    
   19.9828091       0.00000000    
   19.9994755       0.00000000    
   20.0161419       0.00000000    
   20.0328083       0.00000000    
   20.0494747       0.00000000    
   20.0661411       0.00000000    
   20.0828075       0.00000000    
   20.0994740       0.00000000    
   20.1161404       0.00000000    
   20.1328068       0.00000000    
   20.1494732       0.00000000    
   20.1661396       0.00000000    
   20.1828060       0.00000000    
   20.1994724       0.00000000    
   20.2161388       0.00000000    
   20.2328053       0.00000000    
   20.2494717       0.00000000    
   20.2661381       0.00000000    
   20.2828045       0.00000000    
   20.2994709       0.00000000    
   20.3161373       0.00000000    
   20.3328037       0.00000000    
   20.3494701       0.00000000    
   20.3661366       0.00000000    
   20.3828030       0.00000000    
   20.3994694       0.00000000    
   20.4161358       0.00000000    
   20.4328022       0.00000000    
   20.4494686       0.00000000    
   20.4661350       0.00000000    
   20.4828014       0.00000000    
   20.4994678       0.00000000    
   20.5161343       0.00000000    
   20.5328007       0.00000000    
   20.5494671       0.00000000    
   20.5661335       0.00000000    
   20.5827999       0.00000000    
   20.5994663       0.00000000    
   20.6161327       0.00000000    
   20.6327991       0.00000000    
   20.6494656       0.00000000    
   20.6661320       0.00000000    
   20.6827984       0.00000000    
   20.6994648       0.00000000    
   20.7161312       0.00000000    
   20.7327976       0.00000000    
   20.7494640       0.00000000    
   20.7661304       0.00000000    
   20.7827969       0.00000000    
   20.7994633       0.00000000    
   20.8161297       0.00000000    
   20.8327961       0.00000000    
   20.8494625       0.00000000    
   20.8661289       0.00000000    
   20.8827953       0.00000000    
   20.8994617       0.00000000    
   20.9161282       0.00000000    
   20.9327946       0.00000000    
   20.9494610       0.00000000    
   20.9661274       0.00000000    
   20.9827938       0.00000000    
   20.9994602       0.00000000    
   21.0161266       0.00000000    
   21.0327930       0.00000000    
   21.0494595       0.00000000    
   21.0661259       0.00000000    
   21.0827923       0.00000000    
   21.0994587       0.00000000    
   21.1161251       0.00000000    
   21.1327915       0.00000000    
   21.1494579       0.00000000    
   21.1661243       0.00000000    
   21.1827908       0.00000000    
   21.1994572       0.00000000    
   21.2161236       0.00000000    
   21.2327900       0.00000000    
   21.2494564       0.00000000    
   21.2661228       0.00000000    
   21.2827892       0.00000000    
   21.2994556       0.00000000    
   21.3161221       0.00000000    
   21.3327885       0.00000000    
   21.3494549       0.00000000    
   21.3661213       0.00000000    
   21.3827877       0.00000000    
   21.3994541       0.00000000    
   21.4161205       0.00000000    
   21.4327869       0.00000000    
   21.4494534       0.00000000    
   21.4661198       0.00000000    
   21.4827862       0.00000000    
   21.4994526       0.00000000    
   21.5161190       0.00000000    
   21.5327854       0.00000000    
   21.5494518       0.00000000    
   21.5661182       0.00000000    
   21.5827847       0.00000000    
   21.5994511       0.00000000    
   21.6161175       0.00000000    
   21.6327839       0.00000000    
   21.6494503       0.00000000    
   21.6661167       0.00000000    
   21.6827831       0.00000000    
   21.6994495       0.00000000    
   21.7161160       0.00000000    
   21.7327824       0.00000000    
   21.7494488       0.00000000    
   21.7661152       0.00000000    
   21.7827816       0.00000000    
   21.7994480       0.00000000    
   21.8161144       0.00000000    
   21.8327808       0.00000000    
   21.8494473       0.00000000    
   21.8661137       0.00000000    
   21.8827801       0.00000000    
   21.8994465       0.00000000    
   21.9161129       0.00000000    
   21.9327793       0.00000000    
   21.9494457       0.00000000    
   21.9661121       0.00000000    
   21.9827785       0.00000000    
   21.9994450       0.00000000    
   22.0161114       0.00000000    
   22.0327778       0.00000000    
   22.0494442       0.00000000    
   22.0661106       0.00000000    
   22.0827770       0.00000000    
   22.0994434       0.00000000    
   22.1161098       0.00000000    
   22.1327763       0.00000000    
   22.1494427       0.00000000    
   22.1661091       0.00000000    
   22.1827755       0.00000000    
   22.1994419       0.00000000    
   22.2161083       0.00000000    
   22.2327747       0.00000000    
   22.2494411       0.00000000    
   22.2661076       0.00000000    
   22.2827740       0.00000000    
   22.2994404       0.00000000    
   22.3161068       0.00000000    
   22.3327732       0.00000000    
   22.3494396       0.00000000    
   22.3661060       0.00000000    
   22.3827724       0.00000000    
   22.3994389       0.00000000    
   22.4161053       0.00000000    
   22.4327717       0.00000000    
   22.4494381       0.00000000    
   22.4661045       0.00000000    
   22.4827709       0.00000000    
   22.4994373       0.00000000    
   22.5161037       0.00000000    
   22.5327702       0.00000000    
   22.5494366       0.00000000    
   22.5661030       0.00000000    
   22.5827694       0.00000000    
   22.5994358       0.00000000    
   22.6161022       0.00000000    
   22.6327686       0.00000000    
   22.6494350       0.00000000    
   22.6661015       0.00000000    
   22.6827679       0.00000000    
   22.6994343       0.00000000    
   22.7161007       0.00000000    
   22.7327671       0.00000000    
   22.7494335       0.00000000    
   22.7660999       0.00000000    
   22.7827663       0.00000000    
   22.7994328       0.00000000    
   22.8160992       0.00000000    
   22.8327656       0.00000000    
   22.8494320       0.00000000    
   22.8660984       0.00000000    
   22.8827648       0.00000000    
   22.8994312       0.00000000    
   22.9160976       0.00000000    
   22.9327641       0.00000000    
   22.9494305       0.00000000    
   22.9660969       0.00000000    
   22.9827633       0.00000000    
   22.9994297       0.00000000    
   23.0160961       0.00000000    
   23.0327625       0.00000000    
   23.0494289       0.00000000    
   23.0660954       0.00000000    
   23.0827618       0.00000000    
   23.0994282       0.00000000    
   23.1160946       0.00000000    
   23.1327610       0.00000000    
   23.1494274       0.00000000    
   23.1660938       0.00000000    
   23.1827602       0.00000000    
   23.1994267       0.00000000    
   23.2160931       0.00000000    
   23.2327595       0.00000000    
   23.2494259       0.00000000    
   23.2660923       0.00000000    
   23.2827587       0.00000000    
   23.2994251       0.00000000    
   23.3160915       0.00000000    
   23.3327579       0.00000000    
   23.3494244       0.00000000    
   23.3660908       0.00000000    
   23.3827572       0.00000000    
   23.3994236       0.00000000    
   23.4160900       0.00000000    
   23.4327564       0.00000000    
   23.4494228       0.00000000    
   23.4660892       0.00000000    
   23.4827557       0.00000000    
   23.4994221       0.00000000    
   23.5160885       0.00000000    
   23.5327549       0.00000000    
   23.5494213       0.00000000    
   23.5660877       0.00000000    
   23.5827541       0.00000000    
   23.5994205       0.00000000    
   23.6160870       0.00000000    
   23.6327534       0.00000000    
   23.6494198       0.00000000    
   23.6660862       0.00000000    
   23.6827526       0.00000000    
   23.6994190       0.00000000    
   23.7160854       0.00000000    
   23.7327518       0.00000000    
   23.7494183       0.00000000    
   23.7660847       0.00000000    
   23.7827511       0.00000000    
   23.7994175       0.00000000    
   23.8160839       0.00000000    
   23.8327503       0.00000000    
   23.8494167       0.00000000    
   23.8660831       0.00000000    
   23.8827496       0.00000000    
   23.8994160       0.00000000    
   23.9160824       0.00000000    
   23.9327488       0.00000000    
   23.9494152       0.00000000    
   23.9660816       0.00000000    
   23.9827480       0.00000000    
