   0.00000000       0.00000000    
   1.66660007E-02   0.00000000    
   3.33320014E-02   0.00000000    
   4.99980003E-02   0.00000000    
   6.66640028E-02   0.00000000    
   8.33300054E-02   0.00000000    
   9.99960080E-02   0.00000000    
  0.116662011       0.00000000    
  0.133328006       0.00000000    
  0.149994001       0.00000000    
  0.166659996       0.00000000    
  0.183325991       0.00000000    
  0.199991986       0.00000000    
  0.216657981       0.00000000    
  0.233323976       0.00000000    
  0.249989972       0.00000000    
  0.266655982       0.00000000    
  0.283321977       0.00000000    
  0.299987972       0.00000000    
  0.316653967       0.00000000    
  0.333319962       0.00000000    
  0.349985957       0.00000000    
  0.366651952       0.00000000    
  0.383317947       0.00000000    
  0.399983943       0.00000000    
  0.416649938       0.00000000    
  0.433315933       0.00000000    
  0.449981928       0.00000000    
  0.466647923       0.00000000    
  0.483313918       0.00000000    
  0.499979913       0.00000000    
  0.516645908       0.00000000    
  0.533311903       0.00000000    
  0.549977899       0.00000000    
  0.566643894       0.00000000    
  0.583309889       0.00000000    
  0.599975884       0.00000000    
  0.616641879       0.00000000    
  0.633307874       0.00000000    
  0.649973869       0.00000000    
  0.666639864       0.00000000    
  0.683305860       0.00000000    
  0.699971855       0.00000000    
  0.716637850       0.00000000    
  0.733303845       0.00000000    
  0.749969840       0.00000000    
  0.766635835       0.00000000    
  0.783301830       0.00000000    
  0.799967825       0.00000000    
  0.816633821       0.00000000    
  0.833299816       0.00000000    
  0.849965811       0.00000000    
  0.866631806       0.00000000    
  0.883297801       0.00000000    
  0.899963796       0.00000000    
  0.916629791       0.00000000    
  0.933295786       0.00000000    
  0.949961782       0.00000000    
  0.966627777       0.00000000    
  0.983293772       0.00000000    
  0.999959767       0.00000000    
   1.01662576       0.00000000    
   1.03329182       0.00000000    
   1.04995787       0.00000000    
   1.06662393       0.00000000    
   1.08328998       0.00000000    
   1.09995604       0.00000000    
   1.11662209       0.00000000    
   1.13328815       0.00000000    
   1.14995420       0.00000000    
   1.16662025       0.00000000    
   1.18328631       0.00000000    
   1.19995236       0.00000000    
   1.21661842       0.00000000    
   1.23328447       0.00000000    
   1.24995053       0.00000000    
   1.26661658       0.00000000    
   1.28328264       0.00000000    
   1.29994869       0.00000000    
   1.31661475       0.00000000    
   1.33328080       0.00000000    
   1.34994686       0.00000000    
   1.36661291       0.00000000    
   1.38327897       0.00000000    
   1.39994502       0.00000000    
   1.41661108       0.00000000    
   1.43327713       0.00000000    
   1.44994318       0.00000000    
   1.46660924       0.00000000    
   1.48327529       0.00000000    
   1.49994135       0.00000000    
   1.51660740       0.00000000    
   1.53327346       0.00000000    
   1.54993951       0.00000000    
   1.56660557       0.00000000    
   1.58327162       0.00000000    
   1.59993768       0.00000000    
   1.61660373       0.00000000    
   1.63326979       0.00000000    
   1.64993584       0.00000000    
   1.66660190       0.00000000    
   1.68326795       0.00000000    
   1.69993401       0.00000000    
   1.71660006       0.00000000    
   1.73326612       0.00000000    
   1.74993217       0.00000000    
   1.76659822       0.00000000    
   1.78326428       0.00000000    
   1.79993033       0.00000000    
   1.81659639       0.00000000    
   1.83326244       0.00000000    
   1.84992850       0.00000000    
   1.86659455       0.00000000    
   1.88326061       0.00000000    
   1.89992666       0.00000000    
   1.91659272       0.00000000    
   1.93325877       0.00000000    
   1.94992483       0.00000000    
   1.96659088       0.00000000    
   1.98325694       0.00000000    
   1.99992299       0.00000000    
   2.01658893       0.00000000    
   2.03325486       0.00000000    
   2.04992080       0.00000000    
   2.06658673       0.00000000    
   2.08325267       0.00000000    
   2.09991860       0.00000000    
   2.11658454       0.00000000    
   2.13325047       0.00000000    
   2.14991641       0.00000000    
   2.16658235       0.00000000    
   2.18324828       0.00000000    
   2.19991422       0.00000000    
   2.21658015       0.00000000    
   2.23324609       0.00000000    
   2.24991202       0.00000000    
   2.26657796       0.00000000    
   2.28324389       0.00000000    
   2.29990983       0.00000000    
   2.31657577       0.00000000    
   2.33324170       0.00000000    
   2.34990764       0.00000000    
   2.36657357       0.00000000    
   2.38323951       0.00000000    
   2.39990544       0.00000000    
   2.41657138       0.00000000    
   2.43323731       0.00000000    
   2.44990325       0.00000000    
   2.46656919       0.00000000    
   2.48323512       0.00000000    
   2.49990106       0.00000000    
   2.51656699       0.00000000    
   2.53323293       0.00000000    
   2.54989886       0.00000000    
   2.56656480       0.00000000    
   2.58323073       0.00000000    
   2.59989667       0.00000000    
   2.61656260       0.00000000    
   2.63322854       0.00000000    
   2.64989448       0.00000000    
   2.66656041       0.00000000    
   2.68322635       0.00000000    
   2.69989228       0.00000000    
   2.71655822       0.00000000    
   2.73322415       0.00000000    
   2.74989009       0.00000000    
   2.76655602       0.00000000    
   2.78322196       0.00000000    
   2.79988790       0.00000000    
   2.81655383       0.00000000    
   2.83321977       0.00000000    
   2.84988570       0.00000000    
   2.86655164       0.00000000    
   2.88321757       0.00000000    
   2.89988351       0.00000000    
   2.91654944       0.00000000    
   2.93321538       0.00000000    
   2.94988132       0.00000000    
   2.96654725       0.00000000    
   2.98321319       0.00000000    
   2.99987912       0.00000000    
   3.01654506       0.00000000    
   3.03321099       0.00000000    
   3.04987693       0.00000000    
   3.06654286       0.00000000    
   3.08320880       0.00000000    
   3.09987473       0.00000000    
   3.11654067       0.00000000    
   3.13320661       0.00000000    
   3.14987254       0.00000000    
   3.16653848       0.00000000    
   3.18320441       0.00000000    
   3.19987035       0.00000000    
   3.21653628       0.00000000    
   3.23320222       0.00000000    
   3.24986815       0.00000000    
   3.26653409       0.00000000    
   3.28320003       0.00000000    
   3.29986596       0.00000000    
   3.31653190       0.00000000    
   3.33319783       0.00000000    
   3.34986377       0.00000000    
   3.36652970       0.00000000    
   3.38319564       0.00000000    
   3.39986157       0.00000000    
   3.41652751       0.00000000    
   3.43319345       0.00000000    
   3.44985938       0.00000000    
   3.46652532       0.00000000    
   3.48319125       0.00000000    
   3.49985719       0.00000000    
   3.51652312       0.00000000    
   3.53318906       0.00000000    
   3.54985499       0.00000000    
   3.56652093       0.00000000    
   3.58318686       0.00000000    
   3.59985280       0.00000000    
   3.61651874       0.00000000    
   3.63318467       0.00000000    
   3.64985061       0.00000000    
   3.66651654       0.00000000    
   3.68318248       0.00000000    
   3.69984841       0.00000000    
   3.71651435       0.00000000    
   3.73318028       0.00000000    
   3.74984622       0.00000000    
   3.76651216       0.00000000    
   3.78317809       0.00000000    
   3.79984403       0.00000000    
   3.81650996       0.00000000    
   3.83317590       0.00000000    
   3.84984183       0.00000000    
   3.86650777       0.00000000    
   3.88317370       0.00000000    
   3.89983964       0.00000000    
   3.91650558       0.00000000    
   3.93317151       0.00000000    
   3.94983745       0.00000000    
   3.96650338       0.00000000    
   3.98316932       0.00000000    
   3.99983525       0.00000000    
   4.01650143       0.00000000    
   4.03316736       0.00000000    
   4.04983330       0.00000000    
   4.06649923       0.00000000    
   4.08316517       0.00000000    
   4.09983110       0.00000000    
   4.11649704       0.00000000    
   4.13316298       0.00000000    
   4.14982891       0.00000000    
   4.16649485       0.00000000    
   4.18316078       0.00000000    
   4.19982672       0.00000000    
   4.21649265       0.00000000    
   4.23315859       0.00000000    
   4.24982452       0.00000000    
   4.26649046       0.00000000    
   4.28315639       0.00000000    
   4.29982233       0.00000000    
   4.31648827       0.00000000    
   4.33315420       0.00000000    
   4.34982014       0.00000000    
   4.36648607       0.00000000    
   4.38315201       0.00000000    
   4.39981794       0.00000000    
   4.41648388       0.00000000    
   4.43314981       0.00000000    
   4.44981575       0.00000000    
   4.46648169       0.00000000    
   4.48314762       0.00000000    
   4.49981356       0.00000000    
   4.51647949       0.00000000    
   4.53314543       0.00000000    
   4.54981136       0.00000000    
   4.56647730       0.00000000    
   4.58314323       0.00000000    
   4.59980917       0.00000000    
   4.61647511       0.00000000    
   4.63314104       0.00000000    
   4.64980698       0.00000000    
   4.66647291       0.00000000    
   4.68313885       0.00000000    
   4.69980478       0.00000000    
   4.71647072       0.00000000    
   4.73313665       0.00000000    
   4.74980259       0.00000000    
   4.76646852       0.00000000    
   4.78313446       0.00000000    
   4.79980040       0.00000000    
   4.81646633       0.00000000    
   4.83313227       0.00000000    
   4.84979820       0.00000000    
   4.86646414       0.00000000    
   4.88313007       0.00000000    
   4.89979601       0.00000000    
   4.91646194       0.00000000    
   4.93312788       0.00000000    
   4.94979382       0.00000000    
   4.96645975       0.00000000    
   4.98312569       0.00000000    
   4.99979162       0.00000000    
   5.01645756       0.00000000    
   5.03312349       0.00000000    
   5.04978943       0.00000000    
   5.06645536       0.00000000    
   5.08312130       0.00000000    
   5.09978724       0.00000000    
   5.11645317       0.00000000    
   5.13311911       0.00000000    
   5.14978504       0.00000000    
   5.16645098       0.00000000    
   5.18311691       0.00000000    
   5.19978285       0.00000000    
   5.21644878       0.00000000    
   5.23311472       0.00000000    
   5.24978065       0.00000000    
   5.26644659       0.00000000    
   5.28311253       0.00000000    
   5.29977846       0.00000000    
   5.31644440       0.00000000    
   5.33311033       0.00000000    
   5.34977627       1.08700001E-18
   5.36644220       3.71399993E-14
   5.38310814       2.08800009E-11
   5.39977407       3.49099993E-09
   5.41644001       1.78700006E-07
   5.43310595       5.59000000E-06
   5.44977188       2.93699995E-05
   5.46643782       8.27900003E-05
   5.48310375       1.71199994E-04
   5.49976969       2.97499995E-04
   5.51643562       4.74100001E-04
   5.53310156       7.21700024E-04
   5.54976749       1.06899999E-03
   5.56643343       1.50599994E-03
   5.58309937       2.12500012E-03
   5.59976530       2.89799995E-03
   5.61643124       3.96300014E-03
   5.63309717       5.22999978E-03
   5.64976311       6.85499981E-03
   5.66642904       8.92399997E-03
   5.68309498       1.15400003E-02
   5.69976091       1.48200002E-02
   5.71642685       1.89800002E-02
   5.73309278       2.43200008E-02
   5.74975872       3.01699992E-02
   5.76642466       3.81899998E-02
   5.78309059       4.70499992E-02
   5.79975653       5.94200008E-02
   5.81642246       7.21300021E-02
   5.83308840       8.73899981E-02
   5.84975433      0.105400003    
   5.86642027      0.126399994    
   5.88308620      0.150900006    
   5.89975214      0.179800004    
   5.91641808      0.206000000    
   5.93308401      0.239800006    
   5.94974995      0.275900006    
   5.96641588      0.316000015    
   5.98308182      0.353199989    
   5.99974775      0.398000002    
   6.01641369      0.452100009    
   6.03307962      0.512700021    
   6.04974556      0.565400004    
   6.06641150      0.621699989    
   6.08307743      0.681200027    
   6.09974337      0.743600011    
   6.11640930      0.808799982    
   6.13307524      0.876399994    
   6.14974117      0.945999980    
   6.16640711       1.01900005    
   6.18307304       1.09399998    
   6.19973898       1.16999996    
   6.21640491       1.24899995    
   6.23307085       1.33000004    
   6.24973679       1.41299999    
   6.26640272       1.49699998    
   6.28306866       1.58299994    
   6.29973459       1.67200005    
   6.31640053       1.76100004    
   6.33306646       1.85300004    
   6.34973240       1.94599998    
   6.36639833       2.04099989    
   6.38306427       2.13800001    
   6.39973021       2.23600006    
   6.41639614       2.33599997    
   6.43306208       2.43700004    
   6.44972801       2.53999996    
   6.46639395       2.64499998    
   6.48305988       2.75099993    
   6.49972582       2.85899997    
   6.51639175       2.96900010    
   6.53305769       3.07999992    
   6.54972363       3.19199991    
   6.56638956       3.30699992    
   6.58305550       3.42300010    
   6.59972143       3.53999996    
   6.61638737       3.65899992    
   6.63305330       3.77999997    
   6.64971924       3.90300012    
   6.66638517       4.02699995    
   6.68305111       4.15299988    
   6.69971704       4.28000021    
   6.71638298       4.40999985    
   6.73304892       4.54099989    
   6.74971485       4.67299986    
   6.76638079       4.80700016    
   6.78304672       4.94299984    
   6.79971266       5.08099985    
   6.81637859       5.21999979    
   6.83304453       5.36100006    
   6.84971046       5.50400019    
   6.86637640       5.64799976    
   6.88304234       5.79400015    
   6.89970827       5.94199991    
   6.91637421       6.09100008    
   6.93304014       6.24200010    
   6.94970608       6.39499998    
   6.96637201       6.54899979    
   6.98303795       6.70499992    
   6.99970388       6.86199999    
   7.01636982       7.02099991    
   7.03303576       7.18200016    
   7.04970169       7.34399986    
   7.06636763       7.50799990    
   7.08303356       7.67299986    
   7.09969950       7.84000015    
   7.11636543       8.00800037    
   7.13303137       8.17800045    
   7.14969730       8.34899998    
   7.16636324       8.52200031    
   7.18302917       8.69600010    
   7.19969511       8.87100029    
   7.21636105       9.04800034    
   7.23302698       9.22599983    
   7.24969292       9.40600014    
   7.26635885       9.58699989    
   7.28302479       9.77000046    
   7.29969072       9.95300007    
   7.31635666       10.1400003    
   7.33302259       10.3199997    
   7.34968853       10.5100002    
   7.36635447       10.6999998    
   7.38302040       10.8900003    
   7.39968634       11.0799999    
   7.41635227       11.2700005    
   7.43301821       11.4700003    
   7.44968414       11.6599998    
   7.46635008       11.8599997    
   7.48301601       12.0500002    
   7.49968195       12.2500000    
   7.51634789       12.4499998    
   7.53301382       12.6499996    
   7.54967976       12.8500004    
   7.56634569       13.0500002    
   7.58301163       13.2600002    
   7.59967756       13.4600000    
   7.61634350       13.6599998    
   7.63300943       13.8699999    
   7.64967537       14.0799999    
   7.66634130       14.2799997    
   7.68300724       14.4899998    
   7.69967318       14.6999998    
   7.71633911       14.9099998    
   7.73300505       15.1199999    
   7.74967098       15.3299999    
   7.76633692       15.5400000    
   7.78300285       15.7600002    
   7.79966879       15.9700003    
   7.81633472       16.1800003    
   7.83300066       16.3999996    
   7.84966660       16.6200008    
   7.86633253       16.8299999    
   7.88299847       17.0499992    
   7.89966440       17.2700005    
   7.91633034       17.4799995    
   7.93299627       17.7000008    
   7.94966221       17.9200001    
   7.96632814       18.1399994    
   7.98299408       18.3600006    
   7.99966002       18.5799999    
   8.01632595       18.7999992    
   8.03299236       19.0200005    
   8.04965878       19.2399998    
   8.06632519       19.4699993    
   8.08299160       19.6900005    
   8.09965801       19.9099998    
   8.11632442       20.1399994    
   8.13299084       20.3600006    
   8.14965725       20.5799999    
   8.16632366       20.8099995    
   8.18299007       21.0300007    
   8.19965649       21.2600002    
   8.21632290       21.4799995    
   8.23298931       21.7099991    
   8.24965572       21.9300003    
   8.26632214       22.1599998    
   8.28298855       22.3799992    
   8.29965496       22.6100006    
   8.31632137       22.8400002    
   8.33298779       23.0599995    
   8.34965420       23.2900009    
   8.36632061       23.5200005    
   8.38298702       23.7399998    
   8.39965343       23.9699993    
   8.41631985       24.2000008    
   8.43298626       24.4300003    
   8.44965267       24.6499996    
   8.46631908       24.8799992    
   8.48298550       25.1100006    
   8.49965191       25.3299999    
   8.51631832       25.5599995    
   8.53298473       25.7900009    
   8.54965115       26.0200005    
   8.56631756       26.2399998    
   8.58298397       26.4699993    
   8.59965038       26.7000008    
   8.61631680       26.9200001    
   8.63298321       27.1499996    
   8.64964962       27.3799992    
   8.66631603       27.6000004    
   8.68298244       27.8299999    
   8.69964886       28.0599995    
   8.71631527       28.2800007    
   8.73298168       28.5100002    
   8.74964809       28.7399998    
   8.76631451       28.9599991    
   8.78298092       29.1900005    
   8.79964733       29.4099998    
   8.81631374       29.6399994    
   8.83298016       29.8600006    
   8.84964657       30.0900002    
   8.86631298       30.3099995    
   8.88297939       30.5300007    
   8.89964581       30.7600002    
   8.91631222       30.9799995    
   8.93297863       31.2000008    
   8.94964504       31.4300003    
   8.96631145       31.6499996    
   8.98297787       31.8700008    
   8.99964428       32.0900002    
   9.01631069       32.3100014    
   9.03297710       32.5299988    
   9.04964352       32.7599983    
   9.06630993       32.9799995    
   9.08297634       33.1899986    
   9.09964275       33.4099998    
   9.11630917       33.6300011    
   9.13297558       33.8499985    
   9.14964199       34.0699997    
   9.16630840       34.2900009    
   9.18297482       34.5000000    
   9.19964123       34.7200012    
   9.21630764       34.9399986    
   9.23297405       35.1500015    
   9.24964046       35.3699989    
   9.26630688       35.5800018    
   9.28297329       35.7999992    
   9.29963970       36.0099983    
   9.31630611       36.2200012    
   9.33297253       36.4300003    
   9.34963894       36.6500015    
   9.36630535       36.8600006    
   9.38297176       37.0699997    
   9.39963818       37.2799988    
   9.41630459       37.4900017    
   9.43297100       37.7000008    
   9.44963741       37.9000015    
   9.46630383       38.1100006    
   9.48297024       38.3199997    
   9.49963665       38.5200005    
   9.51630306       38.7299995    
   9.53296947       38.9399986    
   9.54963589       39.1399994    
   9.56630230       39.3400002    
   9.58296871       39.5499992    
   9.59963512       39.7500000    
   9.61630154       39.9500008    
   9.63296795       40.1500015    
   9.64963436       40.3499985    
   9.66630077       40.5499992    
   9.68296719       40.7500000    
   9.69963360       40.9500008    
   9.71630001       41.1399994    
   9.73296642       41.3400002    
   9.74963284       41.5400009    
   9.76629925       41.7299995    
   9.78296566       41.9300003    
   9.79963207       42.1199989    
   9.81629848       42.3100014    
   9.83296490       42.5000000    
   9.84963131       42.6899986    
   9.86629772       42.8800011    
   9.88296413       43.0699997    
   9.89963055       43.2599983    
   9.91629696       43.4500008    
   9.93296337       43.6399994    
   9.94962978       43.8199997    
   9.96629620       44.0099983    
   9.98296261       44.1899986    
   9.99962902       44.3800011    
   10.0162954       44.5600014    
   10.0329618       44.7400017    
   10.0496283       44.9199982    
   10.0662947       45.0999985    
   10.0829611       45.2799988    
   10.0996275       45.4599991    
   10.1162939       45.6300011    
   10.1329603       45.8100014    
   10.1496267       45.9900017    
   10.1662931       46.1599998    
   10.1829596       46.3300018    
   10.1996260       46.5099983    
   10.2162924       46.6800003    
   10.2329588       46.8499985    
   10.2496252       47.0200005    
   10.2662916       47.1899986    
   10.2829580       47.3499985    
   10.2996244       47.5200005    
   10.3162909       47.6899986    
   10.3329573       47.8499985    
   10.3496237       48.0099983    
   10.3662901       48.1800003    
   10.3829565       48.3400002    
   10.3996229       48.5000000    
   10.4162893       48.6599998    
   10.4329557       48.8199997    
   10.4496222       48.9700012    
   10.4662886       49.1300011    
   10.4829550       49.2900009    
   10.4996214       49.4399986    
   10.5162878       49.5999985    
   10.5329542       49.7500000    
   10.5496206       49.9000015    
   10.5662870       50.0499992    
   10.5829535       50.2000008    
   10.5996199       50.3499985    
   10.6162863       50.4900017    
   10.6329527       50.6399994    
   10.6496191       50.7799988    
   10.6662855       50.9300003    
   10.6829519       51.0699997    
   10.6996183       51.2099991    
   10.7162848       51.3499985    
   10.7329512       51.4900017    
   10.7496176       51.6300011    
   10.7662840       51.7700005    
   10.7829504       51.9000015    
   10.7996168       52.0400009    
   10.8162832       52.1699982    
   10.8329496       52.2999992    
   10.8496161       52.4399986    
   10.8662825       52.5699997    
   10.8829489       52.7000008    
   10.8996153       52.8199997    
   10.9162817       52.9500008    
   10.9329481       53.0800018    
   10.9496145       53.2000008    
   10.9662809       53.3199997    
   10.9829473       53.4500008    
   10.9996138       53.5699997    
   11.0162802       53.6899986    
   11.0329466       53.8100014    
   11.0496130       53.9199982    
   11.0662794       54.0400009    
   11.0829458       54.1599998    
   11.0996122       54.2700005    
   11.1162786       54.3800011    
   11.1329451       54.4900017    
   11.1496115       54.5999985    
   11.1662779       54.7099991    
   11.1829443       54.8199997    
   11.1996107       54.9300003    
   11.2162771       55.0299988    
   11.2329435       55.1399994    
   11.2496099       55.2400017    
   11.2662764       55.3400002    
   11.2829428       55.4399986    
   11.2996092       55.5400009    
   11.3162756       55.6399994    
   11.3329420       55.7299995    
   11.3496084       55.8300018    
   11.3662748       55.9300003    
   11.3829412       56.0200005    
   11.3996077       56.1100006    
   11.4162741       56.2000008    
   11.4329405       56.2900009    
   11.4496069       56.3800011    
   11.4662733       56.4599991    
   11.4829397       56.5499992    
   11.4996061       56.6300011    
   11.5162725       56.7200012    
   11.5329390       56.7999992    
   11.5496054       56.8800011    
   11.5662718       56.9599991    
   11.5829382       57.0400009    
   11.5996046       57.1100006    
   11.6162710       57.1899986    
   11.6329374       57.2599983    
   11.6496038       57.3300018    
   11.6662703       57.4099998    
   11.6829367       57.4700012    
   11.6996031       57.5400009    
   11.7162695       57.6100006    
   11.7329359       57.6800003    
   11.7496023       57.7400017    
   11.7662687       57.8100014    
   11.7829351       57.8699989    
   11.7996016       57.9300003    
   11.8162680       57.9900017    
   11.8329344       58.0499992    
   11.8496008       58.0999985    
   11.8662672       58.1599998    
   11.8829336       58.2099991    
   11.8996000       58.2700005    
   11.9162664       58.3199997    
   11.9329329       58.3699989    
   11.9495993       58.4199982    
   11.9662657       58.4700012    
   11.9829321       58.5099983    
   11.9995985       58.5600014    
   12.0162649       58.5999985    
   12.0329313       58.6399994    
   12.0495977       58.6899986    
   12.0662642       58.7200012    
   12.0829306       58.7599983    
   12.0995970       58.7999992    
   12.1162634       58.8400002    
   12.1329298       58.8699989    
   12.1495962       58.9000015    
   12.1662626       58.9300003    
   12.1829290       58.9700012    
   12.1995955       59.0000000    
   12.2162619       59.0200005    
   12.2329283       59.0499992    
   12.2495947       59.0699997    
   12.2662611       59.0999985    
   12.2829275       59.1199989    
   12.2995939       59.1399994    
   12.3162603       59.1599998    
   12.3329268       59.1800003    
   12.3495932       59.2000008    
   12.3662596       59.2099991    
   12.3829260       59.2299995    
   12.3995924       59.2400017    
   12.4162588       59.2500000    
   12.4329252       59.2599983    
   12.4495916       59.2700005    
   12.4662580       59.2799988    
   12.4829245       59.2799988    
   12.4995909       59.2900009    
   12.5162573       59.2900009    
   12.5329237       59.2900009    
   12.5495901       59.2900009    
   12.5662565       59.2900009    
   12.5829229       59.2900009    
   12.5995893       59.2900009    
   12.6162558       59.2799988    
   12.6329222       59.2799988    
   12.6495886       59.2700005    
   12.6662550       59.2599983    
   12.6829214       59.2500000    
   12.6995878       59.2400017    
   12.7162542       59.2299995    
   12.7329206       59.2099991    
   12.7495871       59.2000008    
   12.7662535       59.1800003    
   12.7829199       59.1599998    
   12.7995863       59.1399994    
   12.8162527       59.1199989    
   12.8329191       59.0999985    
   12.8495855       59.0800018    
   12.8662519       59.0499992    
   12.8829184       59.0299988    
   12.8995848       59.0000000    
   12.9162512       58.9700012    
   12.9329176       58.9399986    
   12.9495840       58.9099998    
   12.9662504       58.8699989    
   12.9829168       58.8400002    
   12.9995832       58.8100014    
   13.0162497       58.7700005    
   13.0329161       58.7299995    
   13.0495825       58.6899986    
   13.0662489       58.6500015    
   13.0829153       58.6100006    
   13.0995817       58.5600014    
   13.1162481       58.5200005    
   13.1329145       58.4700012    
   13.1495810       58.4300003    
   13.1662474       58.3800011    
   13.1829138       58.3300018    
   13.1995802       58.2700005    
   13.2162466       58.2200012    
   13.2329130       58.1699982    
   13.2495794       58.1100006    
   13.2662458       58.0600014    
   13.2829123       58.0000000    
   13.2995787       57.9399986    
   13.3162451       57.8800011    
   13.3329115       57.8199997    
   13.3495779       57.7500000    
   13.3662443       57.6899986    
   13.3829107       57.6199989    
   13.3995771       57.5499992    
   13.4162436       57.4799995    
   13.4329100       57.4199982    
   13.4495764       57.3499985    
   13.4662428       57.2700005    
   13.4829092       57.2000008    
   13.4995756       57.1199989    
   13.5162420       57.0499992    
   13.5329084       56.9700012    
   13.5495749       56.8899994    
   13.5662413       56.8100014    
   13.5829077       56.7299995    
   13.5995741       56.6500015    
   13.6162405       56.5600014    
   13.6329069       56.4799995    
   13.6495733       56.3899994    
   13.6662397       56.2999992    
   13.6829062       56.2099991    
   13.6995726       56.1199989    
   13.7162390       56.0299988    
   13.7329054       55.9399986    
   13.7495718       55.8499985    
   13.7662382       55.7500000    
   13.7829046       55.6500015    
   13.7995710       55.5600014    
   13.8162374       55.4599991    
   13.8329039       55.3600006    
   13.8495703       55.2500000    
   13.8662367       55.1500015    
   13.8829031       55.0499992    
   13.8995695       54.9399986    
   13.9162359       54.8400002    
   13.9329023       54.7299995    
   13.9495687       54.6199989    
   13.9662352       54.5099983    
   13.9829016       54.4000015    
   13.9995680       54.2900009    
   14.0162344       54.1699982    
   14.0329008       54.0600014    
   14.0495672       53.9399986    
   14.0662336       53.8199997    
   14.0829000       53.7099991    
   14.0995665       53.5900002    
   14.1162329       53.4700012    
   14.1328993       53.3400002    
   14.1495657       53.2200012    
   14.1662321       53.0999985    
   14.1828985       52.9700012    
   14.1995649       52.8400002    
   14.2162313       52.7200012    
   14.2328978       52.5800018    
   14.2495642       52.4599991    
   14.2662306       52.3199997    
   14.2828970       52.1899986    
   14.2995634       52.0600014    
   14.3162298       51.9300003    
   14.3328962       51.7900009    
   14.3495626       51.6500015    
   14.3662291       51.5099983    
   14.3828955       51.3699989    
   14.3995619       51.2299995    
   14.4162283       51.0900002    
   14.4328947       50.9500008    
   14.4495611       50.8100014    
   14.4662275       50.6599998    
   14.4828939       50.5200005    
   14.4995604       50.3699989    
   14.5162268       50.2200012    
   14.5328932       50.0699997    
   14.5495596       49.9199982    
   14.5662260       49.7700005    
   14.5828924       49.6199989    
   14.5995588       49.4700012    
   14.6162252       49.3100014    
   14.6328917       49.1599998    
   14.6495581       49.0000000    
   14.6662245       48.8400002    
   14.6828909       48.6800003    
   14.6995573       48.5299988    
   14.7162237       48.3600006    
   14.7328901       48.2000008    
   14.7495565       48.0400009    
   14.7662230       47.8800011    
   14.7828894       47.7099991    
   14.7995558       47.5499992    
   14.8162222       47.3800011    
   14.8328886       47.2099991    
   14.8495550       47.0499992    
   14.8662214       46.8800011    
   14.8828878       46.7099991    
   14.8995543       46.5299988    
   14.9162207       46.3600006    
   14.9328871       46.1899986    
   14.9495535       46.0099983    
   14.9662199       45.8400002    
   14.9828863       45.6599998    
   14.9995527       45.4900017    
   15.0162191       45.3100014    
   15.0328856       45.1300011    
   15.0495520       44.9500008    
   15.0662184       44.7700005    
   15.0828848       44.5900002    
   15.0995512       44.4099998    
   15.1162176       44.2200012    
   15.1328840       44.0400009    
   15.1495504       43.8499985    
   15.1662169       43.6699982    
   15.1828833       43.4799995    
   15.1995497       43.2900009    
   15.2162161       43.1100006    
   15.2328825       42.9199982    
   15.2495489       42.7299995    
   15.2662153       42.5400009    
   15.2828817       42.3400002    
   15.2995481       42.1500015    
   15.3162146       41.9599991    
   15.3328810       41.7700005    
   15.3495474       41.5699997    
   15.3662138       41.3800011    
   15.3828802       41.1800003    
   15.3995466       40.9799995    
   15.4162130       40.7799988    
   15.4328794       40.5900002    
   15.4495459       40.3899994    
   15.4662123       40.1899986    
   15.4828787       39.9900017    
   15.4995451       39.7799988    
   15.5162115       39.5800018    
   15.5328779       39.3800011    
   15.5495443       39.1800003    
   15.5662107       38.9700012    
   15.5828772       38.7700005    
   15.5995436       38.5600014    
   15.6162100       38.3600006    
   15.6328764       38.1500015    
   15.6495428       37.9399986    
   15.6662092       37.7299995    
   15.6828756       37.5200005    
   15.6995420       37.3199997    
   15.7162085       37.1100006    
   15.7328749       36.9000015    
   15.7495413       36.6800003    
   15.7662077       36.4700012    
   15.7828741       36.2599983    
   15.7995405       36.0499992    
   15.8162069       35.8300018    
   15.8328733       35.6199989    
   15.8495398       35.4099998    
   15.8662062       35.1899986    
   15.8828726       34.9799995    
   15.8995390       34.7599983    
   15.9162054       34.5400009    
   15.9328718       34.3300018    
   15.9495382       34.1100006    
   15.9662046       33.8899994    
   15.9828711       33.6699982    
   15.9995375       33.4599991    
   16.0162029       33.2400017    
   16.0328693       33.0200005    
   16.0495358       32.7999992    
   16.0662022       32.5800018    
   16.0828686       32.3600006    
   16.0995350       32.1300011    
   16.1162014       31.9099998    
   16.1328678       31.6900005    
   16.1495342       31.4699993    
   16.1662006       31.2500000    
   16.1828671       31.0200005    
   16.1995335       30.7999992    
   16.2161999       30.5799999    
   16.2328663       30.3500004    
   16.2495327       30.1299992    
   16.2661991       29.9099998    
   16.2828655       29.6800003    
   16.2995319       29.4599991    
   16.3161983       29.2299995    
   16.3328648       29.0100002    
   16.3495312       28.7800007    
   16.3661976       28.5499992    
   16.3828640       28.3299999    
   16.3995304       28.1000004    
   16.4161968       27.8799992    
   16.4328632       27.6499996    
   16.4495296       27.4200001    
   16.4661961       27.2000008    
   16.4828625       26.9699993    
   16.4995289       26.7399998    
   16.5161953       26.5200005    
   16.5328617       26.2900009    
   16.5495281       26.0599995    
   16.5661945       25.8400002    
   16.5828609       25.6100006    
   16.5995274       25.3799992    
   16.6161938       25.1499996    
   16.6328602       24.9300003    
   16.6495266       24.7000008    
   16.6661930       24.4699993    
   16.6828594       24.2500000    
   16.6995258       24.0200005    
   16.7161922       23.7900009    
   16.7328587       23.5699997    
   16.7495251       23.3400002    
   16.7661915       23.1100006    
   16.7828579       22.8899994    
   16.7995243       22.6599998    
   16.8161907       22.4300003    
   16.8328571       22.2099991    
   16.8495235       21.9799995    
   16.8661900       21.7600002    
   16.8828564       21.5300007    
   16.8995228       21.3099995    
   16.9161892       21.0799999    
   16.9328556       20.8600006    
   16.9495220       20.6299992    
   16.9661884       20.4099998    
   16.9828548       20.1800003    
   16.9995213       19.9599991    
   17.0161877       19.7399998    
   17.0328541       19.5200005    
   17.0495205       19.2900009    
   17.0661869       19.0699997    
   17.0828533       18.8500004    
   17.0995197       18.6299992    
   17.1161861       18.4099998    
   17.1328526       18.1900005    
   17.1495190       17.9699993    
   17.1661854       17.7500000    
   17.1828518       17.5300007    
   17.1995182       17.3099995    
   17.2161846       17.1000004    
   17.2328510       16.8799992    
   17.2495174       16.6599998    
   17.2661839       16.4500008    
   17.2828503       16.2299995    
   17.2995167       16.0200005    
   17.3161831       15.8100004    
   17.3328495       15.5900002    
   17.3495159       15.3800001    
   17.3661823       15.1700001    
   17.3828487       14.9600000    
   17.3995152       14.7500000    
   17.4161816       14.5400000    
   17.4328480       14.3299999    
   17.4495144       14.1300001    
   17.4661808       13.9200001    
   17.4828472       13.7100000    
   17.4995136       13.5100002    
   17.5161800       13.3100004    
   17.5328465       13.1000004    
   17.5495129       12.8999996    
   17.5661793       12.6999998    
   17.5828457       12.5000000    
   17.5995121       12.3000002    
   17.6161785       12.1000004    
   17.6328449       11.9099998    
   17.6495113       11.7100000    
   17.6661777       11.5200005    
   17.6828442       11.3199997    
   17.6995106       11.1300001    
   17.7161770       10.9399996    
   17.7328434       10.7500000    
   17.7495098       10.5600004    
   17.7661762       10.3699999    
   17.7828426       10.1899996    
   17.7995090       10.0000000    
   17.8161755       9.81599998    
   17.8328419       9.63399982    
   17.8495083       9.45199966    
   17.8661747       9.27299976    
   17.8828411       9.09399986    
   17.8995075       8.91699982    
   17.9161739       8.74100018    
   17.9328403       8.56700039    
   17.9495068       8.39400005    
   17.9661732       8.22200012    
   17.9828396       8.05200005    
   17.9995060       7.88399982    
   18.0161724       7.71700001    
   18.0328388       7.55100012    
   18.0495052       7.38700008    
   18.0661716       7.22499990    
   18.0828381       7.06400013    
   18.0995045       6.90500021    
   18.1161709       6.74700022    
   18.1328373       6.59100008    
   18.1495037       6.43599987    
   18.1661701       6.28299999    
   18.1828365       6.13199997    
   18.1995029       5.98299980    
   18.2161694       5.83500004    
   18.2328358       5.68800020    
   18.2495022       5.54400015    
   18.2661686       5.40100002    
   18.2828350       5.25899982    
   18.2995014       5.11999989    
   18.3161678       4.98199987    
   18.3328342       4.84600019    
   18.3495007       4.71099997    
   18.3661671       4.57800007    
   18.3828335       4.44700003    
   18.3994999       4.31699991    
   18.4161663       4.18900013    
   18.4328327       4.06300020    
   18.4494991       3.93899989    
   18.4661655       3.81599998    
   18.4828320       3.69400001    
   18.4994984       3.57500005    
   18.5161648       3.45700002    
   18.5328312       3.34100008    
   18.5494976       3.22600007    
   18.5661640       3.11299992    
   18.5828304       3.00099993    
   18.5994968       2.89199996    
   18.6161633       2.78299999    
   18.6328297       2.67700005    
   18.6494961       2.57200003    
   18.6661625       2.46799994    
   18.6828289       2.36599994    
   18.6994953       2.26600003    
   18.7161617       2.16799998    
   18.7328281       2.07100010    
   18.7494946       1.97500002    
   18.7661610       1.88199997    
   18.7828274       1.78999996    
   18.7994938       1.69900000    
   18.8161602       1.61099994    
   18.8328266       1.52400005    
   18.8494930       1.43900001    
   18.8661594       1.35599995    
   18.8828259       1.27400005    
   18.8994923       1.19500005    
   18.9161587       1.11800003    
   18.9328251       1.04299998    
   18.9494915      0.969500005    
   18.9661579      0.898800015    
   18.9828243      0.830399990    
   18.9994907      0.764599979    
   19.0161572      0.701300025    
   19.0328236      0.640799999    
   19.0494900      0.583500028    
   19.0661564      0.529600024    
   19.0828228      0.472400010    
   19.0994892      0.414900005    
   19.1161556      0.367199987    
   19.1328220      0.327600002    
   19.1494884      0.294699997    
   19.1661549      0.250000000    
   19.1828213      0.222499996    
   19.1994877      0.187299997    
   19.2161541      0.158399999    
   19.2328205      0.133800000    
   19.2494869      0.112199999    
   19.2661533       9.30899978E-02
   19.2828197       7.65300021E-02
   19.2994862       6.27200007E-02
   19.3161526       5.14300019E-02
   19.3328190       4.08399999E-02
   19.3494854       3.29799987E-02
   19.3661518       2.59900000E-02
   19.3828182       2.09199991E-02
   19.3994846       1.63199995E-02
   19.4161510       1.26900002E-02
   19.4328175       9.83399991E-03
   19.4494839       7.58300023E-03
   19.4661503       5.81600005E-03
   19.4828167       4.38599987E-03
   19.4994831       3.23799998E-03
   19.5161495       2.39700009E-03
   19.5328159       1.70799997E-03
   19.5494823       1.22300000E-03
   19.5661488       8.33600003E-04
   19.5828152       5.54999977E-04
   19.5994816       3.56100005E-04
   19.6161480       2.13399995E-04
   19.6328144       1.11699999E-04
   19.6494808       4.50100015E-05
   19.6661472       1.16000001E-05
   19.6828136       9.08599986E-07
   19.6994801       1.60799996E-08
   19.7161465       1.88199997E-10
   19.7328129       4.73000003E-13
   19.7494793       2.03200001E-16
   19.7661457       1.38300003E-38
   19.7828121       0.00000000    
   19.7994785       0.00000000    
   19.8161449       0.00000000    
   19.8328114       0.00000000    
   19.8494778       0.00000000    
   19.8661442       0.00000000    
   19.8828106       0.00000000    
   19.8994770       0.00000000    
   19.9161434       0.00000000    
   19.9328098       0.00000000    
   19.9494762       0.00000000    
   19.9661427       0.00000000    
   19.9828091       0.00000000    
   19.9994755       0.00000000    
   20.0161419       0.00000000    
   20.0328083       0.00000000    
   20.0494747       0.00000000    
   20.0661411       0.00000000    
   20.0828075       0.00000000    
   20.0994740       0.00000000    
   20.1161404       0.00000000    
   20.1328068       0.00000000    
   20.1494732       0.00000000    
   20.1661396       0.00000000    
   20.1828060       0.00000000    
   20.1994724       0.00000000    
   20.2161388       0.00000000    
   20.2328053       0.00000000    
   20.2494717       0.00000000    
   20.2661381       0.00000000    
   20.2828045       0.00000000    
   20.2994709       0.00000000    
   20.3161373       0.00000000    
   20.3328037       0.00000000    
   20.3494701       0.00000000    
   20.3661366       0.00000000    
   20.3828030       0.00000000    
   20.3994694       0.00000000    
   20.4161358       0.00000000    
   20.4328022       0.00000000    
   20.4494686       0.00000000    
   20.4661350       0.00000000    
   20.4828014       0.00000000    
   20.4994678       0.00000000    
   20.5161343       0.00000000    
   20.5328007       0.00000000    
   20.5494671       0.00000000    
   20.5661335       0.00000000    
   20.5827999       0.00000000    
   20.5994663       0.00000000    
   20.6161327       0.00000000    
   20.6327991       0.00000000    
   20.6494656       0.00000000    
   20.6661320       0.00000000    
   20.6827984       0.00000000    
   20.6994648       0.00000000    
   20.7161312       0.00000000    
   20.7327976       0.00000000    
   20.7494640       0.00000000    
   20.7661304       0.00000000    
   20.7827969       0.00000000    
   20.7994633       0.00000000    
   20.8161297       0.00000000    
   20.8327961       0.00000000    
   20.8494625       0.00000000    
   20.8661289       0.00000000    
   20.8827953       0.00000000    
   20.8994617       0.00000000    
   20.9161282       0.00000000    
   20.9327946       0.00000000    
   20.9494610       0.00000000    
   20.9661274       0.00000000    
   20.9827938       0.00000000    
   20.9994602       0.00000000    
   21.0161266       0.00000000    
   21.0327930       0.00000000    
   21.0494595       0.00000000    
   21.0661259       0.00000000    
   21.0827923       0.00000000    
   21.0994587       0.00000000    
   21.1161251       0.00000000    
   21.1327915       0.00000000    
   21.1494579       0.00000000    
   21.1661243       0.00000000    
   21.1827908       0.00000000    
   21.1994572       0.00000000    
   21.2161236       0.00000000    
   21.2327900       0.00000000    
   21.2494564       0.00000000    
   21.2661228       0.00000000    
   21.2827892       0.00000000    
   21.2994556       0.00000000    
   21.3161221       0.00000000    
   21.3327885       0.00000000    
   21.3494549       0.00000000    
   21.3661213       0.00000000    
   21.3827877       0.00000000    
   21.3994541       0.00000000    
   21.4161205       0.00000000    
   21.4327869       0.00000000    
   21.4494534       0.00000000    
   21.4661198       0.00000000    
   21.4827862       0.00000000    
   21.4994526       0.00000000    
   21.5161190       0.00000000    
   21.5327854       0.00000000    
   21.5494518       0.00000000    
   21.5661182       0.00000000    
   21.5827847       0.00000000    
   21.5994511       0.00000000    
   21.6161175       0.00000000    
   21.6327839       0.00000000    
   21.6494503       0.00000000    
   21.6661167       0.00000000    
   21.6827831       0.00000000    
   21.6994495       0.00000000    
   21.7161160       0.00000000    
   21.7327824       0.00000000    
   21.7494488       0.00000000    
   21.7661152       0.00000000    
   21.7827816       0.00000000    
   21.7994480       0.00000000    
   21.8161144       0.00000000    
   21.8327808       0.00000000    
   21.8494473       0.00000000    
   21.8661137       0.00000000    
   21.8827801       0.00000000    
   21.8994465       0.00000000    
   21.9161129       0.00000000    
   21.9327793       0.00000000    
   21.9494457       0.00000000    
   21.9661121       0.00000000    
   21.9827785       0.00000000    
   21.9994450       0.00000000    
   22.0161114       0.00000000    
   22.0327778       0.00000000    
   22.0494442       0.00000000    
   22.0661106       0.00000000    
   22.0827770       0.00000000    
   22.0994434       0.00000000    
   22.1161098       0.00000000    
   22.1327763       0.00000000    
   22.1494427       0.00000000    
   22.1661091       0.00000000    
   22.1827755       0.00000000    
   22.1994419       0.00000000    
   22.2161083       0.00000000    
   22.2327747       0.00000000    
   22.2494411       0.00000000    
   22.2661076       0.00000000    
   22.2827740       0.00000000    
   22.2994404       0.00000000    
   22.3161068       0.00000000    
   22.3327732       0.00000000    
   22.3494396       0.00000000    
   22.3661060       0.00000000    
   22.3827724       0.00000000    
   22.3994389       0.00000000    
   22.4161053       0.00000000    
   22.4327717       0.00000000    
   22.4494381       0.00000000    
   22.4661045       0.00000000    
   22.4827709       0.00000000    
   22.4994373       0.00000000    
   22.5161037       0.00000000    
   22.5327702       0.00000000    
   22.5494366       0.00000000    
   22.5661030       0.00000000    
   22.5827694       0.00000000    
   22.5994358       0.00000000    
   22.6161022       0.00000000    
   22.6327686       0.00000000    
   22.6494350       0.00000000    
   22.6661015       0.00000000    
   22.6827679       0.00000000    
   22.6994343       0.00000000    
   22.7161007       0.00000000    
   22.7327671       0.00000000    
   22.7494335       0.00000000    
   22.7660999       0.00000000    
   22.7827663       0.00000000    
   22.7994328       0.00000000    
   22.8160992       0.00000000    
   22.8327656       0.00000000    
   22.8494320       0.00000000    
   22.8660984       0.00000000    
   22.8827648       0.00000000    
   22.8994312       0.00000000    
   22.9160976       0.00000000    
   22.9327641       0.00000000    
   22.9494305       0.00000000    
   22.9660969       0.00000000    
   22.9827633       0.00000000    
   22.9994297       0.00000000    
   23.0160961       0.00000000    
   23.0327625       0.00000000    
   23.0494289       0.00000000    
   23.0660954       0.00000000    
   23.0827618       0.00000000    
   23.0994282       0.00000000    
   23.1160946       0.00000000    
   23.1327610       0.00000000    
   23.1494274       0.00000000    
   23.1660938       0.00000000    
   23.1827602       0.00000000    
   23.1994267       0.00000000    
   23.2160931       0.00000000    
   23.2327595       0.00000000    
   23.2494259       0.00000000    
   23.2660923       0.00000000    
   23.2827587       0.00000000    
   23.2994251       0.00000000    
   23.3160915       0.00000000    
   23.3327579       0.00000000    
   23.3494244       0.00000000    
   23.3660908       0.00000000    
   23.3827572       0.00000000    
   23.3994236       0.00000000    
   23.4160900       0.00000000    
   23.4327564       0.00000000    
   23.4494228       0.00000000    
   23.4660892       0.00000000    
   23.4827557       0.00000000    
   23.4994221       0.00000000    
   23.5160885       0.00000000    
   23.5327549       0.00000000    
   23.5494213       0.00000000    
   23.5660877       0.00000000    
   23.5827541       0.00000000    
   23.5994205       0.00000000    
   23.6160870       0.00000000    
   23.6327534       0.00000000    
   23.6494198       0.00000000    
   23.6660862       0.00000000    
   23.6827526       0.00000000    
   23.6994190       0.00000000    
   23.7160854       0.00000000    
   23.7327518       0.00000000    
   23.7494183       0.00000000    
   23.7660847       0.00000000    
   23.7827511       0.00000000    
   23.7994175       0.00000000    
   23.8160839       0.00000000    
   23.8327503       0.00000000    
   23.8494167       0.00000000    
   23.8660831       0.00000000    
   23.8827496       0.00000000    
   23.8994160       0.00000000    
   23.9160824       0.00000000    
   23.9327488       0.00000000    
   23.9494152       0.00000000    
   23.9660816       0.00000000    
   23.9827480       0.00000000    
